#y=-1.4142135623730951 
#strength 	x-position 	z-position 
0.0022680502534304504	-1.8997409541607895	-4305019387551056e-21
0.0022769068195432132	-1.8987053077159886	-21516174127669605e-21
0.002294460752802369	-1.8966361613618008	-5590281086145196e-20
0.0023205646300653564	-1.893537803720013	-0.00010739365803320284
0.002354886661853594	-1.8894166566099782	-0.0001758819929991693
0.002396775413487998	-1.884281261738408	-0.00026122586322651763
0.002445656920953255	-1.8781422629953817	-0.0003632483805116343
0.0025011166908932275	-1.8710123843932602	-0.00048173808760793946
0.002562326938421492	-1.8629064036942247	-0.000616449396503322
0.002628069065398084	-1.8538411217811106	-0.000767103097438798
0.0026974956821564635	-1.8438353278350115	-0.0009333869376133724
0.0027700044271216006	-1.832909760391829	-0.0011149562683756531
0.002844334488304911	-1.821087064358497	-0.0013114347595608099
0.002918858467174404	-1.8083917440779471	-0.0015224151794923095
0.0029926472003930045	-1.794850112540117	-0.0017474602390317533
0.0030650292987559336	-1.7804902368442672	-0.0019861034979273924
0.003134429916732254	-1.7653418800256229	-0.002237850331582779
0.003199026292995863	-1.7494364393669448	-0.002502178956241772
0.0032580278034435644	-1.7328068813228636	-0.0027785415104650537
0.0033108347619600843	-1.715487673191866	-0.0030663651906566282
0.0033557144576928156	-1.6975147116775609	-0.003365053438286737
0.003390891955704252	-1.6789252484872765	-0.003673987176350516
0.0034159385198008624	-1.659757813122206	-0.003992526092499624
0.003430467677613919	-1.640052133019136	-0.0043200099661873685
0.0034327591990829776	-1.6198490512092685	-0.004655760037076597
0.003421330740168798	-1.599190441664795	-0.0049990804118741575
0.0033963158348183833	-1.5781191225087028	-0.005349259506676017
0.0033576622362298694	-1.5566787672676714	-0.0057055715218335586
0.0033038229593498484	-1.534913814352019	-0.006067277946284189
0.0032338276056802424	-1.5128693749503144	-0.006433629088228298
0.003148527004857986	-1.4905911395295486	-0.006803865628979987
0.0030482856523357214	-1.4681252831346636	-0.00717722019677101
0.002931860152380222	-1.445518369683721	-0.007552918957245931
0.0027989645644076826	-1.4228172554570708	-0.007930183217352007
0.0026512620450562887	-1.4000689919805567	-0.008308231039299443
0.0024895665860788143	-1.3773207285040425	-0.00868627886124688
0.0023130241694627363	-1.354619614277392	-0.009063543121352954
0.002122147762801592	-1.3320127008264488	-0.009439241881827874
0.0019194453570518222	-1.3095468444315634	-0.009812596449618897
0.0017061623199381354	-1.2872686090107974	-0.010182832990370587
0.0014818718542973597	-1.2652241696090933	-0.010549184132314695
0.0012479468622354289	-1.2434592166934415	-0.010910890556765328
0.0010077251491960161	-1.2220188614524092	-0.011267202571922869
0.0007628275291995028	-1.2009475422963174	-0.011617381666724725
0.0005132572045335216	-1.1802889327518447	-0.011960702041522287
0.0002612844618920241	-1.1600858509419765	-0.012296452112411517
11056466906332594e-21	-1.140380170838907	-0.012623935986099257
-0.00023548991613556476	-1.1212127354738362	-0.012942474902248369
-0.000477912743498834	-1.1026232722835516	-0.01325140864031215
-0.0007129521857945816	-1.0846503107692471	-0.013550096887942256
-0.0009355830074729381	-1.0673311026382495	-0.013837920568133832
-0.0011435380450025056	-1.0507015445941674	-0.014114283122357116
-0.0013358099579924634	-1.0347961039354896	-0.014378611747016108
-0.0015077879478181714	-1.0196477471168455	-0.014630358580671495
-0.0016531577987528106	-1.0052878714209956	-0.014869001839567133
-0.0017689932245527544	-0.9917462398831665	-0.015094046899106574
-0.0018530213226745419	-0.9790509196026156	-0.015305027319038074
-0.0018977394836953163	-0.9672282235692828	-0.015501505810223233
-0.0018936070092445752	-0.9563026561261008	-0.015683075140985513
-0.0018348321355480576	-0.9462968621800016	-0.015849358981160088
-0.001713440790801137	-0.9372315802668881	-0.01600001268209556
-0.0015126901216685237	-0.9291255995678527	-0.016134723990990946
-0.001224029810387479	-0.921995720965731	-0.01625321369808725
-0.0008772589069371453	-0.9158567222227046	-0.016355236215372368
-0.0005411631734696138	-0.9107213273511343	-0.016440580085599715
-0.00028179346248019343	-0.9066001802410999	-0.01650906842056568
-0.00012130793174143785	-0.9035018225993126	-0.01656055926773744
-3970905043036818e-20	-0.9014326762451246	-0.01659494590447122
-7187367331264314e-21	-0.900397029800327	-0.016612157059211336
