#y=-1.9753766811902755 
#strength 	x-position 	z-position 
-0.0014083739413986128	-1.8997409541607895	-4305019387551056e-21
-0.0013925070190905437	-1.8987053077159886	-21516174127669605e-21
-0.0013609251748022042	-1.8966361613618008	-5590281086145196e-20
-0.0013138606505586265	-1.893537803720013	-0.00010739365803320284
-0.0012517061305257985	-1.8894166566099782	-0.0001758819929991693
-0.001175068947593038	-1.884281261738408	-0.00026122586322651763
-0.001084603306405599	-1.8781422629953817	-0.0003632483805116343
-0.0009809729510156838	-1.8710123843932602	-0.00048173808760793946
-0.0008650854135299347	-1.8629064036942247	-0.000616449396503322
-0.0007380781276679084	-1.8538411217811106	-0.000767103097438798
-0.0006009966428757312	-1.8438353278350115	-0.0009333869376133724
-0.00045484175452628866	-1.832909760391829	-0.0011149562683756531
-0.00030093917392607494	-1.821087064358497	-0.0013114347595608099
-0.00014081167423118178	-1.8083917440779471	-0.0015224151794923095
24270178256584735e-21	-1.794850112540117	-0.0017474602390317533
0.0001931115797184423	-1.7804902368442672	-0.0019861034979273924
0.00036411803879249843	-1.7653418800256229	-0.002237850331582779
0.0005355756014498658	-1.7494364393669448	-0.002502178956241772
0.0007061902510350854	-1.7328068813228636	-0.0027785415104650537
0.0008747453029097562	-1.715487673191866	-0.0030663651906566282
0.0010395588431193659	-1.6975147116775609	-0.003365053438286737
0.0011989451210706126	-1.6789252484872765	-0.003673987176350516
0.0013517985893126679	-1.659757813122206	-0.003992526092499624
0.001497058423594624	-1.640052133019136	-0.0043200099661873685
0.0016331439979184279	-1.6198490512092685	-0.004655760037076597
0.0017586153835891627	-1.599190441664795	-0.0049990804118741575
0.0018727515894140137	-1.5781191225087028	-0.005349259506676017
0.0019748068203763085	-1.5566787672676714	-0.0057055715218335586
0.0020634727373470075	-1.534913814352019	-0.006067277946284189
0.0021377449522288023	-1.5128693749503144	-0.006433629088228298
0.002197443466081994	-1.4905911395295486	-0.006803865628979987
0.002242256648284642	-1.4681252831346636	-0.00717722019677101
0.002271279726108312	-1.445518369683721	-0.007552918957245931
0.0022840841554329916	-1.4228172554570708	-0.007930183217352007
0.00228112987800132	-1.4000689919805567	-0.008308231039299443
0.0022626030503947432	-1.3773207285040425	-0.00868627886124688
0.002228078389490341	-1.354619614277392	-0.009063543121352954
0.0021777807663844726	-1.3320127008264488	-0.009439241881827874
0.002112843010769025	-1.3095468444315634	-0.009812596449618897
0.0020339505129177795	-1.2872686090107974	-0.010182832990370587
0.0019411717341578883	-1.2652241696090933	-0.010549184132314695
0.0018353981525218038	-1.2434592166934415	-0.010910890556765328
0.0017184064599785908	-1.2220188614524092	-0.011267202571922869
0.0015913251790941362	-1.2009475422963174	-0.011617381666724725
0.0014546750489294034	-1.1802889327518447	-0.011960702041522287
0.0013099773315541781	-1.1600858509419765	-0.012296452112411517
0.0011595824018501696	-1.140380170838907	-0.012623935986099257
0.001004967234609598	-1.1212127354738362	-0.012942474902248369
0.0008470307137089415	-1.1026232722835516	-0.01325140864031215
0.0006878767828259649	-1.0846503107692471	-0.013550096887942256
0.0005303658355922471	-1.0673311026382495	-0.013837920568133832
0.00037623159703562486	-1.0507015445941674	-0.014114283122357116
0.00022670132856406555	-1.0347961039354896	-0.014378611747016108
8450464353273058e-20	-1.0196477471168455	-0.014630358580671495
-4692826100010331e-20	-1.0052878714209956	-0.014869001839567133
-0.00016558317155691878	-0.9917462398831665	-0.015094046899106574
-0.0002697282104826554	-0.9790509196026156	-0.015305027319038074
-0.00035548571059630625	-0.9672282235692828	-0.015501505810223233
-0.00041817112229074665	-0.9563026561261008	-0.015683075140985513
-0.00045469460350717106	-0.9462968621800016	-0.015849358981160088
-0.00046110365242118336	-0.9372315802668881	-0.01600001268209556
-0.00042987596453417657	-0.9291255995678527	-0.016134723990990946
-0.000356973240259339	-0.921995720965731	-0.01625321369808725
-0.00025432237790166024	-0.9158567222227046	-0.016355236215372368
-0.00015003394059655775	-0.9107213273511343	-0.016440580085599715
-7109540769984202e-20	-0.9066001802410999	-0.01650906842056568
-26341718119483607e-21	-0.9035018225993126	-0.01656055926773744
-7203602083144904e-21	-0.9014326762451246	-0.01659494590447122
-11219098178730984e-22	-0.900397029800327	-0.016612157059211336
