#y=-1.2246467991473532e-16 
#strength 	x-position 	z-position 
0.0027012629171149823	-1.8997409541607895	-4305019387551056e-21
0.002709292777439921	-1.8987053077159886	-21516174127669605e-21
0.0027251923605932232	-1.8966361613618008	-5590281086145196e-20
0.0027488244542914755	-1.893537803720013	-0.00010739365803320284
0.002779864500799583	-1.8894166566099782	-0.0001758819929991693
0.0028176554449114736	-1.884281261738408	-0.00026122586322651763
0.002861632796579261	-1.8781422629953817	-0.0003632483805116343
0.0029114120620631324	-1.8710123843932602	-0.00048173808760793946
0.002966174734781316	-1.8629064036942247	-0.000616449396503322
0.003024691843169726	-1.8538411217811106	-0.000767103097438798
0.003086139610942083	-1.8438353278350115	-0.0009333869376133724
0.0031499636109085334	-1.832909760391829	-0.0011149562683756531
0.003214910256189533	-1.821087064358497	-0.0013114347595608099
0.0032793386982614154	-1.8083917440779471	-0.0015224151794923095
0.0033423606286160147	-1.794850112540117	-0.0017474602390317533
0.0034033675846116087	-1.7804902368442672	-0.0019861034979273924
0.0034607862022345733	-1.7653418800256229	-0.002237850331582779
0.0035127795690294	-1.7494364393669448	-0.002502178956241772
0.0035586174586828547	-1.7328068813228636	-0.0027785415104650537
0.0035977742863305745	-1.715487673191866	-0.0030663651906566282
0.0036285100316104588	-1.6975147116775609	-0.003365053438286737
0.0036490378387910847	-1.6789252484872765	-0.003673987176350516
0.0036590103202700243	-1.659757813122206	-0.003992526092499624
0.0036581218737121394	-1.640052133019136	-0.0043200099661873685
0.0036446339584293845	-1.6198490512092685	-0.004655760037076597
0.0036170578790968846	-1.599190441664795	-0.0049990804118741575
0.0035756300015837464	-1.5781191225087028	-0.005349259506676017
0.0035203810756016343	-1.5566787672676714	-0.0057055715218335586
0.003449733587467739	-1.534913814352019	-0.006067277946284189
0.0033627199942868145	-1.5128693749503144	-0.006433629088228298
0.0032603152665697504	-1.4905911395295486	-0.006803865628979987
0.0031429645622367245	-1.4681252831346636	-0.00717722019677101
0.003009381652268073	-1.445518369683721	-0.007552918957245931
0.002859296595666595	-1.4228172554570708	-0.007930183217352007
0.002694517498683991	-1.4000689919805567	-0.008308231039299443
0.002515932908532803	-1.3773207285040425	-0.00868627886124688
0.0023226348862263216	-1.354619614277392	-0.009063543121352954
0.002115170021525822	-1.3320127008264488	-0.009439241881827874
0.0018962119521982114	-1.3095468444315634	-0.009812596449618897
0.0016670720720833182	-1.2872686090107974	-0.010182832990370587
0.0014272614354015982	-1.2652241696090933	-0.010549184132314695
0.0011782099515009682	-1.2434592166934415	-0.010910890556765328
0.0009234433572199289	-1.2220188614524092	-0.011267202571922869
0.0006646398945342288	-1.2009475422963174	-0.011617381666724725
0.00040173770723199095	-1.1802889327518447	-0.011960702041522287
0.0001370963642886823	-1.1600858509419765	-0.012296452112411517
-0.00012492092360246463	-1.140380170838907	-0.012623935986099257
-0.00038232435114117193	-1.1212127354738362	-0.012942474902248369
-0.000634730033388074	-1.1026232722835516	-0.01325140864031215
-0.0008787399509997633	-1.0846503107692471	-0.013550096887942256
-0.001109069014168415	-1.0673311026382495	-0.013837920568133832
-0.0013233890633628168	-1.0507015445941674	-0.014114283122357116
-0.0015207227218983024	-1.0347961039354896	-0.014378611747016108
-0.0016962339599041663	-1.0196477471168455	-0.014630358580671495
-0.001843262917629063	-1.0052878714209956	-0.014869001839567133
-0.0019587777393774556	-0.9917462398831665	-0.015094046899106574
-0.0020404443212601324	-0.9790509196026156	-0.015305027319038074
-0.00208032502423047	-0.9672282235692828	-0.015501505810223233
-0.0020682965526200373	-0.9563026561261008	-0.015683075140985513
-0.0019982461532514306	-0.9462968621800016	-0.015849358981160088
-0.0018617176662108265	-0.9372315802668881	-0.01600001268209556
-0.0016408557315820596	-0.9291255995678527	-0.016134723990990946
-0.0013265637483767087	-0.921995720965731	-0.01625321369808725
-0.0009507874067928578	-0.9158567222227046	-0.016355236215372368
-0.0005871903020292731	-0.9107213273511343	-0.016440580085599715
-0.0003064857325951997	-0.9066001802410999	-0.01650906842056568
-0.00013238723069182982	-0.9035018225993126	-0.01656055926773744
-43487676056510746e-21	-0.9014326762451246	-0.01659494590447122
-7891046033275817e-21	-0.900397029800327	-0.016612157059211336
