#y=-1.4142135623730951 
#Fourier coeffs at root (0-n) 	d/dt (Fourier coeffs at root) 
0.02488250754985212	0.24555693076299678
0.010602100486001801	0.1151187832082512
0.04990682208457565	0.4590322612092551
-0.031695464842719435	-0.2883485486762432
0.019598507156560512	0
-0.011457442463776933	0
0.0059747943304568445	0
-0.002330054826043593	0
-20606529184697116e-21	0
0.0014528259184612338	0
-0.002234959970819563	0
0.002563544882385793	0
-0.002584742181992661	0
0.0024078747756477196	0
-0.0021143934838039453	0
0.0017641391623375443	0
-0.0013999567381554408	0
0.0010512644098584093	0
-0.0007369236256255146	0
0.00046760800438347676	0
-0.0002477853644514073	0
7738007293061156e-20	0
46842283638436e-18	0
-0.00013013847973863398	0
0.00017887549305822622	0
-0.00019982028553102173	0
0.0001996091431268129	0
-0.0001843736326652401	0
0.00015949985530620714	0
-0.0001294978234585973	0
9795858132642473e-20	0
-6757811080907884e-20	0
4022901382421734e-20	0
-17063297494850686e-21	0
-13678456583458985e-22	0
14988724982139195e-21	0
