#y=-1.2246467991473532e-16 
#Fourier coeffs at root (0-n) 	d/dt (Fourier coeffs at root) 
0.029642177427983356	0.29350257454807266
0.005215360026926829	0.06230145041084846
0.05335782437235203	0.4924145376099291
-0.033889300777438416	-0.30937152604535356
0.020955540848960032	0
-0.012250365988815744	0
0.006387296452951914	0
-0.002489404563065282	0
-2462302840322865e-20	0
0.0015563746376789183	0
-0.002392791580590972	0
0.0027440522470168656	0
-0.0027664852106578527	0
0.002577032173518598	0
-0.0022628294059196747	0
0.0018879003033057255	0
-0.0014980875437369022	0
0.0011248692231863701	0
-0.0007884280760044555	0
0.0005001853658072651	0
-0.00026492130415485483	0
8255371650269126e-20	0
5038023675340334e-20	0
-0.0001395078846790647	0
0.0001916448043199603	0
-0.00021403466374688072	0
0.00021378122373213435	0
-0.00019744796071010309	0
0.0001708003613165374	0
-0.00013866609137309482	0
0.00010488908819927284	0
-7235514447321709e-20	0
4306863700068052e-20	0
-18262552638354267e-21	0
-14732905571057035e-22	0
1605809747618938e-20	0
