#y=-1.9753766811902755 
#Fourier coeffs at root (0-n) 	d/dt (Fourier coeffs at root) 
-0.015510033051698596	-0.14850116846854555
0.05619719249611998	0.5465920786441472
0.020721671265528156	0.1868700154132606
-0.013147329315101288	-0.11704613991888926
0.008120114731043725	0
-0.004739639135791204	0
0.0024650152867990807	0
-0.0009543658398787902	0
-18784648453905255e-21	0
0.0006107707903466575	0
-0.0009331984939529517	0
0.0010677398740975156	0
-0.0010750833227939672	0
0.00100058336166922	0
-0.0008780028288378019	0
0.0007321252466021066	0
-0.0005806782067602398	0
0.00043581975898307013	0
-0.0003053323420542151	0
0.0001936072588766904	0
-0.00010246759925987286	0
3185786807509415e-20	0
19581998776952732e-21	0
-5404584388305074e-20	0
7418364832024844e-20	0
-8280769769912616e-20	0
8267321392809213e-20	0
-7632389942758789e-20	0
6599269795480365e-20	0
-53548147774765436e-21	0
40477039730037164e-21	0
-27894687970532875e-21	0
16574933609850017e-21	0
-6992972962749416e-21	0
-6248320749946572e-22	0
6248905766449429e-21	0
