#y location 	alpha (def) 	h 	u 	scaled bound circ 	a0 	a03d 	tevstr 	cl 	cd 	cm 
-1.9753766811902755	0.9135496183924614	0	1	0.10706945896648057	-0.015510033051698596	-0.09448089577011917	-0.0029404098711244284	0.3846814613510053	0.004622371376469383	-0.3682191286671846
-1.902113032590307	0.9135496183924614	0	1	0.07923783139969723	0.003644237775605401	-0.05829526868802124	-0.004915221359194415	1.090288817939382	0.01730207319980081	-0.6812566236950158
-1.7820130483767358	0.9135496183924614	0	1	0.06297492933954152	0.01482756231572352	-0.037162848303939434	-0.006081358361219755	1.5076554895909617	0.02265919753895757	-0.8665883063263972
-1.618033988749895	0.9135496183924614	0	1	0.05368801982112435	0.02120988309321669	-0.02510024084263783	-0.006752950629625632	1.7482889284844914	0.025050957958917354	-0.9735218656569309
-1.4142135623730951	0.9135496183924614	0	1	0.048341499751818354	0.02488250754985212	-0.018157941958965335	-0.0071420100864823055	1.8878118070919423	0.026212008798459245	-1.035557595742427
-1.1755705045849463	0.9135496183924614	0	1	0.04518298331030826	0.027051503754199083	-0.014057535618601404	-0.0073727754345034174	1.9706150921440917	0.02682451609034444	-1.0723869984434455
-0.9079809994790937	0.9135496183924614	0	1	0.043293609795018215	0.028348700519601394	-0.011605076664743938	-0.007511180306700086	2.0202968657137212	0.027165133416531217	-1.0944897533295292
-0.6180339887498949	0.9135496183924614	0	1	0.042180442116179884	0.029112895065680877	-0.010160255066942006	-0.007592842891706629	2.049615703041893	0.027356704443434215	-1.1075351029121103
-0.31286893008046185	0.9135496183924614	0	1	0.04159376067752747	0.029515623895982265	-0.0093988190256247	-0.007635923976275898	2.065084427335464	0.027454991998521278	-1.1144187969563284
-12246467991473532e-32	0.9135496183924614	0	1	0.04140940299829814	0.029642177427983356	-0.009159545556851367	-0.0076494631610470026	2.0699443580445327	0.02748544162625336	-1.1165821013849808
