#y=-1.4142135623730951 
#strength 	x-position 	z-position 
-11785439390527702e-22	-0.0037608764163825116	0.0012315547152785275
-22819654006689394e-24	-0.011261101697040653	0.0012491017608069709
-15400971458898183e-23	-0.018761334915135236	0.0012674870497933165
-22582877681927294e-23	-0.026261579582400937	0.0012879213155203002
-23927997772933696e-23	-0.03376183414599339	0.0013096241056264671
-250204386861852e-21	-0.04126209705230799	0.0013318444916145839
-2685848465890095e-22	-0.04876236867167134	0.001354589097710955
-2907390514190339e-22	-0.056262649604362884	0.0013779426600031169
-31555107676307925e-23	-0.06376294033849086	0.0014019388557342308
-34329072915763315e-23	-0.07126324135001588	0.0014266001089171547
-37423881365031275e-23	-0.07876355314624744	0.0014519518659984315
-4086198677252101e-22	-0.08626387626681949	0.0014780213085726773
-4466964225579434e-22	-0.09376421128371197	0.001504836297151563
-4887812442705419e-22	-0.10126455880432152	0.001532425483136054
-5352309212242751e-22	-0.10876491947491516	0.0015608184971681379
-5864455483971243e-22	-0.11626529398399761	0.0015900460375689995
-642870503046733e-21	-0.12376568306583896	0.0016201399291756627
-7050004478866695e-22	-0.1312660875042941	0.001651133177812725
-7733823569958109e-22	-0.13876650813695907	0.0016830600201472616
-8486200823113604e-22	-0.14626694585970254	0.0017159559680165906
-9313796242114286e-22	-0.1537674016316262	0.0017498578485985808
-10223945225776299e-22	-0.16126787648050037	0.0017848038406290438
-11224721522852532e-22	-0.16876837150873383	0.0018208335065349425
-12325010152625798e-22	-0.17626888789993564	0.0018579878206562372
-13534582194527772e-22	-0.18376942692614015	0.0018963091929314869
-14864183691867122e-22	-0.1912699899557658	0.0019358414875057291
-16325627988766217e-22	-0.198770578462393	0.0019766300357182518
-17931901544632894e-22	-0.20627119403445382	0.002018721642618063
-1969727822280845e-21	-0.21377183838593722	0.0020621645861071385
-21637445242039116e-22	-0.2212725133682221	0.002107008607490624
-23769644010712687e-22	-0.22877322098317052	0.002153304892374286
-261128209730864e-20	-0.23627396339762421	0.0022011060405077543
-28687795321172965e-22	-0.2437747429594581	0.0022504660229081294
-3151744528450892e-21	-0.2512755622153758	0.0023014401247308113
-3462690975656116e-21	-0.2587764239306397	0.002354084871906572
-3804381060576803e-21	-0.26627733111095614	0.0024084579393428315
-4179849819742343e-21	-0.27377828702675927	0.002464618038442456
-4592431874624048e-21	-0.2812792952401546	0.002522624781250091
-5045791242540634e-21	-0.28878035963482984	0.0025825385184387157
-5543953386148021e-21	-0.2962814844492514	0.002644420147896592
-6091341067653022e-21	-0.3037826743135029	0.00270833089038478
-669281332241721e-20	-0.3112839342901654	0.0027743320285481196
-7353708597645711e-21	-0.31878526991965617	0.0028424846050147654
-8079891505478193e-21	-0.3262866872704997	0.0029128490748041645
-8877804993924834e-21	-0.3337881929950234	0.0029854849070896227
-9754526945741221e-21	-0.34128979439102003	0.003060450130820176
-1071783257112352e-20	-0.34879149946994864	0.0031378008179374552
-1177626285944755e-20	-0.3562933170322814	0.0032175904977133343
-12939199824677644e-21	-0.3637952567506289	0.0032998694950169714
-14216948643522298e-21	-0.3712973292612994	0.003384684184482455
-1562082855005066e-20	-0.3787995462649592	0.0034720761522404452
-1716327161503141e-20	-0.3863019206370552	0.0035620812559572336
-1885793180264085e-20	-0.3938044665486418	0.0036547285731032323
-20719804227574065e-21	-0.401307199598205	0.0037500392267896727
-22765356014605928e-21	-0.40881013695499385	0.0038480250775151676
-25012669797250253e-21	-0.4163132975142617	0.003948687268487627
-27481600568569908e-21	-0.42381670206462846	0.004052014611075637
-3019394809036964e-20	-0.4313203734675533	0.004157981796222154
-3317364561408395e-20	-0.4388243368485827	0.004266547416866957
-36446965798986666e-21	-0.4463286197996151	0.004377651785093419
-40042747207766696e-21	-0.45383325259089435	0.004491214527279854
-4399264107769231e-20	-0.46133826839075676	0.004607131939647669
-4833138203516607e-20	-0.4688437034902917	0.004725274085665669
-5309708291519749e-20	-0.476349597528995	0.004845481616119396
-58331558133851644e-21	-0.4838559937161842	0.004967562292359908
-6408067568580526e-20	-0.49136293904132383	0.005091287192893829
-7039474136824597e-20	-0.4988704844644379	0.005216386583068979
-7732891812002422e-20	-0.5063786850754314	0.005342545428350154
-8494368230848107e-20	-0.5138876002083442	0.0054693985321069925
-9330532040497351e-20	-0.52139729349319	0.005596525279864801
-0.00010248646913661556	-0.5289078328241688	0.005723443974058988
-0.00011256670181040811	-0.5364192902184582	0.005849605745724474
-0.00012363316432898765	-0.5439317415345574	0.005974388033025401
-0.00013578126424058923	-0.5514452660131962	0.006097087621367559
-0.00014911541525557126	-0.5589599455970848	0.006216913245741774
-0.00016374984162981047	-0.566475863978336	0.006332977763800342
-0.00017980944390002737	-0.5739931053142417	0.00644428991788922
-0.00019743073036056907	-0.5815117525434134	0.0065497457165104
-0.00021676281478740823	-0.5890318852252722	0.006648119480799176
-0.00023796848382378472	-0.5965535768168837	0.006738054620217797
-0.0002612253340500987	-0.6040768912926747	0.006818054224607628
-0.00028672697905737267	-0.6116018790053316	0.0068864715872926875
-0.0003146843255949928	-0.619128571681217	0.006941500807647738
-0.00034532691568195904	-0.6266569764423298	0.006981167662111954
-0.00037890433014729774	-0.6341870687508548	0.0070033209813344455
-0.0004156876461580642	-0.6417187841842575	0.007005624829418338
-0.0004559709385809855	-0.6492520089715313	0.00698555185058703
-0.0005000728117988025	-0.6567865692585795	0.006940378230872241
-0.0005483379425585116	-0.6643222191275269	0.006867180818937764
-0.0006011386117306013	-0.6718586274769233	0.006762837063073976
-0.0006588761948511448	-0.6793953639843759	0.006624028552055352
-0.000721982574392651	-0.6869318845281247	0.0064472490963982925
-0.0007909214297940181	-0.6944675166486386	0.006228818454189559
-0.0008661893503219362	-0.7020014458948374	0.00596490299007028
-0.0009483167061139219	-0.7095327042307077	0.005651544752976589
-0.0010378682007572415	-0.7170601620832625	0.005284700660697194
-0.0011354430160164623	-0.724582526092927	0.0048602936751273385
-0.001241674445391588	-0.732098345173799	0.004374278024026515
-0.0013572288986468221	-0.7396060280794722	0.0038227206503098758
-0.0014828041451039418	-0.7471038762524189	0.003201901121308787
-0.00161912664908119	-0.7545901362307694	0.0025084321805513895
-0.0017669478378991958	-0.7620630761734899	0.0017394029541543347
-0.001927039132760336	-0.7695210909731613	0.0008925465366188231
-0.0021001855656258422	-0.7769628397366719	-3356667419696319e-20
-0.0022871778051734926	-0.7843874178747612	-0.001039308820422094
-0.0024888024202077723	-0.7917945633904128	-0.002123746533384514
-0.002705830227216265	-0.7991848929679402	-0.003284363222566668
-0.0029390025965187238	-0.806560157992178	-0.004516747947306727
-0.0031890156367584315	-0.8139235036098974	-0.005814242939970571
-0.003456502238574713	-0.8212797053007985	-0.007167534163372054
-0.00374201204008105	-0.8286353466627179	-0.008564155951654582
-0.004045989477837713	-0.8359988873416095	-0.009987858118836436
-0.004368750209049657	-0.8433805456938139	-0.011417745671755594
-0.004710456330643017	-0.8507918730912428	-0.012827039147412842
-0.0050710909740990726	-0.8582447972934015	-0.014181218362516087
-0.0054504330137769424	-0.8657497223267072	-0.015435268339944856
-0.00584803278378208	-0.8733120309235802	-0.016530077009755725
-0.006263189835468893	-0.8809265732350221	-0.01739015592683368
-0.00669493387603033	-0.888572613188353	-0.01793471485362593
-0.0071420100864823055	-0.8962199342684182	-0.018135880728867033
