#y=-1.2246467991473532e-16 
#strength 	x-position 	z-position 
-12354778023745266e-22	-0.0037618476739870433	0.0013326851728495234
-18848202472734887e-24	-0.011262092779495008	0.0013516956909029468
-16328002449064738e-23	-0.018762346549499466	0.0013715910583164824
-24107818922917967e-23	-0.026262612912695896	0.001393637345938243
-254678728233218e-21	-0.03376289010486072	0.0014170131358418837
-2661518191393597e-22	-0.04126317638580993	0.0014409394338659929
-2859473957773223e-22	-0.04876347218338725	0.0014654324976021
-3097082611949048e-22	-0.05626377816526777	0.0014905831313899386
-33622910162491026e-23	-0.0637640948645343	0.0015164258547335852
-36585267680112887e-23	-0.07126442280178102	0.0015429840482057897
-39889072366364187e-23	-0.07876476253403492	0.0015702848468686222
-43558108652093364e-23	-0.0862651146543071	0.0015983572952928582
-4762040748482882e-22	-0.09376547979125928	0.0016272311604099655
-5210947129543481e-22	-0.10126585861269571	0.0016569370832740064
-5706343828796451e-22	-0.1087662518294237	0.0016875067836918272
-6252503047653873e-22	-0.11626666019896659	0.0017189731467147412
-6854180537498727e-22	-0.12376708452946361	0.0017513702807814063
-7516652584509814e-22	-0.13126752568390224	0.0017847335737881454
-8245754997276977e-22	-0.13876798458472683	0.0018190997451070475
-9047928396302418e-22	-0.14626846221886736	0.0018545068923469755
-9930275219807022e-22	-0.15376895964324405	0.0018909945339192944
-10900616932950358e-22	-0.16126947799080282	0.0019286036477564055
-1196756287272574e-21	-0.16877001847714518	0.0019673767060323514
-13140586235579205e-22	-0.17627058240781932	0.002007357705894599
-14430105116924885e-22	-0.18377117118634706	0.0020485921955607426
-1584757591911734e-21	-0.19127178632307199	0.0020911272952229653
-1740559353150678e-21	-0.19877242944491602	0.002135011712135128
-19118002863912492e-22	-0.20627310230615778	0.0021802957489423114
-2100002167208792e-21	-0.21377380680033695	0.002227031304302067
-2306837399839237e-21	-0.2212745449734203	0.002275271864579951
-25341440801195797e-22	-0.22877531903837228	0.0023250724854396226
-27839420108366486e-22	-0.23627613139128587	0.002376489761784025
-3058450751903044e-21	-0.24377698462925793	0.002429581784381353
-33601093267655174e-22	-0.2512778815702018	0.002484408081575862
-36915976977438397e-22	-0.25877882527482154	0.0025410295438405405
-4055860493058089e-21	-0.2662798190709876	0.0025995083288970345
-4456133462173509e-21	-0.27378086658079065	0.002659907745220779
-4895971513145525e-21	-0.2812819717505696	0.0027222921108374775
-5379280678568729e-21	-0.2887831388842425	0.002786726584462697
-591035254417574e-20	-0.29628437268031044	0.002853276965875525
-6493902035267438e-21	-0.3037856782729321	0.0029220094614605956
-71351093751757105e-22	-0.3112870612775009	0.002992990411067039
-7839665647579527e-21	-0.318788527841212	0.0030662859717500214
-86138231691988e-19	-0.3262900846991306	0.0031419617533378014
-9464450576293984e-21	-0.3337917392363192	0.0032200824005405634
-10399093611111396e-21	-0.3412934995566345	0.003300711115767174
-11426041255185176e-21	-0.3487953745588204	0.003383909116158677
-12554399202283767e-21	-0.35629737402059	0.003469735017949189
-13794169300052408e-21	-0.36379950869138744	0.0035582441403447327
-15156338241411119e-21	-0.3713017903945783	0.0036494877207718375
-1665297336499172e-20	-0.37880423213979625	0.003743512032532314
-182973286497988e-19	-0.38630684824619876	0.0038403573949069222
-20103960866532655e-21	-0.39380965447733396	0.003940057065466229
-2208885660890704e-20	-0.40131266818828953	0.004042636003017134
-24269571999956455e-21	-0.40881590848568516	0.004148109488935062
-26665385447236997e-21	-0.41631939640094695	0.0042564815938547365
-2929746537062329e-20	-0.42382315507711066	0.00436774347563426
-32189053604950515e-21	-0.4313272099691145	0.004481871493562196
-3536566673427444e-20	-0.4388315890572091	0.004598825122898696
-3885531605409172e-20	-0.4463363230726265	0.004718544652891287
-42688748690346626e-21	-0.45384144573404533	0.004840948650430636
-46899711007013234e-21	-0.4613469939926309	0.004965931170629881
-51525237261393006e-21	-0.46885300828244353	0.005093358694979454
-5660596456918965e-20	-0.47635953277183185	0.0052230667769929615
-6218647689283825e-20	-0.4838666156099035	0.005354856374502411
-6831568138143673e-20	-0.4913743091604011	0.005488489847814302
-7504721808993149e-20	-0.4988826702130662	0.005623686602629557
-8243990735910638e-20	-0.506391760159962	0.0057601183568987
-905582365478691e-19	-0.5139016451210597	0.005897404011618857
-9947289042769314e-20	-0.5214123959996663	0.006035104106752191
-0.0001092613274649816	-0.5289240884438975	0.00617271484537367
-0.00012000840579847773	-0.5364368026853036	0.006309661671755934
-0.00013180706229094265	-0.543950623219895	0.0064452923929352165
-0.00014475904809208018	-0.5514656382901465	0.006578869838191947
-0.00015897572415432375	-0.5589819391190344	0.00670956405722605
-0.00017457892008682432	-0.5664996188388188	0.006836444066003798
-0.00019170185963100425	-0.5740187710482042	0.006958469159567171
-0.00021049015565038041	-0.5815394879217931	0.007074479823961067
-0.00023110287736024214	-0.5890618577856711	0.00718318829541053
-0.0002537136914746614	-0.5965859620629023	0.007283168834548129
-0.00027851207903585584	-0.6041118714832379	0.007372847807652949
-0.00030570462733133484	-0.6116396414432459	0.007450493696170947
-0.00033551639687763243	-0.6191693063974846	0.0075142071915076415
-0.00036819235968050916	-0.6267008731597918	0.007561911575195563
-0.0004039989046171581	-0.6342343129982339	0.007591343636389579
-0.00044322540236486907	-0.641769552420479	0.007600045441039204
-0.0004861858190833065	-0.6493064625716336	0.007585357341367805
-0.0005332203649370728	-0.6568448472083998	0.007544412702650074
-0.0005846971579669593	-0.6643844292770931	0.007474134928559735
-0.000641013879548789	-0.671924836215444	0.0073712374885299544
-0.0007025993899489897	-0.6794655842271056	0.007232227792286055
-0.0007699152664150544	-0.6870060619529825	0.007053415919128906
-0.0008434572164362011	-0.6945455141952898	0.006830929392582357
-0.0009237563093381258	-0.7020830266497383	0.006560735392611871
-0.0010113799591170928	-0.7096175129789124	0.006238672013337343
-0.0011069325772732463	-0.7171477060232403	0.0058604903948025104
-0.0012110558028779403	-0.7246721554964244	0.005421909768782855
-0.001324428200908839	-0.7321892351396637	0.004918687639964527
-0.001447764306412842	-0.7396971629846598	0.004346707447185437
-0.0015818128749945579	-0.7471940390419392	0.003702086081434558
-0.0017273541863804167	-0.7546779052918162	0.002981303544030772
-0.0018851962346213488	-0.7621468331634697	0.002181356785998222
-0.0020561696257767846	-0.7695990435386059	0.0012999393817149604
-0.0022411209993182316	-0.7770330634505791	0.0003356482161115243
-0.002440904786820855	-0.7844479217710241	-0.0007117820435168656
-0.0026563731291557686	-0.7918433829885291	-0.0018412159765318677
-0.0028883637908996085	-0.7992202134516179	-0.003049824462975242
-0.00313768594076963	-0.8065804680520162	-0.004332758015326506
-0.0034051037135629843	-0.8139277772741305	-0.005682777869519045
-0.0036913175327629487	-0.8212676048407831	-0.007089827593502741
-0.003996943257470635	-0.8286074343810488	-0.00854051296521569
-0.0043224893226696546	-0.8359568275012904	-0.01001743248805633
-0.004668332167036081	-0.8433272688273094	-0.011498258024926739
-0.005034690386525087	-0.8507316595594341	-0.012954394948294274
-0.005421598208640512	-0.8581832053798907	-0.014348954357581566
-0.005828879044525943	-0.8656932191793949	-0.015633719624773997
-0.006256120032867563	-0.8732670661788821	-0.016745162403883275
-0.006702648627616605	-0.8808977458152493	-0.01760190566270014
-0.00716751238526017	-0.8885600308051285	-0.01811668431840598
-0.0076494631610470026	-0.896217910111767	-0.018259101840608676
