#y=-1.9753766811902755 
#strength 	x-position 	z-position 
-5485030658853446e-22	-0.0037524507885119272	0.0003575094307143035
-2558515615168344e-23	-0.011252511794497327	0.00036282667628802966
-6707522674787025e-23	-0.018752575018873275	0.000368499035793702
-9176244635152042e-23	-0.026252641092356657	0.00037510193376394564
-9863482075718466e-23	-0.03375270981066096	0.0003822813264322861
-10417333045145694e-23	-0.04125278094922722	0.00038966169114387306
-11197535049536911e-23	-0.04875285459417425	0.0003972145629104815
-12128545041380223e-23	-0.05625293088849305	0.00040496958635944345
-13179714300481926e-23	-0.06375300996922642	0.00041294351852422717
-14356846939414525e-23	-0.07125309197431706	0.00042114767972784733
-1566925965108129e-22	-0.07875317704842834	0.0004295930435380189
-17126363194286398e-23	-0.08625326534432706	0.0004382906079350832
-18739340887710676e-23	-0.0937533570236294	0.00044725133355174906
-2052132637483245e-22	-0.10125345225766942	0.0004564862609772553
-22487353189964976e-23	-0.10875355122839413	0.00046600662449585963
-24654283687156053e-23	-0.11625365412927216	0.0004758239235516422
-2704094677254826e-22	-0.12375376116624551	0.00048594997106122596
-2966821302883421e-22	-0.13125387255875096	0.0004963969295610432
-325592019304044e-21	-0.1387539885408254	0.0005071773388981973
-3573942253358442e-22	-0.146254109362306	0.000518304137490139
-39237001155101314e-23	-0.15375423529013943	0.0005297906783596764
-4308291915132434e-22	-0.16125436660981357	0.0005416507412038322
-4731129952702251e-22	-0.16875450362692387	0.0005538985409585876
-5195963115895569e-22	-0.17625464666889304	0.0005665487326340017
-5706921647162522e-22	-0.18375479608685813	0.0005796164130005893
-6268540524347749e-22	-0.19125495225774433	0.0005931171187238919
-6885811388787633e-22	-0.19875511558654788	0.0006070668207404933
-7564215264224683e-22	-0.20625528650884947	0.0006214819146099255
-8309780391776989e-22	-0.21375546549358385	0.0006363792062739867
-9129131756258763e-22	-0.22125565304609537	0.0006517758931011054
-10029547729412114e-22	-0.22875584971151192	0.0006676895389985616
-11019027597765352e-22	-0.2362560560784674	0.0006841380433163693
-12106363980711465e-22	-0.243756272783221	0.000701139603060289
-1330121424097247e-21	-0.251256500514209	0.0007187126668797195
-1461419185239815e-21	-0.2587567400170823	0.0007368758802214969
-16056961141385634e-22	-0.26625699210027864	0.0007556480209533687
-17642332871530692e-22	-0.2737572576411995	0.0007750479235612098
-19384388198796787e-22	-0.28125753759304284	0.0007950943911279434
-21298593188331244e-22	-0.28875783299237623	0.0008158060935332096
-2340194449407945e-21	-0.2962581449675264	0.0008372014501622408
-25713113362083734e-22	-0.30375847474786993	0.0008592984956286578
-2825261240660751e-21	-0.31125882367412905	0.0008821147262600214
-3104297866951891e-21	-0.31875919320976753	0.0009056669255575556
-34108970557826523e-22	-0.32625958495361246	0.0009299709662217515
-3747778700775861e-21	-0.33376000065381217	0.000955041586112142
-411793053033821e-20	-0.34126044222327934	0.0009808921354059006
-4524634890715196e-21	-0.3487609117567447	0.0010075342920344696
-4971497093109178e-21	-0.35626141154958824	0.00103497774202414
-54624776002001885e-22	-0.3637619441185959	0.0010632298211335543
-6001926030875515e-21	-0.3712625122248116	0.0010922951137813312
-6594620590301761e-21	-0.37876311889866193	0.001122175005298059
-7245808457343947e-21	-0.38626376746750835	0.001152867182576832
-7961252808762545e-21	-0.3937644615858187	0.001184365078139757
-874728250124801e-20	-0.4012652052681032	0.0012166572525721543
-9610847493462735e-21	-0.40876600292476883	0.0012497267090956572
-10559579227957527e-21	-0.41626685940101926	0.0012835501341996304
-1160185688811946e-20	-0.42376778001888615	0.001318097057549094
-12746879904343075e-21	-0.43126877062243113	0.0013533289239155265
-14004747560433448e-21	-0.43876983762609617	0.0013891980695293288
-15386545720336153e-21	-0.4462709880660893	0.001425646594628391
-16904442209629902e-21	-0.4537722296545664	0.0014626051235456248
-18571790651117706e-21	-0.4612735708362434	0.0014999914431617163
-20403244560098302e-21	-0.4687750208468585	0.0015377090101030878
-2241488133111237e-20	-0.4762765897726884	0.0015756453166191461
-24624338286986097e-21	-0.4837782886100209	0.0016136701048376206
-27050960683764128e-21	-0.49128012932312676	0.0016516334187800096
-2971596300299119e-20	-0.49878212489883145	0.0016893634830962218
-32642605718042825e-21	-0.5062842893952594	0.0017266643978057696
-3585638596681831e-20	-0.5137866379816795	0.00176331363807
-3938524715834009e-20	-0.5212891869656179	0.0017990593487822908
-4325980420490268e-20	-0.5287919538025148	0.0018336174240863735
-47513590072231424e-21	-0.5362949570821186	0.0018666683627847711
-5218332208766288e-20	-0.5437982164846243	0.0018978538925142347
-5730918974063831e-20	-0.551301752698115	0.001926773356848332
-6293516608029022e-20	-0.5588055872872896	0.0019529798623843882
-6910934334991396e-20	-0.5663097425016524	0.0019759761862305917
-7588429401324433e-20	-0.57381424100937	0.0019952104482394576
-8331745817905314e-20	-0.5813191055408056	0.0020100715577389657
-9147155824127881e-20	-0.5888243584235231	0.0020198844510803515
-0.00010041504124426448	-0.5963300209881504	0.0020239051444082817
-0.00011022254971164956	-0.603836112822242	0.002021315636102838
-0.00012097541888692054	-0.6113426508471573	0.002011218705072606
-0.00013276220203965912	-0.6188496481912702	0.0019926326657378124
-0.00014567922009693472	-0.6263571128318454	0.001964486157921347
-0.00015983113407969964	-0.633865045977961	0.0019256130701570055
-0.00017533153633549937	-0.6413734401685097	0.0018747477194489585
-0.00019230355575711698	-0.6488822770631891	0.0018105204390575702
-0.0002108804696986169	-0.6563915249112388	0.001731453759089272
-0.00023120631466703838	-0.6639011356935707	0.0016359594033579935
-0.00025343648366935555	-0.6714110419500097	0.0015223363703393924
-0.0002777382972112292	-0.6789211533259971	0.0013887704166061238
-0.0003042915301657446	-0.68643135290397	0.0012333353183503221
-0.0003332888740771485	-0.6939414934253738	0.0010539963504754123
-0.0003649363092488641	-0.7014513935618514	0.0008486164932604494
-0.0003994533570309978	-0.7089608344602005	0.0006149659533293697
-0.00043707317707821977	-0.7164695568668273	0.0003507356678230656
-0.000478042468051873	-0.7239772592343593	53555546700212876e-21
-0.0005226211246738555	-0.7314835973255912	-0.0002789817037255182
-0.0005710815976096382	-0.7389881859559907	-0.000649290244866742
-0.000623707894972618	-0.7464906036507971	-0.0010597532413069701
-0.0006807941595831316	-0.7539904011280917	-0.0015126763709656433
-0.0007426427488685626	-0.7614871146418168	-0.0020102315380975283
-0.0008095617411228821	-0.7689802853094337	-0.0025543895439173216
-0.0008818617874984565	-0.7764694855811578	-0.0031468403877415087
-0.000959852231461061	-0.7839543539471051	-0.0037888997579373063
-0.0010438364184944902	-0.7914346387822158	-0.004481400082616323
-0.0011341061295691585	-0.7989102518451361	-0.0052245641661963806
-0.001230935084690495	-0.8063813313161129	-0.006017858804975877
-0.0013345714858319004	-0.8138483133076999	-0.0068598246271873295
-0.0014452295982202955	-0.8213120094124577	-0.007747876364505538
-0.00156308040903589	-0.828773685901668	-0.008678064205185977
-0.0016882414529442065	-0.8362351373358207	-0.009644780761577062
-0.0018207659539627944	-0.8436987428877205	-0.010640387848309214
-0.001960631503119148	-0.8511674860882389	-0.011654720516549139
-0.0021077285699572738	-0.8586449050349394	-0.012674402041122199
-0.002261849225383623	-0.8661349165352454	-0.013681886837323617
-0.002422676536538904	-0.8736414276211739	-0.014654235358942435
-0.00258977516827669	-0.8811676508603996	-0.015562357044035618
-0.0027625837832135026	-0.8887151759673778	-0.01637540237299109
-0.0029404098711244284	-0.896283223877895	-0.01708422190595906
