#x 	#ue 	#uex 	#uet 	#del 	#E 	#cf 	#Csep 
0.015707963267948967	0.03141463462364135	1.9997532649633212	0	0.4776663582751992	0.4653562961815063	0.00010890698650064231	1
0.0471238898038469	0.09421290141928533	1.99777974992394	0	0.44922309589508574	0.4579025995478445	0.00033715028958888584	-0.23406380924806772
0.07853981633974483	0.1569181914556899	1.993834667466256	0	0.4558803016250502	0.4592102022534643	0.000556225908590118	0.5196435492583338
0.10995574287564278	0.21946862218209057	1.9879219109103594	0	0.45933969516431544	0.46004296900199515	0.0007746458139163276	0.5173948636963672
0.1413716694115407	0.28180246387516533	1.980047315433115	0	0.46112957716357805	0.46033333018680844	0.000991944492474338	0.7073373031852156
0.17278759594743864	0.3438582005588191	1.9702186523095477	0	0.4623956426031225	0.4603865468454609	0.0012073217425038099	0.9504547238290001
0.20420352248333656	0.405574590713025	1.9584456212435315	0	0.46359899433951407	0.46034726195313036	0.0014200964986953416	1.0876624138351036
0.2356194490192345	0.46689072771181084	1.9447398407953531	0	0.4649078434912042	0.46026850431426736	0.0016296792193779685	1.1261270513778785
0.26703537555513246	0.5277460999307458	1.9291148369155962	0	0.46638177856449126	0.46016782970165937	0.0018355387766268434	1.1268566221406477
0.2984513020910304	0.588080650464608	1.9115860295966602	0	0.4680426943411151	0.46005049195243464	0.00203717881354239	1.1183894101609015
0.3298672286269283	0.6478348363962988	1.8921707176550906	0	0.4699002459370465	0.45991766028236536	0.0022341240202005475	1.1091626317895493
0.3612831551628262	0.7069496875585143	1.8708880616597345	0	0.47196057303057937	0.4597691628814191	0.0024259137960489347	1.1010906207300015
0.3926990816987242	0.7653668647301797	1.8477590650225735	0	0.4742291797949764	0.4596043670896479	0.002612100032644899	1.0943632279019349
0.4241150082346221	0.8230287172102176	1.8228065532708906	0	0.4767118594209887	0.4594224465064911	0.0027922467868595124	1.0887970735129167
0.45553093477052004	0.8798783397118303	1.7960551515212313	0	0.4794149935776353	0.4592224518235257	0.00296593070437629	1.0841753732729762
0.48694686130641796	0.9358596285211468	1.767531260177387	0	0.482345665072187	0.4590033207922095	0.0031327416975055786	1.0803180810680517
0.5183627878423159	0.9909173368648152	1.7372630288763824	0	0.48551172275839044	0.4587638698763079	0.003292283681441837	1.0770863753355226
0.5497787143782138	1.0449971294318976	1.7052803287081846	0	0.488921840999162	0.4585027801721	0.0034441752955928157	1.074374464701309
0.5811946409141118	1.0980456359962636	1.6716147227365405	0	0.49258558605325153	0.45821858081931865	0.0035880505824961175	1.0721011943648913
0.6126105674500097	1.1500105040865571	1.6362994348500468	0	0.4965134931372938	0.4579096303414065	0.0037235596128046425	1.0702036328241793
0.6440264939859076	1.200840450651768	1.5993693169741812	0	0.5007171558406023	0.45757409557645357	0.003850369049796302	1.068632492077617
0.6754424205218056	1.2504853126714104	1.5608608146766594	0	0.5052093294063432	0.45720992764558277	0.003968162647960892	1.067348891328563
0.7068583470577036	1.2988960966603675	1.5208119312000619	0	0.5100040497595782	0.4568148343164722	0.004076641679963825	1.0663220530050863
0.7382742735936014	1.3460250270195466	1.4792621899572194	0	0.5151167706909043	0.4563862480320442	0.00417552528551678	1.065527643909023
0.7696902001294994	1.3918255931846288	1.4362525955263776	0	0.5205645222265355	0.45592128875489446	0.004264550734633994	1.0649465701531295
0.8011061266653973	1.4362525955263776	1.3918255931846286	0	0.5263660939506257	0.45541672061658445	0.00434347359643782	1.0645640992754708
0.8325220532012952	1.4792621899572194	1.3460250270195466	0	0.5325422479390525	0.454868901149996	0.004412067803038515	1.0643692252987407
0.8639379797371932	1.520811931200062	1.298896096660367	0	0.5391159670755424	0.4542737216125443	0.004470125595948023	1.0643542205537149
0.8953539062730911	1.5608608146766594	1.2504853126714104	0	0.5461127459269411	0.4536265365635124	0.004517457339855446	1.0645143371152819
0.9267698328089891	1.5993693169741812	1.200840450651768	0	0.5535609331537953	0.4529220804196077	0.004553891185211886	1.0648476342753594
0.958185759344887	1.636299434850047	1.150010504086557	0	0.5614921367586038	0.4521543681510831	0.004579272556684297	1.065354918672173
0.9896016858807849	1.6716147227365405	1.0980456359962634	0	0.5699417065092796	0.45131657655821655	0.004593463438808384	1.066039792050456
1.0210176124166828	1.7052803287081844	1.0449971294318978	0	0.578949311872499	0.4504009016327861	0.004596341422613121	1.0669088091442696
1.0524335389525807	1.7372630288763826	0.9909173368648151	0	0.5885596391056418	0.44939838629041584	0.0045877984669332045	1.0679717556939679
1.0838494654884787	1.767531260177387	0.9358596285211467	0	0.5988232382912979	0.4482987111593173	0.004567739314615892	1.0692420649213414
1.1152653920243767	1.7960551515212313	0.8798783397118302	0	0.6097975607794686	0.4470899389930256	0.00453607948546917	1.0707374007269221
1.1466813185602747	1.8228065532708906	0.8230287172102173	0	0.6215482407838623	0.4457582004480465	0.004492742742567849	1.0724804484541177
1.1780972450961724	1.8477590650225735	0.7653668647301797	0	0.6341506933134852	0.4442873051614211	0.004437657893415313	1.0744999706177494
1.2095131716320704	1.8708880616597345	0.7069496875585143	0	0.6476921265294366	0.44265825689038896	0.004370754737900704	1.0768322073082557
1.2409290981679684	1.8921707176550906	0.6478348363962988	0	0.6622741035156468	0.44084864437586924	0.004291958904046175	1.0795227315477942
1.2723450247038663	1.9115860295966602	0.5880806504646078	0	0.6780158417523766	0.43883186974229704	0.0042011852093755105	1.0826289121549402
1.3037609512397643	1.9291148369155962	0.5277460999307455	0	0.6950585167461433	0.4365761624318334	0.0040983290332530335	1.0862231953792507
1.3351768777756623	1.9447398407953533	0.4668907277118105	0	0.7135709527686893	0.43404330706645133	0.003983254956251139	1.090397497906269
1.36659280431156	1.9584456212435315	0.405574590713025	0	0.7337572603215167	0.4311869854646555	0.003855781571619652	1.0952691149682914
1.398008730847458	1.970218652309548	0.34385820055881905	0	0.7558672528376014	0.427950592048568	0.0037156608268426026	1.1009886940244529
1.429424657383356	1.980047315433115	0.28180246387516517	0	0.7802109050282852	0.4242643214377193	0.003562549385037834	1.1077510023368637
1.460840583919254	1.9879219109103594	0.2194686221820903	0	0.8071788066088514	0.4200412367740063	0.0033959680943646455	1.115809384711567
1.492256510455152	1.993834667466256	0.15691819145568955	0	0.8372717006810041	0.4151718910729525	0.0032152433570345165	1.125494812539046
1.5236724369910497	1.99777974992394	0.09421290141928536	0	0.8711441006041395	0.4095168669107241	0.003019420386093562	1.1372397965551861
1.5550883635269477	1.9997532649633212	0.031414634623641295	0	0.9096702341165566	0.4028962867199226	0.002807132021176507	1.1516048589532917
1.5865042900628457	1.9997532649633212	-0.031414634623641496	0	0.9540462006852571	0.3950748860980813	0.0025763964037738563	1.1692973609484238
1.6179202165987436	1.99777974992394	-0.09421290141928555	0	1.005952004753486	0.3857406247821942	0.002324300446672875	1.191151621848635
1.6493361431346416	1.993834667466256	-0.1569181914556902	0	1.0678136983882018	0.37447418678807165	0.0020465026719249336	1.2179921808718612
1.6807520696705394	1.9879219109103594	-0.21946862218209048	0	1.1432319443377905	0.36070679824098373	0.001736463757743588	0.9474108695217963
1.7121679962064373	1.980047315433115	-0.2818024638751654	0	1.2018989685665504	0.35380804979007574	0.001490312829114832	-1.459725962723797
1.7435839227423353	1.9702186523095477	-0.3438582005588192	0	1.1226277747319888	0.38737384369376127	0.0022073234575159333	-6.612895926724601
1.7749998492782333	1.9584456212435315	-0.4055745907130252	0	1.8293484094984416	0.24797417776559483	-0.00043467982220902535	0.6426614166387908
1.8064157758141313	1.9447398407953531	-0.4668907277118111	0	2.307076992021664	0.14727253875771606	-0.0018988559297135315	0.7572079643265792
1.8378317023500292	1.9291148369155962	-0.5277460999307462	0	2.5514651229189984	0.14012400404596348	-0.0033942784663058122	0.13036283908600726
1.869247628885927	1.9115860295966602	-0.5880806504646079	0	2.6754479747387183	0.10137480223937456	-0.0023694852548442396	1.1627462063843015
1.900663555421825	1.8921707176550906	-0.6478348363962989	0	2.5104580344100946	0.22136342678476217	-0.0033327850210761924	-2.0602523531124968
1.932079481957723	1.8708880616597345	-0.7069496875585144	0	2.7730816420243554	-0.04773133687788822	-0.0005771339017221491	-2.669253269564995
1.963495408493621	1.8477590650225735	-0.7653668647301798	0	2.9646156391437315	0.23134259922216693	-0.012315834501900517	1.1388914702910384
1.994911335029519	1.8228065532708904	-0.8230287172102179	0	2.8690904425508186	-0.10111978755460449	-0.0006937118808015175	-0.34677127635166316
2.0263272615654166	1.7960551515212313	-0.8798783397118303	0	3.440036771403929	0.22810754161868263	-0.01176767706439199	-6.683165784989583
2.057743188101315	1.7675312601773865	-0.9358596285211472	0	3.3555165720318993	-0.12583262049099864	-0.0009661888253412878	-0.03626861124605067
2.0891591146372126	1.7372630288763824	-0.9909173368648152	0	4.428666775909397	0.143592137596261	-0.01122202089587218	-40.30460724809913
2.1205750411731104	1.7052803287081846	-1.0449971294318976	0	4.292556085868841	-0.1313626961215688	-0.002358875909161487	-0.009808044736835619
2.1519909677090086	1.6716147227365403	-1.0980456359962638	0	5.473722500122436	0.007951047540694978	-0.00821651620203095	-78.3596006758359
2.1834068942449063	1.6362994348500468	-1.1500105040865571	0	5.318586632656028	-0.08127424008418449	-0.0038315500179518227	-0.05457309628486724
2.2148228207808045	1.5993693169741807	-1.2008404506517685	0	5.8640066115051575	-0.04432863788478858	-0.0048047258134906925	-6.159504576633838
2.2462387473167023	1.5608608146766594	-1.2504853126714104	0	5.831150492027941	-0.06089679026525141	-0.004016424179956663	-0.12463407622193322
2.2776546738526	1.5208119312000619	-1.298896096660367	0	5.947577657524433	-0.056558838078988205	-0.004186587789047735	0.00848029465792181
2.309070600388498	1.4792621899572191	-1.3460250270195468	0	5.889123080095661	-0.0633093112500106	-0.0041222260891626865	201.60261668640922
2.340486526924396	1.4362525955263776	-1.3918255931846286	0	5.8558883518559375	-0.06710547141866174	-0.004292393817199637	0.20749753110211788
2.371902453460294	1.3918255931846284	-1.436252595526378	0	5.833030443365378	-0.07214113096545527	-0.00437661288278031	-2.51054874925636
2.403318379996192	1.3460250270195466	-1.4792621899572194	0	5.867041679338596	-0.07577520543546512	-0.004416328191626592	2.605036915467658
2.4347343065320897	1.2988960966603675	-1.5208119312000619	0	5.9468813650016354	-0.07861536228249821	-0.004354052104747638	1.4154730563151094
2.466150233067988	1.2504853126714102	-1.5608608146766596	0	6.062691566978404	-0.08059394331250513	-0.004222480577328821	1.1734032308086102
2.4975661596038856	1.200840450651768	-1.599369316974181	0	6.198323561487714	-0.08203772310402424	-0.004044259956841835	1.0524000208518123
2.528982086139784	1.1500105040865567	-1.6362994348500473	0	6.3414588879782965	-0.08316111374604018	-0.0038453665150050653	0.9955568007516633
2.5603980126756816	1.0980456359962634	-1.6716147227365405	0	6.484067309921738	-0.08412862783351172	-0.0036402415847024776	0.9745780368029563
2.5918139392115798	1.0449971294318972	-1.7052803287081848	0	6.623098298628967	-0.08500594657448735	-0.0034343281626238956	0.9732683035769255
2.6232298657474775	0.9909173368648148	-1.7372630288763826	0	6.758382909681678	-0.08579977057771193	-0.0032279244905451952	0.9754673820859581
2.6546457922833753	0.9358596285211468	-1.767531260177387	0	6.890329010102029	-0.0865003975829226	-0.0030205582477573546	0.9732880396337766
2.6860617188192735	0.8798783397118298	-1.7960551515212315	0	7.018759827318345	-0.08710647522501613	-0.0028125660413736583	0.9669511651659302
2.7174776453551712	0.8230287172102174	-1.8228065532708906	0	7.1429684928525665	-0.08762574005709656	-0.002604829158885803	0.95903603172368
2.7488935718910694	0.7653668647301789	-1.8477590650225737	0	7.262108650961605	-0.08806832623746408	-0.0023982049927755056	0.9506955485081763
2.780309498426967	0.706949687558514	-1.8708880616597348	0	7.375389023868111	-0.08844306158925086	-0.00219332025773292	0.9416844228517898
2.811725424962865	0.6478348363962989	-1.8921707176550906	0	7.482075093562196	-0.08875710297391004	-0.00199059606556808	0.931375554584808
2.843141351498763	0.5880806504646074	-1.9115860295966605	0	7.581449735088168	-0.0890160363364858	-0.0017902923321186804	0.918996887913054
2.874557278034661	0.5277460999307456	-1.9291148369155962	0	7.672781341053664	-0.08922306866231511	-0.0015925210083684888	0.9034661598809356
2.905973204570559	0.46689072771181017	-1.9447398407953533	0	7.755299875602081	-0.08937622015822777	-0.001397228465578258	0.8848934741327344
2.937389131106457	0.40557459071302465	-1.9584456212435317	0	7.828325953982376	-0.08945820482930944	-0.001204073092259308	0.8686645265889054
2.9688050576423546	0.34385820055881916	-1.9702186523095477	0	7.891782596119391	-0.0894093609421498	-0.0010121916530146488	0.8572648614268248
3.000220984178253	0.28180246387516483	-1.9800473154331153	0	7.946208160174623	-0.08910004710579222	-0.0008204951972654981	0.736437280406285
3.0316369107141505	0.21946862218209043	-1.9879219109103594	0	7.986223756374236	-0.08849377447945805	-0.0006305571331578046	-0.21691824166320972
3.0630528372500487	0.15691819145568925	-1.993834667466256	0	7.977324251169182	-0.08876756634165106	-0.000452928204275903	10.208700214644365
3.0944687637859465	0.09421290141928503	-1.99777974992394	0	7.8892327780698555	-0.0964761272119854	-0.0003061847759362868	-16.230115912519473
3.1258846903218442	0.03141463462364142	-1.9997532649633212	0	9.328209860854503	-0.13313427050538573	-0.00014497436319971488	1
