#x 	#ue 	#uex 	#uet 	#del 	#E 	#cf 	#Jsep1 	#Jsep2 	#Csep 
0.007853981633974483	0.01570780177742267	1.9999383152895793	0	0.497782838612667	0.4705530458468907	53352714097919983e-21	-2033862435976887e-20	3461152075720418e-21	-Inf
0.02356194490192345	0.04711952966722031	1.9994448604360011	0	0.4632576637945117	0.4616699966349498	0.00016597792230576566	-2685380330359974e-20	4515757932269476e-21	0.0723380887508515
0.039269908169872414	0.07851963151813722	1.9984580724814458	0	0.4607601761920925	0.460860355632589	0.0002771900957670589	-2696494263306709e-20	45596163917095334e-22	0.15290461476135198
0.05497787143782139	0.1099003598248915	1.9969781949010759	0	0.4603782977954969	0.46068889502079147	0.00038802775392570213	-26975141627832216e-21	4567926497762042e-21	-0.07283765027561291
0.07068583470577035	0.14125397186233338	1.99500559283254	0	0.46040611195949677	0.46062889027127407	0.0004985796747236811	-2695577226255909e-20	456624430970566e-20	6.066580748601962
0.08639379797371932	0.17257273159584677	1.9925407529858825	0	0.46057485345989246	0.46059594544313254	0.0006088216517788809	-26922774802545867e-21	4560720768493532e-21	1.4566329886960088
0.10210176124166828	0.20384891159010007	1.989584283523453	0	0.46082064831317476	0.46056992570517297	0.0007187034183420763	-26880229696629955e-21	4552939970415323e-21	1.2349097050952296
0.11780972450961726	0.23507479491567532	1.9861369139098526	0	0.4611241829510306	0.46054468963963124	0.0008281669026548964	-26829437842344375e-21	45434060760436866e-22	1.167755841640638
0.13351768777756623	0.2662426770531047	1.9821994947319497	0	0.46147863740608125	0.4605180108446558	0.0009371513673916231	-2677088823927985e-20	4532306854061913e-21	1.1362110567202452
0.1492256510455152	0.297344867793846	1.9777729974890093	0	0.46188137254633643	0.46048896478077306	0.0010455951489999375	-2670479057751706e-20	4519720890445222e-21	1.1173066686023028
0.16493361431346415	0.3283736931377259	1.9728585143529909	0	0.4623313512510969	0.4604571180391266	0.0011534363385808273	-26631246105134098e-21	4505684127368172e-21	1.1042138627935296
0.1806415775814131	0.35932149718638506	1.9674572578990719	0	0.4628282240078089	0.46042224075251714	0.0012606130863830223	-26550309967991787e-21	4490214148617723e-21	1.0943347712083398
0.1963495408493621	0.39018064403225655	1.9615705608064609	0	0.4633719691662162	0.46038419331272595	0.0013670637577582	-2646201635357041e-20	4473319976101691e-21	1.0864831783542395
0.21205750411731106	0.42094351964261134	1.9551998755295814	0	0.46396273915186503	0.46034287779434635	0.001472727025286063	-26366389480595688e-21	4455006351429799e-21	1.0800328644387485
0.22776546738526002	0.4516025337382074	1.9483467739396987	0	0.46460079016514827	0.4602982155913762	0.0015775419314136817	-2626344872619062e-20	4435275732884062e-21	1.0746132996866793
0.24347343065320898	0.4821501216660773	1.941012946937085	0	0.4652864482803316	0.46025013646725443	0.0016814479365689307	-26153211147737327e-21	44141292769200266e-22	1.0699853562440933
0.25918139392115797	0.5125787462659933	1.9332002040338145	0	0.46602009243121717	0.4601985728846021	0.0017843849596676402	-26035692775525257e-21	4391567340420293e-21	1.06598441224616
0.2748893571891069	0.5428808997301485	1.9249104729072946	0	0.46680214566685824	0.46014345690545366	0.0018862934143808274	-25910909294475216e-21	4367589744629733e-21	1.0624915921129807
0.2905973204570559	0.5730491054555966	1.9161457989246384	0	0.4676330706598097	0.4600847183980781	0.0019871142428706237	-25778876407801284e-21	4342195914887768e-21	1.0594179336593192
0.3063052837250049	0.6030759198889915	1.9069083446380024	0	0.46851336750351297	0.46002228393190103	0.00208678894789168	-2563961002781787e-20	4315384952722355e-21	1.0566950209676438
0.3220132469929538	0.6329539343631723	1.8972003892510092	0	0.4694435727992506	0.45995607604482847	0.002185259623740961	-25493126368820425e-21	42871556694759125e-22	1.0542691028588915
0.3377212102609028	0.662675776925142	1.8870243280563872	0	0.4704242595054386	0.4598860127155573	0.002282468986319516	-25339441982095233e-21	4257506597044632e-21	1.052097216625138
0.3534291735288518	0.692234114154986	1.8763826718449683	0	0.47145603726266505	0.45981200694896107	0.002378360402449348	-2517857375509008e-20	4226435984279089e-21	1.0501445311384998
0.3691371367968007	0.7216216529752836	1.8652780462861882	0	0.47253955303482703	0.45973396642232234	0.0024728779185213302	-25010538887190323e-21	4193941783854096e-21	1.0483824668429278
0.3848451000647497	0.7508311424505661	1.8537131912802416	0	0.4736754919758506	0.4596517931617712	0.002565966288509797	-2483535484929015e-20	4160021632364182e-21	1.04678733039422
0.40055306333269863	0.7798553755763765	1.8416909602820526	0	0.4748645784703083	0.45956538323027485	0.0026575710013664457	-24653039331318394e-21	41246728252158076e-22	1.045339301421327
0.4162610266006476	0.80868719105749	1.829214319597227	0	0.476107577318657	0.4594746264153573	0.002747638307791399	-24463610180170357e-21	4087892287212005e-21	1.0440216668523747
0.4319689898685966	0.8373194750748563	1.8162863476501625	0	0.4774052950511693	0.4593794059086931	0.002836115246370003	-24267085329452485e-21	4049676539315271e-21	1.0428202333009338
0.44767695313654554	0.8657451630408279	1.8029102342244914	0	0.47875858136281574	0.45927959797204876	0.0029229496690580817	-24063482721778687e-21	4010021661807409e-21	1.0417228700468841
0.46338491640449453	0.8939572413422423	1.7890892796760502	0	0.48016833066659403	0.45917507158538573	0.0030080902659935056	-238528202240024e-19	396892325391647e-20	1.040719149363664
0.4790928796724435	0.9219487490709248	1.7748268941185663	0	0.48163548376623627	0.4590656880737767	0.0030914865896100032	-23635115535457893e-21	3926376389851053e-21	1.03980006055374
0.49480084294039245	0.9497127797411892	1.760126596582264	0	0.4831610296517025	0.4589513007101682	0.003173089078025417	-23410386089114033e-21	3882375571107997e-21	1.0389577804189485
0.5105088062083414	0.9772424829939098	1.7449920141455944	0	0.48474600742266344	0.4588317542912834	0.003252849077675687	-23178648945425477e-21	3836914674865699e-21	1.0381854875080736
0.5262167694762904	1.004531066286745	1.7294268810403102	0	0.48639150834665495	0.45870688468400345	0.0033307188651634655	-2293992067853141e-20	37899868982000017e-22	1.0374772106332761
0.5419247327442394	1.031571796570095	1.7134350377300993	0	0.48809867805985124	0.4585765183395296	0.0034066516682887136	-22694217254407786e-21	3741584697837911e-21	1.0368277044765384
0.5576326960121883	1.0583580019483814	1.6970204299630072	0	0.48986871891957257	0.4584404717725348	0.0034806016862269575	-22441553900478e-18	36916997251104915e-22	1.036232346789649
0.5733406592801373	1.0848830733262376	1.6801871077978836	0	0.4917028925187858	0.45829855100234385	0.0035525241088192514	-2218194496611053e-20	3640322755711072e-21	1.035687052956482
0.5890486225480862	1.1111404660392044	1.6629392246050905	0	0.49360252237402913	0.4581505509529582	0.0036223751349354805	-21915403773385833e-21	3587443613832383e-21	1.0351882045808287
0.6047565858160352	1.1371237014685278	1.6452810360417196	0	0.4955689967993843	0.4579962548085046	0.0036901119898711085	-21641942457439267e-21	35330510902080634e-22	1.0347325895376167
0.6204645490839842	1.1628263686396612	1.627216899001574	0	0.49760377198044725	0.45783543332038135	0.003755692941735174	-2136157179560413e-20	34771328535204918e-22	1.0343173513983328
0.6361725123519332	1.1882421258040772	1.608751270540169	0	0.49970837526363593	0.4576678440620412	0.0038190773167843394	-210743010244985e-19	341967535458435e-20	1.0339399466074035
0.6518804756198822	1.2133647020039995	1.58988870677502	0	0.5018844086777224	0.45749323062696745	0.00388022551365564	-2078013764414288e-20	3360663722652741e-21	1.0335981080915577
0.6675884388878311	1.2381878986196682	1.5706338617614897	0	0.5041335527061738	0.45731132176498446	0.003939099016446966	-20479087208072888e-21	33000816531210467e-22	1.0332898142317406
0.68329640215578	1.2627055908987554	1.550991486344469	0	0.5064575703307512	0.4571218304515572	0.003995660406591278	-2017115309831995e-20	32379112858208276e-22	1.0330132623538686
0.699004365423729	1.2869117294675578	1.5309664269861762	0	0.5088583113689187	0.4569244528842	0.004049873373465949	-1985633628404476e-20	31741330730144743e-22	1.0327668460120845
0.714712328691678	1.3108003418235878	1.510563624570367	0	0.5113377171299013	0.4567188673995408	0.004101702723675327	-19534635062464746e-21	31087256361011677e-22	1.0325491355187102
0.730420291959627	1.3343655338091995	1.489788113183244	0	0.5138978254168524	0.45650473330390295	0.004151114388938504	-1920604478057391e-20	3041665609922129e-21	1.0323588612254235
0.746128255227576	1.3576014910658836	1.468645018871371	0	0.516540775905464	0.45628168960952586	0.004198075432509286	-1887055753605321e-20	29729274734573143e-22	1.0321948991761858
0.7618362184955249	1.3805024804688744	1.4471395583768987	0	0.5192688159325919	0.4560493536677521	0.004242554054049622	-18528161855554444e-21	29024833655339855e-22	1.0320562588209703
0.7775441817634738	1.4030628515417114	1.4252770378504107	0	0.5220843067321425	0.4558073196895207	0.004284519592869145	-18178842348391097e-21	2830302884036505e-21	1.0319420725037058
0.7932521450314228	1.425277037850411	1.4030628515417114	0	0.524989730159532	0.4555551571425309	0.0043239425294374625	-17822579333453883e-21	2756352866912851e-21	1.0318515865290852
0.8089601082993718	1.447139558376899	1.3805024804688744	0	0.5279876959506832	0.4552924090132231	0.004360794485064832	-17459348436951777e-21	2680597153082817e-21	1.0317841536064154
0.8246680715673208	1.468645018871371	1.3576014910658833	0	0.531080949566724	0.4550185899204391	0.004395048219638205	-17089120158341652e-21	2602996321135425e-21	1.0317392265400331
0.8403760348352697	1.489788113183244	1.3343655338091993	0	0.534272380681481	0.4547331840661408	0.0044266776272869025	-16711859401475842e-21	25235074034108575e-22	1.0317163530366127
0.8560839981032187	1.5105636245703673	1.3108003418235878	0	0.5375650323755653	0.4544356430068881	0.004455657729839212	-16327524967776154e-21	24420835728309054e-22	1.0317151715289914
0.8717919613711677	1.5309664269861762	1.2869117294675578	0	0.5409621111084567	0.4541253832279224	0.0044819646679166315	-15936069007816342e-21	235867379946303e-20	1.031735407949815
0.8874999246391166	1.550991486344469	1.2627055908987552	0	0.5444669975486808	0.45380178349953937	0.004505575689494264	-1553743642732062e-20	22732224734407195e-22	1.0317768733909738
0.9032078879070656	1.57063386176149	1.238187898619668	0	0.5480832583520795	0.4534641819930587	0.004526469135737269	-15131564243170624e-21	21856689904539525e-22	1.031839462604312
0.9189158511750146	1.5898887067750203	1.2133647020039993	0	0.551814658989491	0.4531118731309334	0.0045446244238994855	-14718380884500865e-21	2095947295520785e-21	1.031923153323336
0.9346238144429635	1.608751270540169	1.188242125804077	0	0.5556651777381468	0.4527441041424538	0.004560022027046102	-1429780543339011e-20	20039853801889024e-22	1.032028006391055
0.9503317777109125	1.627216899001574	1.1628263686396612	0	0.5596390209660166	0.45236007129294076	0.004572643450330304	-13869746799032432e-21	19097047276858095e-22	1.0321541666915364
0.9660397409788615	1.6452810360417196	1.1371237014685278	0	0.5637406398554953	0.45195891575028857	0.004582471203521952	-13434102818587492e-21	18130196998157957e-22	1.0323018649069284
0.9817477042468105	1.6629392246050905	1.1111404660392044	0	0.5679747487326711	0.451539719048097	0.004589488769444306	-12990759277019061e-21	17138368585224513e-22	1.032471420126777
0.9974556675147594	1.6801871077978838	1.0848830733262373	0	0.5723463451913712	0.45110149809932176	0.004593680567930289	-12539588837398869e-21	16120542141113085e-22	1.0326632433488832
1.0131636307827083	1.6970204299630074	1.0583580019483811	0	0.5768607322277929	0.45064319970832245	0.004595031914856303	-12080449872025684e-21	15075603909717565e-22	1.0328778419412963
1.0288715940506574	1.7134350377300995	1.0315717965700946	0	0.5815235426325427	0.4501636945221552	0.004593528975747973	-11613185183501048e-21	14002337003511805e-22	1.0331158251329082
1.0445795573186063	1.7294268810403102	1.004531066286745	0	0.5863407659230352	0.4496617703539265	0.004589158713381058	-11137620603590142e-21	12899411082501233e-22	1.0333779106329204
1.0602875205865552	1.7449920141455941	0.9772424829939099	0	0.5913187781415022	0.4491361248016936	0.004581908828714753	-10653563455983834e-21	11765370847264505e-22	1.0336649324984981
1.0759954838545043	1.760126596582264	0.9497127797411891	0	0.5964643748935005	0.4485853570756002	0.004571767694393297	-10160800867301991e-21	10598623188974548e-22	1.0339778503885186
1.0917034471224532	1.7748268941185665	0.9219487490709247	0	0.601784808060208	0.44800795893342804	0.004558724279935427	-9659097908509013e-21	9397422815310482e-22	1.0343177603759237
1.1074114103904023	1.7890892796760502	0.893957241342242	0	0.6072878266867714	0.447402304610131	0.004542768067588533	-9148195546361113e-21	8159856143409608e-22	1.0346859075233295
1.1231193736583511	1.8029102342244914	0.8657451630408278	0	0.6129817226306623	0.44676663960992147	0.004523888957659935	-8627808381603055e-21	6883823218368295e-22	1.0350837004634879
1.1388273369263	1.8162863476501625	0.8373194750748563	0	0.6188753816511058	0.4460990682095567	0.004502077161936852	-809762214711071e-20	5567017377158111e-22	1.0355127282748768
1.154535300194249	1.8292143195972272	0.8086871910574899	0	0.624978340736475	0.4453975394980729	0.004477323083569604	-7557290935043312e-21	42069023323452885e-23	1.0359747799930694
1.170243263462198	1.8416909602820526	0.7798553755763765	0	0.6313008526051912	0.44465983175073576	0.004449617181505266	-7006434117118658e-21	2800686295754385e-22	1.0364718671758621
1.185951226730147	1.8537131912802418	0.7508311424505659	0	0.6378539584823375	0.44388353490242705	0.0044189498172126146	-64446329161540775e-22	13452926977591886e-23	1.037006250002011
1.201659189998096	1.8652780462861882	0.7216216529752835	0	0.6446495704552172	0.44306603084722984	0.0043853110810189964	-58714265797430565e-22	-1626730195560275e-23	1.0375804675009894
1.2173671532660448	1.8763826718449683	0.692234114154986	0	0.6517005649547181	0.4422044712451543	0.004348690594866399	-5286308098038773e-21	-17269611503693844e-23	1.0381973726149338
1.233075116533994	1.8870243280563872	0.6626757769251418	0	0.6590208892057754	0.44129575246232244	0.004309077287665228	-4688719396615734e-21	-3351720741982709e-22	1.0388601729441993
1.2487830798019428	1.8972003892510092	0.6329539343631723	0	0.6666256828526058	0.4403364872054536	0.004266459138649879	-4078045921571809e-21	-5041548746126878e-22	1.0395724782142068
1.264491043069892	1.9069083446380026	0.6030759198889911	0	0.6745314174095461	0.4393229723327037	0.004220822883179893	-34536105166105573e-22	-6801546339410451e-22	1.0403383557217074
1.2801990063378408	1.9161457989246384	0.5730491054555965	0	0.6827560567379272	0.4382511522276802	0.004172153674234295	-2814666469591599e-21	-8637383656893669e-22	1.041162395304344
1.2959069696057899	1.9249104729072946	0.5428808997301482	0	0.6913192424315879	0.43711657700775786	0.004120434691347196	-2160389577207055e-21	-10555374444488317e-22	1.0420497857454993
1.3116149328737388	1.9332002040338148	0.5125787462659931	0	0.7002425088452384	0.4359143546965287	0.004065646686841512	-14898690387436933e-22	-12562562466230125e-22	1.043006404985983
1.3273228961416876	1.941012946937085	0.48215012166607735	0	0.7095495335693613	0.4346390963166544	0.004007767456815388	-8020969399454172e-22	-14666821923626928e-22	1.044038927116924
1.3430308594096367	1.9483467739396987	0.45160253373820713	0	0.7192664305071027	0.4332848526448225	0.003946771221266801	-9595602100965395e-23	-16876974688933418e-22	1.0451549499291266
1.3587388226775856	1.9551998755295814	0.42094351964261123	0	0.7294220944289755	0.4318450411033854	0.0038826278937864876	6297946682146309e-22	-19202927867027476e-22	1.046363147829515
1.3744467859455347	1.9615705608064609	0.3901806440322562	0	0.7400486080867538	0.4303123609281436	0.003815302216120662	13765367477915945e-22	-216558361470958e-20	1.0476734563655394
1.3901547492134836	1.9674572578990719	0.35932149718638495	0	0.7511817258181123	0.4286786943276848	0.003744752726193165	2145812817986084e-21	-24248294682413614e-22	1.0490972965046341
1.4058627124814325	1.9728585143529909	0.3283736931377259	0	0.762861451288233	0.42693499080798714	0.0036709305193237257	29393510413976743e-22	-26994569986795375e-22	1.0506478494934735
1.4215706757493816	1.9777729974890093	0.2973448677938457	0	0.7751327319011702	0.4250711311366404	0.0035937777505927596	3759095287841998e-21	-29910878776938725e-22	1.0523403968489342
1.4372786390173304	1.9821994947319497	0.26624267705310467	0	0.788046298907007	0.4230757665073608	0.0035132258104576537	4607242637993582e-21	-33015728152418406e-22	1.054192745347275
1.4529866022852795	1.9861369139098526	0.23507479491567496	0	0.8016596909543287	0.42093612725611895	0.0034291930842024225	5486290780738104e-21	-3633033550685921e-21	1.0562257645912307
1.4686945655532284	1.989584283523453	0.20384891159009993	0	0.8160385106995679	0.41863779385576416	0.0033415821762336055	6399098934373063e-21	-39879153921916085e-22	1.0584640760599093
1.4844025288211773	1.9925407529858825	0.17257273159584677	0	0.8312579804293277	0.41616442069854576	0.0032502764391118956	7348967566702032e-21	-4369053982024259e-21	1.060936949495584
1.5001104920891264	1.9950055928325403	0.14125397186233313	0	0.8474048855036501	0.41349740009441427	0.003155135589248482	8339744695822106e-21	-477976164864345e-20	1.063679488302172
1.5158184553570753	1.9969781949010759	0.10990035982489144	0	0.864580026897419	0.4106154495461358	0.0030559901082806507	9375970431952272e-21	-5223941326129668e-21	1.0667342256088912
1.5315264186250244	1.9984580724814458	0.07851963151813689	0	0.8829013510815139	0.40749409904092837	0.002952634008579771	10463077522512057e-21	-5706240179631915e-21	1.0701533158214267
1.5472343818929732	1.9994448604360011	0.04711952966722016	0	0.9025079947743414	0.4041050457344235	0.002844815362796491	11607675440751367e-21	-6232261814288837e-21	1.074001608229902
1.5629423451609221	1.9999383152895793	0.0157078017774227	0	0.9235655865936278	0.4004153291834447	0.002732223727436255	13929276384540076e-21	-7401752273157804e-21	1.1545416000278972
1.5786503084288712	1.9999383152895793	-0.0157078017774229	0	0.9485854523045102	0.39541440549221574	0.0026012605367607662	0.00016524840895376948	-0.00010094455571948856	14.679192564963301
1.59435827169682	1.9994448604360011	-0.04711952966722036	0	1.312414765408801	0.27834151971185395	0.00027077049690547265	0.0003230529291094937	0.00023447600454562718	1.108345238206244
1.6100662349647692	1.9984580724814458	-0.07851963151813754	0	1.7037872059601347	0.1564058974624878	-0.00308573766548666	0.00028509803717835427	0.00029936282236786273	0.7419002144997859
1.625774198232718	1.9969781949010759	-0.10990035982489163	0	1.997311257735846	0.07728340508647147	-0.006051224221670351	0.00018555437959681898	0.00030059942377931484	0.87917467523352
1.641482161500667	1.99500559283254	-0.14125397186233332	0	2.254429860023889	0.03201079113924754	-0.0077581214828198845	9960236482998214e-20	0.00023035919170963013	0.7161834246298517
1.657190124768616	1.9925407529858825	-0.172572731595847	0	2.4381832011098066	0.007761353922456582	-0.008561158338426427	5398524675543436e-20	0.00015569172735504925	0.7213310531904443
1.672898088036565	1.989584283523453	-0.20384891159010013	0	2.570998531235842	-0.007618496478803638	-0.009020548993606407	35947126976212124e-21	0.00011733952364414504	0.8549775529011215
1.688606051304514	1.9861369139098526	-0.2350747949156756	0	2.684775788084131	-0.019539617168372048	-0.009340495287737496	28303576668290312e-21	0.00010019920581848211	0.9529315097754847
1.704314014572463	1.9821994947319495	-0.26624267705310484	0	2.793277309862848	-0.029621541087083036	-0.009569032319103322	2374273375509133e-20	8932506705384913e-20	0.9950051425942339
1.7200219778404118	1.9777729974890093	-0.29734486779384595	0	2.9012622967078037	-0.03832935061012055	-0.009717610002637992	2022185753718007e-20	7967553833984736e-20	1.0141653578461391
1.7357299411083609	1.9728585143529909	-0.3283736931377261	0	3.010791874411971	-0.045851768601693266	-0.009700659339999924	1720786838579635e-20	7003711066223629e-20	1.015559603125475
1.7514379043763098	1.9674572578990717	-0.3593214971863851	0	3.1220250793551534	-0.052287279932177855	-0.009693054575541267	14647397900798572e-21	6078416197578332e-20	1.0159658960475317
1.7671458676442588	1.9615705608064609	-0.39018064403225683	0	3.2350537686718317	-0.057821146558672765	-0.009690992183258813	12591286165199986e-21	526552828039855e-19	1.0185055058036778
1.7828538309122077	1.9551998755295814	-0.42094351964261145	0	3.3501902052001675	-0.06262618732704339	-0.009695962875686628	11000256165200805e-21	4591433841428027e-20	1.0162117702460045
1.7985617941801568	1.9483467739396987	-0.45160253373820775	0	3.4672116542653	-0.06688126728682753	-0.009763415111477838	9812162802673005e-21	4059561069728583e-20	1.0159550952127225
1.8142697574481057	1.941012946937085	-0.4821501216660775	0	3.5861178974006767	-0.07072527425629604	-0.009826286803626277	8902405904107277e-21	36301633562793784e-21	1.0130940212559116
1.8299777207160546	1.9332002040338145	-0.5125787462659933	0	3.7065924001899937	-0.07424086928624096	-0.009880750252845901	8169223711102334e-21	32647987413144014e-21	1.010434135502304
1.8456856839840037	1.9249104729072946	-0.5428808997301487	0	3.828332707743922	-0.07748642614291279	-0.009925058891998977	7560599890337522e-21	2944621045274595e-20	1.0087214663777302
1.8613936472519526	1.9161457989246382	-0.5730491054555967	0	3.9511415147261877	-0.08050354086092859	-0.009958202243913522	7040735257194359e-21	26560580598667345e-21	1.0078522275420316
1.8771016105199017	1.9069083446380024	-0.6030759198889918	0	4.074919845959857	-0.08332182044020964	-0.009979385918543082	6584861781587382e-21	2389418186561021e-20	1.0075521660211928
1.8928095737878505	1.8972003892510092	-0.6329539343631724	0	4.199637080892884	-0.0859626592066206	-0.009987923963989346	6176403049915889e-21	21382085968233684e-21	1.0075608733794945
1.9085175370557994	1.8870243280563872	-0.662675776925142	0	4.325300673642945	-0.08844203492587388	-0.009983275517998538	5804530844300975e-21	18983349168777697e-21	1.007690191639811
1.9242255003237485	1.876382671844968	-0.6922341141549863	0	4.451933575903702	-0.09077243490524878	-0.009965098764173027	54622196851336755e-22	16673478454617665e-21	1.0078283034782245
1.9399334635916974	1.8652780462861882	-0.7216216529752837	0	4.5795604526757385	-0.09296410299407332	-0.009933277892523138	5144845468067221e-21	1443846820378613e-20	1.0079208051123547
1.9556414268596465	1.8537131912802414	-0.7508311424505665	0	4.708200717469911	-0.09502581367174645	-0.009887919861388077	48492623420272764e-22	12270654260137959e-21	1.0079483419037067
1.9713493901275954	1.8416909602820524	-0.7798553755763767	0	4.837865825748456	-0.09696534485084185	-0.009829331483746038	4573233130191626e-21	10166083326767702e-21	1.0079096693794936
1.9870573533955442	1.829214319597227	-0.80868719105749	0	4.968558827996924	-0.09878976891695823	-0.009757987565199385	4315088568638639e-21	81229232673776e-19	1.0078116370439465
2.0027653166634933	1.8162863476501625	-0.8373194750748565	0	5.100274979947171	-0.10050563523486611	-0.009674496943355182	4073521225584091e-21	6140501278243642e-21	1.0076643673040098
2.018473279931442	1.8029102342244914	-0.8657451630408279	0	5.233002824556569	-0.10211908533578073	-0.00957956972106868	3847454827541385e-21	4218693352015126e-21	1.0074793797266302
2.034181243199391	1.7890892796760502	-0.8939572413422422	0	5.3667255174138635	-0.1036359233206805	-0.009473986899038243	36359563885047154e-22	23575107075134327e-22	1.0072689876231462
2.0498892064673404	1.774826894118566	-0.9219487490709253	0	5.5014223231555555	-0.10506165450818838	-0.009358572750488611	34381749674311536e-22	5568095119808541e-22	1.0070460265356889
2.0655971697352893	1.7601265965822637	-0.9497127797411896	0	5.637070249509581	-0.10640150104544421	-0.009234170090597953	32532994356380983e-22	-11839069076694156e-22	1.0068235169399067
2.081305133003238	1.7449920141455941	-0.9772424829939101	0	5.773645773306637	-0.10766040134807475	-0.009101618642768405	3080531374027141e-21	-2865606356555973e-21	1.006614174078828
2.097013096271187	1.7294268810403102	-1.004531066286745	0	5.91112658854942	-0.10884299928993346	-0.00896173675655143	2919070498917092e-21	-4489775095364617e-21	1.0064298132253724
2.112721059539136	1.7134350377300993	-1.0315717965700948	0	6.049493288685786	-0.1099536283078475	-0.008815306704941092	27681102984767225e-22	-6058403622350421e-21	1.0062807304929713
2.1284290228070852	1.697020429963007	-1.0583580019483818	0	6.188730888642003	-0.11099629478813533	-0.008663063685044445	26268415977617723e-22	-7573922243205672e-21	1.0061751263263277
2.144136986075034	1.6801871077978836	-1.0848830733262378	0	6.32883009572997	-0.11197466424744418	-0.008505688500518367	2494461843340776e-21	-9039098946087158e-21	1.0061186175208883
2.159844949342983	1.6629392246050902	-1.1111404660392046	0	6.469788249456183	-0.11289205295849514	-0.008343803750812341	2370188055723904e-21	-10456912309365063e-21	1.006113868874223
2.175552912610932	1.6452810360417196	-1.137123701468528	0	6.611609866273375	-0.11375142684168793	-0.008177973213447978	22532716073905937e-22	-11830411665754532e-21	1.006160368304742
2.1912608758788807	1.627216899001574	-1.1628263686396612	0	6.754306745051727	-0.11455540866508329	-0.008008703992197256	2143013214126202e-21	-13162575806942266e-21	1.0062543648970215
2.20696883914683	1.6087512705401685	-1.1882421258040776	0	6.897897611577488	-0.11530629387575675	-0.007836450920160517	20387767667851496e-22	-14456180274746062e-21	1.0063889832488362
2.222676802414779	1.5898887067750198	-1.2133647020039997	0	7.042407304726206	-0.11600607473274105	-0.007661622653511629	19400008836646697e-22	-15713681771335442e-21	1.006554517321922
2.238384765682728	1.5706338617614897	-1.2381878986196682	0	7.187865531781841	-0.11665647183978756	-0.007484588869307614	18462073374854867e-22	-16937126420862843e-21	1.006738892873113
2.2540927289506767	1.550991486344469	-1.2627055908987554	0	7.334305244016701	-0.11725897170457344	-0.007305687988986587	17570058061109325e-22	-18128086549767468e-21	1.0069282714971624
2.2698006922186256	1.5309664269861762	-1.2869117294675578	0	7.481760704299941	-0.11781486860062629	-0.007125234886787336	16720947033461703e-22	-19287628406571503e-21	1.007107754356626
2.285508655486575	1.5105636245703669	-1.3108003418235883	0	7.630265334496741	-0.11832530879539704	-0.006943528106530262	15912581480173652e-22	-20416310955109293e-21	1.0072621326936742
2.3012166187545238	1.4897881131832438	-1.3343655338091995	0	7.7798494404910095	-0.1187913351399712	-0.006760856196346819	15143594048338004e-22	-21514213717935738e-21	1.0073766272658724
2.3169245820224726	1.4686450188713709	-1.3576014910658838	0	7.930537916118736	-0.11921393008903569	-0.006577502872653553	1441331359449462e-21	-225809897839305e-19	1.007437560594667
2.3326325452904215	1.4471395583768987	-1.3805024804688744	0	8.082348024054742	-0.11959405541941182	-0.006393750834413648	1372164757917127e-21	-23615938657552086e-21	1.0074329138962832
2.3483405085583704	1.425277037850411	-1.4030628515417114	0	8.235287342242849	-0.11993268721849937	-0.0062098841585838	13068950386866444e-22	-24618092705057498e-21	1.0073527335501977
2.3640484718263197	1.403062851541711	-1.4252770378504112	0	8.389351949796577	-0.12023084509037008	-0.00602618930994908	12455886105090469e-22	-25586310589888354e-21	1.0071893682807183
2.3797564350942686	1.380502480468874	-1.4471395583768991	0	8.544524907863996	-0.12048961494241162	-0.0058429548865212115	11883293846620833e-22	-265193712844292e-19	1.0069375358221857
2.3954643983622175	1.3576014910658833	-1.468645018871371	0	8.700775070519404	-0.12071016513257038	-0.00566047028997998	11352062637296269e-22	-27416062944192213e-21	1.006594234129533
2.4111723616301663	1.3343655338091993	-1.489788113183244	0	8.858056240203513	-0.12089375614160325	-0.005479023555999672	10863021376962724e-22	-28275262019875834e-21	1.0061585247086988
2.4268803248981152	1.3108003418235878	-1.510563624570367	0	9.016306663298806	-0.12104174425843395	-0.005298898600947244	10416847622619885e-22	-29095999304883507e-21	1.0056312228246747
2.4425882881660645	1.2869117294675574	-1.5309664269861767	0	9.175448845398707	-0.12115558001217508	-0.005120372141061534	1001399715415685e-21	-29877511003190895e-21	1.0050145312089178
2.4582962514340134	1.262705590898755	-1.5509914863444692	0	9.335389653507299	-0.12123680224474309	-0.004943710521442849	965465463961668e-21	-3061927421129858e-20	1.0043116515765347
2.4740042147019623	1.2381878986196677	-1.57063386176149	0	9.49602066413199	-0.12128702879538822	-0.00476916665972889	9338704337273536e-22	-31321027335220534e-21	1.0035264031561923
2.489712177969911	1.2133647020039993	-1.58988870677502	0	9.657218711962434	-0.12130794477139561	-0.0045969772682976605	9065718724337584e-22	-319827768445612e-19	1.0026628706605174
2.50542014123786	1.1882421258040772	-1.608751270540169	0	9.818846593196033	-0.12130128932104811	-0.004427360474120241	883496225445154e-21	-3260479236929154e-20	1.0017250966263584
2.5211281045058094	1.1628263686396607	-1.6272168990015743	0	9.980753879939462	-0.12126884172201868	-0.0042605139112699645	8645407105789092e-22	-3318759247337001e-20	1.0007168258999872
2.5368360677737583	1.1371237014685276	-1.6452810360417198	0	10.142777806715287	-0.12121240746747208	-0.004096613320897204	849575773917913e-21	-33731923526043345e-21	0.9996413041519668
2.552544031041707	1.1111404660392044	-1.6629392246050907	0	10.3047441961708	-0.12113380488841086	-0.0039358116593750485	8384481270540854e-22	-3423873398869884e-20	0.9985011279110051
2.568251994309656	1.0848830733262376	-1.6801871077978838	0	10.46646839793496	-0.1210348527061742	-0.0037782386884084077	8309841008799367e-22	-3470914619371678e-20	0.9972981401563905
2.583959957577605	1.0583580019483814	-1.6970204299630072	0	10.627756221542407	-0.12091735877378718	-0.0036240010014889448	826993096950621e-21	-3514442735270986e-20	0.9960333623996509
2.599667920845554	1.0315717965700943	-1.7134350377300995	0	10.78840485076584	-0.12078311014803733	-0.0034731824289160125	8262709696427184e-22	-3554596113614176e-20	0.9947069517958661
2.615375884113503	1.0045310662867446	-1.7294268810403104	0	10.948203731991411	-0.12063386454248037	-0.0033258447579215815	8286032240103607e-22	-3591522076890587e-20	0.9933181716042
2.631083847381452	0.9772424829939097	-1.7449920141455944	0	11.10693543323522	-0.12047134314608832	-0.0031820287039057166	8337679573106784e-22	-3625374424892393e-20	0.9918653659287987
2.646791810649401	0.9497127797411892	-1.760126596582264	0	11.264376473341132	-0.12029722474693816	-0.003041755071715987	8415385022213381e-22	-365631120528784e-19	0.9903459333847295
2.6624997739173497	0.9219487490709248	-1.7748268941185663	0	11.420298123351738	-0.12011314106658322	-0.00290502605077301	8516857497416702e-22	-36844927525039516e-21	0.9887562957801134
2.678207737185299	0.8939572413422416	-1.7890892796760505	0	11.574467184201373	-0.11992067318452715	-0.002771826593806897	8639801471420855e-22	-3710079999933248e-20	0.9870918555396532
2.693915700453248	0.8657451630408275	-1.8029102342244916	0	11.726646746372065	-0.11972134891699893	-0.002642125835789128	8781933852455627e-22	-3733233055234137e-20	0.9853469318971588
2.709623663721197	0.8373194750748559	-1.8162863476501627	0	11.876596937487799	-0.11951664101517012	-0.0025158785171237054	8940998056372644e-22	-3754110015572115e-20	0.9835146655930384
2.7253316269891457	0.80868719105749	-1.8292143195972272	0	12.024075663155639	-0.11930796606256378	-0.002393026382640398	911477564358089e-21	-377286599453183e-19	0.9815868860982905
2.7410395902570945	0.7798553755763766	-1.8416909602820524	0	12.168839345627259	-0.11909668396806761	-0.0022734995344947315	9301095840721658e-22	-378965233510236e-19	0.979553937953347
2.756747553525044	0.7508311424505656	-1.8537131912802418	0	12.310643664718214	-0.11888409796166488	-0.0021572177223807575	9497843221107023e-22	-38046159860541926e-21	0.9774044568726791
2.7724555167929927	0.7216216529752832	-1.8652780462861884	0	12.449244305320164	-0.11867145501185283	-0.0020440915590407773	970296385364435e-21	-38178990163418054e-21	0.975125075830901
2.7881634800609416	0.6922341141549857	-1.8763826718449683	0	12.584397714779522	-0.11845994660972603	-0.0019340236534613902	991447028649858e-21	-3829638238196046e-20	0.9727000375007872
2.8038714433288905	0.6626757769251419	-1.8870243280563872	0	12.715861871697035	-0.1182507099043274	-0.0018269096580706189	10130445707421086e-22	-3839964911471963e-20	0.9701106906810039
2.8195794065968394	0.6329539343631724	-1.8972003892510092	0	12.843397066582638	-0.11804482921735526	-0.0017226392291333637	10349047550532265e-22	-3849004507135843e-20	0.9673348404395399
2.8352873698647887	0.6030759198889908	-1.9069083446380026	0	12.966766694472541	-0.11784333801755498	-0.0016210969016083438	1056851078923933e-21	-3856876510140695e-20	0.9643459061305679
2.8509953331327376	0.5730491054555962	-1.9161457989246384	0	13.085738059746083	-0.11764722151235996	-0.0015221628814299497	10787151182415305e-22	-3863694240255451e-20	0.9611118219825396
2.8667032964006864	0.5428808997301483	-1.9249104729072946	0	13.200083193949132	-0.11745742013922478	-0.0014257137597670786	11003368888933579e-22	-38695646592985644e-21	0.957593568339172
2.8824112596686353	0.5125787462659932	-1.9332002040338145	0	13.309579686392205	-0.11727483447586762	-0.0013316231562217758	11215653139278946e-22	-3874588114398922e-20	0.9537431714419432
2.898119222936584	0.48215012166607746	-1.941012946937085	0	13.414011524675344	-0.11710033252015395	-0.0012397623011907292	11422588813739348e-22	-38788579560788394e-21	0.94950100635814
2.9138271862045335	0.4516025337382068	-1.948346773939699	0	13.51316994595771	-0.11693476099221023	-0.0011500005699672656	11622866022994278e-22	-3882459953135677e-20	0.9447921547775492
2.9295351494724824	0.42094351964261095	-1.9551998755295814	0	13.60685431041493	-0.11677896358564421	-0.0010622059846556692	11815294953108551e-22	-3885471345137003e-20	0.9395212995972776
2.9452431127404313	0.39018064403225633	-1.9615705608064609	0	13.694873013587138	-0.11663381173110476	-0.0009762457104878957	11998830800097322e-22	-388795919491672e-19	0.9335652760486142
2.96095107600838	0.35932149718638506	-1.9674572578990719	0	13.777044448794864	-0.11650025898196936	-0.0008919865948893022	1217261810175237e-21	-3889977391647582e-20	0.9267618642753415
2.976659039276329	0.328373693137726	-1.9728585143529909	0	13.853198016550786	-0.11637944204933925	-0.0008092958373657324	1233607327009036e-21	-38915609938849044e-21	0.9188917874392707
2.9923670025442783	0.29734486779384545	-1.9777729974890093	0	13.92317510716959	-0.11627287889424143	-0.0007280419623163941	12489046787707846e-22	-38927150225809875e-21	0.9096459462623955
3.008074965812227	0.26624267705310434	-1.9821994947319497	0	13.98682967620298	-0.11618288189392767	-0.0006480964600063796	12632159740581424e-22	-3893391101166689e-20	0.8985563526382414
3.023782929080176	0.2350747949156751	-1.9861369139098526	0	14.044027076282772	-0.11611348242409503	-0.0005693369017788451	12767538352540224e-22	-3893436319408731e-20	0.8848287487976181
3.039490892348125	0.20384891159010005	-1.989584283523453	0	14.094637148809039	-0.11607267273774446	-0.0004916533771058495	12900513968512245e-22	-38924745652816166e-21	0.8668764407936985
3.0551988556160743	0.17257273159584602	-1.9925407529858825	0	14.13850996673161	-0.11607838805634296	-0.0004149627918091322	13043734768602658e-22	-38896183005266284e-21	0.841226669606165
3.070906818884023	0.1412539718623328	-1.9950055928325403	0	14.175417054597132	-0.1161763371903064	-0.00033924201985408795	13227091626714354e-22	-38827657819349624e-21	0.8047598328470232
3.086614782151972	0.10990035982489112	-1.9969781949010759	0	14.205118749464745	-0.11650039263708378	-0.000264603414950761	13519013247032352e-22	-3867039148683918e-20	0.8508250652161601
3.102322745419921	0.07851963151813701	-1.9984580724814458	0	14.230392869389467	-0.11751254993630111	-0.00019143833318729638	1404027490751165e-21	-38331882272732746e-21	2.971072732907675
3.11803070868787	0.047119529667220286	-1.9994448604360011	0	14.30549842767266	-0.12120864771412898	-0.00012038829762204305	1445631595321985e-21	-3797849804345292e-20	21.082224698201546
3.133738671955819	0.015707801777421936	-1.9999383152895793	0	15.888395766458082	-0.14092118052583835	-47256016624485794e-21	8472916458309181e-22	-30230217066924924e-21	0
