#x 	#ue 	#uex 	#uet 	#del 	#E 	#cf 	#Jsep1 	#Jsep2 	#Csep 
0.015707963267948967	0.03141463462364135	1.9997532649633212	0	0.49777519597802483	0.4705457109997533	0.00010670073818077918	-0.0003536296368089208	9033684357182876e-20	0
0.0471238898038469	0.09421290141928533	1.99777974992394	0	0.4633995099703331	0.46165668700652707	0.00033174474581677127	-0.00046655796315853094	0.00011776172185945245	0
0.07853981633974483	0.1569181914556899	1.993834667466256	0	0.4611748676884115	0.46082934324471525	0.0005533867109593441	-0.00046772104197373015	0.00011868633403237311	-0.011164983048314174
0.10995574287564278	0.21946862218209057	1.9879219109103594	0	0.4611996626296165	0.4606303778398235	0.0007733234421847472	-0.0004667437051634803	0.0001185721733178405	22.974301936056296
0.1413716694115407	0.28180246387516533	1.980047315433115	0	0.46177025361888024	0.46053319953277927	0.0009913542504841695	-0.0004648682719599743	0.0001180866582662188	1.4887565845140864
0.17278759594743864	0.3438582005588191	1.9702186523095477	0	0.46261974490989854	0.46045327669885827	0.0012070558564159885	-0.0004623729920628382	0.00011739036618465606	1.255599529679832
0.20420352248333656	0.405574590713025	1.9584456212435315	0	0.46368637415108077	0.46037023248749986	0.001419957290790164	-0.0004593300467243377	0.0001165246001269138	1.187796277244479
0.2356194490192345	0.46689072771181084	1.9447398407953531	0	0.46495331692998526	0.46027760772708515	0.001629577387779293	-0.0004557634822146968	0.00011550243402998492	1.1550242491968987
0.26703537555513246	0.5277460999307458	1.9291148369155962	0	0.4664166693207857	0.46017278871656986	0.0018354360180719027	-0.0004516834197441049	0.00011432864004008505	1.1347197240342364
0.2984513020910304	0.588080650464608	1.9115860295966602	0	0.46807716595558296	0.46005439342581145	0.0020370584996756876	-0.0004470952998684356	0.00011300508633273135	1.1204248587847827
0.3298672286269283	0.6478348363962988	1.8921707176550906	0	0.469937628940158	0.4599214573798973	0.002233977868654931	-0.00044200283157182495	0.00011153245937718377	1.1096446436177352
0.3612831551628262	0.7069496875585143	1.8708880616597345	0	0.4720020826895721	0.4597731411042325	0.00242573637135458	-0.0004364090498903469	0.00010991088025226566	1.1011839095868774
0.3926990816987242	0.7653668647301797	1.8477590650225735	0	0.47427542672407247	0.4596086106269519	0.0026118866307469164	-0.0004303167224372313	0.00010814013963977544	1.0943751903604104
0.4241150082346221	0.8230287172102176	1.8228065532708906	0	0.47676331872221334	0.4594269814911194	0.0027919926530702247	-0.0004237285051347896	0.00010621978538994128	1.088803998840049
0.45553093477052004	0.8798783397118303	1.7960551515212313	0	0.4794721461277556	0.4592272877165591	0.0029656307400598735	-0.0004166469908112132	0.00010414914649659007	1.0841935473026154
0.48694686130641796	0.9358596285211468	1.767531260177387	0	0.4824090399748514	0.45900846078009394	0.0031323903331552964	-0.0004090747066513977	0.00010192732601268658	1.0803494219741694
0.5183627878423159	0.9909173368648152	1.7372630288763824	0	0.4855819122359103	0.4587693122998573	0.003291874799807098	-0.00040101408365384247	9955317617958302e-20	1.0771300375705153
0.5497787143782138	1.0449971294318976	1.7052803287081846	0	0.48899950901159533	0.4585085174882053	0.0034437021646791	-0.0003924674079229897	9702526118595538e-20	1.0744294944787418
0.5811946409141118	1.0980456359962636	1.6716147227365405	0	0.4926714766400831	0.45822459783377134	0.0035875057849428654	-0.00038343675779536836	9434180948067108e-20	1.072166979533197
0.6126105674500097	1.1500105040865571	1.6362994348500468	0	0.4966084400560778	0.4579159020619228	0.003722934966885996	-0.0003739239280246526	9150065584010445e-20	1.0702798861627543
0.6440264939859076	1.200840450651768	1.5993693169741812	0	0.5008220939396556	0.4575805846582144	0.003849655519782488	-0.0003639303407809473	8849917240222614e-20	1.0687191787134978
0.6754424205218056	1.2504853126714104	1.5608608146766594	0	0.5053253079694907	0.4572165813062232	0.003967350241976913	-0.00035345694231364057	8533418718707902e-20	1.0674461776632056
0.7068583470577036	1.2988960966603675	1.5208119312000619	0	0.5101322481078193	0.456821580567196	0.004075719333189665	-0.00034250408345134445	8200188802035208e-20	1.0664302808836468
0.7382742735936014	1.3460250270195466	1.4792621899572194	0	0.5152585164320252	0.45639299104638975	0.004174480726028754	-0.00033107138150347286	7849770915477046e-20	1.0656473228043792
0.7696902001294994	1.3918255931846288	1.4362525955263776	0	0.5207213126700031	0.45592790316137943	0.004263370328494566	-0.00031915756049618986	748161971727641e-19	1.065078381783695
0.8011061266653973	1.4362525955263776	1.3918255931846286	0	0.5265396213528916	0.45542304445157544	0.004342142167795741	-0.00030676026596053305	7095085189396369e-20	1.064708911860611
0.8325220532012952	1.4792621899572194	1.3460250270195466	0	0.5327344294257207	0.4548747271398481	0.0044105684239605205	-0.00029387584964271976	6689393694210096e-20	1.0645281167118315
0.8639379797371932	1.520811931200062	1.298896096660367	0	0.5393289803180319	0.4542787863652893	0.00446843933939793	-0.00028049911847763013	6263625327653526e-20	1.064528510978291
0.8953539062730911	1.5608608146766594	1.2504853126714104	0	0.5463490719529149	0.453630507134134	0.004515562987587517	-0.0002666230408976824	5816686727174753e-20	1.0647056328775242
0.9267698328089891	1.5993693169741812	1.200840450651768	0	0.5538234080702518	0.4529245375606592	0.004551764880234731	-0.0002522384019715657	5347278271521967e-20	1.0650578854893353
0.958185759344887	1.636299434850047	1.150010504086557	0	0.5617840147018639	0.4521547853600749	0.004576887387240142	-0.00023733339689150368	48538543230373934e-21	1.0655864944512934
0.9896016858807849	1.6716147227365405	1.0980456359962634	0	0.5702667368605343	0.451314293768297	0.004590788937297403	-0.0002218931498372723	4334574790177777e-20	1.0662955784290593
1.0210176124166828	1.7052803287081844	1.0449971294318978	0	0.5793118347674676	0.45039509204081285	0.004593342958311864	-0.0002058991420888034	3787245799349562e-20	1.0671923366882565
1.0524335389525807	1.7372630288763826	0.9909173368648151	0	0.5889647046330223	0.44938801434463005	0.004584436505343259	-0.00018932852923206735	3209246620748828e-20	1.0682873662557428
1.0838494654884787	1.767531260177387	0.9358596285211467	0	0.5992767566794411	0.4482824790929214	0.0045639685083287826	-0.00017215332213310307	25974391377913963e-21	1.0695951303625062
1.1152653920243767	1.7960551515212313	0.8798783397118302	0	0.6103064935546461	0.44706621842713434	0.00453184755084632	-0.00015433939966915031	19480550075211824e-21	1.071134611041669
1.1466813185602747	1.8228065532708906	0.8230287172102173	0	0.6221208467071467	0.44572494440899635	0.004487989062317694	-0.00013584531248894195	12565541234859459e-21	1.0729301930424555
1.1780972450961724	1.8477590650225735	0.7653668647301797	0	0.6347968484127849	0.4442419342367292	0.004432311765896246	-0.0001166208255996703	5174459130194489e-21	1.0750128451037286
1.2095131716320704	1.8708880616597345	0.7069496875585143	0	0.6484237455759237	0.44259751100429745	0.004364733167664024	-9660513230079105e-20	-27593783470290157e-22	1.0774216900554634
1.2409290981679684	1.8921707176550906	0.6478348363962988	0	0.6631057021484404	0.4407683885405771	0.004285163791810346	-7572465135972238e-20	-11317338085871878e-21	1.0802060898619859
1.2723450247038663	1.9115860295966602	0.5880806504646078	0	0.678965296170757	0.43872683776385	0.00419349974895782	-53890290989077487e-21	-20599222746693165e-21	1.0834284190184658
1.3037609512397643	1.9291148369155962	0.5277460999307455	0	0.696148104704242	0.43643961639052686	0.004089613051526985	-3099402340674123e-20	-3072814553833115e-20	1.0871677639847097
1.3351768777756623	1.9447398407953533	0.4668907277118105	0	0.7148288007307851	0.4338665817010592	0.003973338830242886	-6904556389144401e-21	-4185691608318733e-20	1.0915248722287916
1.36659280431156	1.9584456212435315	0.405574590713025	0	0.7352193855295026	0.4309588743302153	0.003844458209679142	18538197268328376e-21	-54176475899863026e-21	1.0966287850076264
1.398008730847458	1.970218652309548	0.34385820055881905	0	0.7575804895920957	0.42765651511156677	0.0037026749859374883	4553028387375813e-20	-6792714063804261e-20	1.1026457192051282
1.429424657383356	1.980047315433115	0.28180246387516517	0	0.782237164644033	0.42388518995166424	0.003547583279244543	7431315215619069e-20	-8341372832108155e-20	1.109790889937173
1.460840583919254	1.9879219109103594	0.2194686221820903	0	0.809601378362872	0.4195518992405296	0.003378621778264875	0.00010518638439422594	-0.00010102614108349518	1.118344006268301
1.492256510455152	1.993834667466256	0.15691819145568955	0	0.8402047198147643	0.4145390034787093	0.0031950076630255586	0.000138525371916151	-0.00012126774162430929	1.1286689167847828
1.5236724369910497	1.99777974992394	0.09421290141928536	0	0.8747469935484458	0.40869598514758776	0.0029956391367485864	0.00017480681967627947	-0.00014479518545423522	1.1412368540904057
1.5550883635269477	1.9997532649633212	0.031414634623641295	0	0.9141700741526502	0.4018279436554004	0.0027789486286872926	0.00021464748028219278	-0.0001724759051998453	1.1566500396369348
1.5865042900628457	1.9997532649633212	-0.031414634623641496	0	0.9597727735573066	0.3936794235073722	0.002542677376258407	0.00025886723165502673	-0.0002054751965666886	1.175657067144562
1.6179202165987436	1.99777974992394	-0.09421290141928555	0	1.0133936411924316	0.3839116395859272	0.002283523350885946	0.0003297583767199585	-0.00026369098782127396	1.2885573170495368
1.6493361431346416	1.993834667466256	-0.1569181914556902	0	1.088687229795005	0.3682823889129856	0.0019665300112139852	0.0012823887262738416	-0.0011855581444949624	5.646715785749973
1.6807520696705394	1.9879219109103594	-0.21946862218209048	0	1.49868848621502	0.2686605397723312	0.00014072584578007973	0.0021479019943350963	0.0022634467946034444	1.0003354401683746
1.7121679962064373	1.980047315433115	-0.2818024638751654	0	1.8841801365977071	0.17745892630272375	-0.0019049772425578958	0.0020933382375203854	0.002986439974607903	0.9307518379778761
1.7435839227423353	1.9702186523095477	-0.3438582005588192	0	2.247215487484867	0.09739914695406848	-0.00420413360622858	0.001828595669013316	0.0038820321110877385	0.990862273185963
1.7749998492782333	1.9584456212435315	-0.4055745907130252	0	2.6094045672314032	0.03747266676525918	-0.006131977934820154	0.0012638962559705434	0.003965227686704988	0.9491074479515296
1.8064157758141313	1.9447398407953531	-0.4668907277118111	0	2.9470698554051507	-0.00036319627681868916	-0.007205963417114147	0.0007422674424462708	0.0031044177245590668	0.836765010320689
1.8378317023500292	1.9291148369155962	-0.5277460999307462	0	3.227958892124035	-0.022799735803847976	-0.007640013035574564	0.000435139868879008	0.002115989957893056	0.8505924656512156
1.869247628885927	1.9115860295966602	-0.5880806504646079	0	3.4685187491820746	-0.037285931196218036	-0.007758374498787801	0.00028587223036320703	0.0014571769844410603	0.9134593837537737
1.900663555421825	1.8921707176550906	-0.6478348363962989	0	3.6897639353745153	-0.04770944301965885	-0.007643955711689848	0.00020817323909216377	0.0010411792364250427	0.9537841901660282
1.932079481957723	1.8708880616597345	-0.7069496875585144	0	3.90135163879259	-0.05558043101372756	-0.007514752533778371	0.0001604571409541607	0.0007440962502051391	0.970322441168857
1.963495408493621	1.8477590650225735	-0.7653668647301798	0	4.1071506542838225	-0.06175587902354929	-0.0073842470335639026	0.00012925918976113717	0.0005238668443614365	0.9828529531245553
1.994911335029519	1.8228065532708904	-0.8230287172102179	0	4.30974356702637	-0.06679366392857655	-0.007306002163447263	0.0001089214216680612	0.0003628221892157813	0.9912924410295486
2.0263272615654166	1.7960551515212313	-0.8798783397118303	0	4.510913365953135	-0.07109364409685026	-0.0072252752199752504	9535995969785682e-20	0.00024208025683032585	0.9970839505352022
2.057743188101315	1.7675312601773865	-0.9358596285211472	0	4.711680845842422	-0.0748601678227313	-0.007128642697556779	8545881042259238e-20	0.00014344507319421682	0.9994026300631038
2.0891591146372126	1.7372630288763824	-0.9909173368648152	0	4.912451946639932	-0.0782118266632913	-0.007015003960524968	777070079358511e-19	5785275355577261e-20	1.0006471869328337
2.1205750411731104	1.7052803287081846	-1.0449971294318976	0	5.1134475042719565	-0.08122447691316914	-0.0068844173474673824	7136024665876977e-20	-1908461812256037e-20	1.0016388980014748
2.1519909677090086	1.6716147227365403	-1.0980456359962638	0	5.314849040778976	-0.08395012957101977	-0.006737445175998741	659928982488443e-19	-8984429287549011e-20	1.0026522565392253
2.1834068942449063	1.6362994348500468	-1.1500105040865571	0	5.516848898045962	-0.08642570115994486	-0.006574851952951967	6133658047205102e-20	-0.0001559754650658007	1.0037711927122797
2.2148228207808045	1.5993693169741807	-1.2008404506517685	0	5.719664854248222	-0.08867777063390947	-0.0063974664578097615	5721317898951872e-20	-0.00021849142626339407	1.0049419500633645
2.2462387473167023	1.5608608146766594	-1.2504853126714104	0	5.923529289044428	-0.09072568253199698	-0.006206163670779551	5350347347857894e-20	-0.000278042491808041	1.006054568996173
2.2776546738526	1.5208119312000619	-1.298896096660367	0	6.128667304721981	-0.09258372548093763	-0.006001894304006399	50129102363362e-18	-0.00033501472814046157	1.0069730850004914
2.309070600388498	1.4792621899572191	-1.3460250270195468	0	6.335269077854916	-0.09426278816390055	-0.005785729544810494	470417837852622e-19	-0.0003895880889562438	1.0075375128294177
2.340486526924396	1.4362525955263776	-1.3918255931846286	0	6.543456605495542	-0.09577174330366744	-0.005558910273345083	44215055302924325e-21	-0.00044178668444564627	1.0076232637080929
2.371902453460294	1.3918255931846284	-1.436252595526378	0	6.753255853000389	-0.09711847942853857	-0.00532286388565858	41636914691212854e-21	-0.0004915309712593465	1.0071361046750227
2.403318379996192	1.3460250270195466	-1.4792621899572194	0	6.964573974595293	-0.09831066451927517	-0.005079193073588226	39304123746126405e-21	-0.0005386818125759908	1.0060185453004407
2.4347343065320897	1.2988960966603675	-1.5208119312000619	0	7.177183545943357	-0.09935626612744031	-0.0048296379401141145	37217483803115164e-21	-0.0005830801887805784	1.0042515583770404
2.466150233067988	1.2504853126714102	-1.5608608146766596	0	7.390715229410505	-0.10026384138478384	-0.004576016586716491	35378149066873705e-21	-0.0006245800940770797	1.0018458223159725
2.4975661596038856	1.200840450651768	-1.599369316974181	0	7.604658330301114	-0.10104263774777811	-0.004320154608222804	3378503493895718e-20	-0.0006630726286487492	0.9988341214154164
2.528982086139784	1.1500105040865567	-1.6362994348500473	0	7.818368714929515	-0.10170253849249777	-0.0040638126366735255	3243317885166387e-20	-0.000698501569183394	0.9952625805261607
2.5603980126756816	1.0980456359962634	-1.6716147227365405	0	8.03108296339972	-0.10225388953135328	-0.003808620043388124	3131317898917199e-20	-0.0007308685260775899	0.9911701760044691
2.5918139392115798	1.0449971294318972	-1.7052803287081848	0	8.24193482425456	-0.10270728679468955	-0.0035560242365017905	30411865367759493e-21	-0.000760225794421661	0.986560873643105
2.6232298657474775	0.9909173368648148	-1.7372630288763826	0	8.449968428951893	-0.10307343112579914	-0.0033072626432539515	29713240439233595e-21	-0.0007866660696649637	0.9814224038539355
2.6546457922833753	0.9358596285211468	-1.767531260177387	0	8.654152345851617	-0.10336300057532799	-0.0030633483328393893	29198586818363715e-21	-0.0008103198725710783	0.975758738283158
2.6860617188192735	0.8798783397118298	-1.7960551515212315	0	8.853401147555438	-0.10358643181598648	-0.00282505983945191	28846941710350753e-21	-0.0008313493073520745	0.9695327751459952
2.7174776453551712	0.8230287172102174	-1.8228065532708906	0	9.046593245080802	-0.10375377179725054	-0.002592946658442333	28636418737173785e-21	-0.0008499335698413542	0.9626564074269736
2.7488935718910694	0.7653668647301789	-1.8477590650225737	0	9.232583979967039	-0.1038746303737802	-0.0023673465054301376	28544896291283027e-21	-0.0008662606602949207	0.9550308056212188
2.780309498426967	0.706949687558514	-1.8708880616597348	0	9.410223066987019	-0.10395810992528198	-0.0021484028376992487	2855064863379989e-20	-0.0008805198333304566	0.9464759719405648
2.811725424962865	0.6478348363962989	-1.8921707176550906	0	9.578365529149627	-0.1040128684395808	-0.0019360897579764377	28632803482892236e-21	-0.0008928959715412439	0.9367953550551459
2.843141351498763	0.5880806504646074	-1.9115860295966605	0	9.735890917002493	-0.10404715611776472	-0.001730232059383675	28771756244616326e-21	-0.0009035646181328422	0.9256652356712648
2.874557278034661	0.5277460999307456	-1.9291148369155962	0	9.881715971742512	-0.10406907259045572	-0.0015305300813418805	2895003961230231e-20	-0.0009126828037927525	0.9126342569704664
2.905973204570559	0.46689072771181017	-1.9447398407953533	0	10.01480913166654	-0.1040871464195755	-0.0013365840993072565	2915339671802648e-20	-0.000920378078486339	0.8970137800328682
2.937389131106457	0.40557459071302465	-1.9584456212435317	0	10.134202579320613	-0.10411181525231672	-0.0011479227076641302	29373494755100507e-21	-0.0009267216854729559	0.8775906472355777
2.9688050576423546	0.34385820055881916	-1.9702186523095477	0	10.238986988897052	-0.10415968705738254	-0.0009640463343996583	2961409407449429e-20	-0.0009316679599513047	0.8522535952005491
3.000220984178253	0.28180246387516483	-1.9800473154331153	0	10.328294093823018	-0.10426661681115834	-0.0007845024205247487	299072612161219e-19	-0.0009348945139420193	0.8174680924753566
3.0316369107141505	0.21946862218209043	-1.9879219109103594	0	10.40130226545845	-0.10453474912356453	-0.0006090568932153742	30356034832011948e-21	-0.0009353738550269314	0.784462211977821
3.0630528372500487	0.15691819145568925	-1.993834667466256	0	10.458584323028356	-0.10533398661576354	-0.00043808717108137745	31207858395466044e-21	-0.000930539649715756	1.2203516560739551
3.0944687637859465	0.09421290141928503	-1.99777974992394	0	10.5285905218292	-0.10840968881018065	-0.0002730508353357376	3223747824845843e-20	-0.0009209981409972809	0
3.1258846903218442	0.03141463462364142	-1.9997532649633212	0	11.523512525310794	-0.12700381004021388	-0.00010818539782900869	20471558686460692e-21	-0.0007295688163955063	0
