#x 	#ue 	#uex 	#uet 	#del 	#E 	#cf 	#Csep 
0.015707963267948967	0.03141463462364135	1.9997532649633212	0	0.47768398128057576	0.465360578709467	0.00010890469924744338	1.000000000000002
0.0471238898038469	0.09421290141928533	1.99777974992394	0	0.44923422375063327	0.45790546917210206	0.00033714550204908146	-0.23395073494674704
0.07853981633974483	0.1569181914556899	1.993834667466256	0	0.4558899100398163	0.45921261688613635	0.0005562191244326977	0.5196695022728439
0.10995574287564278	0.21946862218209057	1.9879219109103594	0	0.4593486745581753	0.4600452034899749	0.0007746370320123893	0.5174173468167974
0.1413716694115407	0.28180246387516533	1.980047315433115	0	0.4611383021510697	0.4603354857520392	0.0009919335729456859	0.7074140811003141
0.17278759594743864	0.3438582005588191	1.9702186523095477	0	0.4624043159720548	0.460388674516651	0.0012073085125748671	0.950559550195586
0.20420352248333656	0.405574590713025	1.9584456212435315	0	0.4636077438132237	0.46034939282605625	0.001420080774157677	1.0877349941607006
0.2356194490192345	0.46689072771181084	1.9447398407953531	0	0.4649167587988192	0.46027065950730606	0.0016296608074215632	1.1261648663585024
0.26703537555513246	0.5277460999307458	1.9291148369155962	0	0.4663909281593774	0.4601700246396665	0.00183551747686295	1.1268748075308457
0.2984513020910304	0.588080650464608	1.9115860295966602	0	0.4680521340623866	0.4600527385555777	0.0020371544189439197	1.118397819805764
0.3298672286269283	0.6478348363962988	1.8921707176550906	0	0.46991002407608684	0.45991996821600045	0.0022340963174987227	1.1091662772828261
0.3612831551628262	0.7069496875585143	1.8708880616597345	0	0.4719707336099672	0.4597715403337741	0.002425882565329517	1.1010920545311884
0.3926990816987242	0.7653668647301797	1.8477590650225735	0	0.4742397648795703	0.45960682129142705	0.0026120650461274523	1.0943638184381967
0.4241150082346221	0.8230287172102176	1.8228065532708906	0	0.4767229108761343	0.45942498409908783	0.002792207806920101	1.0887975935742924
0.45553093477052004	0.8798783397118303	1.7960551515212313	0	0.4794265545061978	0.4592250791329313	0.002965887480874424	1.084176279055767
0.48694686130641796	0.9358596285211468	1.767531260177387	0	0.4823577810716921	0.4590060440412833	0.003132693964454413	1.0803196534079371
0.5183627878423159	0.9909173368648152	1.7372630288763824	0	0.4855244430921143	0.45876669535515413	0.0032922311530335807	1.0770887959583357
0.5497787143782138	1.0449971294318976	1.7052803287081846	0	0.48893521974938475	0.4585057143789433	0.003444117661565503	1.0743778596967584
0.5811946409141118	1.0980456359962636	1.6716147227365405	0	0.4925996833112848	0.4582216305798026	0.0035879875028013144	1.0721056601639187
0.6126105674500097	1.1500105040865571	1.6362994348500468	0	0.4965283762786179	0.45791280291127245	0.0037234907115087264	1.0702092524374454
0.6440264939859076	1.200840450651768	1.5993693169741812	0	0.5007329009320514	0.45757739873044034	0.003850293908117748	1.06863934579672
0.6754424205218056	1.2504853126714104	1.5608608146766594	0	0.5052260227947235	0.45721336975366245	0.003968080796311534	1.0673570642714727
0.7068583470577036	1.2988960966603675	1.5208119312000619	0	0.5100217898969152	0.4568184244069693	0.004076552588819678	1.0663316409473447
0.7382742735936014	1.3460250270195466	1.4792621899572194	0	0.515135670260843	0.4563899958395181	0.004175428354891532	1.0655387583162867
0.7696902001294994	1.3918255931846288	1.4362525955263776	0	0.5205847106497932	0.45592520474871745	0.004264445281861129	1.0649593430552111
0.8011061266653973	1.4362525955263776	1.3918255931846286	0	0.5263877203657106	0.4554208160036952	0.004343358841879707	1.0645786884856132
0.8325220532012952	1.4792621899572194	1.3460250270195466	0	0.5325654847792634	0.4548731878419887	0.004411942853225513	1.0643858204442669
0.8639379797371932	1.520811931200062	1.298896096660367	0	0.5391410143966874	0.45427821214273334	0.0044699894234952065	1.0643730503883349
0.8953539062730911	1.5608608146766594	1.2504853126714104	0	0.5461398366853624	0.4536312439332386	0.0045173087592982495	1.0645356787030515
0.9267698328089891	1.5993693169741812	1.200840450651768	0	0.5535903396958242	0.45292701784397305	0.004553728823614758	1.0648718247707263
0.958185759344887	1.636299434850047	1.150010504086557	0	0.5615241788671035	0.45215954866120156	0.0045790948174863535	1.065382370691276
0.9896016858807849	1.6716147227365405	1.0980456359962634	0	0.5699767614704041	0.4513220123979582	0.004593268456821009	1.0660710140133007
1.0210176124166828	1.7052803287081844	1.0449971294318978	0	0.5789878271910601	0.45040660335986615	0.004596127007311743	1.0669444325597486
1.0524335389525807	1.7372630288763826	0.9909173368648151	0	0.5886021487332145	0.44940436144967655	0.0045875620300819195	1.0680125722476745
1.0838494654884787	1.767531260177387	0.9358596285211467	0	0.5988703835724858	0.4483049623328237	0.004567477776661308	1.069289077611102
1.1152653920243767	1.7960551515212313	0.8798783397118302	0	0.6098501178239883	0.4470964609349075	0.0045357891527866515	1.0707918954313003
1.1466813185602747	1.8228065532708906	0.8230287172102173	0	0.621607156724326	0.44576497586238917	0.004492419144127314	1.0725440957406691
1.1780972450961724	1.8477590650225735	0.7653668647301797	0	0.6342171350570738	0.4442942984461722	0.004437295560087716	1.0745749731068188
1.2095131716320704	1.8708880616597345	0.7069496875585143	0	0.6477675474011085	0.44266540479420313	0.004370346899355242	1.076921517009348
1.2409290981679684	1.8921707176550906	0.6478348363962988	0	0.6623603360419743	0.44085584190288074	0.00429149706512615	1.0796303768858815
1.2723450247038663	1.9115860295966602	0.5880806504646078	0	0.678115229489274	0.43883894862426764	0.004200658546775326	1.0827605007414784
1.3037609512397643	1.9291148369155962	0.5277460999307455	0	0.6951741058506729	0.4365828577652193	0.004097723518553856	1.0863867049798166
1.3351768777756623	1.9447398407953533	0.4668907277118105	0	0.7137067774494167	0.434049204722621	0.003982552052551668	1.0906045518712055
1.36659280431156	1.9584456212435315	0.405574590713025	0	0.7339187801653213	0.4311914375564758	0.003854956248760737	1.095537093929997
1.398008730847458	1.970218652309548	0.34385820055881905	0	0.7560620438224089	0.4279525779789306	0.003714678457228318	1.1013443325072305
1.429424657383356	1.980047315433115	0.28180246387516517	0	0.7804497893991936	0.42426221361453575	0.003561360743900607	1.1082367021324369
1.460840583919254	1.9879219109103594	0.2194686221820903	0	0.8074777717160398	0.4200323940304551	0.00339450104143761	1.1164946564856104
1.492256510455152	1.993834667466256	0.15691819145568955	0	0.8376552971186565	0.4151519297593995	0.0032133884920386682	1.1264977093571178
1.5236724369910497	1.99777974992394	0.09421290141928536	0	0.8716517442930471	0.4094783056149698	0.003017005316074203	1.1387684191951142
1.5550883635269477	1.9997532649633212	0.031414634623641295	0	0.9103684992621699	0.4028259225507751	0.0028038731600378464	1.1540402632515419
1.5865042900628457	1.9997532649633212	-0.031414634623641496	0	0.955054144349355	0.3949484879212377	0.002571804378930594	1.1733633958704621
1.6179202165987436	1.99777974992394	-0.09421290141928555	0	1.0074964439585608	0.3855116954482909	0.0023174851317231526	1.1982676627177435
1.6493361431346416	1.993834667466256	-0.1569181914556902	0	1.0703572291893986	0.3740490602685025	0.002035750902673438	1.2302655298728917
1.6807520696705394	1.9879219109103594	-0.21946862218209048	0	1.1453732983421772	0.36067527111099795	0.0017185191825066406	-2.2758054965026466
1.7121679962064373	1.980047315433115	-0.2818024638751654	0	0.9653778292022642	0.42453126610183833	0.002871303379475893	-3.6332303726776045
1.7435839227423353	1.9702186523095477	-0.3438582005588192	0	1.6225710586371622	0.2886259113241709	0.000242142167776726	0.7766542025881517
1.7749998492782333	1.9584456212435315	-0.4055745907130252	0	2.181136831062977	0.16477715203293686	-0.0013511051981273895	0.9554419846824495
1.8064157758141313	1.9447398407953531	-0.4668907277118111	0	2.5581459931391626	0.14719220276793799	-0.00365737873415831	0.4774963104434359
1.8378317023500292	1.9291148369155962	-0.5277460999307462	0	2.8592171724106863	0.05437755543490641	-0.002403559468784428	0.5814647854651175
1.869247628885927	1.9115860295966602	-0.5880806504646079	0	2.9542886318418757	0.1472200008816622	-0.0058178983998588745	0.2759721584685993
1.900663555421825	1.8921707176550906	-0.6478348363962989	0	2.949356218353803	-0.03502195892459692	-0.001831111779778252	-3.034390577608826
1.932079481957723	1.8708880616597345	-0.7069496875585144	0	3.005684887948862	0.181372906016942	-0.010645379064901294	-1.4957674197900022
1.963495408493621	1.8477590650225735	-0.7653668647301798	0	2.7910078290001223	-0.10984499571206296	-0.0010010388027462235	0.041908934568589476
1.994911335029519	1.8228065532708904	-0.8230287172102179	0	3.478015023262011	0.17549294335878507	-0.019741974916763157	142.6114146552835
2.0263272615654166	1.7960551515212313	-0.8798783397118303	0	3.5675857198460177	-0.15055762034368314	-0.002287951427872697	0.2346870152284844
2.057743188101315	1.7675312601773865	-0.9358596285211472	0	4.86304082364653	-0.0022638476619353254	-0.01517254186466407	4.451647734371572
2.0891591146372126	1.7372630288763824	-0.9909173368648152	0	4.95926247152724	-0.10385361779901947	-0.00491569615178226	0.0729810794926827
2.1205750411731104	1.7052803287081846	-1.0449971294318976	0	5.570373360757703	-0.06934033294248576	-0.007098986492234302	5.324687927061102
2.1519909677090086	1.6716147227365403	-1.0980456359962638	0	5.708059527907275	-0.08006895399838077	-0.005411880297948287	0.5028864161417177
2.1834068942449063	1.6362994348500468	-1.1500105040865571	0	6.019010856977074	-0.07470860489706788	-0.005294837986089808	1.26458861227463
2.2148228207808045	1.5993693169741807	-1.2008404506517685	0	6.239336948192554	-0.07442965077881647	-0.004793006208765962	0.7068528876700932
2.2462387473167023	1.5608608146766594	-1.2504853126714104	0	6.43506884958514	-0.07319090520545302	-0.0045233681906671945	0.6163872830792541
2.2776546738526	1.5208119312000619	-1.298896096660367	0	6.546055429898602	-0.07386628132098072	-0.00435817697885563	0.23612973873785642
2.309070600388498	1.4792621899572191	-1.3460250270195468	0	6.577658199384614	-0.07621085010488893	-0.004355188472536184	-0.8173910814691419
2.340486526924396	1.4362525955263776	-1.3918255931846286	0	6.558501643849568	-0.08003248297922594	-0.004458672187310931	0.7983187468708945
2.371902453460294	1.3918255931846284	-1.436252595526378	0	6.5423338421697315	-0.08428915295783757	-0.004587704529787694	-1.6940461786460732
2.403318379996192	1.3460250270195466	-1.4792621899572194	0	6.5712519010287345	-0.08803236759990662	-0.004649996152546402	3.0146013028396004
2.4347343065320897	1.2988960966603675	-1.5208119312000619	0	6.65897040621764	-0.09079484929686854	-0.00460198781721801	1.5436837936304857
2.466150233067988	1.2504853126714102	-1.5608608146766596	0	6.795035681196211	-0.09262992361800171	-0.004456143482899181	1.2112348027830115
2.4975661596038856	1.200840450651768	-1.599369316974181	0	6.96028134907162	-0.09381946973472055	-0.004250051569326887	1.0728962661231067
2.528982086139784	1.1500105040865567	-1.6362994348500473	0	7.137798637086525	-0.09464338788585747	-0.004017389384281135	1.0070380811276551
2.5603980126756816	1.0980456359962634	-1.6716147227365405	0	7.316686995342662	-0.09529125125099924	-0.0037784930839230386	0.9788399821534924
2.5918139392115798	1.0449971294318972	-1.7052803287081848	0	7.491844521428889	-0.09585586747724062	-0.003541876380935295	0.9720673989896467
2.6232298657474775	0.9909173368648148	-1.7372630288763826	0	7.6621100220729215	-0.09636000222963748	-0.0033090813825077245	0.9735538571657434
2.6546457922833753	0.9358596285211468	-1.767531260177387	0	7.827854272378116	-0.09679580896086337	-0.003079372689926028	0.9734925067760956
2.6860617188192735	0.8798783397118298	-1.7960551515212315	0	7.9892011468533495	-0.09715590215471459	-0.002852395750246306	0.9687397333755006
2.7174776453551712	0.8230287172102174	-1.8228065532708906	0	8.14551864249712	-0.09744362281408947	-0.0026286097796458475	0.9609454181622572
2.7488935718910694	0.7653668647301789	-1.8477590650225737	0	8.295750246438645	-0.09766860236587316	-0.002408718824829477	0.9521512601421299
2.780309498426967	0.706949687558514	-1.8708880616597348	0	8.438808202735421	-0.09784044593735863	-0.0021932249626064565	0.9428237401439293
2.811725424962865	0.6478348363962989	-1.8921707176550906	0	8.573696956766556	-0.09796629063663487	-0.0019823512040218544	0.9323311407792508
2.843141351498763	0.5880806504646074	-1.9115860295966605	0	8.699465633514452	-0.09805075481740166	-0.0017761138688019134	0.9196709368875652
2.874557278034661	0.5277460999307456	-1.9291148369155962	0	8.815136619761963	-0.09809558111407601	-0.0015743770174132504	0.9038976297974202
2.905973204570559	0.46689072771181017	-1.9447398407953533	0	8.91969522358991	-0.09809654135781598	-0.001376836600526472	0.8860179504441594
2.937389131106457	0.40557459071302465	-1.9584456212435317	0	9.01234614478279	-0.09803168165597109	-0.001182871566343331	0.8727516112128674
2.9688050576423546	0.34385820055881916	-1.9702186523095477	0	9.093235138073616	-0.09783336139404353	-0.0009913313504887307	0.8622795809692855
3.000220984178253	0.28180246387516483	-1.9800473154331153	0	9.163008742771156	-0.09737648205067706	-0.0008011270215151742	0.7215514056912861
3.0316369107141505	0.21946862218209043	-1.9879219109103594	0	9.213283993425486	-0.09671386199067733	-0.000614687557331577	-0.2753817758072412
3.0630528372500487	0.15691819145568925	-1.993834667466256	0	9.199275056167549	-0.0973466471094161	-0.0004439689355589398	7.359456418671833
3.0944687637859465	0.09421290141928503	-1.99777974992394	0	9.098090269244679	-0.10641522826882677	-0.00030661888942082435	-17.86190678832124
3.1258846903218442	0.03141463462364142	-1.9997532649633212	0	10.919047175941534	-0.1445303960771206	-0.00014426586062566028	1
