#x 	#ue 	#uex 	#uet 	#del 	#E 	#cf 	#Csep 
0.015707963267948967	0.03141463462364135	1.9997532649633212	0	0.4776933316878712	0.4653628509074199	0.00010890350268094584	1
0.0471238898038469	0.09421290141928533	1.99777974992394	0	0.4492400989088257	0.4579069849937223	0.0003371430111401174	-0.23389026584885905
0.07853981633974483	0.1569181914556899	1.993834667466256	0	0.4558949504203856	0.4592138848045011	0.0005562156193068827	0.5196806983031104
0.10995574287564278	0.21946862218209057	1.9879219109103594	0	0.4593533514669689	0.4600463690833847	0.000774632529657842	0.5174246024433174
0.1413716694115407	0.28180246387516533	1.980047315433115	0	0.46114281407010604	0.46033660259784925	0.0009919280172803423	0.7074493266656594
0.17278759594743864	0.3438582005588191	1.9702186523095477	0	0.46240877096011046	0.46038976975530255	0.001207301828800355	0.9506140750218608
0.20420352248333656	0.405574590713025	1.9584456212435315	0	0.46361221065589747	0.4603504831702967	0.00142007287929921	1.0877764784936823
0.2356194490192345	0.46689072771181084	1.9447398407953531	0	0.46492128651237213	0.4602717564785541	0.0016296516114420647	1.1261888300038725
0.26703537555513246	0.5277460999307458	1.9291148369155962	0	0.4663955547319342	0.4601711368081971	0.0018355068830684842	1.1268880035322124
0.2984513020910304	0.588080650464608	1.9115860295966602	0	0.46805689094958997	0.46005387267815645	0.0020371423245029055	1.1184052563477263
0.3298672286269283	0.6478348363962988	1.8921707176550906	0	0.46991493881030943	0.45992112988081235	0.002234082613786534	1.1091706599888629
0.3612831551628262	0.7069496875585143	1.8708880616597345	0	0.4719758314756765	0.4597727343583571	0.002425867137938596	1.1010948213265985
0.3926990816987242	0.7653668647301797	1.8477590650225735	0	0.4742450700855294	0.4596080519862056	0.0026120477745171025	1.0943657690711903
0.4241150082346221	0.8230287172102176	1.8228065532708906	0	0.47672844744177445	0.4594262554525099	0.0027921885637238806	1.0887991967759778
0.45553093477052004	0.8798783397118303	1.7960551515212313	0	0.47943234698314097	0.4592263949481261	0.002965866130884071	1.0841778231748778
0.48694686130641796	0.9358596285211468	1.767531260177387	0	0.4823638551739559	0.4590074080413047	0.0031326703632888007	1.0803213243883893
0.5183627878423159	0.9909173368648152	1.7372630288763824	0	0.48553082628371114	0.45876811126710404	0.0032922051454884237	1.0770907201517461
0.5497787143782138	1.0449971294318976	1.7052803287081846	0	0.48894194182466566	0.4585071860034189	0.0034440890796253476	1.0743801286375745
0.5811946409141118	1.0980456359962636	1.6716147227365405	0	0.4926067769963678	0.45822316184975276	0.003587956163283031	1.072108345583718
0.6126105674500097	1.1500105040865571	1.6362994348500468	0	0.4965358778790399	0.4579143979428342	0.0037234564132907406	1.0702124157926092
0.6440264939859076	1.200840450651768	1.5993693169741812	0	0.500740851051215	0.4575790618672011	0.003850256428894244	1.0686430446292943
0.6754424205218056	1.2504853126714104	1.5608608146766594	0	0.5052344671491125	0.45721510560491363	0.0039680398887919546	1.0673613567367521
0.7068583470577036	1.2988960966603675	1.5208119312000619	0	0.5100307802572707	0.45682023787968773	0.004076507976271905	1.0663365893204633
0.7382742735936014	1.3460250270195466	1.4792621899572194	0	0.5151452655535987	0.45639189216293685	0.004175379725898708	1.0655444319832517
0.7696902001294994	1.3918255931846288	1.4362525955263776	0	0.5205949782602662	0.4559271894893373	0.004264392284126779	1.0649658213637647
0.8011061266653973	1.4362525955263776	1.3918255931846286	0	0.5263987376944859	0.45542289506725075	0.004343301074869024	1.0645860637261697
0.8325220532012952	1.4792621899572194	1.3460250270195466	0	0.5325773411165551	0.45487536745714663	0.004411879859369217	1.0643942012213168
0.8639379797371932	1.520811931200062	1.298896096660367	0	0.5391538131974511	0.4542804988188651	0.004469920677600649	1.0643825656571437
0.8953539062730911	1.5608608146766594	1.2504853126714104	0	0.5461536983523125	0.4536336443811686	0.004517233655700631	1.0645464827775115
0.9267698328089891	1.5993693169741812	1.200840450651768	0	0.5536054050106841	0.4529295388437282	0.004553646660450039	1.064884103718271
0.958185759344887	1.636299434850047	1.150010504086557	0	0.5615406132561102	0.4521621968536873	0.004579004777255129	1.0653963506624273
0.9896016858807849	1.6716147227365405	1.0980456359962634	0	0.56999476035376	0.451324793967131	0.004593169582117874	1.0660869722783963
1.0210176124166828	1.7052803287081844	1.0449971294318978	0	0.5790076227558539	0.4504095235566219	0.00459601817017252	1.0669627123566336
1.0524335389525807	1.7372630288763826	0.9909173368648151	0	0.5886240185979623	0.4494074238857426	0.004587441892796148	1.0680336030636088
1.0838494654884787	1.767531260177387	0.9358596285211467	0	0.5988946619984807	0.4483081679381682	0.004567344741011703	1.0693134033077418
1.1152653920243767	1.7960551515212313	0.8798783397118302	0	0.6098772104052946	0.4470998064188134	0.00453564129336585	1.0708202138808303
1.1466813185602747	1.8228065532708906	0.8230287172102173	0	0.6216375599049453	0.4457684514351772	0.004492254119405074	1.072577315624428
1.1780972450961724	1.8477590650225735	0.7653668647301797	0	0.6342514624639123	0.4442978844269987	0.004437110491873469	1.0746142968029413
1.2095131716320704	1.8708880616597345	0.7069496875585143	0	0.6478065659859313	0.44266906651847915	0.004370138206569281	1.0769685639085758
1.2409290981679684	1.8921707176550906	0.6478348363962988	0	0.6624050166387361	0.4408595219952607	0.004291260230253361	1.079687370733779
1.2723450247038663	1.9115860295966602	0.5880806504646078	0	0.678166819049525	0.43884255512084014	0.004200387781091301	1.0828305607361055
1.3037609512397643	1.9291148369155962	0.5277460999307455	0	0.6952342331139779	0.43658624557057535	0.004097411271707809	1.086474309272518
1.3351768777756623	1.9447398407953533	0.4668907277118105	0	0.7137776116375779	0.434052146133598	0.003982188276951266	1.0907162954248713
1.36659280431156	1.9584456212435315	0.405574590713025	0	0.7340032763849995	0.4311935744151618	0.00385452726720643	1.0956829640498167
1.398008730847458	1.970218652309548	0.34385820055881905	0	0.7561643351430453	0.4279533421114905	0.0037141651693061418	1.1015399246807946
1.429424657383356	1.980047315433115	0.28180246387516517	0	0.7805758365196533	0.4242606908222486	0.0035607356934704527	1.1085072053934264
1.460840583919254	1.9879219109103594	0.2194686221820903	0	0.8076364842176813	0.42002708407693445	0.003393723449033863	1.1168823001940578
1.492256510455152	1.993834667466256	0.15691819145568955	0	0.8378605590270191	0.41514030707645433	0.003212395497509462	1.1270762721528413
1.5236724369910497	1.99777974992394	0.09421290141928536	0	0.8719262658679323	0.4094559808074849	0.003015695827988866	1.1396728129834954
1.5550883635269477	1.9997532649633212	0.031414634623641295	0	0.9107515768828643	0.4027849629147411	0.002802076506726261	1.1555298584099092
1.5865042900628457	1.9997532649633212	-0.031414634623641496	0	0.9556183439059839	0.3948738629116002	0.0025692158260933974	1.175964565124985
1.6179202165987436	1.99777974992394	-0.09421290141928555	0	1.0083861849440423	0.3853732695314631	0.0023135242900060777	1.2031110309540356
1.6493361431346416	1.993834667466256	-0.1569181914556902	0	1.0718855776264395	0.37378225953456035	0.0020292272914026336	-1.2670147962811111
1.6807520696705394	1.9879219109103594	-0.21946862218209048	0	0.9651390568527584	0.42392017355707834	0.0026654297759714693	-2.1062891527177654
1.7121679962064373	1.980047315433115	-0.2818024638751654	0	1.2212956821359646	0.35229423879826105	0.001957528862538587	5.293574421839145
1.7435839227423353	1.9702186523095477	-0.3438582005588192	0	2.059111378715559	0.19625874700232937	-0.002071688730464217	0.5812042363646103
1.7749998492782333	1.9584456212435315	-0.4055745907130252	0	2.636928100441125	0.0728143555288785	-0.0027096189426679736	0.7055488986839858
1.8064157758141313	1.9447398407953531	-0.4668907277118111	0	2.964394295411708	0.11913554045037467	-0.005572211322019618	0.4905178287018026
1.8378317023500292	1.9291148369155962	-0.5277460999307462	0	3.0903393656788665	-0.018259426405048185	-0.002638924383038492	-0.1382222185173612
1.869247628885927	1.9115860295966602	-0.5880806504646079	0	3.2548121137868984	0.13952455821120457	-0.00888450912253553	-6.679061782005538
1.900663555421825	1.8921707176550906	-0.6478348363962989	0	3.0370312930077605	-0.11272895578595443	-0.0020859189494954896	-0.966128745743915
1.932079481957723	1.8708880616597345	-0.7069496875585144	0	3.543279928259086	0.10799321998370748	-0.022409771135880014	-4.198549228600228
1.963495408493621	1.8477590650225735	-0.7653668647301798	0	3.41661738091585	-0.15500180338297986	-0.004535429880224234	0.31204390649551705
1.994911335029519	1.8228065532708904	-0.8230287172102179	0	4.390986413099831	-0.05596350878157219	-0.017598960202486715	3.4534307144251692
2.0263272615654166	1.7960551515212313	-0.8798783397118303	0	4.54857017631216	-0.11026472734337123	-0.008349443971193549	0.38834641371780254
2.057743188101315	1.7675312601773865	-0.9358596285211472	0	5.092865398585706	-0.09363377739121181	-0.00940068504750499	1.5829319960522767
2.0891591146372126	1.7372630288763824	-0.9909173368648152	0	5.44773031102735	-0.09555487048277	-0.007776831102833382	0.7885722389840897
2.1205750411731104	1.7052803287081846	-1.0449971294318976	0	5.836205752277291	-0.09255209511021378	-0.00708245896960434	0.9593978814120842
2.1519909677090086	1.6716147227365403	-1.0980456359962638	0	6.169475941766195	-0.09105947713019302	-0.006376740601245265	0.9051052141679654
2.1834068942449063	1.6362994348500468	-1.1500105040865571	0	6.48169784844684	-0.08924894746049128	-0.005809258210399032	0.9152028244264555
2.2148228207808045	1.5993693169741807	-1.2008404506517685	0	6.764476673518151	-0.08759843746710816	-0.005316266426426381	0.8386024877289152
2.2462387473167023	1.5608608146766594	-1.2504853126714104	0	7.003108051089747	-0.08641964249801892	-0.004933903444346186	0.707842319413454
2.2776546738526	1.5208119312000619	-1.298896096660367	0	7.173221562940196	-0.08635342741278518	-0.004692740958024498	0.5137077617922361
2.309070600388498	1.4792621899572191	-1.3460250270195468	0	7.262564233206803	-0.08784721332411571	-0.004607504456090462	0.252264654814416
2.340486526924396	1.4362525955263776	-1.3918255931846286	0	7.2872826124200945	-0.09083785986817683	-0.004653624496420324	0.129758507270671
2.371902453460294	1.3918255931846284	-1.436252595526378	0	7.291940817726029	-0.09464530423535344	-0.004759650329663077	12.381769543176832
2.403318379996192	1.3460250270195466	-1.4792621899572194	0	7.3274115410310525	-0.09830289086520061	-0.0048275813796130815	2.7586116596139303
2.4347343065320897	1.2988960966603675	-1.5208119312000619	0	7.423725725365895	-0.1011031158323995	-0.0047867470929582635	1.6249596715303871
2.466150233067988	1.2504853126714102	-1.5608608146766596	0	7.580470900555559	-0.10288744001551198	-0.004630762621705355	1.2583979842701316
2.4975661596038856	1.200840450651768	-1.599369316974181	0	7.7781809935081245	-0.10389544165872777	-0.004398406495790951	1.094920253060135
2.528982086139784	1.1500105040865567	-1.6362994348500473	0	7.994976415462207	-0.10445755928410705	-0.004132960646230992	1.017041041985704
2.5603980126756816	1.0980456359962634	-1.6716147227365405	0	8.215622080977042	-0.10481493118471619	-0.0038617612044769076	0.9830245359076571
2.5918139392115798	1.0449971294318972	-1.7052803287081848	0	8.432582707043556	-0.10508936493800125	-0.003596405274687535	0.9725681865901273
2.6232298657474775	0.9909173368648148	-1.7372630288763826	0	8.643603158545831	-0.10531795896593332	-0.003339396981735993	0.9724347335000354
2.6546457922833753	0.9358596285211468	-1.767531260177387	0	8.848797058727026	-0.10549740184356104	-0.003089888506488029	0.973051108330373
2.6860617188192735	0.8798783397118298	-1.7960551515212315	0	9.048455251955893	-0.10561784915615369	-0.0028469176485840337	0.9697241001966499
2.7174776453551712	0.8230287172102174	-1.8228065532708906	0	9.242078199538165	-0.10567864264190951	-0.0026103597377123236	0.9625786987027598
2.7488935718910694	0.7653668647301789	-1.8477590650225737	0	9.428474675975371	-0.10568790765587399	-0.0023805725656287583	0.9535979447213977
2.780309498426967	0.706949687558514	-1.8708880616597348	0	9.606240190063316	-0.10565596063577498	-0.0021578464810032656	0.9438948232785725
2.811725424962865	0.6478348363962989	-1.8921707176550906	0	9.774045367153505	-0.10559086425949937	-0.0019421888183386426	0.9331468054335381
2.843141351498763	0.5880806504646074	-1.9115860295966605	0	9.930641430710658	-0.10549752644866295	-0.0017333692986031264	0.9202757543309612
2.874557278034661	0.5277460999307456	-1.9291148369155962	0	10.074759468594868	-0.10537761719333993	-0.0015310030576867388	0.9044785605533469
2.905973204570559	0.46689072771181017	-1.9447398407953533	0	10.205117757544974	-0.10522634253760033	-0.0013345395702654332	0.8876423082823633
2.937389131106457	0.40557459071302465	-1.9584456212435317	0	10.320845408611705	-0.10501936525808553	-0.0011430931302766757	0.8771816533277457
2.9688050576423546	0.34385820055881916	-1.9702186523095477	0	10.422394179530384	-0.10468599581280313	-0.000955285276128683	0.8660482881953889
3.000220984178253	0.28180246387516483	-1.9800473154331153	0	10.51036077011752	-0.10411799190716797	-0.0007701236742803715	0.707008932920923
3.0316369107141505	0.21946862218209043	-1.9879219109103594	0	10.572468349992608	-0.10347704557210524	-0.0005907641029385114	-0.3160912064177163
3.0630528372500487	0.15691819145568925	-1.993834667466256	0	10.552694878238947	-0.10458737302328502	-0.0004297785903685434	5.740826656402467
3.0944687637859465	0.09421290141928503	-1.99777974992394	0	10.440907144674153	-0.11506941130061232	-0.00030269852848617974	-20.131725312374357
3.1258846903218442	0.03141463462364142	-1.9997532649633212	0	12.711400303060882	-0.154371000157277	-0.00014060360888717014	1
