#x 	#ue 	#uex 	#uet 	#del 	#E 	#cf 	#Csep 
0.007853981633974483	0.01570780177742267	1.9999383152895793	0	0.4778810871311859	0.4654409364360672	54448961662376e-18	0.9999999999999981
0.02356194490192345	0.04711952966722031	1.9994448604360011	0	0.4492542785863828	0.45797296584113956	0.00016865697705059765	-0.21661024850445704
0.039269908169872414	0.07851963151813722	1.9984580724814458	0	0.45545657285945207	0.4592475692247606	0.0002786277460096158	0.4903964165913409
0.05497787143782139	0.1099003598248915	1.9969781949010759	0	0.45849769738097784	0.4600945802169716	0.00038870099078908344	0.41340287403156817
0.07068583470577035	0.14125397186233338	1.99500559283254	0	0.4597548543228699	0.46042360732098264	0.0004988794640676929	0.47002517710559816
0.08639379797371932	0.17257273159584677	1.9925407529858825	0	0.46034575633719566	0.46052559575370844	0.0006089551165283776	0.6504704118826228
0.10210176124166828	0.20384891159010007	1.989584283523453	0	0.4607301250208683	0.4605438441858487	0.0007187709861939468	0.9011125943415162
0.11780972450961726	0.23507479491567532	1.9861369139098526	0	0.46107648098234477	0.46053241595227057	0.0008282131819388391	1.0576061897421176
0.13351768777756623	0.2662426770531047	1.9821994947319497	0	0.46144278559402346	0.46050973536526585	0.0009371944990940679	1.1058259614794552
0.1492256510455152	0.297344867793846	1.9777729974890093	0	0.461847853509359	0.4604816683108277	0.0010456420076079918	1.1098883405118147
0.16493361431346415	0.3283736931377259	1.9728585143529909	0	0.46229743335916673	0.4604499296439515	0.001153489463817001	1.1027363229112166
0.1806415775814131	0.35932149718638506	1.9674572578990719	0	0.4627932007743754	0.4604149355894549	0.0012606735024727207	1.0942410816542876
0.1963495408493621	0.39018064403225655	1.9615705608064609	0	0.46333568861377467	0.4603767259515692	0.0013671320127552487	1.086644493491546
0.21205750411731106	0.42094351964261134	1.9551998755295814	0	0.4639251783701471	0.46033524576602436	0.0014728035408486714	1.0802015181783104
0.22776546738526002	0.4516025337382074	1.9483467739396987	0	0.46456194427717773	0.4602904233645644	0.0015776271094119366	1.0747503167408914
0.24347343065320898	0.4821501216660773	1.941012946937085	0	0.46524630686503254	0.4602421877383869	0.0016815421876780164	1.0700934094784738
0.25918139392115797	0.5125787462659933	1.9332002040338145	0	0.4659786371512653	0.4601904698258015	0.0017844887099254317	1.0660705944415325
0.2748893571891069	0.5428808997301485	1.9249104729072946	0	0.46675935153863823	0.46013520062781454	0.001886407106936469	1.0625611246416795
0.2905973204570559	0.5730491054555966	1.9161457989246384	0	0.4675889071257542	0.4600763093563782	0.0019872383394708326	1.0594741628994997
0.3063052837250049	0.6030759198889915	1.9069083446380024	0	0.46846779888821305	0.4600137221259244	0.0020869239308980657	1.056740158409286
0.3220132469929538	0.6329539343631723	1.8972003892510092	0	0.4693965583684446	0.45994736108709655	0.002185405998550111	1.054304743402735
0.3377212102609028	0.662675776925142	1.8870243280563872	0	0.4703757533455093	0.4598771438374962	0.002282627283944407	1.0521246139431244
0.3534291735288518	0.692234114154986	1.8763826718449683	0	0.4714059881069288	0.4598029829888588	0.0023785311820909098	1.0501647295919565
0.3691371367968007	0.7216216529752836	1.8652780462861882	0	0.47248790409395985	0.45972478581628784	0.0024730617700406635	1.048396362482256
0.3848451000647497	0.7508311424505661	1.8537131912802416	0	0.4736221807909965	0.45964245394612124	0.002566163834770089	1.046795700060161
0.40055306333269863	0.7798553755763765	1.8416909602820526	0	0.4748095367885975	0.4595558830573425	0.002657782900448953	1.045342818563111
0.4162610266006476	0.80868719105749	1.829214319597227	0	0.47605073098308787	0.45946496258184233	0.002747865255109401	1.0440209122308406
0.4319689898685966	0.8373194750748563	1.8162863476501625	0	0.4773465638945211	0.45936957539464207	0.002836357976714376	1.0428157038743349
0.44767695313654554	0.8657451630408279	1.8029102342244914	0	0.4786978790954799	0.4592695974883829	0.002923208958612062	1.0417149872036109
0.46338491640449453	0.8939572413422423	1.7890892796760502	0	0.4801055647493915	0.4591648976281242	0.003008366934354824	1.0407082668305598
0.4790928796724435	0.9219487490709248	1.7748268941185663	0	0.48157055526075865	0.4590553369834567	0.0030917815018567615	1.0397864719498384
0.49480084294039245	0.9497127797411892	1.760126596582264	0	0.4830938330420911	0.45894076873536727	0.0031734031468600658	1.0389417263809992
0.5105088062083414	0.9772424829939098	1.7449920141455944	0	0.4846764304039342	0.4588210376555246	0.0032531832656785592	1.0381671622860857
0.5262167694762904	1.004531066286745	1.7294268810403102	0	0.4863194315756244	0.45869597965566977	0.0033310741871844826	1.0374567680922455
0.5419247327442394	1.031571796570095	1.7134350377300993	0	0.48802397486542026	0.45856542130471567	0.0034070291940036523	1.036805263482579
0.5576326960121883	1.0583580019483814	1.6970204299630072	0	0.48979125496961007	0.4584291793110391	0.0034810025428822166	1.0362079959632464
0.5733406592801373	1.0848830733262376	1.6801871077978836	0	0.4916225254411358	0.45828705996720887	0.0035529494841877868	1.0356608548167188
0.5890486225480862	1.1111404660392044	1.6629392246050905	0	0.49351910132925764	0.4581388585542041	0.0036228262805057367	1.0351601991152561
0.6047565858160352	1.1371237014685278	1.6452810360417196	0	0.49548236200285206	0.4579843587018517	0.003690590224289871	1.0347027972267395
0.6204645490839842	1.1628263686396612	1.627216899001574	0	0.49751375417108973	0.4578233317019429	0.003756199654526356	1.0342857757509287
0.6361725123519332	1.1882421258040772	1.608751270540169	0	0.4996147951165443	0.45765553577011353	0.0038196139723658054	1.033906576244345
0.6518804756198822	1.2133647020039995	1.58988870677502	0	0.5017870761572016	0.45748071525220513	0.003880793655678042	1.0335629184236579
0.6675884388878311	1.2381878986196682	1.5706338617614897	0	0.504032266355439	0.45729859977039067	0.00393970027248075	1.033252768782976
0.68329640215578	1.2627055908987554	1.550991486344469	0	0.5063521164938279	0.4571089033038944	0.003996296493190331	1.0329743137540848
0.699004365423729	1.2869117294675578	1.5309664269861762	0	0.508748463339597	0.45691132319859196	0.004050546101639861	1.0327259367138522
0.714712328691678	1.3108003418235878	1.510563624570367	0	0.5112232342218138	0.45670553909923184	0.00410241400480584	1.032506198250275
0.730420291959627	1.3343655338091995	1.489788113183244	0	0.5137784519478299	0.45649121179734964	0.004151866241180392	1.0323138192155814
0.746128255227576	1.3576014910658836	1.468645018871371	0	0.5164162400883052	0.45626798198725704	0.00419886998772098	1.0321476661781557
0.7618362184955249	1.3805024804688744	1.4471395583768987	0	0.5191388286632574	0.45603546892167657	0.0042433935653041575	1.0320067389400203
0.7775441817634738	1.4030628515417114	1.4252770378504107	0	0.5219485602650755	0.4557932689577324	0.004285406442603477	1.0318901598482584
0.7932521450314228	1.425277037850411	1.4030628515417114	0	0.5248478966583686	0.455540953982974	0.004324879238304566	1.0317971646956492
0.8089601082993718	1.447139558376899	1.3805024804688744	0	0.527839425900952	0.45527806971004803	0.004361783721562069	1.0317270949985302
0.8246680715673208	1.468645018871371	1.3576014910658833	0	0.5309258700352766	0.45500413382735494	0.004396092810594349	1.0316793915216287
0.8403760348352697	1.489788113183244	1.3343655338091993	0	0.5341100934052376	0.45471863399163737	0.004427780569301229	1.0316535889158847
0.8560839981032187	1.5105636245703673	1.3108003418235878	0	0.5373951116597153	0.4544210256468699	0.004456822201777944	1.0316493113649017
0.8717919613711677	1.5309664269861762	1.2869117294675578	0	0.5407841015114161	0.454110729652055	0.004483194044585843	1.0316662691661018
0.8874999246391166	1.550991486344469	1.2627055908987552	0	0.5442804113278604	0.4537871296985083	0.004506873556624171	1.0317042561832201
0.9032078879070656	1.57063386176149	1.238187898619668	0	0.5478875726407293	0.45344956949496296	0.004527839306430344	1.0317631481110667
0.9189158511750146	1.5898887067750203	1.2133647020039993	0	0.5516093126704862	0.4530973496962545	0.004546070956716397	1.0318429015386723
0.9346238144429635	1.608751270540169	1.188242125804077	0	0.5554495679754649	0.45272972454842986	0.0045615492459261065	1.0319435537767607
0.9503317777109125	1.627216899001574	1.1628263686396612	0	0.5594124993486254	0.4523458982198294	0.004574255966571313	1.0320652234525465
0.9660397409788615	1.6452810360417196	1.1371237014685278	0	0.5635025081013475	0.45194502078391463	0.004584173940076181	1.0322081118766804
0.9817477042468105	1.6629392246050905	1.1111404660392044	0	0.567724253892179	0.4515261838153253	0.004591286987823286	1.0323725051948702
0.9974556675147594	1.6801871077978838	1.0848830733262373	0	0.5720826742799158	0.45108841555575574	0.004595579898055854	1.0325587773695595
1.0131636307827083	1.6970204299630074	1.0583580019483811	0	0.5765830062051913	0.4506306756006193	0.00459703838824378	1.0327673940279174
1.0288715940506574	1.7134350377300995	1.0315717965700946	0	0.581230809633544	0.45015184905104344	0.004595649062468106	1.0329989172319851
1.0445795573186063	1.7294268810403102	1.004531066286745	0	0.5860319936263805	0.4496507400683547	0.0045913993633156965	1.0332540112666897
1.0602875205865552	1.7449920141455941	0.9772424829939099	0	0.5909928451453055	0.44912606475970174	0.00458427751770352	1.0335334495088795
1.0759954838545043	1.760126596582264	0.9497127797411891	0	0.5961200609408969	0.4485764433136643	0.0045742724759660035	1.0338381225166022
1.0917034471224532	1.7748268941185665	0.9219487490709247	0	0.6014207829305025	0.448000391293353	0.004561373843440186	1.0341690474580858
1.1074114103904023	1.7890892796760502	0.893957241342242	0	0.6069026375325681	0.4473963099813856	0.004545571803663912	1.034527379038667
1.1231193736583511	1.8029102342244914	0.8657451630408278	0	0.6125737794991675	0.44676247565587923	0.004526857032164171	1.0349144221172513
1.1388273369263	1.8162863476501625	0.8373194750748563	0	0.6184429408761883	0.4460970276588534	0.004505220599647593	1.035331646232358
1.154535300194249	1.8292143195972272	0.8086871910574899	0	0.624519485824785	0.44539795509776847	0.004480653863207368	1.0357807022868777
1.170243263462198	1.8416909602820526	0.7798553755763765	0	0.630813472161712	0.44466308199673943	0.004453148343927358	1.0362634416975658
1.185951226730147	1.8537131912802418	0.7508311424505659	0	0.6373357206242778	0.4438900506856136	0.004422695588982247	1.0367819383678174
1.201659189998096	1.8652780462861882	0.7216216529752835	0	0.6440978930432878	0.4430763031818037	0.0043892870159925575	1.0373385138771798
1.2173671532660448	1.8763826718449683	0.692234114154986	0	0.6511125808209492	0.4422190602805218	0.004352913736985897	1.0379357663901918
1.233075116533994	1.8870243280563872	0.6626757769251418	0	0.6583934053687515	0.4413152980227133	0.00431356635881577	1.0385766038342747
1.2487830798019428	1.8972003892510092	0.6329539343631723	0	0.6659551324731029	0.4403617211550448	0.004271234756285288	1.0392642820119156
1.264491043069892	1.9069083446380026	0.6030759198889911	0	0.6738138029371634	0.43935473313105255	0.004225907813479566	1.0400024484198835
1.2801990063378408	1.9161457989246384	0.5730491054555965	0	0.6819868823125446	0.4382904021247698	0.004177573127897145	1.0407951926843675
1.2959069696057899	1.9249104729072946	0.5428808997301482	0	0.6904934331055949	0.4371644224351494	0.004126216670843448	1.0416471046658677
1.3116149328737388	1.9332002040338148	0.5125787462659931	0	0.6993543135469436	0.4359720705480663	0.0040718223961465445	1.0425633414926019
1.3273228961416876	1.941012946937085	0.48215012166607735	0	0.7085924078849558	0.4347081549884195	0.004014371787508146	1.043549704965694
1.3430308594096367	1.9483467739396987	0.45160253373820713	0	0.7182328942488619	0.4333669589327622	0.003953843332610359	1.0446127310546491
1.3587388226775856	1.9551998755295814	0.42094351964261123	0	0.7283035574845389	0.4319421743563525	0.003890211909336209	1.0457597934695209
1.3744467859455347	1.9615705608064609	0.3901806440322562	0	0.7388351560721553	0.4304268262494835	0.0038234480659653583	1.0469992236279972
1.3901547492134836	1.9674572578990719	0.35932149718638495	0	0.7498618543914134	0.4288131851459507	0.0037535171727552086	1.0483404497063105
1.4058627124814325	1.9728585143529909	0.3283736931377259	0	0.7614217343409131	0.4270926658485268	0.003680378416625217	1.0497941578466718
1.4215706757493816	1.9777729974890093	0.2973448677938457	0	0.7735574038214771	0.4252557097954657	0.003603983603349614	1.0513724790180918
1.4372786390173304	1.9821994947319497	0.26624267705310467	0	0.7863167240977076	0.4232916479671194	0.003524275722218778	1.05308920539315
1.4529866022852795	1.9861369139098526	0.23507479491567496	0	0.7997536838788255	0.42118854055504995	0.003441187215884649	1.054960040397148
1.4686945655532284	1.989584283523453	0.20384891159009993	0	0.8139294555437142	0.4189329887725839	0.003354637882156928	1.0570028865935406
1.4844025288211773	1.9925407529858825	0.17257273159584677	0	0.8289136788675798	0.41650991313017927	0.0032645323136736124	1.059238175105779
1.5001104920891264	1.9950055928325403	0.14125397186233313	0	0.8447860306967846	0.41390229117372535	0.003170756754043352	1.0616892388140555
1.5158184553570753	1.9969781949010759	0.10990035982489144	0	0.8616381563721297	0.4110908460158649	0.0030731752131588543	1.0643827283241656
1.5315264186250244	1.9984580724814458	0.07851963151813689	0	0.8795760618395061	0.408053674889153	0.002971624637184205	1.0673490632528866
1.5472343818929732	1.9994448604360011	0.04711952966722016	0	0.8987230963950009	0.4047658043068496	0.0028659088667328234	1.0706228992134805
1.5629423451609221	1.9999383152895793	0.0157078017774227	0	0.9192236977307442	0.40119865511153985	0.002755791035656912	1.0742435687399983
1.5786503084288712	1.9999383152895793	-0.0157078017774229	0	0.9412481272036339	0.39731939660890214	0.0026409839575999468	1.0782554149779762
1.59435827169682	1.9994448604360011	-0.04711952966722036	0	0.9649984990690608	0.39309016406276953	0.0025211379127508585	1.0827078680916171
1.6100662349647692	1.9984580724814458	-0.07851963151813754	0	0.9907165091172223	0.388467108168721	0.002395825079042639	1.087654996302901
1.625774198232718	1.9969781949010759	-0.10990035982489163	0	1.0186934029473895	0.3833992392157437	0.0022645196509240226	1.093154065978209
1.641482161500667	1.99500559283254	-0.14125397186233332	0	1.0492828986230374	0.3778270238201695	0.0021265724670720735	1.0992623259040217
1.657190124768616	1.9925407529858825	-0.172572731595847	0	1.0829179944331178	0.37168069140417725	0.001981178763992888	1.1060307419631359
1.672898088036565	1.989584283523453	-0.20384891159010013	0	1.1201328369465586	0.3648782172319034	0.001827337574735425	1.1134927270006953
1.688606051304514	1.9861369139098526	-0.2350747949156756	0	1.1615910487348384	0.35732298060787104	0.0016638014840540183	1.121645129473893
1.704314014572463	1.9821994947319495	-0.26624267705310484	0	1.2081219944492372	0.34890117095177753	0.0014890162675704826	1.1304182904895552
1.7200219778404118	1.9777729974890093	-0.29734486779384595	0	1.2607661320804737	0.33947916009661805	0.0013010519063613327	1.1396330562026444
1.7357299411083609	1.9728585143529909	-0.3283736931377261	0	1.3208293678191372	0.32890130409123386	0.0010975301723671425	0.7861630637188418
1.7514379043763098	1.9674572578990717	-0.3593214971863851	0	1.3662399213539276	0.3219324370672234	0.0009553646839408044	2.128477714102753
1.7671458676442588	1.9615705608064609	-0.39018064403225683	0	1.472135563285742	0.3031959358014622	0.0006363118956759147	1.2385570482161106
1.7828538309122077	1.9551998755295814	-0.42094351964261145	0	1.5932844471331857	0.28292219059057855	0.00026469081495708477	0.7415793818654645
1.7985617941801568	1.9483467739396987	-0.45160253373820775	0	1.6863228215128867	0.26900322673905297	20298116981030803e-21	1.2533426286955835
1.8142697574481057	1.941012946937085	-0.4821501216660775	0	1.8012044852203466	0.2524870356185305	-0.0002743241116361221	1.2845096153773834
1.8299777207160546	1.9332002040338145	-0.5125787462659933	0	1.955712584971018	0.23090084098475083	-0.0006391502876865635	1.5139032606670926
1.8456856839840037	1.9249104729072946	-0.5428808997301487	0	2.206436675114161	0.19329194814668438	-0.0012335603061137555	1.4084961834818408
1.8613936472519526	1.9161457989246382	-0.5730491054555967	0	2.548619698218183	0.13635503918327574	-0.0022612373528790295	1.0887332486073724
1.8771016105199017	1.9069083446380024	-0.6030759198889918	0	2.90437756979331	0.08117769624964111	-0.0035242937864243696	0.8975993975268799
1.8928095737878505	1.8972003892510092	-0.6329539343631724	0	3.2008836124493363	0.04549206129844374	-0.00445717239517932	0.6449180511658243
1.9085175370557994	1.8870243280563872	-0.662675776925142	0	3.3696258059065536	0.026591885110618607	-0.004964102238198311	0.5537701330167213
1.9242255003237485	1.876382671844968	-0.6922341141549863	0	3.4660372237490766	0.01563576518510712	-0.005247765944647306	0.8137449962879134
1.9399334635916974	1.8652780462861882	-0.7216216529752837	0	3.5551432733089756	0.0074838939493491186	-0.005417515508351426	1.0242180714049909
1.9556414268596465	1.8537131912802414	-0.7508311424505665	0	3.647927260041627	0.0003910808631324425	-0.005528483052892551	0.997450357597725
1.9713493901275954	1.8416909602820524	-0.7798553755763767	0	3.739416928742152	-0.006006052314426524	-0.005608373094240352	0.9665864838269748
1.9870573533955442	1.829214319597227	-0.80868719105749	0	3.827509173555496	-0.011788404461027246	-0.005666580875322886	0.9649378248351226
2.0027653166634933	1.8162863476501625	-0.8373194750748565	0	3.912666547195212	-0.01703220897853741	-0.005706410861478058	0.9713835620297124
2.018473279931442	1.8029102342244914	-0.8657451630408279	0	3.9955680799878066	-0.021813992254120063	-0.005730176447013341	0.9754588082583088
2.034181243199391	1.7890892796760502	-0.8939572413422422	0	4.076532620544786	-0.0261984175290898	-0.005740035727649645	0.9772890249771454
2.0498892064673404	1.774826894118566	-0.9219487490709253	0	4.155742177002451	-0.03026133900639849	-0.0057380390647987795	0.9792640921375677
2.0655971697352893	1.7601265965822637	-0.9497127797411896	0	4.23349778207217	-0.03409348765785769	-0.005726865001157012	0.9831272555719006
2.081305133003238	1.7449920141455941	-0.9772424829939101	0	4.310189861841986	-0.03776629640405915	-0.005709344264960824	0.9875225405398715
2.097013096271187	1.7294268810403102	-1.004531066286745	0	4.386026377102829	-0.041277450030409724	-0.0056869315818580575	0.9889286785178851
2.112721059539136	1.7134350377300993	-1.0315717965700948	0	4.460865557263024	-0.04457528792888843	-0.0056260536527590116	0.9845384981911798
2.1284290228070852	1.697020429963007	-1.0583580019483818	0	4.534197088784698	-0.04761279687365039	-0.005570250007309328	0.9790343934900003
2.144136986075034	1.6801871077978836	-1.0848830733262378	0	4.605936386017911	-0.0503959452647369	-0.005518253037969217	0.9796355426109369
2.159844949342983	1.6629392246050902	-1.1111404660392046	0	4.676362329043228	-0.05295561591490061	-0.0054678135550612	0.98356156902515
2.175552912610932	1.6452810360417196	-1.137123701468528	0	4.745744357488247	-0.05532156971192803	-0.005417340454627172	0.98666153141336
2.1912608758788807	1.627216899001574	-1.1628263686396612	0	4.814251527580543	-0.05750441994309474	-0.005365756098686734	0.9885614158509523
2.20696883914683	1.6087512705401685	-1.1882421258040776	0	4.881961314690229	-0.05951582838997238	-0.005311842201348413	0.9896364883567274
2.222676802414779	1.5898887067750198	-1.2133647020039997	0	4.948988432737089	-0.06136108290383413	-0.005254903573632643	0.9916336038493022
2.238384765682728	1.5706338617614897	-1.2381878986196682	0	5.015487858320983	-0.06306776612013043	-0.005197632376906015	0.9936877059452615
2.2540927289506767	1.550991486344469	-1.2627055908987554	0	5.0816347239872295	-0.0646580989269302	-0.005150831864992063	0.9966754645325763
2.2698006922186256	1.5309664269861762	-1.2869117294675578	0	5.147656077244864	-0.06615400395543136	-0.005100996973151037	0.9996553789827183
2.285508655486575	1.5105636245703669	-1.3108003418235883	0	5.213688947672202	-0.06756691351067623	-0.005048160061166513	1.0013909779138797
2.3012166187545238	1.4897881131832438	-1.3343655338091995	0	5.279832628257971	-0.06890479429854113	-0.004992209218545222	1.0026857478646196
2.3169245820224726	1.4686450188713709	-1.3576014910658838	0	5.346167680659261	-0.07017313525854874	-0.004933046813516773	1.0036837659104518
2.3326325452904215	1.4471395583768987	-1.3805024804688744	0	5.412760485606709	-0.07137625623445842	-0.004870582388120252	1.0044469062366659
2.3483405085583704	1.425277037850411	-1.4030628515417114	0	5.479661266148328	-0.0725176324272162	-0.0048047653831076245	1.0049383237264444
2.3640484718263197	1.403062851541711	-1.4252770378504112	0	5.546903221859631	-0.07360026328255309	-0.004735587063045492	1.0051651874659178
2.3797564350942686	1.380502480468874	-1.4471395583768991	0	5.6145020509800325	-0.07462680528150734	-0.004663084584345098	1.0051410890162522
2.3954643983622175	1.3576014910658833	-1.468645018871371	0	5.682457042658891	-0.07559969612935191	-0.0045873357611774124	1.0048995127034512
2.4111723616301663	1.3343655338091993	-1.489788113183244	0	5.750752783457932	-0.07652120773571403	-0.004508453803423051	1.0044743873773037
2.4268803248981152	1.3108003418235878	-1.510563624570367	0	5.819361221294971	-0.07739348539025537	-0.0044265803964285986	1.0038925058296748
2.4425882881660645	1.2869117294675574	-1.5309664269861767	0	5.888243256074848	-0.07821857509305674	-0.004341880367406709	1.0031758661849726
2.4582962514340134	1.262705590898755	-1.5509914863444692	0	5.957350129856568	-0.07899844492030872	-0.0042545365558363316	1.002347360914884
2.4740042147019623	1.2381878986196677	-1.57063386176149	0	6.026624893647091	-0.07973499358190572	-0.004164744595988634	1.0014264858348916
2.489712177969911	1.2133647020039993	-1.58988870677502	0	6.0960037796964	-0.08043005435566286	-0.0040727081784724915	1.0004257761597075
2.50542014123786	1.1882421258040772	-1.608751270540169	0	6.165417185698015	-0.08108540209389725	-0.003978635421575508	0.999352810653008
2.5211281045058094	1.1628263686396607	-1.6272168990015743	0	6.234790379833417	-0.08170276181903369	-0.003882736010302697	0.9982160342376241
2.5368360677737583	1.1371237014685276	-1.6452810360417198	0	6.304044297128201	-0.08228381101605853	-0.003785218334190062	0.997026707977051
2.552544031041707	1.1111404660392044	-1.6629392246050907	0	6.37309656171063	-0.08283017356309275	-0.003686286465990328	0.9957926416539502
2.568251994309656	1.0848830733262376	-1.6801871077978838	0	6.441862328081655	-0.08334341524578226	-0.003586137831330895	0.9945120510667457
2.583959957577605	1.0583580019483814	-1.6970204299630072	0	6.510254536842915	-0.08382505029588849	-0.0034849622053925193	0.9931791930062296
2.599667920845554	1.0315717965700943	-1.7134350377300995	0	6.57818392291668	-0.0842765519418106	-0.0033829412331380124	0.9917935860280106
2.615375884113503	1.0045310662867446	-1.7294268810403104	0	6.645559371641389	-0.08469935420448216	-0.003280247440557174	0.9903574558104375
2.631083847381452	0.9772424829939097	-1.7449920141455944	0	6.712288503675536	-0.08509484724563321	-0.0031770430844699723	0.9888687153263347
2.646791810649401	0.9497127797411892	-1.760126596582264	0	6.778278046481218	-0.08546437593089906	-0.003073479557102985	0.9873226530424097
2.6624997739173497	0.9219487490709248	-1.7748268941185663	0	6.8434340606570485	-0.08580924112785826	-0.002969697136838694	0.9857153043241138
2.678207737185299	0.8939572413422416	-1.7890892796760505	0	6.907662236941245	-0.08613069970191878	-0.002865824761922586	0.9840409711567981
2.693915700453248	0.8657451630408275	-1.8029102342244916	0	6.970868141552416	-0.08642996552092896	-0.0027619800220751107	0.9822907151540664
2.709623663721197	0.8373194750748559	-1.8162863476501627	0	7.032957324174596	-0.08670821311857557	-0.0026582694204844745	0.9804553597496563
2.7253316269891457	0.80868719105749	-1.8292143195972272	0	7.093835475330432	-0.08696658017460035	-0.0025547886118897204	0.9785274861626647
2.7410395902570945	0.7798553755763766	-1.8416909602820524	0	7.153408766054205	-0.0872061657699218	-0.0024516224740882254	0.9764993890148994
2.756747553525044	0.7508311424505656	-1.8537131912802418	0	7.211584253404194	-0.08742802630864643	-0.002348845176050506	0.9743597105578099
2.7724555167929927	0.7216216529752832	-1.8652780462861884	0	7.268270164037093	-0.08763317261691084	-0.0022465204308585373	0.97209264969593
2.7881634800609416	0.6922341141549857	-1.8763826718449683	0	7.323376034850609	-0.08782256850447823	-0.002144701902769435	0.9696795110378005
2.8038714433288905	0.6626757769251419	-1.8870243280563872	0	7.376812836494644	-0.08799712786504266	-0.0020434336068816616	0.9671000177971586
2.8195794065968394	0.6329539343631724	-1.8972003892510092	0	7.428493184517068	-0.08815770746185969	-0.001942750198426457	0.964330202908252
2.8352873698647887	0.6030759198889908	-1.9069083446380026	0	7.478331556407046	-0.08830509629319694	-0.0018426772354792511	0.9613374035219101
2.8509953331327376	0.5730491054555962	-1.9161457989246384	0	7.526244335016305	-0.08844000525745188	-0.0017432315826085977	0.9580836151522122
2.8667032964006864	0.5428808997301483	-1.9249104729072946	0	7.572149923779563	-0.0885630545680679	-0.0016444217984119616	0.9545296333283295
2.8824112596686353	0.5125787462659932	-1.9332002040338145	0	7.615969171809145	-0.08867475741401976	-0.0015462484450316383	0.9506202126999241
2.898119222936584	0.48215012166607746	-1.941012946937085	0	7.657625534283204	-0.08877551390685756	-0.0014487048302531502	0.946274285296548
2.9138271862045335	0.4516025337382068	-1.948346773939699	0	7.697044759140402	-0.08886562321187574	-0.001351778263746771	0.941396067148693
2.9295351494724824	0.42094351964261095	-1.9551998755295814	0	7.734154805737813	-0.0889452993443065	-0.001255451232594984	0.9358625873494162
2.9452431127404313	0.39018064403225633	-1.9615705608064609	0	7.768885768872547	-0.08901467634561966	-0.0011597023267419402	0.9294798050600498
2.96095107600838	0.35932149718638506	-1.9674572578990719	0	7.801168720183082	-0.08907377598033006	-0.0010645067780102014	0.921926505781059
2.976659039276329	0.328373693137726	-1.9728585143529909	0	7.830932529750154	-0.08912235344018571	-0.0009698357188658067	0.9124718423925029
2.9923670025442783	0.29734486779384545	-1.9777729974890093	0	7.8580921583623375	-0.08915951529476074	-0.0008756544493433528	0.8993253401480066
3.008074965812227	0.26624267705310434	-1.9821994947319497	0	7.882517482037175	-0.08918282395856891	-0.0007819189932885727	0.8796795777156179
3.023782929080176	0.2350747949156751	-1.9861369139098526	0	7.904002692324665	-0.08918542588114475	-0.0006885583210527531	0.8552014067697362
3.039490892348125	0.20384891159010005	-1.989584283523453	0	7.922377683283678	-0.08914618679865882	-0.0005954083216419923	0.8496721212282051
3.0551988556160743	0.17257273159584602	-1.9925407529858825	0	7.9380016638675315	-0.0890045445887152	-0.0005020985216725956	0.8828287104681051
3.070906818884023	0.1412539718623328	-1.9950055928325403	0	7.951810369111853	-0.08863900951713666	-0.00040820913608116205	0.5263451939642085
3.086614782151972	0.10990035982489112	-1.9969781949010759	0	7.959041757412377	-0.08803625873601184	-0.00031467522872786715	-4.454571280486098
3.102322745419921	0.07851963151813701	-1.9984580724814458	0	7.926583634898184	-0.08837284237312193	-0.00022675085891388932	3.142076255694345
3.11803070868787	0.047119529667220286	-1.9994448604360011	0	7.825410321690048	-0.09589068389507105	-0.00015312811007048792	-14.039802840535838
3.133738671955819	0.015707801777421936	-1.9999383152895793	0	9.250662523915567	-0.13251405901508762	-7249298313073989e-20	0.9999999999999993
