#x 	#ue 	#uex 	#uet 	#del 	#E 	#cf 	#Jsep1 	#Jsep2 	#Csep 
0.007853981633974483	0.01570780177742267	1.9999383152895793	0	0.49772774312137813	0.4705399473913354	5335586021896132e-20	-9140760996711718e-20	28638132626972013e-21	0
0.02356194490192345	0.04711952966722031	1.9994448604360011	0	0.46323031776399437	0.4616630430651072	0.0001659832139563482	-0.00012068999682841465	37364962054732215e-21	0
0.039269908169872414	0.07851963151813722	1.9984580724814458	0	0.4607387842489365	0.4608549465073166	0.0002771971188234885	-0.0001211895663642004	37727965053472234e-21	0.15225792671432456
0.05497787143782139	0.1099003598248915	1.9969781949010759	0	0.4603594048040293	0.46068414342625763	0.0003880364930211515	-0.00012123537944601141	3779671490233576e-20	-0.07679988653502569
0.07068583470577035	0.14125397186233338	1.99500559283254	0	0.46038851907638373	0.4606244857354771	0.0004985901722033583	-0.00012114829440675337	3778277385998504e-20	5.818090276438308
0.08639379797371932	0.17257273159584677	1.9925407529858825	0	0.4605580091572459	0.4605917446462755	0.0006088339584926865	-0.00012099995918018902	37737046150896304e-21	1.4528119361968688
0.10210176124166828	0.20384891159010007	1.989584283523453	0	0.46080425570200556	0.4605658513979436	0.0007187175844539734	-0.0001208087143798709	3767264118001202e-20	1.2337429364249475
0.11780972450961726	0.23507479491567532	1.9861369139098526	0	0.46110806474003463	0.46054069576082557	0.0008281829760070418	-0.00012058040696002135	3759373097473427e-20	1.1672209504028117
0.13351768777756623	0.2662426770531047	1.9821994947319497	0	0.46146267930289064	0.460514067851163	0.0009371693936663037	-0.0001203172344715016	3750186914540225e-20	1.1359248605131151
0.1492256510455152	0.297344867793846	1.9777729974890093	0	0.4618654962076881	0.4604850526127997	0.0010456151723288664	-0.00012002013901576161	373977057401062e-19	1.1171402014764151
0.16493361431346415	0.3283736931377259	1.9728585143529909	0	0.46231550008000816	0.4604532224146545	0.0011534584022231298	-0.00011968957529705512	3728153792382585e-20	1.104111500230909
0.1806415775814131	0.35932149718638506	1.9674572578990719	0	0.4628123551479288	0.46041835107244267	0.0012606372333601647	-0.00011932579083999424	37153510964297764e-21	1.094269110607514
0.1963495408493621	0.39018064403225655	1.9615705608064609	0	0.4633560487311802	0.46038030140933595	0.0013670900314178046	-0.00011892893900728897	3701369930481222e-20	1.0864395509188995
0.21205750411731106	0.42094351964261134	1.9551998755295814	0	0.46394673925138524	0.46033897714966865	0.0014727554697944497	-0.0001184991283924504	3686214199425401e-20	1.0800029468278336
0.22776546738526002	0.4516025337382074	1.9483467739396987	0	0.46458468698009264	0.4602943008308098	0.0015775725921860478	-0.00011803644586030295	36698859209542944e-21	1.0745921553233395
0.24347343065320898	0.4821501216660773	1.941012946937085	0	0.465270220775797	0.46024620302127794	0.0016814808606478565	-0.00011754096787704108	3652386037434115e-20	1.0699699514764087
0.25918139392115797	0.5125787462659933	1.9332002040338145	0	0.4660037214710366	0.4601946167567059	0.0017844201960603907	-0.00011701276631562922	36337148311997206e-21	1.0659728269876387
0.2748893571891069	0.5428808997301485	1.9249104729072946	0	0.4667856133879714	0.4601394745092098	0.0018863310143646523	-0.00011645191151582919	3613872142672136e-20	1.0624825800647515
0.2905973204570559	0.5730491054555966	1.9161457989246384	0	0.4676163600188966	0.4600807064403416	0.0019871542602738707	-0.00011585847391519992	3592857485733852e-20	1.0594106678790687
0.3063052837250049	0.6030759198889915	1.9069083446380024	0	0.4684964619401027	0.460018239327467	0.0020868314393575403	-0.00011523252490371062	35706701071685995e-21	1.0566889419027714
0.3220132469929538	0.6329539343631723	1.8972003892510092	0	0.4694264559788447	0.459951995852945	0.002185304648979196	-0.00011457413723876197	35473090143089015e-21	1.054263825073357
0.3377212102609028	0.662675776925142	1.8870243280563872	0	0.470406915118283	0.4598818940918754	0.00228251660835114	-0.00011388338520045619	35227729837695535e-21	1.0520924701719292
0.3534291735288518	0.692234114154986	1.8763826718449683	0	0.47143844886154074	0.45980784710853406	0.0023784106878483357	-0.0001131603445861722	3497060558341332e-20	1.050140123906
0.3691371367968007	0.7216216529752836	1.8652780462861882	0	0.47252170390027676	0.4597297626106269	0.002472930937656718	-0.00011240509260034184	3470170036024275e-20	1.048378259932817
0.3848451000647497	0.7508311424505661	1.8537131912802416	0	0.47365736500063954	0.45964754263160645	0.0025660221157914553	-0.00011161770767157845	3442099453468335e-20	1.0467832217311352
0.40055306333269863	0.7798553755763765	1.8416909602820526	0	0.4748461560571884	0.45956108322300926	0.002657629715497277	-0.00011079826921595127	3412846565126245e-20	1.0453352146734842
0.4162610266006476	0.80868719105749	1.829214319597227	0	0.4760888412870656	0.4594702741454193	0.0027476999920284908	-0.00010994685735729618	33824088188548295e-21	1.044017543841813
0.4319689898685966	0.8373194750748563	1.8162863476501625	0	0.4773862265495831	0.4593749985504969	0.0028361799887972666	-0.0001090635526108887	3350783328363998e-20	1.042816028729181
0.44767695313654554	0.8657451630408279	1.8029102342244914	0	0.47873916078423545	0.4592751326487512	0.00292301756287255	-0.00010814843553385472	3317966842698173e-20	1.041718547779525
0.46338491640449453	0.8939572413422423	1.7890892796760502	0	0.4801485375651582	0.459170545359048	0.003008161409807787	-0.00010720158634389324	3283955712799276e-20	1.040714679797118
0.4790928796724435	0.9219487490709248	1.7748268941185663	0	0.4816152967733554	0.45906109793657657	0.003091561087772961	-0.0001062230845067339	3248745855106258e-20	1.0397954187074745
0.49480084294039245	0.9497127797411892	1.760126596582264	0	0.48314042639034677	0.4589466435764271	0.003173167040963642	-0.00010521300829188279	32123327120827154e-21	1.0389529445503638
0.5105088062083414	0.9772424829939098	1.7449920141455944	0	0.48472496441862223	0.4588270269901187	0.003252930622258012	-0.00010417143429561494	3174711209506871e-20	1.038180438087099
0.5262167694762904	1.004531066286745	1.7294268810403102	0	0.48637000093570226	0.4587020839524574	0.0033308041150911824	-0.00010309843692975942	3135875710318267e-20	1.0374719295744799
0.5419247327442394	1.031571796570095	1.7134350377300993	0	0.48807668028981627	0.4585716408160816	0.003406740754514208	-0.00010199408787443703	3095819964781915e-20	1.036822174553328
0.5576326960121883	1.0583580019483814	1.6970204299630072	0	0.48984620344634894	0.458435513990918	0.0034806947474037976	-0.00010085845549248419	30545370566811746e-21	1.0362265511857327
0.5733406592801373	1.0848830733262376	1.6801871077978836	0	0.4916798304953218	0.45829350938561286	0.0035526212917866254	-996916042031348e-19	30120193452289716e-21	1.0356809748997844
0.5890486225480862	1.1111404660392044	1.6629392246050905	0	0.49357888333130356	0.4581454218077805	0.003622476595240691	-9849359381214356e-20	2968258402340236e-20	1.0351818270559536
0.6047565858160352	1.1371237014685278	1.6452810360417196	0	0.49554474851834546	0.4579910343196656	0.0036902178923340287	-9726447879520542e-20	2923244944868806e-20	1.034725895037479
0.6204645490839842	1.1628263686396612	1.627216899001574	0	0.49757888035381376	0.45783011754550085	0.00375580346105845	-9600430753124187e-20	2876968761369754e-20	1.0343103217125786
0.6361725123519332	1.1882421258040772	1.608751270540169	0	0.4996828041463829	0.457662428926525	0.0038191926382144213	-9471312148181544e-20	2829418632905832e-20	1.0339325626312423
0.6518804756198822	1.2133647020039995	1.58988870677502	0	0.5018581197249661	0.4574877119192293	0.0038803458336994752	-9339095431248822e-20	27805822473519187e-21	1.0335903496456376
0.6675884388878311	1.2381878986196682	1.5706338617614897	0	0.5041065051970438	0.4573056951319874	0.003939224543650232	-9203783095153254e-20	27304461066039858e-21	1.0332816598940648
0.68329640215578	1.2627055908987554	1.550991486344469	0	0.5064297209766989	0.4571160913947445	0.0039957913623845055	-9065376658110311e-20	2678995426035064e-20	1.033004689282794
0.699004365423729	1.2869117294675578	1.5309664269861762	0	0.5088296141047203	0.4569185967559113	0.004050009993085811	-8923876555527655e-20	2626214025451697e-20	1.0327578297794622
0.714712328691678	1.3108003418235878	1.510563624570367	0	0.511308122885446	0.45671288940001276	0.004101845257168841	-8779282023904781e-20	2572084210752473e-20	1.0325396499199329
0.730420291959627	1.3343655338091995	1.489788113183244	0	0.5138672818675416	0.45649862847900446	0.004151263102259427	-8631590976168298e-20	25165866453759347e-21	1.032348878088395
0.746128255227576	1.3576014910658836	1.468645018871371	0	0.5165092271988053	0.45627545284939264	0.004198230608717038	-8480799867712764e-20	24597002105308327e-21	1.0321843881535235
0.7618362184955249	1.3805024804688744	1.4471395583768987	0	0.5192362023882691	0.45604297970651864	0.00424271599462175	-8326903552360883e-20	24014018530944477e-21	1.0320451871580534
0.7775441817634738	1.4030628515417114	1.4252770378504107	0	0.5220505645124727	0.45580080310640403	0.0042846886191410275	-8169895127364458e-20	2341666419929349e-20	1.0319304047909603
0.7932521450314228	1.425277037850411	1.4030628515417114	0	0.5249547909068387	0.4555484923645541	0.004324118984183357	-8009765766487447e-20	22804664772316527e-21	1.0318392844196804
0.8089601082993718	1.447139558376899	1.3805024804688744	0	0.527951486387625	0.4552855903199329	0.004360978734237938	-7846504540107708e-20	22177721133521368e-21	1.0317711755094987
0.8246680715673208	1.468645018871371	1.3576014910658833	0	0.531043391055095	0.4550116114510454	0.004395240654288192	-7680098221179078e-20	2153550723362328e-20	1.0317255272727313
0.8403760348352697	1.489788113183244	1.3343655338091993	0	0.5342333887343602	0.4547260398295814	0.004426878665677553	-7510531075751555e-20	2087766773411822e-20	1.0317018834321796
0.8560839981032187	1.5105636245703673	1.3108003418235878	0	0.5375245161169618	0.45442832689542967	0.00445586781979093	-7337784636637419e-20	20203815427086178e-21	1.0316998779972744
0.8717919613711677	1.5309664269861762	1.2869117294675578	0	0.5409199726737436	0.45411788903502304	0.004482184289403249	-7161837458659077e-20	19513528406790106e-21	1.0317192319794763
0.8874999246391166	1.550991486344469	1.2627055908987552	0	0.5444231314181207	0.45379410494285577	0.004505805357527322	-6982664853708285e-20	1880634696545413e-20	1.0317597509822996
0.9032078879070656	1.57063386176149	1.238187898619668	0	0.5480375506085683	0.45345631274363374	0.004526709403576368	-6800238603719774e-20	18081770182526803e-21	1.0318213236232174
0.9189158511750146	1.5898887067750203	1.2133647020039993	0	0.5517669864902687	0.45310380684984297	0.004544875886633973	-6614526649405629e-20	17339252172464382e-21	1.0319039207660445
0.9346238144429635	1.608751270540169	1.188242125804077	0	0.5556154071886155	0.4527358345264192	0.004560285325599478	-6425492752370816e-20	1657819795177871e-20	1.032007595535675
0.9503317777109125	1.627216899001574	1.1628263686396612	0	0.5595870078818649	0.45235159213074505	0.0045729192759489876	-6233096127979643e-20	15797958881026255e-21	1.0321324841272352
0.9660397409788615	1.6452810360417196	1.1371237014685278	0	0.5636862273970634	0.45195022099220994	0.004582760302818416	-6037291046026954e-20	14997827631387743e-21	1.0322788074104081
0.9817477042468105	1.6629392246050905	1.1111404660392044	0	0.567917766392763	0.451530802891033	0.004589791950078913	-5838026395937208e-20	14177032618978719e-21	1.03244687336234
0.9974556675147594	1.6801871077978838	1.0848830733262373	0	0.572286607314464	0.4510923550908603	0.004593998705029275	-5635245212841025e-20	13334731842383285e-21	1.0326370803580454
1.0131636307827083	1.6970204299630074	1.0583580019483811	0	0.5767980363346891	0.4506338248736981	0.004595365958282164	-5428884160433887e-20	12470006049782084e-21	1.0328499213825328
1.0288715940506574	1.7134350377300995	1.0315717965700946	0	0.5814576675197966	0.45015408351890307	0.004593879958359434	-5218872966041801e-20	11581851152166116e-21	1.0330859892205635
1.0445795573186063	1.7294268810403102	1.004531066286745	0	0.5862714695007718	0.4496519196601152	0.004589527760446302	-5005133802781384e-20	10669169787455983e-21	1.0333459827181275
1.0602875205865552	1.7449920141455941	0.9772424829939099	0	0.5912457949663111	0.44912603194491907	0.004582297168672544	-47875806130336554e-21	9730761926390571e-21	1.0336307142154866
1.0759954838545043	1.760126596582264	0.9497127797411891	0	0.5963874133446032	0.4485750209115964	0.004572176671196428	-45661183667601346e-21	876531439582924e-20	1.033941118277891
1.0917034471224532	1.7748268941185665	0.9219487490709247	0	0.6017035470966904	0.44799737998516864	0.004559155367257314	-4340642247369055e-20	7771389176645409e-21	1.034278261870357
1.1074114103904023	1.7890892796760502	0.893957241342242	0	0.607201912110838	0.4473914854808987	0.0045432228852334035	-4111036756866205e-20	6747410312373246e-21	1.0346433561576234
1.1231193736583511	1.8029102342244914	0.8657451630408278	0	0.612890762765968	0.44675558548703664	0.0045243692905888215	-387717473096219e-19	56916492401765096e-22	1.0350377701309927
1.1388273369263	1.8162863476501625	0.8373194750748563	0	0.6187789423253997	0.446087787479559	0.004502584982412121	-3638916253535548e-20	4602208326910039e-21	1.0354630463109722
1.154535300194249	1.8292143195972272	0.8086871910574899	0	0.6248759394329673	0.4453860444993405	0.004477860577033763	-3396107458396078e-20	3477002359746424e-21	1.0359209188108152
1.170243263462198	1.8416909602820526	0.7798553755763765	0	0.6311919516158133	0.4446481396961215	0.004450186776950742	-31485792045717594e-21	23137377012449084e-22	1.036413334091806
1.185951226730147	1.8537131912802418	0.7508311424505659	0	0.6377379568564275	0.4438716690130049	0.0044195542229786685	-2896145609363782e-20	1109888772920757e-21	1.0369424748138616
1.201659189998096	1.8652780462861882	0.7216216529752835	0	0.6445257944867175	0.4430540217491079	0.004385953327178035	-263860242104161e-19	-13732852319328798e-23	1.0375107872284732
1.2173671532660448	1.8763826718449683	0.692234114154986	0	0.6515682568862156	0.4421923586954446	0.004349374083651464	-2375725210236533e-20	-1430986899572061e-21	1.038121012664649
1.233075116533994	1.8870243280563872	0.6626757769251418	0	0.658879193744137	0.44128358748871666	0.004309805853762092	-21072673557735226e-21	-2774481825285102e-21	1.0387762237311846
1.2487830798019428	1.8972003892510092	0.6329539343631723	0	0.6664736309823536	0.4403243347678305	0.004267237121656387	-18329577966064517e-21	-4171570336005473e-21	1.0394798659765005
1.264491043069892	1.9069083446380026	0.6030759198889911	0	0.6743679068479277	0.43931091464681593	0.004221655215157644	-15524985166314537e-21	-5626415240459494e-21	1.040235805874259
1.2801990063378408	1.9161457989246384	0.5730491054555965	0	0.6825798281881875	0.4382392929327672	0.004173045986092408	-12655617231116422e-21	-7143635580769685e-21	1.0410483861430773
1.2959069696057899	1.9249104729072946	0.5428808997301482	0	0.6911288505418918	0.43710504641567893	0.004121393442870025	-9717866719606767e-21	-872836435945125e-20	1.0419224895893568
1.3116149328737388	1.9332002040338148	0.5125787462659931	0	0.7000362864471485	0.43590331643476476	0.0040666793265929325	-6707760837666345e-21	-10386314733573342e-21	1.0428636128577913
1.3273228961416876	1.941012946937085	0.48215012166607735	0	0.709325547319379	0.4346287557785873	0.004008882620051741	-3620920825318829e-21	-12123856105201095e-21	1.043877951703916
1.3430308594096367	1.9483467739396987	0.45160253373820713	0	0.7190224254413038	0.4332754677982358	0.003947978976545514	-4525157384557825e-22	-13948101817873952e-21	1.0449724996698257
1.3587388226775856	1.9551998755295814	0.42094351964261123	0	0.7291554240975946	0.4318369363968597	0.0038839400524273916	28027904055681142e-22	-15867010514969225e-21	1.0461551623355885
1.3744467859455347	1.9615705608064609	0.3901806440322562	0	0.7397561457656837	0.4303059452961404	0.0038167327234252106	6150899409045419e-21	-17889503648438643e-21	1.0474348896534396
1.3901547492134836	1.9674572578990719	0.35932149718638495	0	0.7508597506550536	0.42867448465946256	0.003746318159887502	9598349237252414e-21	-20025602171504906e-21	1.0488218292107283
1.4058627124814325	1.9728585143529909	0.3283736931377259	0	0.7625055009204827	0.4269336427586017	0.003672650729839174	13152396022384196e-21	-22286586144089902e-21	1.050327503626725
1.4215706757493816	1.9777729974890093	0.2973448677938457	0	0.7747374097607479	0.42507347988779576	0.0035956766906824	1682111045508984e-20	-246851818791502e-19	1.0519650156046039
1.4372786390173304	1.9821994947319497	0.26624267705310467	0	0.7876050196213655	0.4230828811335767	0.0035153326199878518	20613492151102424e-21	-2723578243732934e-20	1.0537492843752494
1.4529866022852795	1.9861369139098526	0.23507479491567496	0	0.8011643402091119	0.4209493838723255	0.003431543522353	2453960677092851e-20	-2995470884891873e-20	1.0556973172881094
1.4686945655532284	1.989584283523453	0.20384891159009993	0	0.8154789854855331	0.4186589749543339	0.003344220531774481	28610752330836672e-21	-3286052157148933e-20	1.057828519911066
1.4844025288211773	1.9925407529858825	0.17257273159584677	0	0.8306215598996973	0.41619585139824666	0.003253258106083756	32839663477589846e-21	-3597439462633287e-20	1.0601650469231423
1.5001104920891264	1.9950055928325403	0.14125397186233313	0	0.8466753587518753	0.4135421370072516	0.003158530579997104	372407658076532e-19	-3932056897635301e-20	1.0627321938191672
1.5158184553570753	1.9969781949010759	0.10990035982489144	0	0.8637364669881119	0.4106775455594447	0.0030598879039390415	4183049703359545e-20	-4292690759404299e-20	1.0655588252221073
1.5315264186250244	1.9984580724814458	0.07851963151813689	0	0.8819163666092927	0.4075789790367632	0.0029571503440082654	4662771859543985e-20	-4682558323696958e-20	1.068677828308833
1.5472343818929732	1.9994448604360011	0.04711952966722016	0	0.9013451975702224	0.4042200466431862	0.00285010185034753	5165425117536914e-20	-510539426593576e-19	1.072126567760982
1.5629423451609221	1.9999383152895793	0.0157078017774227	0	0.9221758637454733	0.40057048701651965	0.0027384817117345733	5693558202869503e-20	-5565561021757071e-20	1.0759472995545445
1.5786503084288712	1.9999383152895793	-0.0157078017774229	0	0.9445892386336284	0.39659547194927613	0.0026219739970855553	6250181350281274e-20	-60681923533483524e-21	1.0801874720665186
1.59435827169682	1.9994448604360011	-0.04711952966722036	0	0.9688008109417371	0.3922547650042889	0.0025001941319085434	683889544924598e-19	-6619384082461703e-20	1.0848998021719913
1.6100662349647692	1.9984580724814458	-0.07851963151813754	0	0.995069226166139	0.3875017025677425	0.002372671760022261	7464070646112986e-20	-7226453558219461e-20	1.0901419618347965
1.625774198232718	1.9969781949010759	-0.10990035982489163	0	1.0237073377948238	0.38228195807742926	0.002238828786434485	8131097454068076e-20	-7898302098595859e-20	1.0959756564996055
1.641482161500667	1.99500559283254	-0.14125397186233332	0	1.0550965958910712	0.376532042280012	0.0020979511710759596	8846746286336545e-20	-8645936379163942e-20	1.1024648507200958
1.657190124768616	1.9925407529858825	-0.172572731595847	0	1.0897058928767682	0.3701774828498179	0.0019491526218396026	9619693020768688e-20	-9483243166105745e-20	1.1096729736610718
1.672898088036565	1.989584283523453	-0.20384891159010013	0	1.12811638863609	0.36313061340876884	0.0017913277728261626	0.0001046130601203171	-0.00010428181738165767	1.1176592757602142
1.688606051304514	1.9861369139098526	-0.2350747949156756	0	1.17105440498246	0.3552878781920008	0.001623091618513796	0.00011386857847247816	-0.00011504689221393513	1.1264754072440548
1.704314014572463	1.9821994947319495	-0.26624267705310484	0	1.2194353225475203	0.3465265056338285	0.0014427006182505205	0.0001252721412332732	-0.00012871941467022712	1.1507788411549054
1.7200219778404118	1.9777729974890093	-0.29734486779384595	0	1.2767324024296969	0.33609405936235515	0.0012446935785373836	0.0003400950348874109	-0.0003898661259170901	4.242923904515069
1.7357299411083609	1.9728585143529909	-0.3283736931377261	0	1.5190829175568663	0.28760057213157264	0.0003838756991698965	0.00046063673177209745	0.000553828073251737	0.7288308551955149
1.7514379043763098	1.9674572578990717	-0.3593214971863851	0	1.692220493983783	0.2549350556672245	-0.00021456679279114994	0.00042274590730084294	0.0005549855579022624	1.240498534289648
1.7671458676442588	1.9615705608064609	-0.39018064403225683	0	1.910611821673216	0.2137719987326625	-0.0009976475350479447	0.0005270567047811836	0.0007848498947746541	1.127694979289065
1.7828538309122077	1.9551998755295814	-0.42094351964261145	0	2.154626035889278	0.16644741794577111	-0.0020111545056060347	0.0006052638551585775	0.0010923734833851503	1.015615655005684
1.7985617941801568	1.9483467739396987	-0.45160253373820775	0	2.4001930331282515	0.11867972329138321	-0.003196012475361197	0.0005987481818671508	0.0013875371243075646	0.9729468955340385
1.8142697574481057	1.941012946937085	-0.4821501216660775	0	2.638471279949303	0.07664913302902288	-0.00436059960551128	0.0005008997342764602	0.0015137316717294428	0.9365573927812585
1.8299777207160546	1.9332002040338145	-0.5125787462659933	0	2.8597475657761757	0.04423911839206118	-0.005288466244270919	0.00036448362612806327	0.001388835856277804	0.8657359301172474
1.8456856839840037	1.9249104729072946	-0.5428808997301487	0	3.0493609022472272	0.021542338661401095	-0.005906304552200732	0.0002466981220420633	0.001112975003460681	0.8272605919756124
1.8613936472519526	1.9161457989246382	-0.5730491054555967	0	3.2058028768383546	0.005955390375452119	-0.006281005530544601	0.00016870587836957492	0.0008451262151986743	0.8441550007100566
1.8771016105199017	1.9069083446380024	-0.6030759198889918	0	3.338415432041936	-0.0053043833625993075	-0.0065050859649462	0.00012328137635451384	0.0006544231568610961	0.8870399580281714
1.8928095737878505	1.8972003892510092	-0.6329539343631724	0	3.456706185376342	-0.014071270916459877	-0.006641444823987804	9718399481030944e-20	0.0005318869109385881	0.925672580255999
1.9085175370557994	1.8870243280563872	-0.662675776925142	0	3.5666560884813485	-0.02133548030733079	-0.006724250509145873	8113919247385205e-20	0.0004508145906649193	0.9506356081448505
1.9242255003237485	1.876382671844968	-0.6922341141549863	0	3.6714369809252227	-0.027599920125583655	-0.006771071769935484	7021378385006502e-20	0.0003918664806732423	0.964819523848314
1.9399334635916974	1.8652780462861882	-0.7216216529752837	0	3.7726744997034953	-0.03312622871067483	-0.0067912664018896455	6203202478658442e-20	0.00034450621319657076	0.9727825102920402
1.9556414268596465	1.8537131912802414	-0.7508311424505665	0	3.871239874648886	-0.03806158093610057	-0.006790261766578559	5545672410737118e-20	0.00030348520137174245	0.9777237916233112
1.9713493901275954	1.8416909602820524	-0.7798553755763767	0	3.9676827985923335	-0.04249430343222993	-0.006743780820463034	4984482941239285e-20	0.00026561976035942585	0.9812376967270015
1.9870573533955442	1.829214319597227	-0.80868719105749	0	4.0623114806473986	-0.04646565145226378	-0.006674577588357791	44753121719158776e-21	0.00022841836050941654	0.9808579842863722
2.0027653166634933	1.8162863476501625	-0.8373194750748565	0	4.155124413355518	-0.049998921373598626	-0.006613097979175418	40155988546728577e-21	0.00019240140578432303	0.9816329981850357
2.018473279931442	1.8029102342244914	-0.8657451630408279	0	4.246272731478075	-0.0531496474386941	-0.006554099642402784	36213398667920616e-21	0.00015957115568899577	0.9836885227782494
2.034181243199391	1.7890892796760502	-0.8939572413422422	0	4.335979558550917	-0.05597344429065587	-0.006494515629178129	3288374760634485e-20	0.0001302150414621844	0.9856714833807441
2.0498892064673404	1.774826894118566	-0.9219487490709253	0	4.42444261047708	-0.0585175339263706	-0.00643258513641328	30060638505742308e-21	0.0001039205871067349	0.9873711020804771
2.0655971697352893	1.7601265965822637	-0.9497127797411896	0	4.511826409557378	-0.060819554032534806	-0.006367313746016047	2768476851916286e-20	8056191496544686e-20	0.9889810111999542
2.081305133003238	1.7449920141455941	-0.9772424829939101	0	4.598279534371382	-0.06292231201696452	-0.006308813835387232	25729617263912683e-21	60219018511214894e-21	0.9901945818715101
2.097013096271187	1.7294268810403102	-1.004531066286745	0	4.683923368067774	-0.06486387667837645	-0.006262890935350283	2415396587803398e-20	4277576292528665e-20	0.991963582490021
2.112721059539136	1.7134350377300993	-1.0315717965700948	0	4.7689156023721555	-0.066675644662048	-0.006214909698146394	22872408996996976e-21	2763479296489736e-20	0.9933763844885165
2.1284290228070852	1.697020429963007	-1.0583580019483818	0	4.853368483480818	-0.06837839051348182	-0.006164739511260165	21787254607358617e-21	14014799149110644e-21	0.9944294646564071
2.144136986075034	1.6801871077978836	-1.0848830733262378	0	4.937369246155796	-0.06998708680415677	-0.006112263953708456	20846348131484225e-21	15107848090264135e-22	0.9953430222789442
2.159844949342983	1.6629392246050902	-1.1111404660392046	0	5.020993715486234	-0.07151300052535214	-0.006057373795124749	2001504025978422e-20	-10144820794899063e-21	0.99620246889178
2.175552912610932	1.6452810360417196	-1.137123701468528	0	5.104313019573649	-0.07296482345512545	-0.005999966026351631	1926905472835977e-20	-2113874785775038e-20	0.9970462134822398
2.1912608758788807	1.627216899001574	-1.1628263686396612	0	5.187396732289694	-0.07434935858833369	-0.00593994228179143	185905602401288e-19	-3160807347735401e-20	0.9978943614318434
2.20696883914683	1.6087512705401685	-1.1882421258040776	0	5.270314497619992	-0.07567195455673204	-0.005877206615048427	17966111505803418e-21	-4165607508213076e-20	0.9987420096460345
2.222676802414779	1.5898887067750198	-1.2133647020039997	0	5.3531357074036645	-0.07693683907400661	-0.005811667876367358	17385513389255797e-21	-5136056527478165e-20	0.9995756634635445
2.238384765682728	1.5706338617614897	-1.2381878986196682	0	5.435928525217328	-0.07814736654475796	-0.005743243230613084	1684092541839856e-20	-607808015198619e-19	1.0003881086809905
2.2540927289506767	1.550991486344469	-1.2627055908987554	0	5.518759355059257	-0.0793061934498186	-0.0056718597177821345	1632630697616974e-20	-6996162049820291e-20	1.001159126832578
2.2698006922186256	1.5309664269861762	-1.2869117294675578	0	5.6016913437661024	-0.08041543245875626	-0.005597458524232989	15837087356120514e-21	-7893571486790744e-20	1.0018712767804123
2.285508655486575	1.5105636245703669	-1.3108003418235883	0	5.684783042070355	-0.08147677548819199	-0.005519998492966397	15369869840351265e-21	-8772584040508185e-20	1.0025051367101874
2.3012166187545238	1.4897881131832438	-1.3343655338091995	0	5.768086894906564	-0.08249159966420716	-0.005439459824759546	14922197257278195e-21	-9634661638792443e-20	1.0030459859525058
2.3169245820224726	1.4686450188713709	-1.3576014910658838	0	5.851648042116487	-0.08346105125487502	-0.005355846499214351	14492365446641345e-21	-0.00010480599528140685	1.0034782900945494
2.3326325452904215	1.4471395583768987	-1.3805024804688744	0	5.935503019951037	-0.08438612080491026	-0.005269188626018782	14079293566361397e-21	-0.00011310626653163941	1.0037890817320843
2.3483405085583704	1.425277037850411	-1.4030628515417114	0	6.01967861523354	-0.08526770721011578	-0.005179544011388583	13682373945512783e-21	-0.0001212453759749506	1.003971389885197
2.3640484718263197	1.403062851541711	-1.4252770378504112	0	6.104191152961051	-0.08610666568928782	-0.005086998183910435	13301325157257551e-21	-0.0001292183028666928	1.0040229603377353
2.3797564350942686	1.380502480468874	-1.4471395583768991	0	6.189046140630712	-0.08690384242383087	-0.004991663189312036	1293608434086457e-20	-0.00013701809297849053	1.0039441975892756
2.3954643983622175	1.3576014910658833	-1.468645018871371	0	6.2742381226312185	-0.08766010041638117	-0.0048936756495367145	12586729422534028e-21	-0.00014463662283825248	1.00373777544169
2.4111723616301663	1.3343655338091993	-1.489788113183244	0	6.359750725314345	-0.08837633801229272	-0.00479319422330649	12253416131695584e-21	-0.00015206523989051194	1.0034081789443425
2.4268803248981152	1.3108003418235878	-1.510563624570367	0	6.445556871566346	-0.08905350117805455	-0.004690396608099741	1193632822110648e-20	-0.00015929528486323847	1.0029611416255413
2.4425882881660645	1.2869117294675574	-1.5309664269861767	0	6.531619133989004	-0.08969259071527957	-0.004585476246032967	1163563852395793e-20	-0.00016631851333294935	1.0024033563788077
2.4582962514340134	1.262705590898755	-1.5509914863444692	0	6.617890214684308	-0.0902946650775176	-0.004478638844178019	1135147761414269e-20	-0.00017312744511619756	1.001742274524072
2.4740042147019623	1.2381878986196677	-1.57063386176149	0	6.704313544259246	-0.09086083923667454	-0.004370098802934308	11083909312415807e-21	-0.00017971564491844693	1.0009858260794129
2.489712177969911	1.2133647020039993	-1.58988870677502	0	6.7908239832496795	-0.0913922801610102	-0.004260075658597052	10832912993306933e-21	-0.00018607793084742685	1.0001421506664563
2.50542014123786	1.1882421258040772	-1.608751270540169	0	6.8773486062458575	-0.09189019947064825	-0.004148790639191046	10598372334440399e-21	-0.00019221051159356393	0.9992193039080395
2.5211281045058094	1.1628263686396607	-1.6272168990015743	0	6.963807542459759	-0.09235584391521234	-0.004036463427163365	10380073848266822e-21	-0.00019811101254409733	0.9982242435820916
2.5368360677737583	1.1371237014685276	-1.6452810360417198	0	7.050114783996165	-0.0927904855899534	-0.003923309316917493	10177720410684799e-21	-0.00020377832997776183	0.9971613397656839
2.552544031041707	1.1111404660392044	-1.6629392246050907	0	7.136178834442045	-0.09319541473372006	-0.0038095369877938065	9990951058758293e-21	-0.00020921240846027468	0.9960328576192177
2.568251994309656	1.0848830733262376	-1.6801871077978838	0	7.221903235015708	-0.09357193477528836	-0.0036953467871102177	9819348378855547e-21	-0.0002144141510884641	0.9948411272442823
2.583959957577605	1.0583580019483814	-1.6970204299630072	0	7.3071871467511125	-0.09392135623592002	-0.003580929193624238	9662434036783006e-21	-0.00021938545976435327	0.993588948221901
2.599667920845554	1.0315717965700943	-1.7134350377300995	0	7.391926021036089	-0.0942449886275114	-0.0034664634109423478	951967277275942e-20	-0.00022412917892282975	0.9922773978896688
2.615375884113503	1.0045310662867446	-1.7294268810403104	0	7.476012178189848	-0.09454413374351678	-0.003352116367051653	9390486642562525e-21	-0.0002286489215726393	0.9909058050526379
2.631083847381452	0.9772424829939097	-1.7449920141455944	0	7.5593352904402185	-0.09482008072170633	-0.003238042086416801	9274263829443392e-21	-0.0002329489539361187	0.9894730682894599
2.646791810649401	0.9497127797411892	-1.760126596582264	0	7.641782876534577	-0.09507410094846735	-0.0031243812431163646	917036582882162e-20	-0.00023703409698670944	0.9879764804338715
2.6624997739173497	0.9219487490709248	-1.7748268941185663	0	7.723240719612199	-0.0953074443527161	-0.0030112609909377654	9078136907627208e-21	-0.00024090960148282446	0.9864121058278366
2.678207737185299	0.8939572413422416	-1.7890892796760505	0	7.803593244175509	-0.09552133662783735	-0.002898794990784837	8996909078699298e-21	-0.0002445810734016755	0.9847754249436131
2.693915700453248	0.8657451630408275	-1.8029102342244916	0	7.882723910100317	-0.09571697633693921	-0.002787083538637958	892600564151232e-20	-0.00024805441590347664	0.9830608000500892
2.709623663721197	0.8373194750748559	-1.8162863476501627	0	7.960515590539132	-0.09589553242132509	-0.002676213817011841	8864744938778598e-21	-0.0002513357694402305	0.98126169808698
2.7253316269891457	0.80868719105749	-1.8292143195972272	0	8.036850958778091	-0.09605814169693672	-0.0025662602230771816	8812445322935247e-21	-0.00025443143875004444	0.9793696611730583
2.7410395902570945	0.7798553755763766	-1.8416909602820524	0	8.11161281996873	-0.09620590743418123	-0.002457284823640278	8768429348835481e-21	-0.000257347829446949	0.9773751779345492
2.756747553525044	0.7508311424505656	-1.8537131912802418	0	8.184684468116009	-0.09633989774096685	-0.002349337835969474	8732026840957254e-21	-0.00026009139833153464	0.9752665797506658
2.7724555167929927	0.7216216529752832	-1.8652780462861884	0	8.2559500073761	-0.09646114469195621	-0.0022424581804456225	8702578033347946e-21	-0.00026266860392383366	0.9730304698883973
2.7881634800609416	0.6922341141549857	-1.8763826718449683	0	8.325294692251989	-0.09657064337904886	-0.00213667404218907	867943520400214e-20	-0.0002650858752492841	0.9706511145244082
2.8038714433288905	0.6626757769251419	-1.8870243280563872	0	8.392605270047218	-0.0966693510751011	-0.002032003447029084	8661967676831645e-21	-0.00026734954320946017	0.9681082982994828
2.8195794065968394	0.6329539343631724	-1.8972003892510092	0	8.45777022181096	-0.09675818834183181	-0.0019284549234113663	864956145761796e-20	-0.0002694658343696068	0.9653811604302001
2.8352873698647887	0.6030759198889908	-1.9069083446380026	0	8.520680198675825	-0.0968380374219372	-0.0018260280184686293	8641621019528075e-21	-0.0002714408412198734	0.9624412127561288
2.8509953331327376	0.5730491054555962	-1.9161457989246384	0	8.581228252413293	-0.09690974398685448	-0.0017247139557182017	8637573395105628e-21	-0.00027328046707033937	0.9592563231173264
2.8667032964006864	0.5428808997301483	-1.9249104729072946	0	8.639310196515021	-0.09697411769541053	-0.001624496198110461	863686254958947e-20	-0.0002749904831898292	0.955790851636882
2.8824112596686353	0.5125787462659932	-1.9332002040338145	0	8.694825163122829	-0.09703192995726351	-0.0015253508905020044	863895844759715e-20	-0.0002765764185349321	0.9519907063390021
2.898119222936584	0.48215012166607746	-1.941012946937085	0	8.74767561098571	-0.09708392081260597	-0.001427247603638303	8643366676347287e-21	-0.0002780434437664565	0.9477930495094654
2.9138271862045335	0.4516025337382068	-1.948346773939699	0	8.797767558790948	-0.09713080571779587	-0.0013301499334821825	864962088498851e-20	-0.0002793964529745158	0.943125521608455
2.9295351494724824	0.42094351964261095	-1.9551998755295814	0	8.845011158191351	-0.09717328069474485	-0.001234015938303901	8657284055592399e-21	-0.0002806400449702788	0.9378917831146512
2.9452431127404313	0.39018064403225633	-1.9615705608064609	0	8.889321092420268	-0.09721203550308988	-0.0011387986878910465	866595990377067e-20	-0.00028177838893978587	0.931965488008563
2.96095107600838	0.35932149718638506	-1.9674572578990719	0	8.930616924708614	-0.09724777952172758	-0.0010444468883511718	8675296902823928e-21	-0.00028281517515601546	0.9251964623136473
2.976659039276329	0.328373693137726	-1.9728585143529909	0	8.968824127440294	-0.09728128044344608	-0.0009509053776883507	8685019682285213e-21	-0.0002837532517240574	0.9173430122085728
2.9923670025442783	0.29734486779384545	-1.9777729974890093	0	9.003873629045737	-0.09731347147029323	-0.0008581163372489815	8694992271588741e-21	-0.00028459389548577606	0.90806440891139
3.008074965812227	0.26624267705310434	-1.9821994947319497	0	9.035701190477056	-0.0973456798009803	-0.0007660209385299024	8705283716101347e-21	-0.00028533605474117635	0.8969550103881784
3.023782929080176	0.2350747949156751	-1.9861369139098526	0	9.064249377970217	-0.0973800993226418	-0.000674561290459575	8716373687276087e-21	-0.00028597398106212517	0.8832961871997325
3.039490892348125	0.20384891159010005	-1.989584283523453	0	9.089466091792291	-0.09742103760750953	-0.0005836855230232113	8729689114453867e-21	-0.00028649104631290695	0.8658670811161645
3.0551988556160743	0.17257273159584602	-1.9925407529858825	0	9.111300406519254	-0.09747838607460646	-0.0004933589660035013	8749012378403726e-21	-0.0002868434898451003	0.841956218975464
3.070906818884023	0.1412539718623328	-1.9950055928325403	0	9.129683386021997	-0.09757871360041726	-0.0004035931061172866	8784479557925386e-21	-0.0002869140731673892	0.8070888188254366
3.086614782151972	0.10990035982489112	-1.9969781949010759	0	9.144518419702738	-0.09780631432782538	-0.00031452316238297424	8863748604443183e-21	-0.0002863807370896261	0.8143941001894514
3.102322745419921	0.07851963151813701	-1.9984580724814458	0	9.156599567877203	-0.09848541650024412	-0.00022660856122116123	9055432455809951e-21	-0.0002844166438387086	2.555835246148419
3.11803070868787	0.047119529667220286	-1.9994448604360011	0	9.187515912051758	-0.10122669127942485	-0.00014096155113221275	9342782626899229e-21	-0.00028074807109943075	0
3.133738671955819	0.015707801777421936	-1.9999383152895793	0	9.968564414858145	-0.11906447872691317	-55897331686421815e-21	6103951318314964e-21	-0.00022152426685420547	0
