#x 	#ue 	#uex 	#uet 	#del 	#E 	#cf 	#Csep 
0.007853981633974483	0.01570780177742267	1.9999383152895793	0	0.47763685781057524	0.46535456453907864	5445810048153582e-20	0.999999999999998
0.02356194490192345	0.04711952966722031	1.9994448604360011	0	0.44907059507406716	0.4579117673679767	0.0001686852227954497	-0.22372757148219194
0.039269908169872414	0.07851963151813722	1.9984580724814458	0	0.45546149358663673	0.45923865424175814	0.00027861475379541107	0.4778928259730224
0.05497787143782139	0.1099003598248915	1.9969781949010759	0	0.45851566422771534	0.4600993308261885	0.00038869290617005945	0.4084318387798078
0.07068583470577035	0.14125397186233338	1.99500559283254	0	0.459763085008868	0.4604268596358869	0.0004988767184488202	0.46969167604328116
0.08639379797371932	0.17257273159584677	1.9925407529858825	0	0.4603489911027815	0.4605269718995979	0.0006089538250869348	0.6548976799601628
0.10210176124166828	0.20384891159010007	1.989584283523453	0	0.46073270407517425	0.46054466467171684	0.0007187688851993821	0.9048362408551391
0.11780972450961726	0.23507479491567532	1.9861369139098526	0	0.4610799049698387	0.4605333058675172	0.0008282094640714265	1.0577516284229502
0.13351768777756623	0.2662426770531047	1.9821994947319497	0	0.4614471589074527	0.4605108314585842	0.0009371891279982379	1.1048236875167996
0.1492256510455152	0.297344867793846	1.9777729974890093	0	0.4618529100946577	0.4604829404773707	0.0010456351984005027	1.1090825633562493
0.16493361431346415	0.3283736931377259	1.9728585143529909	0	0.4623029213178406	0.46045132275542144	0.001153481431130218	1.1022793157642115
0.1806415775814131	0.35932149718638506	1.9674572578990719	0	0.4627989586968876	0.4604164086224287	0.0012606643914903385	1.0940093775576283
0.1963495408493621	0.39018064403225655	1.9615705608064609	0	0.4633416273976288	0.4603782545838859	0.0013671219069215622	1.0865283174462403
0.21205750411731106	0.42094351964261134	1.9551998755295814	0	0.4639312514080688	0.46033681679208094	0.0014727924855444739	1.0801396417721374
0.22776546738526002	0.4516025337382074	1.9483467739396987	0	0.46456812678182274	0.4602920296526858	0.0015776151304282414	1.0747137744101003
0.24347343065320898	0.4821501216660773	1.941012946937085	0	0.4652525846702176	0.4602438251884142	0.0016815293017028612	1.0700694962260657
0.25918139392115797	0.5125787462659933	1.9332002040338145	0	0.46598500139901144	0.4601921358335008	0.0017844749294350297	1.0660538266593869
0.2748893571891069	0.5428808997301485	1.9249104729072946	0	0.46676579635963683	0.4601368933893486	0.001886392442038761	1.062549013564601
0.2905973204570559	0.5730491054555966	1.9161457989246384	0	0.4675954286690897	0.4600780275735057	0.001987222798331274	1.059465429644874
0.3063052837250049	0.6030759198889915	1.9069083446380024	0	0.46847439490650644	0.46001546488339096	0.00208690751960846	1.0567340247683732
0.3220132469929538	0.6329539343631723	1.8972003892510092	0	0.4694032280129727	0.4599491277979977	0.0021853887208472525	1.0543006588640325
0.3377212102609028	0.662675776925142	1.8870243280563872	0	0.47038249703264695	0.4598789342130263	0.0022826091409514004	1.0521221508092402
0.3534291735288518	0.692234114154986	1.8763826718449683	0	0.47141280740499075	0.4598047970153971	0.002378512172143299	1.0501635409919565
0.3691371367968007	0.7216216529752836	1.8652780462861882	0	0.4724948016146361	0.45972662373375717	0.0024730418886084863	1.0483961634702916
0.3848451000647497	0.7508311424505661	1.8537131912802416	0	0.4736291600827943	0.4596443162259476	0.0025661430744654003	1.0467962571370988
0.40055306333269863	0.7798553755763765	1.8416909602820526	0	0.47481660223413186	0.4595577703800191	0.0026577612511003426	1.0453439423042747
0.4162610266006476	0.80868719105749	1.829214319597227	0	0.47605788770305685	0.4594668758146583	0.0027478427038826435	1.0440224511751102
0.4319689898685966	0.8373194750748563	1.8162863476501625	0	0.47735381766093066	0.4593715155702234	0.0028363345082598425	1.0428175390835437
0.44767695313654554	0.8657451630408279	1.8029102342244914	0	0.4787052362560236	0.45927156578463046	0.0029231845552211352	1.0417170273274605
0.46338491640449453	0.8939572413422423	1.7890892796760502	0	0.480113032164197	0.45916689534999056	0.003008341576110813	1.040710443646075
0.4790928796724435	0.9219487490709248	1.7748268941185663	0	0.4815781402520917	0.4590573655468655	0.003091755166768413	1.0397887363710725
0.49480084294039245	0.9497127797411892	1.760126596582264	0	0.48310154335710387	0.4589428296534641	0.003173375810969234	1.038944044929588
0.5105088062083414	0.9772424829939098	1.7449920141455944	0	0.48468427419015464	0.4588231325273293	0.0032531549031353645	1.0381695140160299
0.5262167694762904	1.004531066286745	1.7294268810403102	0	0.4863274173686008	0.45869811015710726	0.0033310447702865234	1.0374591419551524
0.5419247327442394	1.031571796570095	1.7134350377300993	0	0.4880321115877631	0.4585675891819523	0.003406998693196963	1.036807656082921
0.5576326960121883	1.0583580019483814	1.6970204299630072	0	0.48979955194056807	0.4584313863759666	0.003480970926724156	1.0362104096962472
0.5733406592801373	1.0848830733262376	1.6801871077978836	0	0.4916309923958079	0.45828930809491664	0.0035529167192723398	1.0356632963295
0.5890486225480862	1.1111404660392044	1.6629392246050905	0	0.4935277484465712	0.4581411496822281	0.0036227923313527964	1.0351626780725323
0.6047565858160352	1.1371237014685278	1.6452810360417196	0	0.4954911999415003	0.4579866948310005	0.0036905550532013564	1.0347053253326604
0.6204645490839842	1.1628263686396612	1.627216899001574	0	0.4975227941127252	0.457825714898471	0.0037561632214104432	1.034288365989988
0.6361725123519332	1.1882421258040772	1.608751270540169	0	0.4996240488156319	0.4576579681690467	0.0038195762345326493	1.0339092423235856
0.6518804756198822	1.2133647020039995	1.58988870677502	0	0.5017965559970925	0.4574831990616035	0.003880754567608267	1.0335656743608534
0.6675884388878311	1.2381878986196682	1.5706338617614897	0	0.5040419854103513	0.4573011372763749	0.003939659785568751	1.0332556286435934
0.68329640215578	1.2627055908987554	1.550991486344469	0	0.5063620885966018	0.4571114968762422	0.003996254555463084	1.032977291478874
0.699004365423729	1.2869117294675578	1.5309664269861762	0	0.5087587031552171	0.45691397529676636	0.004050502657452368	1.0327290460453862
0.714712328691678	1.3108003418235878	1.510563624570367	0	0.5112337573268728	0.4567082522786823	0.004102368994512233	1.0325094527206524
0.730420291959627	1.3343655338091995	1.489788113183244	0	0.5137892749162456	0.4564939887159658	0.0041518196007803414	1.0323172321929357
0.746128255227576	1.3576014910658836	1.468645018871371	0	0.5164273805837769	0.4562708254118506	0.004198821648479442	1.0321512509505697
0.7618362184955249	1.3805024804688744	1.4471395583768987	0	0.5191503055390956	0.45603838173439226	0.0042433434533421886	1.032010508825189
0.7775441817634738	1.4030628515417114	1.4252770378504107	0	0.5219603936721946	0.4557962541622662	0.004285354478456782	1.0318941283338232
0.7932521450314228	1.425277037850411	1.4030628515417114	0	0.5248601081623963	0.45554401471052963	0.0043248253364459605	1.0318013455876975
0.8089601082993718	1.447139558376899	1.3805024804688744	0	0.5278520386095917	0.4552812092249041	0.004361727789883076	1.03173150258806
0.8246680715673208	1.468645018871371	1.3576014910658833	0	0.5309389087372285	0.4550073555319363	0.004396034749840229	1.0316840407504257
0.8403760348352697	1.489788113183244	1.3343655338091993	0	0.5341235847221677	0.4547219414309913	0.0044277202724533424	1.0316584955614254
0.8560839981032187	1.5105636245703673	1.3108003418235878	0	0.5374090842130074	0.45442442251238835	0.004456759553375824	1.0316544922207966
0.8717919613711677	1.5309664269861762	1.2869117294675578	0	0.5407985861056518	0.45411421978429134	0.004483128919980729	1.0316717422383803
0.8874999246391166	1.550991486344469	1.2627055908987552	0	0.5442954411532592	0.4537907170888953	0.004506805821154442	1.031710040888637
0.9032078879070656	1.57063386176149	1.238187898619668	0	0.547903183497081	0.4534532582861963	0.004527768814508374	1.0317692654917499
0.9189158511750146	1.5898887067750203	1.2133647020039993	0	0.5516255432154732	0.45310114418105907	0.004545997550814266	1.0318493744865325
0.9346238144429635	1.608751270540169	1.188242125804077	0	0.5554664600006685	0.4527336291663735	0.004561472755446507	1.031950407280738
0.9503317777109125	1.627216899001574	1.1628263686396612	0	0.5594300980870286	0.4523499175517409	0.004574176206587533	1.0320724848646745
0.9660397409788615	1.6452810360417196	1.1371237014685278	0	0.563520862570667	0.4519491595434173	0.004584090709922986	1.0322158112090014
0.9817477042468105	1.6629392246050905	1.1111404660392044	0	0.567743417279086	0.45153044683683685	0.0045912000695177224	1.0323806754507683
0.9974556675147594	1.6801871077978838	1.0848830733262373	0	0.5721027043709536	0.4510928077782037	0.004595489054523148	1.0325674549164188
1.0131636307827083	1.6970204299630074	1.0583580019483811	0	0.57660396587117	0.45063520204593144	0.004596943361320559	1.0327766190232426
1.0288715940506574	1.7134350377300995	1.0315717965700946	0	0.5812527673753177	0.4501565147962798	0.00459554957064941	1.0330087341138503
1.0445795573186063	1.7294268810403102	1.004531066286745	0	0.5860550241912694	0.4496555502100825	0.004591295099207062	1.0332644693093676
1.0602875205865552	1.7449920141455941	0.9772424829939099	0	0.591017030225034	0.44913102436893015	0.004584168145132678	1.0335446034788887
1.0759954838545043	1.760126596582264	0.9497127797411891	0	0.5961454899638848	0.4485815573792491	0.004574157626700367	1.0338500334316596
1.0917034471224532	1.7748268941185665	0.9219487490709247	0	0.6014475539637367	0.4480056646513446	0.004561253113446062	1.0341817834725457
1.1074114103904023	1.7890892796760502	0.893957241342242	0	0.6069308583111384	0.44740174722720116	0.00454544474883199	1.0345410164864937
1.1231193736583511	1.8029102342244914	0.8657451630408278	0	0.6126035686050796	0.4467680810354686	0.004526723163410512	1.0349290467419325
1.1388273369263	1.8162863476501625	0.8373194750748563	0	0.6184744290923719	0.44610280493415533	0.004505079377281962	1.0353473546395198
1.154535300194249	1.8292143195972272	0.8086871910574899	0	0.624552817695522	0.4454039073806395	0.004480504690438337	1.0357976036723373
1.170243263462198	1.8416909602820526	0.7798553755763765	0	0.6308488077972624	0.4446692115441535	0.004452990559347238	1.0362816599079065
1.185951226730147	1.8537131912802418	0.7508311424505659	0	0.637373237795627	0.44389635864720933	0.004422528457840681	1.0368016143649015
1.201659189998096	1.8652780462861882	0.7216216529752835	0	0.6441377896231167	0.4430827892886442	0.004389109720027374	1.0373598087040152
1.2173671532660448	1.8763826718449683	0.692234114154986	0	0.6511550776396828	0.44222572246119785	0.00435272536252718	1.0379588647479763
1.233075116533994	1.8870243280563872	0.6626757769251418	0	0.6584387495706763	0.44132213192936653	0.004313365882815366	1.038601718420954
1.2487830798019428	1.8972003892510092	0.6329539343631723	0	0.6660036014779789	0.4403687195774191	0.00427102102984205	1.0392916587976622
1.264491043069892	1.9069083446380026	0.6030759198889911	0	0.6738657091388311	0.43936188527093045	0.004225679542328169	1.0400323731087853
1.2801990063378408	1.9161457989246384	0.5730491054555965	0	0.6820425786795843	0.43829769269572916	0.004177328849197513	1.04082799864297
1.2959069696057899	1.9249104729072946	0.5428808997301482	0	0.6905533198923539	0.43717183054301656	0.004125954725440076	1.0416831827160151
1.3116149328737388	1.9332002040338148	0.5125787462659931	0	0.6994188463795623	0.435979568294969	0.00407154089525205	1.0426031520533312
1.3273228961416876	1.941012946937085	0.48215012166607735	0	0.70866210756069	0.4347157057271067	0.00401406857248676	1.043593793191343
1.3430308594096367	1.9483467739396987	0.45160253373820713	0	0.7183083586841486	0.4333745150764703	0.0039535159261734456	1.0446617457958038
1.3587388226775856	1.9551998755295814	0.42094351964261123	0	0.7283854763761294	0.4319496746213016	0.0038898574559871227	1.0458145111462036
1.3744467859455347	1.9615705608064609	0.3901806440322562	0	0.7389243290079828	0.4304341921696364	0.0038230632589019665	1.0470605784468197
1.3901547492134836	1.9674572578990719	0.35932149718638495	0	0.7499592133800242	0.42882031664961184	0.00375309816360451	1.0484095720932436
1.4058627124814325	1.9728585143529909	0.3283736931377259	0	0.7615283720434106	0.42709943561913666	0.0036799207032685976	1.0498724235976895
1.4215706757493816	1.9777729974890093	0.2973448677938457	0	0.773674609201143	0.4252619560480291	0.0036034818895912886	1.0514615724581275
1.4372786390173304	1.9821994947319497	0.26624267705310467	0	0.7864460277972309	0.4232971651480206	0.0035237237410079432	1.053191200946655
1.4529866022852795	1.9861369139098526	0.23507479491567496	0	0.7998969164622254	0.42119306730374073	0.0034405775050066955	1.055077508418547
1.4686945655532284	1.989584283523453	0.20384891159009993	0	0.8140888228999947	0.41893619225044487	0.0033539614974578526	1.0571390312503544
1.4844025288211773	1.9925407529858825	0.17257273159584677	0	0.8290918607131836	0.4165113684988555	0.0032637784595362664	1.0593970146592584
1.5001104920891264	1.9950055928325403	0.14125397186233313	0	0.8449863104517772	0.4139014545552686	0.003169912303362394	1.0618758419366536
1.5158184553570753	1.9969781949010759	0.10990035982489144	0	0.861864594043881	0.41108701863725683	0.0030722240785485116	1.0646035242251368
1.5315264186250244	1.9984580724814458	0.07851963151813689	0	0.8798337264085621	0.40804595522907605	0.002970546940279818	1.0676122482834804
1.5472343818929732	1.9994448604360011	0.04711952966722016	0	0.8990183812781736	0.40475302381736133	0.0028646798313084957	1.0709389677913395
1.5629423451609221	1.9999383152895793	0.0157078017774227	0	0.9195647532611038	0.40117929133586894	0.002754379500164096	1.0746260005301793
1.5786503084288712	1.9999383152895793	-0.0157078017774229	0	0.9416454592835521	0.39729145506472063	0.002639350359834317	1.0787215499409737
1.59435827169682	1.9994448604360011	-0.04711952966722036	0	0.9654658054820369	0.3930510168663084	0.0025192315385416005	1.0832799891133673
1.6100662349647692	1.9984580724814458	-0.07851963151813754	0	0.9912718575687378	0.3884132727790106	0.002393580281651354	1.088361601059826
1.625774198232718	1.9969781949010759	-0.10990035982489163	0	1.0193609017956047	0.3833260747063203	0.0022618506311929383	1.094031217272123
1.641482161500667	1.99500559283254	-0.14125397186233332	0	1.0500950768608672	0.3777283149303743	0.002123366051565653	1.1003547717126834
1.657190124768616	1.9925407529858825	-0.172572731595847	0	1.0839191943451694	0.37154808350889645	0.001977284434992275	1.1073921068689871
1.672898088036565	1.989584283523453	-0.20384891159010013	0	1.1213840253626468	0.3647004620102361	0.0018225538268260596	1.1151833690621886
1.688606051304514	1.9861369139098526	-0.2350747949156756	0	1.1631765414454789	0.3570849617164795	0.001657857512743432	1.1237250932240381
1.704314014572463	1.9821994947319495	-0.26624267705310484	0	1.21015857475004	0.34858272124714174	0.001481548293506301	1.1329311544303935
1.7200219778404118	1.9777729974890093	-0.29734486779384595	0	1.2634147115831582	0.33905379533301416	0.001291574651524962	1.1425748713735797
1.7357299411083609	1.9728585143529909	-0.3283736931377261	0	1.3243082240491169	0.32833524660576274	0.0010854071362031707	1.1163480783015427
1.7514379043763098	1.9674572578990717	-0.3593214971863851	0	1.3924121817014818	0.3166711691217259	0.0008677750831029538	0.6423276702506864
1.7671458676442588	1.9615705608064609	-0.39018064403225683	0	1.4332718784354228	0.31118811242427347	0.0007508948545278424	1.1279617930552652
1.7828538309122077	1.9551998755295814	-0.42094351964261145	0	1.4805172706985577	0.3070090431083503	0.0006550184246381178	3.7841111529644094
1.7985617941801568	1.9483467739396987	-0.45160253373820775	0	1.6821219799766567	0.27499362119562676	0.00014358893835728407	1.6330414984933175
1.8142697574481057	1.941012946937085	-0.4821501216660775	0	2.0011232930369376	0.21739672606214544	-0.0008057601800807864	1.1425446996708917
1.8299777207160546	1.9332002040338145	-0.5125787462659933	0	2.3290140981087983	0.16854948334667075	-0.001954471908785937	0.6897840851941472
1.8456856839840037	1.9249104729072946	-0.5428808997301487	0	2.5866461986745883	0.13058342875787754	-0.002398109941249058	0.7399160464969013
1.8613936472519526	1.9161457989246382	-0.5730491054555967	0	2.7306527873896758	0.12744333016628562	-0.0030974611908097024	0.6245855265838522
1.8771016105199017	1.9069083446380024	-0.6030759198889918	0	2.899694455863331	0.08017892457441089	-0.0027235325324879564	1.432346276279678
1.8928095737878505	1.8972003892510092	-0.6329539343631724	0	2.954811057387346	0.13990968752281763	-0.004325339146860366	0.1170842945546584
1.9085175370557994	1.8870243280563872	-0.662675776925142	0	3.05002123010298	0.008106445679916252	-0.0017557720736825373	3.1439501496221745
1.9242255003237485	1.876382671844968	-0.6922341141549863	0	3.2594872791322422	0.10850292070194123	-0.008522052883393853	3.5874938002550554
1.9399334635916974	1.8652780462861882	-0.7216216529752837	0	3.0476695223190666	0.019136696128781328	-0.00207080342433302	-1.464672155052957
1.9556414268596465	1.8537131912802414	-0.7508311424505665	0	3.1607046041334534	0.1245092298714634	-0.006531259413393313	-0.4872120678844333
1.9713493901275954	1.8416909602820524	-0.7798553755763767	0	3.0026477489549763	0.02406546673570964	-0.0018368400405251856	-1.1099259892412596
1.9870573533955442	1.829214319597227	-0.80868719105749	0	3.098746570616699	0.14776988995083773	-0.0069056312362277845	-1.2399844336758177
2.0027653166634933	1.8162863476501625	-0.8373194750748565	0	3.050871161143231	-0.049881115051212066	-0.0014926045939791085	-0.23674284930308123
2.018473279931442	1.8029102342244914	-0.8657451630408279	0	3.381585654602927	0.1544961407853871	-0.011400092385758813	-9.39629168768587
2.034181243199391	1.7890892796760502	-0.8939572413422422	0	3.2510738141184614	-0.12645211046466753	-0.0014306403431465235	-0.30560319997962465
2.0498892064673404	1.774826894118566	-0.9219487490709253	0	3.958978077227143	0.10850489313041045	-0.02068292903154594	-5.367402690306456
2.0655971697352893	1.7601265965822637	-0.9497127797411896	0	3.6879287477689178	-0.0906784171953483	-0.002680898046647841	-0.2657399987861693
2.081305133003238	1.7449920141455941	-0.9772424829939101	0	4.4790521237899625	0.004336453047917299	-0.01038150745802743	-3.1993579439591144
2.097013096271187	1.7294268810403102	-1.004531066286745	0	4.350745308841232	-0.07250268109357472	-0.0047152836072903445	-0.1499472928669199
2.112721059539136	1.7134350377300993	-1.0315717965700948	0	4.722535391364359	-0.04276177401150871	-0.006494288747758369	-2.8481570404780774
2.1284290228070852	1.697020429963007	-1.0583580019483818	0	4.727119085946593	-0.0596239300558461	-0.005269203370963016	0.08302817575080741
2.144136986075034	1.6801871077978836	-1.0848830733262378	0	4.886237201076403	-0.05409596126625871	-0.0055764203751324385	5.573824402304434
2.159844949342983	1.6629392246050902	-1.1111404660392046	0	4.948669600216383	-0.05864153101638525	-0.005278222880332827	0.5657226853153021
2.175552912610932	1.6452810360417196	-1.137123701468528	0	5.04951447567514	-0.05870532477893586	-0.005268619562658615	1.4125053972609758
2.1912608758788807	1.627216899001574	-1.1628263686396612	0	5.137393683864636	-0.060252158430075475	-0.005119888355135004	0.9589070057554316
2.20696883914683	1.6087512705401685	-1.1882421258040776	0	5.239405246968953	-0.06064361542234664	-0.005003672212448077	1.0786879170489063
2.222676802414779	1.5898887067750198	-1.2133647020039997	0	5.341484551547191	-0.06098504999416021	-0.0048555414936043645	0.9432975059684582
2.238384765682728	1.5706338617614897	-1.2381878986196682	0	5.441013402265735	-0.06107674326406598	-0.004717783826251518	0.8846543407016957
2.2540927289506767	1.550991486344469	-1.2627055908987554	0	5.528282278302958	-0.06131378304998836	-0.0045946932873325705	0.7887102003254477
2.2698006922186256	1.5309664269861762	-1.2869117294675578	0	5.597817182821009	-0.0618461276619825	-0.004500425865698987	0.7075042820270488
2.285508655486575	1.5105636245703669	-1.3108003418235883	0	5.647170608910928	-0.06280163562201535	-0.00444199052875146	0.6535588737259143
2.3012166187545238	1.4897881131832438	-1.3343655338091995	0	5.679650295800195	-0.06414361686697834	-0.004417432834618225	0.7189133635665262
2.3169245820224726	1.4686450188713709	-1.3576014910658838	0	5.702918698480103	-0.06571486720875819	-0.004410317508084385	0.9793244889357688
2.3326325452904215	1.4471395583768987	-1.3805024804688744	0	5.72544024152178	-0.06731328911663326	-0.004405136742830003	1.2073582749211242
2.3483405085583704	1.425277037850411	-1.4030628515417114	0	5.752466442656852	-0.06880491170240677	-0.004391316278304933	1.1855161135877612
2.3640484718263197	1.403062851541711	-1.4252770378504112	0	5.784543664728459	-0.07017293373380162	-0.004367437217954975	1.0654635158393817
2.3797564350942686	1.380502480468874	-1.4471395583768991	0	5.8188435768656035	-0.07149262258185651	-0.0043392925799021756	0.9614932990090408
2.3954643983622175	1.3576014910658833	-1.468645018871371	0	5.8519485947523595	-0.07286278301050386	-0.004314372037706807	0.9203724335467419
2.4111723616301663	1.3343655338091993	-1.489788113183244	0	5.882487747477921	-0.07433579886370079	-0.004296255836176504	0.9815727607207657
2.4268803248981152	1.3108003418235878	-1.510563624570367	0	5.912419569874205	-0.07587773371152307	-0.004281518047047726	1.1359747095187573
2.4425882881660645	1.2869117294675574	-1.5309664269861767	0	5.946260538511381	-0.0773792873840371	-0.004260734606924077	1.2568517111354474
2.4582962514340134	1.262705590898755	-1.5509914863444692	0	5.988631586155647	-0.07871346579470206	-0.00422345593288463	1.2543354087967533
2.4740042147019623	1.2381878986196677	-1.57063386176149	0	6.041721393381369	-0.07980274671295551	-0.004164072796127591	1.1792090616107822
2.489712177969911	1.2133647020039993	-1.58988870677502	0	6.1043703063179935	-0.08065014241004442	-0.004084283712394396	1.0963906556164513
2.50542014123786	1.1882421258040772	-1.608751270540169	0	6.173148658912158	-0.08131954299209765	-0.003990781586189652	1.0337519750967374
2.5211281045058094	1.1628263686396607	-1.6272168990015743	0	6.244330829526835	-0.08189005533455118	-0.003890854693763284	0.9972488927652822
2.5368360677737583	1.1371237014685276	-1.6452810360417198	0	6.315363757323028	-0.08241938707867669	-0.003789344516476405	0.983228097282405
2.552544031041707	1.1111404660392044	-1.6629392246050907	0	6.3852162506067165	-0.08293277153664036	-0.0036881272130350274	0.9833435894290875
2.568251994309656	1.0848830733262376	-1.6801871077978838	0	6.453896813628704	-0.0834318503729401	-0.0035871920997879976	0.9883924542450666
2.583959957577605	1.0583580019483814	-1.6970204299630072	0	6.521769365977561	-0.08390929444849105	-0.003485946777594383	0.9921654482079109
2.599667920845554	1.0315717965700943	-1.7134350377300995	0	6.589105335698748	-0.08435890358860543	-0.003383984037717121	0.9928303449414522
2.615375884113503	1.0045310662867446	-1.7294268810403104	0	6.65595958358063	-0.08477876315747501	-0.00328125286406787	0.991344183673516
2.631083847381452	0.9772424829939097	-1.7449920141455944	0	6.722238711451317	-0.08517007323741488	-0.0031779213348630277	0.9891841358457646
2.646791810649401	0.9497127797411892	-1.760126596582264	0	6.7878043801266825	-0.08553503454752065	-0.0030742072044552867	0.9871736799339333
2.6624997739173497	0.9219487490709248	-1.7748268941185663	0	6.852531503546025	-0.085875592653051	-0.0029702931146299463	0.9854395460477949
2.678207737185299	0.8939572413422416	-1.7890892796760505	0	6.916317894278225	-0.08619319128163161	-0.002866317233190916	0.9838080133893017
2.693915700453248	0.8657451630408275	-1.8029102342244916	0	6.979072956085873	-0.08648898629747659	-0.002762391421089454	0.9821180891146379
2.709623663721197	0.8373194750748559	-1.8162863476501627	0	7.040707336963595	-0.0867640606275547	-0.002658615541012867	0.9803110116889747
2.7253316269891457	0.80868719105749	-1.8292143195972272	0	7.101129700050081	-0.08701949995518266	-0.002555081536557899	0.9783886104932328
2.7410395902570945	0.7798553755763766	-1.8416909602820524	0	7.160247692969187	-0.08725638095907662	-0.0024518724243598506	0.976359222342503
2.756747553525044	0.7508311424505656	-1.8537131912802418	0	7.217969437603539	-0.08747574540693193	-0.0023490610106142555	0.9742178112209762
2.7724555167929927	0.7216216529752832	-1.8652780462861884	0	7.274204239124974	-0.08767858748081148	-0.0022467096556360857	0.9719502451453853
2.7881634800609416	0.6922341141549857	-1.8763826718449683	0	7.328862825331222	-0.08786584876831027	-0.002144870564856396	0.9695399178776101
2.8038714433288905	0.6626757769251419	-1.8870243280563872	0	7.381857568540483	-0.08803841167764159	-0.0020435860919829152	0.9669664365604513
2.8195794065968394	0.6329539343631724	-1.8972003892510092	0	7.4331026689325945	-0.08819709163042888	-0.001942889092326972	0.9642018307526538
2.8352873698647887	0.6030759198889908	-1.9069083446380026	0	7.482514154881257	-0.08834263198997705	-0.0018428034668420215	0.9612117374228403
2.8509953331327376	0.5730491054555962	-1.9161457989246384	0	7.530009834736595	-0.08847570103336422	-0.0017433447882311969	0.9579572470204257
2.8667032964006864	0.5428808997301483	-1.9249104729072946	0	7.575509372264938	-0.08859688942962785	-0.0016445209149027781	0.9543955834995637
2.8824112596686353	0.5125787462659932	-1.9332002040338145	0	7.6189345866195355	-0.08870670769702638	-0.0015463325778433893	0.950479826044625
2.898119222936584	0.48215012166607746	-1.941012946937085	0	7.660210003911626	-0.08880558332405686	-0.0014487739481270094	0.9461431616820137
2.9138271862045335	0.4516025337382068	-1.948346773939699	0	7.699263075004218	-0.08889386661656651	-0.0013518334994109828	0.9412794775604417
2.9295351494724824	0.42094351964261095	-1.9551998755295814	0	7.736023578812553	-0.08897184885499143	-0.0012554952055279444	0.9357562405479627
2.9452431127404313	0.39018064403225633	-1.9615705608064609	0	7.770423154963732	-0.08903975703872757	-0.001159739128788715	0.9293907347510983
2.96095107600838	0.35932149718638506	-1.9674572578990719	0	7.802394538160916	-0.08909768455048372	-0.001064541084938991	0.9218282171487054
2.976659039276329	0.328373693137726	-1.9728585143529909	0	7.831867372978344	-0.0891454180780279	-0.0009698717998604101	0.9123041916605985
2.9923670025442783	0.29734486779384545	-1.9777729974890093	0	7.858756046809443	-0.08918204916792172	-0.0008756952611999594	0.8990884728111649
3.008074965812227	0.26624267705310434	-1.9821994947319497	0	7.8829311886596205	-0.0892050909922264	-0.0007819653246836971	0.8795485089975134
3.023782929080176	0.2350747949156751	-1.9861369139098526	0	7.90419360563097	-0.08920771369827774	-0.000688608913048856	0.8559715159360378
3.039490892348125	0.20384891159010005	-1.989584283523453	0	7.922394388313538	-0.08916877666860179	-0.0005954582402137161	0.8530879563394688
3.0551988556160743	0.17257273159584602	-1.9925407529858825	0	7.937928561012724	-0.0890258856549323	-0.0005021261025902886	0.8871927092476876
3.070906818884023	0.1412539718623328	-1.9950055928325403	0	7.951719451744555	-0.08864730243306407	-0.0004081441486147466	0.5125685022308567
3.086614782151972	0.10990035982489112	-1.9969781949010759	0	7.958764639632331	-0.08799164948330485	-0.0003143927871490373	-4.72138079872492
3.102322745419921	0.07851963151813701	-1.9984580724814458	0	7.925343158881299	-0.0882199751107744	-0.00022625243897695516	3.102019613267684
3.11803070868787	0.047119529667220286	-1.9994448604360011	0	7.8221736831960555	-0.095856909567268	-0.00015314517700008683	-13.70977504258291
3.133738671955819	0.015707801777421936	-1.9999383152895793	0	9.239652903217769	-0.13241973056478062	-724966457291176e-19	1.0000000000000007
