#x 	#ue 	#uex 	#uet 	#del 	#E 	#cf 	#Jsep1 	#Jsep2 	#Csep 
0.007853981633974483	0.01570780177742267	1.9999383152895793	0	0.49775717002998854	0.4705469434616094	53354181232654587e-21	-8716436204043792e-20	2144008220447014e-20	0
0.02356194490192345	0.04711952966722031	1.9994448604360011	0	0.4632450841544665	0.461666795262099	0.0001659803569511028	-0.00011508677292035675	27973133437031384e-21	0
0.039269908169872414	0.07851963151813722	1.9984580724814458	0	0.4607504383635221	0.4608578904200251	0.0002771932921207356	-0.00011556311820328061	28244856386568735e-21	0.15258968684084157
0.05497787143782139	0.1099003598248915	1.9969781949010759	0	0.46036976806186997	0.46068674686851496	0.00038803169798302327	-0.00011560682041623666	2829633201021601e-20	-0.07477326137356714
0.07068583470577035	0.14125397186233338	1.99500559283254	0	0.46039821979848916	0.4606269116261186	0.0004985843819429612	-0.00011552379743412416	28285905249132607e-21	5.941902504351188
0.08639379797371932	0.17257273159584677	1.9925407529858825	0	0.460567334594395	0.460594067752615	0.0006088271430308635	-0.00011538236767832255	28251681917334717e-21	1.454749561016408
0.10210176124166828	0.20384891159010007	1.989584283523453	0	0.46081335950728375	0.46056811177272894	0.0007187097150739042	-0.00011520001965194009	28203475642744393e-21	1.2343314814140596
0.11780972450961726	0.23507479491567532	1.9861369139098526	0	0.4611170381279565	0.4605429171413089	0.0008281740258022003	-0.00011498232886725777	28144409713938297e-21	1.1674886343902662
0.13351768777756623	0.2662426770531047	1.9821994947319497	0	0.46147158078101924	0.46051626537606904	0.0009371593372464812	-0.0001147313910444231	28075647314490124e-21	1.1360667909482602
0.1492256510455152	0.297344867793846	1.9777729974890093	0	0.46187436573574625	0.46048723651136747	0.0010456039853565546	-0.00011444810477858414	2799767522014998e-20	1.1172219623497153
0.16493361431346415	0.3283736931377259	1.9728585143529909	0	0.4623243664749124	0.46045539994300877	0.0011534460609568037	-0.0001141329038863086	27910716023761975e-21	1.104161282201617
0.1806415775814131	0.35932149718638506	1.9674572578990719	0	0.46282124023968346	0.46042052760403585	0.00126062371424905	-0.00011378602459923854	27814878590400928e-21	1.0943007337301738
0.1963495408493621	0.39018064403225655	1.9615705608064609	0	0.4633649698278744	0.46038248108364566	0.0013670753107540656	-0.00011340761333257109	27710218749395382e-21	1.0864603699865998
0.21205750411731106	0.42094351964261134	1.9551998755295814	0	0.4639557106682431	0.46034116327549834	0.0014727395234167006	-0.00011299777378663266	275967658193798e-19	1.0800171079331151
0.22776546738526002	0.4516025337382074	1.9483467739396987	0	0.4645937210241337	0.4602964961462861	0.0015775553952255435	-0.0001125565889209913	27474534979325872e-21	1.0746021002846857
0.24347343065320898	0.4821501216660773	1.941012946937085	0	0.46527932840075237	0.4602484098666635	0.0016814623873089407	-0.00011208413176190685	27343533348370418e-21	1.0699771697388252
0.25918139392115797	0.5125787462659933	1.9332002040338145	0	0.4660129127257116	0.4601968371923242	0.001784400419427496	-0.00011158047094131226	2720376309659249e-20	1.0659782539663372
0.2748893571891069	0.5428808997301485	1.9249104729072946	0	0.46679489773154786	0.46014171039779206	0.0018863099062298404	-0.00011104567361746238	270552230794376e-19	1.0624868180580944
0.2905973204570559	0.5730491054555966	1.9161457989246384	0	0.46762574654849903	0.4600829595057423	0.0019871317909796087	-0.0001104798070324453	26897909702721068e-21	1.0594141132326829
0.3063052837250049	0.6030759198889915	1.9069083446380024	0	0.4685059595593873	0.46002051119734344	0.002086807577650298	-0.0001098829393290055	26731817368690376e-21	1.0566918605584326
0.3220132469929538	0.6329539343631723	1.8972003892510092	0	0.469436073526337	0.4599542880903458	0.002185279361870757	-0.00010925513994781547	26556938683878352e-21	1.0542663986804932
0.3377212102609028	0.662675776925142	1.8870243280563872	0	0.4704166614679299	0.45988420821904596	0.0022824898609841208	-0.00010859647977680558	2637326452521486e-20	1.0520948248941195
0.3534291735288518	0.692234114154986	1.8763826718449683	0	0.4714483330039471	0.4598101846251774	0.0023783824433641	-0.00010790703114701687	26180784017369408e-21	1.0501423488148283
0.3691371367968007	0.7216216529752836	1.8652780462861882	0	0.47253173501050477	0.45973212500816607	0.0024729011570630262	-0.00010718686772828996	25979484451126953e-21	1.048380418958075
0.3848451000647497	0.7508311424505661	1.8537131912802416	0	0.4736675524967188	0.45964993140453525	0.002565990757828363	-0.00010643606435559158	25769351159839136e-21	1.0467853615580223
0.40055306333269863	0.7798553755763765	1.8416909602820526	0	0.47485650965231796	0.45956349987810774	0.0026575967364995574	-0.00010565469680378377	25550367363661495e-21	1.0453373700544764
0.4162610266006476	0.80868719105749	1.829214319597227	0	0.47609937103770916	0.4594727202093818	0.0027476653457831255	-0.00010484284152134917	25322513987170763e-21	1.0440197411982692
0.4319689898685966	0.8373194750748563	1.8162863476501625	0	0.4773969429010909	0.45937747557638575	0.002836143626394636	-0.00010400057532907604	25085769453326007e-21	1.0428182886503898
0.44767695313654554	0.8657451630408279	1.8029102342244914	0	0.4787500746152672	0.4592776422215683	0.0029229794325499906	-0.00010312797508689899	24840109455141693e-21	1.0417208867552312
0.46338491640449453	0.8939572413422423	1.7890892796760502	0	0.48015966023189866	0.45917308910064336	0.003008121456784331	-0.00010222511733051888	24585506705502012e-21	1.0407171114514489
0.4790928796724435	0.9219487490709248	1.7748268941185663	0	0.4816266401543408	0.4590636775100585	0.0030915192540739624	-0.00010129207787807213	24321930664748672e-21	1.03979795467597
0.49480084294039245	0.9497127797411892	1.760126596582264	0	0.48315200293258614	0.4589492606901979	0.0031731232652339584	-0.00010032893140651286	24049347245206516e-21	1.0389555951182745
0.5105088062083414	0.9772424829939098	1.7449920141455944	0	0.48473678718561686	0.458829683401621	0.0032528848395623924	-9933575099673104e-20	2376771849147691e-20	1.0381832126567676
0.5262167694762904	1.004531066286745	1.7294268810403102	0	0.48638208365790964	0.4587047814717058	0.003330756256700682	-9831260764592898e-20	23477002234897044e-21	1.0374748370159488
0.5419247327442394	1.031571796570095	1.7134350377300993	0	0.48808903741807835	0.4585743813090195	0.0034066907476768835	-9725956974557678e-20	23177151720382584e-21	1.0368252234684565
0.5576326960121883	1.0583580019483814	1.6970204299630072	0	0.48985885020878733	0.4584382993826428	0.003480642515098122	-9617670252279169e-20	22868115203541407e-21	1.0362297501122129
0.5733406592801373	1.0848830733262376	1.6801871077978836	0	0.49169278295820734	0.458296341663486	0.003552566752456145	-9506406744273255e-20	2254983551564948e-20	1.035684332477341
0.5890486225480862	1.1111404660392044	1.6629392246050905	0	0.49359215846442756	0.4581483030244349	0.003622419662507802	-9392172156939974e-20	2222224959387416e-20	1.0351853521586065
0.6047565858160352	1.1371237014685278	1.6452810360417196	0	0.49555836426544164	0.4579939665959156	0.003690158474690822	-9274971688180266e-20	2188528797373577e-20	1.0347295968879957
0.6204645490839842	1.1628263686396612	1.627216899001574	0	0.49759285570862244	0.4578331030731475	0.0037557414615326037	-9154809954221658e-20	21538874240555633e-21	1.034314209980837
0.6361725123519332	1.1882421258040772	1.608751270540169	0	0.49969715923499	0.45766546997104673	0.003819127954007297	-9031690911291164e-20	2118292443618862e-20	1.0339366475271807
0.6518804756198822	1.2133647020039995	1.58988870677502	0	0.5018728758951188	0.45749081082232945	0.003880278355793899	-8905617771736958e-20	20817346417039942e-21	1.0335946420054603
0.6675884388878311	1.2381878986196682	1.5706338617614897	0	0.5041216851152045	0.4573088543139765	0.003939154156384787	-8776592914165746e-20	204420391588747e-19	1.0332861712641639
0.68329640215578	1.2627055908987554	1.550991486344469	0	0.5064453487336831	0.45711931335671196	0.003995717942990721	-864461778711289e-19	20056892003415737e-21	1.0330094320077396
0.699004365423729	1.2869117294675578	1.5309664269861762	0	0.5088457153308638	0.4569218840816367	0.00404993341118479	-850969280571882e-19	19661783841267603e-21	1.0327628170889083
0.714712328691678	1.3108003418235878	1.510563624570367	0	0.5113247248763445	0.45671624475755834	0.004101765374222532	-8371817240843804e-20	1925658222500178e-20	1.032544896024601
0.730420291959627	1.3343655338091995	1.489788113183244	0	0.5138844137215441	0.45650205462190274	0.004151179770972063	-8230989099979383e-20	18841142405640805e-21	1.0323543982803036
0.746128255227576	1.3576014910658836	1.468645018871371	0	0.5165269199675745	0.4562789526173505	0.004198143672380903	-8087204999264962e-20	1841530628495946e-20	1.03219019891615
0.7618362184955249	1.3805024804688744	1.4471395583768987	0	0.5192544892418968	0.45604655602550936	0.004242625286401399	-7940460025850902e-20	1797890127520956e-20	1.0320513062864338
0.7775441817634738	1.4030628515417114	1.4252770378504107	0	0.5220694809208231	0.45580445898802857	0.004284593961288721	-7790747589755288e-20	1753173905684265e-20	1.0319368515257565
0.7932521450314228	1.425277037850411	1.4030628515417114	0	0.5249743748390174	0.45555223090449415	0.004324020187178019	-7638059264300441e-20	17073614223804384e-21	1.031846079592842
0.8089601082993718	1.447139558376899	1.3805024804688744	0	0.5279717785317167	0.4552894146953175	0.0043608755958381125	-7482384614106247e-20	1660430280472581e-20	1.0317783417116757
0.8246680715673208	1.468645018871371	1.3576014910658833	0	0.5310644350606172	0.45501552491648756	0.004395132958489357	-7323711009508778e-20	16123560646854064e-21	1.0317330890353709
0.8403760348352697	1.489788113183244	1.3343655338091993	0	0.5342552314802089	0.45473004571161546	0.004426766181561242	-71620234261677e-18	1563112164815192e-20	1.0317098674368774
0.8560839981032187	1.5105636245703673	1.3108003418235878	0	0.5375472080080277	0.454432428585015	0.004455750300253074	-6997304228487027e-20	1512669582111633e-20	1.031708313310873
0.8717919613711677	1.5309664269861762	1.2869117294675578	0	0.5409435679698391	0.45412208997771786	0.004482061469745259	-68295329353274e-18	14609967169867474e-21	1.0317281503164033
0.8874999246391166	1.550991486344469	1.2627055908987552	0	0.5444476885993833	0.45379840862618503	0.004505676953892847	-6658685966322915e-20	14080591359766888e-21	1.0317691870087562
0.9032078879070656	1.57063386176149	1.238187898619668	0	0.5480631327821486	0.45346072268108606	0.004526575111212715	-6484736366934037e-20	1353819315622801e-20	1.0318313152982979
0.9189158511750146	1.5898887067750203	1.2133647020039993	0	0.5517936618438463	0.4531083265608067	0.004544735377954453	-6307653510163961e-20	12982363606406032e-21	1.0319145097339621
0.9346238144429635	1.608751270540169	1.188242125804077	0	0.5556432494971525	0.4527404675112394	0.004560138248019059	-6127402772622184e-20	12412656933988853e-21	1.0320188275739157
0.9503317777109125	1.627216899001574	1.1628263686396612	0	0.5596160970750449	0.45235634183991036	0.004572765249460621	-5943945182366435e-20	11828587113520252e-21	1.0321444096618906
0.9660397409788615	1.6452810360417196	1.1371237014685278	0	0.5637166501960809	0.45195509078847484	0.0045825989172731075	-5757237035657004e-20	11229624086151513e-21	1.0322914821108438
0.9817477042468105	1.6629392246050905	1.1111404660392044	0	0.5679496170265863	0.45153579600303195	0.004589622762124408	-5567229479409268e-20	10615189573605279e-21	1.0324603588269818
0.9974556675147594	1.6801871077978838	1.0848830733262373	0	0.5723199883274317	0.45109747455646865	0.00459382123465645	-53738680557734665e-21	9984652441297514e-21	1.0326514449122113
1.0131636307827083	1.6970204299630074	1.0583580019483811	0	0.5768330594993882	0.4506390734710135	0.004595179684917097	-51770922048110776e-21	933732355471877e-20	1.0328652410061605
1.0288715940506574	1.7134350377300995	1.0315717965700946	0	0.5814944548716802	0.45015946368227544	0.004593684316429294	-4976834720764003e-20	86724500653773e-19	1.0331023486312125
1.0445795573186063	1.7294268810403102	1.004531066286745	0	0.5863101545140084	0.4496574333780641	0.0045893221343328156	-477302115684278e-19	7989209053575238e-21	1.0333634766427346
1.0602875205865552	1.7449920141455941	0.9772424829939099	0	0.5912865238940506	0.4491316806361123	0.0045820808869503765	-45655691728099045e-21	7286700444746604e-21	1.0336494488862016
1.0759954838545043	1.760126596582264	0.9497127797411891	0	0.5964303467513334	0.44858080527414557	0.0045719490000342465	-4354387818902481e-20	6563939103920819e-21	1.033961213199159
1.0917034471224532	1.7748268941185665	0.9219487490709247	0	0.601748861615872	0.44800329981345755	0.004558915502833572	-4139376748772485e-20	5819845998726526e-21	1.0342998519154802
1.1074114103904023	1.7890892796760502	0.893957241342242	0	0.6072498024677784	0.4473975394427727	0.004542969944989895	-3920425353135143e-20	505323830475492e-20	1.0346665940660842
1.1231193736583511	1.8029102342244914	0.8657451630408278	0	0.6129414441142826	0.4467617708524936	0.004524102303106346	-3697411804658432e-20	4262818307730818e-21	1.0350628294962518
1.1388273369263	1.8162863476501625	0.8373194750748563	0	0.618832652955837	0.4460940997899179	0.004502302875647002	-34702020032845555e-21	3447160934310357e-21	1.0354901251691462
1.154535300194249	1.8292143195972272	0.8086871910574899	0	0.6249329439263938	0.44539247716316366	0.004477562164595505	-32386484095760987e-21	2604699716560332e-21	1.035950243971391
1.170243263462198	1.8416909602820526	0.7798553755763765	0	0.6312525445285192	0.44465468349470005	0.0044498707420289815	-30025887518049617e-21	17337109636296577e-22	1.0364451663926717
1.185951226730147	1.8537131912802418	0.7508311424505659	0	0.6378024670466221	0.4438783114937843	0.004419219099435737	-2761844590266947e-20	8322958768916592e-22	1.0369771155173595
1.201659189998096	1.8652780462861882	0.7216216529752835	0	0.6445945902173504	0.44306074647979243	0.00438559747720842	-25162197196348827e-21	-10163969949549272e-23	1.0375485858582862
1.2173671532660448	1.8763826718449683	0.692234114154986	0	0.6516417518728997	0.4421991443441933	0.004348995671262578	-22654983868993533e-21	-1070408253699983e-21	1.0381623766469437
1.233075116533994	1.8870243280563872	0.6626757769251418	0	0.6589578543602347	0.441290406686353	0.004309402813142394	-20094432985010463e-21	-20765667313638314e-22	1.03882163032378
1.2487830798019428	1.8972003892510092	0.6329539343631723	0	0.6665579848893453	0.4403311526956699	0.004266807119255539	-1747793385414698e-20	-31229463115804668e-22	1.03952987710646
1.264491043069892	1.9069083446380026	0.6030759198889911	0	0.6744585533923241	0.4393176872774893	0.004221195603991036	-1480261288855227e-20	-4212686427153647e-21	1.0402910866985817
1.2801990063378408	1.9161457989246384	0.5730491054555965	0	0.6826774510023141	0.4382459648300885	0.004172553750374706	-12065305217137861e-21	-5349273735344836e-21	1.0411097283984094
1.2959069696057899	1.9249104729072946	0.5428808997301482	0	0.6912342329129917	0.4371115479712635	0.004120865130549297	-9262522511605605e-21	-6536586884094213e-21	1.0419908411470655
1.3116149328737388	1.9332002040338148	0.5125787462659931	0	0.7001503301887756	0.43590956038129725	0.004066110966653024	-63904163543530066e-22	-777894809021739e-20	1.042940115358171
1.3273228961416876	1.941012946937085	0.48215012166607735	0	0.7094492961068668	0.4346346327687698	0.0040082696205156155	-3444736317394955e-21	-9081182760702578e-21	1.0439639887889116
1.3430308594096367	1.9483467739396987	0.45160253373820713	0	0.7191570938818415	0.4332808407696176	0.003947315997860778	-42078170897561603e-23	-10448688658862948e-21	1.0450697592023577
1.3587388226775856	1.9551998755295814	0.42094351964261123	0	0.729302434227414	0.4318416333488866	0.003883220849227776	26866543378599526e-22	-11887516462668593e-21	1.04626571720669
1.3744467859455347	1.9615705608064609	0.3901806440322562	0	0.7399171732487729	0.430309749976745	0.003815949945368047	5883350141203342e-21	-1340446400938007e-20	1.0475613034627211
1.3901547492134836	1.9674572578990719	0.35932149718638495	0	0.7510367837677034	0.42867712447985173	0.003745463099122864	9175732336298525e-21	-15007187105781617e-21	1.0489672954712734
1.4058627124814325	1.9728585143529909	0.3283736931377259	0	0.7627009165440873	0.4269347730053621	0.0036717129983200474	12570967272020303e-21	-1670433056122229e-20	1.0504960304834259
1.4215706757493816	1.9777729974890093	0.2973448677938457	0	0.7749540722206185	0.425072662949878	0.0035946438044618975	16077070875603264e-21	-18505684151245282e-21	1.0521616728044192
1.4372786390173304	1.9821994947319497	0.26624267705310467	0	0.787846410525943	0.4230795589620737	0.003514189459111299	19703042328012444e-21	-20422369660805454e-21	1.0539805360258878
1.4529866022852795	1.9861369139098526	0.23507479491567496	0	0.8014347308021628	0.42094284117412184	0.0034302716228139774	2345902889145393e-20	-2246706716644364e-20	1.0559714737345718
1.4686945655532284	1.989584283523453	0.20384891159009993	0	0.8157836679465181	0.4186482895824608	0.003342797148569743	27356532107030638e-21	-24654291569478086e-21	1.0581563562698337
1.4844025288211773	1.9925407529858825	0.17257273159584677	0	0.8309671613269789	0.41617982688309607	0.00325165496109944	314086697585569e-19	-2700073450741863e-20	1.060560656522058
1.5001104920891264	1.9950055928325403	0.14125397186233313	0	0.8470702725168762	0.41351920992875035	0.0031567121713413403	3563051412986111e-20	-29525692808259508e-21	1.0632141751484292
1.5158184553570753	1.9969781949010759	0.10990035982489144	0	0.864191452787732	0.41064565711011913	0.0030578091982764355	4003953617399028e-20	-32251613656685207e-21	1.0661519456776856
1.5315264186250244	1.9984580724814458	0.07851963151813689	0	0.8824453961404244	0.4075353950714613	0.0029547535908410116	4465619883588822e-20	-35204800292004944e-21	1.069415373946212
1.5472343818929732	1.9994448604360011	0.04711952966722016	0	0.9019666626366071	0.40416110280561357	0.002847312131781763	4950476342014714e-20	-38416343094119236e-21	1.0730536857556283
1.5629423451609221	1.9999383152895793	0.0157078017774227	0	0.9229143265837705	0.40049122366050405	0.002735200648610489	546144045956409e-19	-41923373879390824e-21	1.0771257841662525
1.5786503084288712	1.9999383152895793	-0.0157078017774229	0	0.9454780050179106	0.3964891050888537	0.002618070732731094	60020779000539406e-21	-4577079380926174e-20	1.0817026575495208
1.59435827169682	1.9994448604360011	-0.04711952966722036	0	0.9698857700805316	0.3921119104522317	0.002495492242966508	6576827062924307e-20	-5001371081792777e-20	1.086870538893643
1.6100662349647692	1.9984580724814458	-0.07851963151813754	0	0.9964146702131024	0.38730922422434877	0.0023669299912268053	7191326268520267e-20	-5472096458937749e-20	1.0927351105612209
1.625774198232718	1.9969781949010759	-0.10990035982489163	0	1.02540492212416	0.38202123718415093	0.002231712289579653	7852899543710823e-20	-59980359510069634e-21	1.0994272082670122
1.641482161500667	1.99500559283254	-0.14125397186233332	0	1.0572793600395634	0.3761763442073045	0.0020889879330237716	8571292881824749e-20	-6590665237978747e-20	1.1071107753298401
1.657190124768616	1.9925407529858825	-0.172572731595847	0	1.0925705663858987	0.369687900730139	0.0019376664404146264	935981673492894e-19	-7265412002603815e-20	1.115994422562701
1.672898088036565	1.989584283523453	-0.20384891159010013	0	1.1319594880253723	0.3624497396693065	0.0017763334874683987	0.00014594765704734007	-0.00011859452307536466	1.754318208929079
1.688606051304514	1.9861369139098526	-0.2350747949156756	0	1.2126321869120604	0.34338370587771916	0.001471727752420266	0.0005909530111180925	-0.0005515022285818589	5.386366993289144
1.704314014572463	1.9821994947319495	-0.26624267705310484	0	1.5983955999893154	0.24964398383413045	-0.0002376192139122064	0.001009532161482097	0.0010903794797581046	0.9006959600817402
1.7200219778404118	1.9777729974890093	-0.29734486779384595	0	1.9303872122497086	0.16051361881689186	-0.002374091612808169	0.00100790928125875	0.0015053928492712884	0.9358320058571468
1.7357299411083609	1.9728585143529909	-0.3283736931377261	0	2.2428678788537977	0.08474053471362542	-0.004787296235922564	0.0008188319935658863	0.0018024040191248346	0.9429295312361022
1.7514379043763098	1.9674572578990717	-0.3593214971863851	0	2.5366113126324783	0.03445799383709236	-0.006541315170274939	0.000501296782357539	0.0015790741290368025	0.8168492610133559
1.7671458676442588	1.9615705608064609	-0.39018064403225683	0	2.7719270987774864	0.006355040745666507	-0.007411950038707234	0.0002683317452302312	0.0010756851718163516	0.7355000761029478
1.7828538309122077	1.9551998755295814	-0.42094351964261145	0	2.945037434740769	-0.009354340707054876	-0.007783178125423682	0.00015294535216030697	0.0006927526865209274	0.7944614356436668
1.7985617941801568	1.9483467739396987	-0.45160253373820775	0	3.0841240292663508	-0.019634622704579496	-0.00794678897628584	0.00010381341010132207	0.0004966063232669358	0.8851510563664566
1.8142697574481057	1.941012946937085	-0.4821501216660775	0	3.2082420096859052	-0.02750164764246321	-0.008019639854190956	8111086345986615e-20	0.00039868319825784145	0.9397355475895617
1.8299777207160546	1.9332002040338145	-0.5125787462659933	0	3.325312014249711	-0.034058012159573825	-0.008042687931422913	6806025932014736e-20	0.00033923043341662284	0.9637100740390949
1.8456856839840037	1.9249104729072946	-0.5428808997301487	0	3.4383164981974317	-0.03972407074622586	-0.00803191970165475	58908046824724435e-21	0.0002946022361965372	0.9750866635191738
1.8613936472519526	1.9161457989246382	-0.5730491054555967	0	3.548610066176421	-0.0446941921899352	-0.007934002741954684	5155492422902523e-20	0.0002556632761044593	0.9790573030903111
1.8771016105199017	1.9069083446380024	-0.6030759198889918	0	3.656594258233131	-0.04904650211626238	-0.00784910028177824	4532798208364177e-20	0.0002199581603930106	0.9805832779060321
1.8928095737878505	1.8972003892510092	-0.6329539343631724	0	3.762532916533387	-0.05288102040197595	-0.007773754639783464	40214197862509077e-21	0.00018859575000827712	0.9846596790362264
1.9085175370557994	1.8870243280563872	-0.662675776925142	0	3.8669036434761677	-0.05629257828101897	-0.0077016938611900385	3607074557396255e-20	0.00016158224145065796	0.9882567382155965
1.9242255003237485	1.876382671844968	-0.6922341141549863	0	3.9700941161797743	-0.059352744291275905	-0.007629245008915057	3265695169482954e-20	0.00013798345395812304	0.9910304885013765
1.9399334635916974	1.8652780462861882	-0.7216216529752837	0	4.072398202725246	-0.06212010101027976	-0.007555932373325003	2986994604213382e-20	0.00011759784774793804	0.9930810268971203
1.9556414268596465	1.8537131912802414	-0.7508311424505665	0	4.174022364978212	-0.06465174137670815	-0.007517616316281685	2765365456156229e-20	0.00010042080148989305	0.9952103127765725
1.9713493901275954	1.8416909602820524	-0.7798553755763767	0	4.275203283520646	-0.06699678175769896	-0.0074787056099615	2585440819373319e-20	8562919089194228e-20	0.996992683910703
1.9870573533955442	1.829214319597227	-0.80868719105749	0	4.37610275206495	-0.06918357272364084	-0.007438005060367068	2432584775304453e-20	7233856031123378e-20	0.9978614901037761
2.0027653166634933	1.8162863476501625	-0.8373194750748565	0	4.4768045928753315	-0.07123259164326434	-0.007394657698165956	22994946915643675e-21	6012974500723877e-20	0.9984049960084133
2.018473279931442	1.8029102342244914	-0.8657451630408279	0	4.577361162968919	-0.07315976876800445	-0.007348086016084384	2181984701834399e-20	4877739742681573e-20	0.9987566047684773
2.034181243199391	1.7890892796760502	-0.8939572413422422	0	4.67780622547177	-0.07497809830378499	-0.00729793499405073	20772412457328583e-21	3813628469662732e-20	0.9989823577873642
2.0498892064673404	1.774826894118566	-0.9219487490709253	0	4.778161314394804	-0.07669846063955765	-0.007244015295791459	19831807561128226e-21	28100771741254186e-21	0.9991360527320954
2.0655971697352893	1.7601265965822637	-0.9497127797411896	0	4.878440926035464	-0.07833009787643663	-0.007186252998341163	18981714360414067e-21	18588228878977137e-21	0.999253685014921
2.081305133003238	1.7449920141455941	-0.9772424829939101	0	4.978656085860966	-0.07988093497823234	-0.007124652526011518	18208932031619203e-21	9531266981064556e-21	0.9993652065044786
2.097013096271187	1.7294268810403102	-1.004531066286745	0	5.078817299042627	-0.08135780019792827	-0.007059267847815235	17502476025937336e-21	8728307531746677e-22	0.9994945507181378
2.112721059539136	1.7134350377300993	-1.0315717965700948	0	5.178936910931468	-0.08276658190982411	-0.00699018058790543	16853011308923588e-21	-7436729043997581e-21	0.9996599090691378
2.1284290228070852	1.697020429963007	-1.0583580019483818	0	5.279030903284443	-0.08411234553003966	-0.0069174839441696195	16252487145022525e-21	-15441401788415662e-21	0.9998742244546126
2.144136986075034	1.6801871077978836	-1.0848830733262378	0	5.379120174022912	-0.08539942457369443	-0.006841271365030404	15693897298256866e-21	-2318053841944067e-20	1.000145367626
2.159844949342983	1.6629392246050902	-1.1111404660392046	0	5.479231322160705	-0.08663149554039518	-0.006761629209289307	15171122704569739e-21	-30689399533528e-18	1.0004764404999678
2.175552912610932	1.6452810360417196	-1.137123701468528	0	5.579396971340606	-0.08781164286252696	-0.0066786326862602295	14678827745677876e-21	-3799940371023189e-20	1.000865985632146
2.1912608758788807	1.627216899001574	-1.1628263686396612	0	5.679655655868932	-0.08894241831540228	-0.006592344501379766	1421239575114907e-20	-45138152189142914e-21	1.0013078763719607
2.20696883914683	1.6087512705401685	-1.1882421258040776	0	5.780051261337974	-0.0900258987410616	-0.006502815823142834	13767894103220034e-21	-52129280080251745e-21	1.0017912668958928
2.222676802414779	1.5898887067750198	-1.2133647020039997	0	5.8806320148445606	-0.09106374497059133	-0.006410089224811569	13342052633806288e-21	-5899225263545483e-20	1.002301337705955
2.238384765682728	1.5706338617614897	-1.2381878986196682	0	5.981449091237411	-0.09205726241248569	-0.006314203039029551	12932237386238216e-21	-6574225058668611e-20	1.0028206211130803
2.2540927289506767	1.550991486344469	-1.2627055908987554	0	6.0825549541759845	-0.09300746197753285	-0.0062151964433932545	12536413802690147e-21	-7239019327667485e-20	1.003330124967463
2.2698006922186256	1.5309664269861762	-1.2869117294675578	0	6.184001530697759	-0.09391512014825132	-0.006113114744767944	12153101486280473e-21	-7894288028686874e-20	1.0038103297090122
2.285508655486575	1.5105636245703669	-1.3108003418235883	0	6.285838304280115	-0.09478083715029229	-0.0060080144459338375	11781321544995433e-21	-8540324169662259e-20	1.0042421545262616
2.3012166187545238	1.4897881131832438	-1.3343655338091995	0	6.388110408894487	-0.09560509210236934	-0.005899967747473413	11420537011869154e-21	-9177069135479279e-20	1.0046078391970865
2.3169245820224726	1.4686450188713709	-1.3576014910658838	0	6.490856801533608	-0.09638829402070559	-0.005789066211767394	11070588099138145e-21	-9804156596264924e-20	1.0048916284863099
2.3326325452904215	1.4471395583768987	-1.3805024804688744	0	6.594108577124422	-0.09713082777489346	-0.00567542341248197	10731623410826685e-21	-0.00010420963771462319	1.005080443057936
2.3483405085583704	1.425277037850411	-1.4030628515417114	0	6.697887494696133	-0.09783309392385153	-0.005559176428997458	10404026868044894e-21	-0.00011026670001148325	1.0051645208575304
2.3640484718263197	1.403062851541711	-1.4252770378504112	0	6.802204787768562	-0.09849554120167048	-0.005440486083676124	10088342893903506e-21	-0.00011620320014827432	1.0051376812288018
2.3797564350942686	1.380502480468874	-1.4471395583768991	0	6.907060301503908	-0.09911869101455006	-0.005319535947615361	9785206063044336e-21	-0.000122008858463287	1.0049970678627809
2.3954643983622175	1.3576014910658833	-1.468645018871371	0	7.012441951455123	-0.09970315429670762	-0.005196530290608511	9495280686061343e-21	-0.0001276732183448479	1.004742588682789
2.4111723616301663	1.3343655338091993	-1.489788113183244	0	7.118325468921965	-0.10024964169205519	-0.005071691226258428	9219212174891808e-21	-0.00013318610369058277	1.0043763078953656
2.4268803248981152	1.3108003418235878	-1.510563624570367	0	7.224674391443041	-0.10075896814700636	-0.004945255303249395	8957589324494934e-21	-0.00013853798568257532	1.003901913767104
2.4425882881660645	1.2869117294675574	-1.5309664269861767	0	7.331440262046046	-0.10123205286672055	-0.004817469761139116	871091572715238e-20	-0.00014372027034054548	1.003324292731448
2.4582962514340134	1.262705590898755	-1.5509914863444692	0	7.4385630086315055	-0.1016699153957813	-0.0046885886307275575	8479588661241091e-21	-0.00014872551839982006	1.0026491896869563
2.4740042147019623	1.2381878986196677	-1.57063386176149	0	7.545971480254032	-0.1020736684391278	-0.004558868827299614	8263884386790526e-21	-0.00015354760465504316	1.0018829055078733
2.489712177969911	1.2133647020039993	-1.58988870677502	0	7.653584117165002	-0.10244450799735882	-0.00442856636434829	8063949509315571e-21	-0.00015818181795166313	1.0010319704680168
2.50542014123786	1.1882421258040772	-1.608751270540169	0	7.761309725033408	-0.1027837014762274	-0.0042979328053182626	787979876883787e-20	-0.00016262489712382444	1.000102724348432
2.5211281045058094	1.1628263686396607	-1.6272168990015743	0	7.8690483102206965	-0.10309257465549726	-0.004167212069453215	7711319896840401e-21	-0.0001668749959479272	0.9991007863052345
2.5368360677737583	1.1371237014685276	-1.6452810360417198	0	7.976691918490026	-0.10337249865864773	-0.004036637702282633	7558285024939306e-21	-0.00017093158140008395	0.9980305971103944
2.552544031041707	1.1111404660392044	-1.6629392246050907	0	8.084125425600686	-0.10362487795967257	-0.003906430678462071	7420365395745876e-21	-0.0001747952955950901	0.9968953527721081
2.568251994309656	1.0848830733262376	-1.6801871077978838	0	8.191227269187493	-0.10385113972383431	-0.0037767977148066294	7297144843487937e-21	-0.00017846782448015385	0.9956973212206268
2.583959957577605	1.0583580019483814	-1.6970204299630072	0	8.297870152332505	-0.10405272401023336	-0.0036479300032481146	7188130419345577e-21	-0.00018195178960211226	0.9944380685222657
2.599667920845554	1.0315717965700943	-1.7134350377300995	0	8.403921740880104	-0.10423107445184276	-0.003520002294096041	7092762370767542e-21	-0.00018525064326514173	0.9931183131189333
2.615375884113503	1.0045310662867446	-1.7294268810403104	0	8.509245338641598	-0.10438762966520809	-0.0033931723166957055	7010425267702052e-21	-0.00018836855096834095	0.9917377310322304
2.631083847381452	0.9772424829939097	-1.7449920141455944	0	8.61370052035126	-0.10452381573792335	-0.00326758052328533	6940459442476901e-21	-0.00019131026951272196	0.9902949207791444
2.646791810649401	0.9497127797411892	-1.760126596582264	0	8.717143720417882	-0.104641039842435	-0.003143350113267916	6882171739166407e-21	-0.00019408103079058265	0.9887873606698786
2.6624997739173497	0.9219487490709248	-1.7748268941185663	0	8.819428777441164	-0.1047406849822693	-0.003020587294186726	6834845124215137e-21	-0.00019668643602096877	0.9872114333650301
2.678207737185299	0.8939572413422416	-1.7890892796760505	0	8.920407443666214	-0.10482410572851941	-0.0028993817286556887	6797746581939201e-21	-0.0001991323663215904	0.9855625136470589
2.693915700453248	0.8657451630408275	-1.8029102342244916	0	9.019929876804618	-0.10489262466005111	-0.0027798071139318683	6770133430952349e-21	-0.00020142490870309307	0.9838349539092607
2.709623663721197	0.8373194750748559	-1.8162863476501627	0	9.117845123221969	-0.10494752933757434	-0.00266192185707868	6751258758135705e-21	-0.00020357029117549396	0.9820219645540829
2.7253316269891457	0.80868719105749	-1.8292143195972272	0	9.214001593274974	-0.10499006976911862	-0.0025457698213589256	6740376506347933e-21	-0.00020557482206955295	0.9801153902302676
2.7410395902570945	0.7798553755763766	-1.8416909602820524	0	9.30824752299986	-0.10502145643393701	-0.0024313811279570536	673674608654402e-20	-0.0002074448348913602	0.978105560952012
2.756747553525044	0.7508311424505656	-1.8537131912802418	0	9.400431427669298	-0.10504285876978381	-0.0023187729889172387	6739636340293915e-21	-0.00020918664041159765	0.9759810369507502
2.7724555167929927	0.7216216529752832	-1.8652780462861884	0	9.490402547783662	-0.10505540409841019	-0.0022079505549352607	6748328910028283e-21	-0.00021080648547423038	0.9737283472717916
2.7881634800609416	0.6922341141549857	-1.8763826718449683	0	9.578011293303863	-0.10506017689534819	-0.002098907760403795	67621212008722125e-22	-0.00021231051678124852	0.9713315285389226
2.8038714433288905	0.6626757769251419	-1.8870243280563872	0	9.663109681612493	-0.10505821846843955	-0.0019916281586204927	6780329240864106e-21	-0.0002137047467257378	0.9687715421873043
2.8195794065968394	0.6329539343631724	-1.8972003892510092	0	9.745551765169404	-0.10505052713969598	-0.001886085741168163	6802289518231474e-21	-0.00021499502992051084	0.9660260591260036
2.8352873698647887	0.6030759198889908	-1.9069083446380026	0	9.825194086693283	-0.10503805843694791	-0.0017822457114964577	682736075350013e-20	-0.00021618704131749216	0.9630680799230618
2.8509953331327376	0.5730491054555962	-1.9161457989246384	0	9.901896118348198	-0.10502172595335935	-0.0016800652375233787	6854925461188546e-21	-0.0002172862572151376	0.9598655025657615
2.8667032964006864	0.5428808997301483	-1.9249104729072946	0	9.975520739968688	-0.10500240228956115	-0.0015794941505627364	6884390681413163e-21	-0.00021829794492345787	0.9563795944149684
2.8824112596686353	0.5125787462659932	-1.9332002040338145	0	10.045934745223956	-0.104980920379941	-0.001480475600436285	691519241872074e-20	-0.00021922711819027894	0.9525603589679769
2.898119222936584	0.48215012166607746	-1.941012946937085	0	10.113009188526906	-0.10495807834802118	-0.0013829467560534437	6946800388258427e-21	-0.00022007849041312001	0.9483461048503594
2.9138271862045335	0.4516025337382068	-1.948346773939699	0	10.17661976583907	-0.10493464671373132	-0.0012868394575377585	6978718170484308e-21	-0.00022085647177749258	0.9436618782989508
2.9295351494724824	0.42094351964261095	-1.9551998755295814	0	10.23664737206469	-0.10491137770469738	-0.0011920807821400852	70104855705863476e-22	-0.0002215651460939162	0.9384121349758711
2.9452431127404313	0.39018064403225633	-1.9615705608064609	0	10.292978677210387	-0.10488902187618676	-0.001098593621550933	704168662416676e-20	-0.0002222081948028343	0.9324733790175749
2.96095107600838	0.35932149718638506	-1.9674572578990719	0	10.345506736331158	-0.10486835887180801	-0.0010062973046040505	7071961863095842e-21	-0.00022278878117156767	0.9256856719797781
2.976659039276329	0.328373693137726	-1.9728585143529909	0	10.394131769039337	-0.1048502548961	-0.0009151082949736944	7101040377060563e-21	-0.00022330924810385114	0.9178169886080453
2.9923670025442783	0.29734486779384545	-1.9777729974890093	0	10.438761161545022	-0.10483579163364887	-0.000824941351982599	7128798882500542e-21	-0.0002237705614313224	0.9085401710519098
3.008074965812227	0.26624267705310434	-1.9821994947319497	0	10.479309233191442	-0.104826540972631	-0.000735711223333551	7155355523390787e-21	-0.0002241714253518773	0.8974127470146143
3.023782929080176	0.2350747949156751	-1.9861369139098526	0	10.515698020506937	-0.10482516823163046	-0.000647335206390515	7181304738917183e-21	-0.00022450606559307123	0.8836935003249978
3.039490892348125	0.20384891159010005	-1.989584283523453	0	10.547854914839562	-0.10483696167841916	-0.0005597388348116786	7208305607116206e-21	-0.00022475866964282674	0.8659984035033081
3.0551988556160743	0.17257273159584602	-1.9925407529858825	0	10.575702913159105	-0.10487406082854944	-0.0004728687247949062	7240597634394193e-21	-0.00022488902939446061	0.841185415952436
3.070906818884023	0.1412539718623328	-1.9950055928325403	0	10.599127985250751	-0.10496868475827048	-0.0003867245438784943	7289075637038517e-21	-0.0002247937233948631	0.8043062219541973
3.086614782151972	0.10990035982489112	-1.9969781949010759	0	10.617968124152318	-0.10522069656394628	-0.00030144036585516874	7381782259587541e-21	-0.0002242042214701265	0.8180769063260096
3.102322745419921	0.07851963151813701	-1.9984580724814458	0	10.633384226867449	-0.10600080660521205	-0.00021747636461541913	7581424593519788e-21	-0.00022249349592539408	2.698942776016692
3.11803070868787	0.047119529667220286	-1.9994448604360011	0	10.67503795743509	-0.10906317189249082	-0.00013583569006578146	782984649947074e-20	-0.00021983210569508107	0
3.133738671955819	0.015707801777421936	-1.9999383152895793	0	11.673164676047758	-0.12766244905252178	-5383631183607568e-20	4956819920016761e-21	-0.00017399814470507038	0
