#x 	#ue 	#uex 	#uet 	#del 	#E 	#cf 	#Jsep1 	#Jsep2 	#Csep 
0.007853981633974483	0.01570780177742267	1.9999383152895793	0	0.4977289282468315	0.4705402291510423	53355768185282515e-21	-4554280188206395e-20	14127652208438004e-21	-Inf
0.02356194490192345	0.04711952966722031	1.9994448604360011	0	0.4632309229679291	0.4616631966803819	0.00016598305486515918	-60132399729845076e-21	18432726004343427e-21	0.0722251914220745
0.039269908169872414	0.07851963151813722	1.9984580724814458	0	0.460739268421856	0.46085506862873493	0.00027719690318982464	-60381303817237797e-21	18611799899972382e-21	0.15227516180453218
0.05497787143782139	0.1099003598248915	1.9969781949010759	0	0.46035983969552785	0.4606842525002308	0.0003880362204642016	-6040413024031759e-20	18645715600398608e-21	-0.07669503525465876
0.07068583470577035	0.14125397186233338	1.99500559283254	0	0.460388929194972	0.4606245881300848	0.0004985898409845392	-6036074174533932e-20	18638838685507853e-21	5.824335127702133
0.08639379797371932	0.17257273159584677	1.9925407529858825	0	0.4605584055915677	0.4605918432556051	0.0006088335668078932	-6028683601736625e-20	1861628090142568e-20	1.4529111923445277
0.10210176124166828	0.20384891159010007	1.989584283523453	0	0.46080464432338064	0.46056594775692816	0.0007187171306295654	-6019155104816212e-20	18584509307256366e-21	1.2337728635005982
0.11780972450961726	0.23507479491567532	1.9861369139098526	0	0.4611084490022313	0.4605407907704513	0.0008281824585052453	-60077800021864735e-21	1854558203136139e-20	1.1672344237368968
0.13351768777756623	0.2662426770531047	1.9821994947319497	0	0.4614630614053478	0.46051416208115437	0.0009371688110539093	-5994667785244107e-20	1850026549995088e-20	1.13593192394598
0.1492256510455152	0.297344867793846	1.9777729974890093	0	0.4618658776459426	0.4604851464455011	0.0010456145232420559	-5979865394040629e-20	18448880398230274e-21	1.117144223171709
0.16493361431346415	0.3283736931377259	1.9728585143529909	0	0.4623158819315236	0.460453316120075	0.0011534576853360699	-5963395484511247e-20	18391573328052843e-21	1.1041139207100312
0.1806415775814131	0.35932149718638506	1.9674572578990719	0	0.4628127382312813	0.46041844485022865	0.001260636447358588	-5945270389978602e-20	1832841595718239e-20	1.0942706313154158
0.1963495408493621	0.39018064403225655	1.9615705608064609	0	0.46335643369970825	0.4603803954135479	0.0013670891749771215	-5925497752143898e-20	18259445013812715e-21	1.086440542240337
0.21205750411731106	0.42094351964261134	1.9551998755295814	0	0.463947126650789	0.4603390715040656	0.0014727545415616679	-5904082982039198e-20	18184679764870993e-21	1.0800036157863449
0.22776546738526002	0.4516025337382074	1.9483467739396987	0	0.464585077285208	0.46029439563862184	0.0015775715907646246	-5881030408010948e-20	1810413016690694e-20	1.074592622748119
0.24347343065320898	0.4821501216660773	1.941012946937085	0	0.4652706144148462	0.46024629837164266	0.00168147978458485	-5856343840242813e-20	1801780087128329e-20	1.069970290386915
0.25918139392115797	0.5125787462659933	1.9332002040338145	0	0.4660041188421001	0.460194712729024	0.0017844190438353771	-5830026860016754e-20	1792569327298573e-20	1.065973082798692
0.2748893571891069	0.5428808997301485	1.9249104729072946	0	0.46678601487048577	0.4601395711761629	0.0018863297843799425	-5802082972184061e-20	1782780658669366e-20	1.0624827817379143
0.2905973204570559	0.5730491054555966	1.9161457989246384	0	0.4676167659819089	0.4600808038700195	0.0019871529508457084	-5772515686436872e-20	17724138416004656e-21	1.0594108342805937
0.3063052837250049	0.6030759198889915	1.9069083446380024	0	0.4684968727483592	0.4600183375849096	0.002086830048707902	-57413285598959705e-21	176146850467167e-19	1.0566890855716213
0.3220132469929538	0.6329539343631723	1.8972003892510092	0	0.46942687199742517	0.45995209500126744	0.0021853031752281167	-5708525217793044e-20	17499441583249455e-21	1.0542639544901664
0.3377212102609028	0.662675776925142	1.8870243280563872	0	0.47040733671623797	0.4598819941931158	0.002282515049509332	-5674109361212056e-20	17378401991762396e-21	1.0520925911717691
0.3534291735288518	0.692234114154986	1.8763826718449683	0	0.4714388764148465	0.4598079482243018	0.0023784090418098544	-563808476682156e-19	1725155908485346e-20	1.0501402405759557
0.3691371367968007	0.7216216529752836	1.8652780462861882	0	0.47252213779432745	0.4597298648026029	0.0024729292021916285	-5600455281385806e-20	17118904467480625e-21	1.0483783751828346
0.3848451000647497	0.7508311424505661	1.8537131912802416	0	0.4736578056324223	0.45964764596194585	0.002566020288538443	-55612248126559056e-21	16980428455287376e-21	1.0467833376762963
0.40055306333269863	0.7798553755763765	1.8416909602820526	0	0.4748466038372537	0.4595611877546655	0.0026576277939560186	-55203973175766345e-21	16836119971774956e-21	1.045335332882728
0.4162610266006476	0.80868719105749	1.829214319597227	0	0.47608929664137056	0.45947037994241646	0.002747697973551748	-5477976788352816e-20	1668596642794922e-20	1.0440176655093658
0.4319689898685966	0.8373194750748563	1.8162863476501625	0	0.4773866899212665	0.45937510567815965	0.0028361778705825696	-5433967236689898e-20	1652995358641833e-20	1.0428161547897032
0.44767695313654554	0.8657451630408279	1.8029102342244914	0	0.4787396326353702	0.4592752411739083	0.0029230153419535394	-53883726763759205e-21	16368065410839746e-21	1.041718678988895
0.46338491640449453	0.8939572413422423	1.7890892796760502	0	0.48014901837851814	0.4591706553502093	0.0030081590830449566	-5341197104285819e-20	1620028390097981e-20	1.0407148167893803
0.4790928796724435	0.9219487490709248	1.7748268941185663	0	0.4816157870542251	0.45906120946409734	0.003091558651843883	-52924444798271535e-21	1602658891314845e-20	1.0397955620344694
0.49480084294039245	0.9497127797411892	1.760126596582264	0	0.48314092666839953	0.4589467567126593	0.003173164492352449	-52421187028053226e-21	15846957965471977e-21	1.0389530947096535
0.5105088062083414	0.9772424829939098	1.7449920141455944	0	0.4847254752498891	0.4588271418095522	0.00325292795724431	-519022358965828e-19	1566136602720661e-20	1.0381805955435113
0.5262167694762904	1.004531066286745	1.7294268810403102	0	0.4863705229046504	0.45870220053185684	0.0033308013297380216	-5136762847984182e-20	15469785291051482e-21	1.037472094777403
0.5419247327442394	1.031571796570095	1.7134350377300993	0	0.4880772140115606	0.4585717592346159	0.0034067378446553157	-50817400492736805e-21	15272184927294254e-21	1.0368223479469536
0.5576326960121883	1.0583580019483814	1.6970204299630072	0	0.48984674956901497	0.45843563433028667	0.003480691708629701	-5025158599735047e-20	15068530818375407e-21	1.0362267332175354
0.5733406592801373	1.0848830733262376	1.6801871077978836	0	0.4916803897025761	0.45829363173016624	0.003552618119429785	-4967021709087004e-20	14858785272325886e-21	1.0356811660288499
0.5890486225480862	1.1111404660392044	1.6629392246050905	0	0.4935794563450765	0.458145546244644	0.003622473284359543	-4907332357180614e-20	14642906713301642e-21	1.0351820277608195
0.6047565858160352	1.1371237014685278	1.6452810360417196	0	0.49554533610176943	0.4579911609388505	0.003690214437695563	-4846093258295593e-20	14420849347295152e-21	1.0347261058181987
0.6204645490839842	1.1628263686396612	1.627216899001574	0	0.49757948331439655	0.45783024644002035	0.0037557998571195973	-4783306822938142e-20	1419256280084204e-20	1.0343105430976463
0.6361725123519332	1.1882421258040772	1.608751270540169	0	0.49968342333944454	0.45766256019249907	0.0038191888791018072	-4718975116953733e-20	13957991730316365e-21	1.033932795180982
0.6518804756198822	1.2133647020039995	1.58988870677502	0	0.5018587560573672	0.45748784565598877	0.0038803419131874	-4653099817747256e-20	13717075399182025e-21	1.033590593956986
0.6675884388878311	1.2381878986196682	1.5706338617614897	0	0.5041071596312351	0.45730583144217096	0.003939220455137103	-458568216737968e-19	13469747220202895e-21	1.0332819166048095
0.68329640215578	1.2627055908987554	1.550991486344469	0	0.5064303945351296	0.45711623038438254	0.003995787098866755	-45167229223013336e-21	1321593425941271e-20	1.0330049590768429
0.699004365423729	1.2869117294675578	1.5309664269861762	0	0.5088303078746425	0.4569187385345024	0.00405000554712991	-4446222299441972e-20	12955556698197088e-21	1.0327581133882247
0.714712328691678	1.3108003418235878	1.510563624570367	0	0.5113088380241528	0.4567130340805905	0.004101840620880743	-4374179918358326e-20	12688527249428393e-21	1.0325399481310737
0.730420291959627	1.3343655338091995	1.489788113183244	0	0.5138680196080951	0.45649877617818024	0.004151258267251286	-43005947391134014e-21	12414750523250734e-21	1.0323491917507523
0.746128255227576	1.3576014910658836	1.468645018871371	0	0.5165099888563064	0.45627560368738385	0.004198225566070681	-4225464995527935e-20	1213412233754706e-20	1.0321847181795767
0.7618362184955249	1.3805024804688744	1.4471395583768987	0	0.5192369893667227	0.45604313380714845	0.004242710734849037	-4148788123406724e-20	1184652896753377e-20	1.0320455345341117
0.7775441817634738	1.4030628515417114	1.4252770378504107	0	0.5220513783123255	0.4558009605970732	0.004284683132140155	-40705606832998975e-21	11551846328343497e-21	1.0319307705825016
0.7932521450314228	1.425277037850411	1.4030628515417114	0	0.5249556331332623	0.45554865337617256	0.004324113259191291	-39907782773268685e-21	11249939083750719e-21	1.0318396697804662
0.8089601082993718	1.447139558376899	1.3805024804688744	0	0.5279523587596333	0.45528575498680923	0.004360972759777705	-3909435459533347e-20	1094065967338267e-20	1.0317715816879187
0.8246680715673208	1.468645018871371	1.3576014910658833	0	0.5310442954155916	0.45501177991072006	0.004395234418111477	-3826525639194587e-20	10623847249808112e-21	1.0317259556250487
0.8403760348352697	1.489788113183244	1.3343655338091993	0	0.5342343270612349	0.45472621222259213	0.004426872154700741	-37420409764290686e-21	10299326515951833e-21	1.0317023354308013
0.8560839981032187	1.5105636245703673	1.3108003418235878	0	0.537525490535357	0.45442850336500196	0.004455861020025262	-3655972269407704e-20	9966906452080484e-21	1.0317003552455541
0.8717919613711677	1.5309664269861762	1.2869117294675578	0	0.5409209854696464	0.4541180697266618	0.004482177185876956	-3568308832379827e-20	9626378920284761e-21	1.0317197362250323
0.8874999246391166	1.550991486344469	1.2627055908987552	0	0.544424185053445	0.4537942900038199	0.004505797934199523	-34790383636443594e-21	9277517132913905e-21	1.0317602841323523
0.9032078879070656	1.57063386176149	1.238187898619668	0	0.5480386477379179	0.4534565023222805	0.004526701643241639	-3388146802502876e-20	8920073969704854e-21	1.0318218877640266
0.9189158511750146	1.5898887067750203	1.2133647020039993	0	0.5517681299796096	0.453104001094798	0.004544867770815841	-3295618174132901e-20	8553780126421862e-21	1.0319045181838593
0.9346238144429635	1.608751270540169	1.188242125804077	0	0.5556166001361142	0.45273603358555237	0.004560276834431811	-3201434421193556e-20	817834207561938e-20	1.0320082287397516
0.9503317777109125	1.627216899001574	1.1628263686396612	0	0.5595882536411895	0.45235179614990795	0.004572910388043265	-3105575220844462e-20	7793439817600892e-21	1.0321331558780724
0.9660397409788615	1.6452810360417196	1.1371237014685278	0	0.5636875296034962	0.45195043011368696	0.004582750995115188	-3008017785713305e-20	7398724396781915e-21	1.0322795207514623
0.9817477042468105	1.6629392246050905	1.1111404660392044	0	0.5679191289925322	0.45153101725164535	0.004589782197680595	-29087366471803524e-21	6993815155367797e-21	1.0324476316553453
0.9974556675147594	1.6801871077978838	1.0848830733262373	0	0.5722880345977616	0.4510925748196586	0.004593988481012109	-28077034191514023e-21	6578296692453901e-21	1.0326378873266158
1.0131636307827083	1.6970204299630074	1.0583580019483811	0	0.5767995329729375	0.45063405008915547	0.004595355233483647	-27048865402782654e-21	615171549226284e-20	1.0328507811601915
1.0288715940506574	1.7134350377300995	1.0315717965700946	0	0.5814592386078132	0.45015431432551023	0.004593868701137742	-26002509923449886e-21	5713576180237828e-21	1.0330869064090973
1.0445795573186063	1.7294268810403102	1.004531066286745	0	0.5862731206046098	0.4496521561442419	0.004589515936406642	-24937579922661516e-21	526333735999229e-20	1.0333469624521971
1.0602875205865552	1.7449920141455941	0.9772424829939099	0	0.5912475321776854	0.44912627416980655	0.004582284740355731	-23853646548105266e-21	48004069772648494e-22	1.0336317622443763
1.0759954838545043	1.760126596582264	0.9497127797411891	0	0.5963892433430055	0.44857526891128074	0.004572163597722724	-2275023622816639e-20	4324137149364403e-21	1.0339422410553971
1.0917034471224532	1.7748268941185665	0.9219487490709247	0	0.6017054772204901	0.4479976337571139	0.004559141603917899	-2162682661260334e-20	3833818389651471e-21	1.034279466665932
1.1074114103904023	1.7890892796760502	0.893957241342242	0	0.6072039504389448	0.44739174497705303	0.0045432083830204565	-2048284211044781e-20	33286731460690334e-22	1.034644651185591
1.1231193736583511	1.8029102342244914	0.8657451630408278	0	0.6128929182119445	0.44675585060297696	0.004524353995652545	-19317648978439593e-21	2807848560581669e-21	1.0350391647062507
1.1388273369263	1.8162863476501625	0.8373194750748563	0	0.6187812247463201	0.44608805804128093	0.004502568835431627	-1813054990706848e-20	2270408342243092e-21	1.0354645510356582
1.154535300194249	1.8292143195972272	0.8086871910574899	0	0.6248783597558218	0.4453863202471675	0.004477843512484743	-16920778043854496e-21	17153236299690973e-22	1.0359225457963677
1.170243263462198	1.8416909602820526	0.7798553755763765	0	0.6311945219848677	0.44464842026507423	0.004450168722250159	-15687490384962557e-21	11414627016709165e-22	1.0364150972319714
1.185951226730147	1.8537131912802418	0.7508311424505659	0	0.6377406908057581	0.44387195390878453	0.004419535097481163	-14429760456228086e-21	5475793635099388e-22	1.0369443901104503
1.201659189998096	1.8652780462861882	0.7216216529752835	0	0.6445287071431184	0.44305431031865883	0.004385933040993383	-13146570192756572e-21	-6770017382397245e-23	1.0375128731948127
1.2173671532660448	1.8763826718449683	0.692234114154986	0	0.6515713652089619	0.44219265009077113	0.004349352536245071	-11836800912208453e-21	-7058921567443355e-22	1.0381232908146725
1.233075116533994	1.8870243280563872	0.6626757769251418	0	0.658882516809703	0.44128388062227186	0.004309782932291055	-10499223259871582e-21	-13686721510008578e-22	1.0387787191860653
1.2487830798019428	1.8972003892510092	0.6329539343631723	0	0.6664771903242944	0.4403246282573492	0.004267212698980859	-913248598341353e-20	-2057894211885213e-21	1.0394826082140456
1.264491043069892	1.9069083446380026	0.6030759198889911	0	0.6743717268648513	0.4393112067468501	0.004221629147453013	-773510337024111e-20	-27756127234101404e-22	1.040238829662961
1.2801990063378408	1.9161457989246384	0.5730491054555965	0	0.6825839366363112	0.43823958144940156	0.004173018109966415	-6305441149889952e-21	-35241073315921255e-22	1.0410517327102589
1.2959069696057899	1.9249104729072946	0.5428808997301482	0	0.6911332791333546	0.4371053285998643	0.004121363571863261	-484170062607006e-20	-4305911474212684e-21	1.0419262080939278
1.3116149328737388	1.9332002040338148	0.5125787462659931	0	0.7000410715814742	0.4359035888483396	0.004066647246906752	-3341900755230037e-21	-5123845103106898e-21	1.042867762253033
1.3273228961416876	1.941012946937085	0.48215012166607735	0	0.7093307309837655	0.4346290141252065	0.004008848085301657	-18038578282797666e-22	-5981052309163627e-21	1.0438826031112676
1.3430308594096367	1.9483467739396987	0.45160253373820713	0	0.719028056326592	0.4332757067089663	0.003947941701278146	-22516233429583685e-23	-6881044700454501e-21	1.0449777394213888
1.3587388226775856	1.9551998755295814	0.42094351964261123	0	0.7291615589919084	0.4318371491568762	0.0038838997040575923	13968475157031413e-22	-7827751557448235e-21	1.0461610958967034
1.3744467859455347	1.9615705608064609	0.3901806440322562	0	0.739762851308469	0.4303061234943779	0.0038166889121409105	30651162593782014e-22	-8825578006261934e-21	1.047441646712671
1.3901547492134836	1.9674572578990719	0.35932149718638495	0	0.7508671055628312	0.4286746177368672	0.0037462704259209143	4782906479020834e-21	-9879472725217676e-21	1.048829570326841
1.4058627124814325	1.9728585143529909	0.3283736931377259	0	0.762513598835452	0.4269337174219956	0.003672598527299991	6553839990675673e-21	-10995007050545822e-21	1.0503364289676242
1.4215706757493816	1.9777729974890093	0.2973448677938457	0	0.7747463629293229	0.42507347934434603	0.0035956193668665757	838194631636394e-20	-12178467801627126e-21	1.0519753765081161
1.4372786390173304	1.9821994947319497	0.26624267705310467	0	0.7876149636890639	0.423082784084011	0.003515269388684723	10271720271186028e-21	-13436966744054523e-21	1.053761398749059
1.4529866022852795	1.9861369139098526	0.23507479491567496	0	0.8011754405318544	0.4209491631771687	0.003431473429122868	12228191109029235e-21	-14778570407456106e-21	1.055711590252406
1.4686945655532284	1.989584283523453	0.20384891159009993	0	0.815491445521738	0.41865859585339504	0.00334414240838922	14257006525379059e-21	-16212455060091714e-21	1.0578454716531123
1.4844025288211773	1.9925407529858825	0.17257273159584677	0	0.8306356324876761	0.41619526911464133	0.0032531705102082768	16364536019482365e-21	-17749093141764286e-21	1.0601853505152368
1.5001104920891264	1.9950055928325403	0.14125397186233313	0	0.8466913614314888	0.41354129349621704	0.003158431714580155	18557999826647634e-21	-19400479566137216e-21	1.062756726864744
1.5158184553570753	1.9969781949010759	0.10990035982489144	0	0.8637548030542705	0.4106763650584444	0.0030597755084397845	20845632074535244e-21	-21180409324560832e-21	1.0655887407789795
1.5315264186250244	1.9984580724814458	0.07851963151813689	0	0.8819375543817941	0.4075773619204146	0.002957021546140141	2323689033856035e-20	-23104822229188684e-21	1.0687146527429365
1.5472343818929732	1.9994448604360011	0.04711952966722016	0	0.901369911578063	0.40421786085952394	0.002849952961913115	25742728890422664e-21	-25192237178018177e-21	1.0721723362917632
1.5629423451609221	1.9999383152895793	0.0157078017774227	0	0.9222049933915897	0.4005675560416624	0.002738307944478395	28375960450357536e-21	-27464308235781524e-21	1.0760047445304364
1.5786503084288712	1.9999383152895793	-0.0157078017774229	0	0.9446239728098047	0.3965915576868273	0.0026217690629430535	3115174243004063e-20	-29946550143349588e-21	1.0802602848315406
1.59435827169682	1.9994448604360011	-0.04711952966722036	0	0.9688427616223247	0.3922495432831019	0.0024999496744397068	34088240539705615e-21	-32669305078320206e-21	1.0849929971364278
1.6100662349647692	1.9984580724814458	-0.07851963151813754	0	0.9951206112347285	0.38749472771726134	0.0023723765368008176	37207548679653217e-21	-35669061706433705e-21	1.0902623813984247
1.625774198232718	1.9969781949010759	-0.10990035982489163	0	1.0237712549135276	0.38227261126853973	0.002238467480330579	4053698526447665e-20	-3899030284520862e-20	1.0961326680945427
1.641482161500667	1.99500559283254	-0.14125397186233332	0	1.0551774378635574	0.37651945557960387	0.0020975026430706026	4411095342224845e-20	-4268816998421849e-20	1.1026713028335597
1.657190124768616	1.9925407529858825	-0.172572731595847	0	1.0898099852893564	0.37016042673529226	0.0019485873151837282	47973666124632257e-21	-46832430769694703e-21	1.1099464976543305
1.672898088036565	1.989584283523453	-0.20384891159010013	0	1.1282529803796624	0.36310732901490206	0.001790603814719637	5218323574123276e-20	-5151359614510676e-20	1.1180240499752443
1.688606051304514	1.9861369139098526	-0.2350747949156756	0	1.171237225009025	0.35525582549010926	0.0016221489012091398	5681798510102606e-20	-5685271032255713e-20	1.126964556960759
1.704314014572463	1.9821994947319495	-0.26624267705310484	0	1.2196850558495171	0.3464819827362349	0.0014414517049454964	6477496768136824e-20	-6619236351437564e-20	1.213031380916228
1.7200219778404118	1.9777729974890093	-0.29734486779384595	0	1.279529920926401	0.3354107225589327	0.0012295705759662412	0.00017724638521022504	-0.00020206461771098914	4.202978167872437
1.7357299411083609	1.9728585143529909	-0.3283736931377261	0	1.5292826390345828	0.28553931229530116	0.0003312362232567712	0.00023695001541293505	0.00028361120551377355	0.7044670137608383
1.7514379043763098	1.9674572578990717	-0.3593214971863851	0	1.704172000511781	0.2523350623766061	-0.0002823135987922729	0.0002195864523533847	0.00028915120003295474	1.2750303152316156
1.7671458676442588	1.9615705608064609	-0.39018064403225683	0	1.9284029153845472	0.20966200747154384	-0.0011195686394312916	0.0002762834730704988	0.0004168845891831159	1.1092982471652137
1.7828538309122077	1.9551998755295814	-0.42094351964261145	0	2.1758883218031912	0.16120857774601327	-0.002195844656665275	0.0003107562870727451	0.0005763339146512205	1.0007525408175495
1.7985617941801568	1.9483467739396987	-0.45160253373820775	0	2.4226007552344626	0.11315502814728906	-0.003424886286926097	0.0002980977418115319	0.0007174041574905314	0.9685860896454381
1.8142697574481057	1.941012946937085	-0.4821501216660775	0	2.661220788251235	0.07166084480417911	-0.004588990904186552	0.00024138661751947626	0.0007587372155173986	0.9239130105278899
1.8299777207160546	1.9332002040338145	-0.5125787462659933	0	2.880654376437307	0.0402606718139471	-0.005477444400492815	0.00017113204060661982	0.0006735956825497155	0.8519282858855717
1.8456856839840037	1.9249104729072946	-0.5428808997301487	0	3.0666940182965097	0.01854533099092004	-0.006049179038313743	0.00011448118316546808	0.0005276858064412583	0.8238330596519385
1.8613936472519526	1.9161457989246382	-0.5730491054555967	0	3.219842791495325	0.0036627335253560656	-0.006389535501334799	7856725562861929e-20	0.0003980767013631024	0.8496658243550439
1.8771016105199017	1.9069083446380024	-0.6030759198889918	0	3.3502756279157615	-0.007153390443674024	-0.006591534916632024	5808844445314591e-20	0.00030976885599968474	0.8949142832318379
1.8928095737878505	1.8972003892510092	-0.6329539343631724	0	3.4673259719962393	-0.015644276026613224	-0.0067136527187687915	46333233449639914e-21	0.0002537536387277071	0.9318563386481736
1.9085175370557994	1.8870243280563872	-0.662675776925142	0	3.5766132439736067	-0.02272581598799661	-0.0067865276124427455	3900552007053272e-20	0.00021634138373871062	0.9545450567148858
1.9242255003237485	1.876382671844968	-0.6922341141549863	0	3.681052715919071	-0.028857459851787337	-0.006825710347684411	3391794759157772e-20	0.00018859698053258443	0.9671478797940297
1.9399334635916974	1.8652780462861882	-0.7216216529752837	0	3.7821269645537012	-0.034278105343826026	-0.006839517548188908	30040094358094713e-21	0.0001658744784495349	0.9742293208132333
1.9556414268596465	1.8537131912802414	-0.7508311424505665	0	3.880635377787361	-0.03912271636723619	-0.006832839364557864	26878339821348625e-21	0.00014588381706850395	0.9789865433439293
1.9713493901275954	1.8416909602820524	-0.7798553755763767	0	3.97710763380483	-0.04347326225273629	-0.0067659832397322485	2412799050493941e-20	0.00012704509516390218	0.9812539171526792
1.9870573533955442	1.829214319597227	-0.80868719105749	0	4.071763979814555	-0.047359871984660296	-0.006699735383870009	2162242289580136e-20	0.00010850008109663374	0.9809020380773497
2.0027653166634933	1.8162863476501625	-0.8373194750748565	0	4.1646168153135275	-0.05081477622619124	-0.00663920188441871	1940007438889071e-20	9091779702687475e-20	0.982313529898691
2.018473279931442	1.8029102342244914	-0.8657451630408279	0	4.255848753917179	-0.0538959306401674	-0.006579897446769942	17515701427076253e-21	7509511469988425e-20	0.9844571269885775
2.034181243199391	1.7890892796760502	-0.8939572413422422	0	4.345685161017515	-0.0566588210565343	-0.006519248974291062	15928265287619187e-21	6099159891875728e-20	0.9864064910242472
2.0498892064673404	1.774826894118566	-0.9219487490709253	0	4.434320523880079	-0.059148928573875104	-0.006455787566282133	14584407583781116e-21	483833491630947e-19	0.9880634526614217
2.0655971697352893	1.7601265965822637	-0.9497127797411896	0	4.521917385327199	-0.061406091524933815	-0.006388774134826984	13463748019883015e-21	37277777150164957e-21	0.9895819097594218
2.081305133003238	1.7449920141455941	-0.9772424829939101	0	4.608616508640541	-0.06347184395943395	-0.006338871889596045	12555283946464337e-21	27727414026186704e-21	0.9909035380160415
2.097013096271187	1.7294268810403102	-1.004531066286745	0	4.6945477687319945	-0.06538459242728967	-0.006292183357132053	11822972038650388e-21	1952410513733686e-20	0.9926276749233919
2.112721059539136	1.7134350377300993	-1.0315717965700948	0	4.779861412856147	-0.06717302189219332	-0.006243386001637527	1121912940428815e-20	12314013796947323e-21	0.9938305652966433
2.1284290228070852	1.697020429963007	-1.0583580019483818	0	4.864659982351881	-0.06885639189197168	-0.00619237489763312	1070391488625986e-20	5783721774288953e-21	0.9947831534839288
2.144136986075034	1.6801871077978836	-1.0848830733262378	0	4.94902490555081	-0.07044865910577558	-0.006139037555671348	10254142703847717e-21	-24569521593270757e-23	0.9956316400320625
2.159844949342983	1.6629392246050902	-1.1111404660392046	0	5.0330283970726954	-0.07196038447675179	-0.006083266754134627	9854511459365636e-21	-5891139188679818e-21	0.9964472171227193
2.175552912610932	1.6452810360417196	-1.137123701468528	0	5.116739374476603	-0.07339974981545982	-0.006024960585806215	9494205059902533e-21	-1123482751429752e-20	0.99725509767134
2.1912608758788807	1.627216899001574	-1.1628263686396612	0	5.200225627736726	-0.07477318827828539	-0.005964022662899051	9165230525255761e-21	-1633739176739593e-20	0.998070202283646
2.20696883914683	1.6087512705401685	-1.1882421258040776	0	5.283555116418903	-0.07608578542578237	-0.005900360458976102	8861501570846507e-21	-21244956608330766e-21	0.9988894082375211
2.222676802414779	1.5898887067750198	-1.2133647020039997	0	5.366795827636541	-0.07734157245491291	-0.005833886459818967	8578329951585675e-21	-2599290065653756e-20	0.9997036300905544
2.238384765682728	1.5706338617614897	-1.2381878986196682	0	5.450015149777284	-0.07854374496082128	-0.005764520198128764	8312084559033928e-21	-3060835725128292e-20	1.0004986782353564
2.2540927289506767	1.550991486344469	-1.2627055908987554	0	5.53327883727147	-0.07969483502915753	-0.005692191218179215	8059969811043242e-21	-3511178573496041e-20	1.0012561496932413
2.2698006922186256	1.5309664269861762	-1.2869117294675578	0	5.616649628124578	-0.08079685404329284	-0.0056168428775421764	781986642541746e-20	-395180906562564e-19	1.0019567209783027
2.285508655486575	1.5105636245703669	-1.3108003418235883	0	5.700185762190798	-0.08185141181822364	-0.005538436196279854	7590205555044677e-21	-43837529142810366e-21	1.0025811582276813
2.3012166187545238	1.4897881131832438	-1.3343655338091995	0	5.783939470672823	-0.08285981779419171	-0.005456953483715198	7369867112449179e-21	-4807646763245646e-20	1.0031119681665843
2.3169245820224726	1.4686450188713709	-1.3576014910658838	0	5.8679555593457975	-0.08382316658712252	-0.005372401346407201	7158089670503109e-21	-52238095588689135e-21	1.0035351321839419
2.3326325452904215	1.4471395583768987	-1.3805024804688744	0	5.952270220833247	-0.08474240815141965	-0.005284812674515484	6954391072780188e-21	-56323090083245824e-21	1.0038401721345394
2.3483405085583704	1.425277037850411	-1.4030628515417114	0	6.036910084548857	-0.08561840477274418	-0.005194247602076497	6758504269863529e-21	-60330170759851815e-21	1.004019462574876
2.3640484718263197	1.403062851541711	-1.4252770378504112	0	6.121891457252144	-0.08645197791633674	-0.005100793617246333	6570322567084124e-21	-642565944384696e-19	1.0040690194462354
2.3797564350942686	1.380502480468874	-1.4471395583768991	0	6.2072198299912635	-0.08724394462500173	-0.005004564685382376	638985035482845e-20	-6809862227233052e-20	1.0039881167217732
2.3954643983622175	1.3576014910658833	-1.468645018871371	0	6.292889638828616	-0.08799514463613867	-0.004905699501380587	6217161449258185e-21	-7185193029298226e-20	1.0037789532532224
2.4111723616301663	1.3343655338091993	-1.489788113183244	0	6.378884270885516	-0.08870645915863706	-0.004804358994064233	6052363890328086e-21	-7551196929834377e-20	1.0034462911705917
2.4268803248981152	1.3108003418235878	-1.510563624570367	0	6.465176304205367	-0.0893788220979026	-0.004700723217517139	5895571902984244e-21	-7907426105174505e-20	1.0029966100598815
2.4425882881660645	1.2869117294675574	-1.5309664269861767	0	6.551727927517979	-0.090013225315002	-0.004594987861252811	5746885879844627e-21	-8253461658416896e-20	1.0024372730257598
2.4582962514340134	1.262705590898755	-1.5509914863444692	0	6.63849148239111	-0.0906107195465331	-0.004487360602924885	5606378846799462e-21	-858892890128748e-19	1.0017760038332464
2.4740042147019623	1.2381878986196677	-1.57063386176149	0	6.725410092030042	-0.09117241207639248	-0.004378057457805072	5474087463178032e-21	-8913507902945615e-20	1.0010205305816808
2.489712177969911	1.2133647020039993	-1.58988870677502	0	6.812418351707761	-0.09169946193905765	-0.004267299237992353	53500065080103405e-22	-9226940252192272e-20	1.000178289503072
2.50542014123786	1.1882421258040772	-1.608751270540169	0	6.899443057951041	-0.09219307333110605	-0.004155308213428283	5234086330788213e-21	-9529032471612061e-20	0.9992561505962567
2.5211281045058094	1.1628263686396607	-1.6272168990015743	0	6.986403952902358	-0.09265448788438313	-0.0040423050514158555	5126233031017161e-21	-9819656252170343e-20	0.998260105801375
2.5368360677737583	1.1371237014685276	-1.6452810360417198	0	7.073214455417982	-0.0930849765318491	-0.0039285061032238765	5026310721293203e-21	-0.00010098746164600966	0.9971951362289242
2.552544031041707	1.1111404660392044	-1.6629392246050907	0	7.159782364729888	-0.09348583139998035	-0.003814121064091784	4934144638763105e-21	-0.00010366296196183302	0.9960652836214614
2.568251994309656	1.0848830733262376	-1.6801871077978838	0	7.246010539575847	-0.09385835778338136	-0.0036993509920981867	4849524869525501e-21	-0.00010622355387043354	0.9948735138598881
2.583959957577605	1.0583580019483814	-1.6970204299630072	0	7.331797538606787	-0.09420386655583168	-0.0035843866929828935	47722109057295316e-22	-0.00010867022343407676	0.9936216170691193
2.599667920845554	1.0315717965700943	-1.7134350377300995	0	7.41703821146115	-0.09452366731730677	-0.0034694074635942566	47019369714519634e-22	-0.00011100438719552717	0.9923099965606644
2.615375884113503	1.0045310662867446	-1.7294268810403104	0	7.5016242225955025	-0.0948190627213682	-0.0033545801906946847	463841683503789e-20	-0.00011322783132239853	0.9909380863522665
2.631083847381452	0.9772424829939097	-1.7449920141455944	0	7.585444544103031	-0.09509134340587222	-0.003240058720112262	4581346864511353e-21	-0.00011534266945637051	0.9895047013712293
2.646791810649401	0.9497127797411892	-1.760126596582264	0	7.668385948353497	-0.0953417829450296	-0.0031259834271151	4530409075421378e-21	-0.00011735130010913306	0.988007561780778
2.6624997739173497	0.9219487490709248	-1.7748268941185663	0	7.750333463739839	-0.095571633474268	-0.0030124810128921375	4485275324776334e-21	-0.00011925635083543214	0.9864429963432708
2.678207737185299	0.8939572413422416	-1.7890892796760505	0	7.831170774491774	-0.09578212242226647	-0.0028996645216671944	4445611234199022e-21	-0.0001210606252175617	0.9848061371245557
2.693915700453248	0.8657451630408275	-1.8029102342244916	0	7.9107805886256	-0.09597445000681304	-0.002787633518969621	441107878551108e-20	-0.00012276706480478404	0.9830911741037421
2.709623663721197	0.8373194750748559	-1.8162863476501627	0	7.989045003939803	-0.09614978697774745	-0.0026764743730283693	438133797863445e-20	-0.00012437872187460246	0.981291342405822
2.7253316269891457	0.80868719105749	-1.8292143195972272	0	8.065845880931683	-0.09630927241639886	-0.002566260612590268	4356048413659107e-21	-0.00012589873343644433	0.9793986341190919
2.7410395902570945	0.7798553755763766	-1.8416909602820524	0	8.141065211756272	-0.0964540117492032	-0.0024570533575252063	4334871222124785e-21	-0.00012733029172066514	0.9774034100010629
2.756747553525044	0.7508311424505656	-1.8537131912802418	0	8.214585470923472	-0.09658507522592263	-0.0023489018203399084	4317471112292624e-21	-0.0001286766138293405	0.9752941287339475
2.7724555167929927	0.7216216529752832	-1.8652780462861884	0	8.286289947909543	-0.09670349689494462	-0.002241843862128533	43035179843581225e-22	-0.0001299409167413621	0.9730572428772482
2.7881634800609416	0.6922341141549857	-1.8763826718449683	0	8.356063078969177	-0.09681027380938079	-0.002135906574022565	4292688144805584e-21	-0.00013112639738430538	0.9706767806356621
2.8038714433288905	0.6626757769251419	-1.8870243280563872	0	8.423790777297556	-0.09690636547141751	-0.0020311068745478794	42846660322429395e-22	-0.00013223620743956958	0.9681331735714932
2.8195794065968394	0.6329539343631724	-1.8972003892510092	0	8.489360718585969	-0.09699269429180091	-0.0019274521459489726	4279145544702034e-21	-0.000133273433188804	0.9654035136760252
2.8352873698647887	0.6030759198889908	-1.9069083446380026	0	8.552662650447147	-0.09707014613852083	-0.0018249408501361025	4275828979737622e-21	-0.00013424110299980045	0.9624625527929911
2.8509953331327376	0.5730491054555962	-1.9161457989246384	0	8.613588839460144	-0.09713956902192677	-0.0017235630498784386	42744263490491e-19	-0.0001351421911152314	0.9592796568129152
2.8667032964006864	0.5428808997301483	-1.9249104729072946	0	8.672034511308542	-0.09720177186678702	-0.0016233009370226733	4274659652254362e-21	-0.00013597956555097727	0.9558124694728946
2.8824112596686353	0.5125787462659932	-1.9332002040338145	0	8.727898000690688	-0.09725752833810763	-0.0015241295228135394	4276266181683106e-21	-0.00013675594736281974	0.9520106001613238
2.898119222936584	0.48215012166607746	-1.941012946937085	0	8.781080993243823	-0.09730758111823101	-0.0014260172530004746	4278996732724539e-21	-0.00013747392822957634	0.9478151884503624
2.9138271862045335	0.4516025337382068	-1.948346773939699	0	8.831488970815297	-0.09735264513526087	-0.0013289265073851131	4282616242876955e-21	-0.00013813596083978356	0.9431495153170926
2.9295351494724824	0.42094351964261095	-1.9551998755295814	0	8.879031532289549	-0.09739341570423332	-0.0012328141651437997	4286906090789779e-21	-0.0001387443307345084	0.9379185317069455
2.9452431127404313	0.39018064403225633	-1.9615705608064609	0	8.923622855867096	-0.09743058081385136	-0.0011376321298272693	42916683375667935e-22	-0.0001393011063021469	0.9319935534914434
2.96095107600838	0.35932149718638506	-1.9674572578990719	0	8.965181930493618	-0.09746484832657809	-0.001043327995097801	4296732216776094e-21	-0.00013980806338544522	0.9252092086225955
2.976659039276329	0.328373693137726	-1.9728585143529909	0	9.003632993037865	-0.09749699459149741	-0.0009498457362203215	4301964040770441e-21	-0.00014026657111111627	0.9173415807794937
2.9923670025442783	0.29734486779384545	-1.9777729974890093	0	9.03890595065825	-0.0975279634945696	-0.0008571266287936736	43072920572150385e-22	-0.00014067730741904798	0.9080650969544216
3.008074965812227	0.26624267705310434	-1.9821994947319497	0	9.070936273423206	-0.09755908821085679	-0.0007651107751748035	4312744338182416e-21	-0.00014103982573810862	0.8969827617460701
3.023782929080176	0.2350747949156751	-1.9861369139098526	0	9.099667068076661	-0.09759256090369273	-0.000673739091036006	4318559138449794e-21	-0.0001413512944553539	0.8833482511694
3.039490892348125	0.20384891159010005	-1.989584283523453	0	9.12504646432347	-0.09763269425256293	-0.0005829586761918192	4325462299402424e-21	-0.0001416033267861944	0.8658351550744776
3.0551988556160743	0.17257273159584602	-1.9925407529858825	0	9.147020840630594	-0.09768944328335583	-0.0004927344511306271	4335356429355379e-21	-0.00014177408987877212	0.841834648804745
3.070906818884023	0.1412539718623328	-1.9950055928325403	0	9.16551936265991	-0.0977895169798707	-0.0004030775490925431	435331215056865e-20	-0.00014180540817475748	0.8068369224298474
3.086614782151972	0.10990035982489112	-1.9969781949010759	0	9.180443843165774	-0.09801759178818104	-0.00031412323809136284	4393140783722037e-21	-0.0001415377453008955	0.8145514484287412
3.102322745419921	0.07851963151813701	-1.9984580724814458	0	9.192600433162209	-0.09869902344766701	-0.00022633115089129723	4488997815520857e-21	-0.0001405626855495694	2.5614329427845246
3.11803070868787	0.047119529667220286	-1.9994448604360011	0	9.223758186668118	-0.10144826180013289	-0.00014081105736233102	4631753095373284e-21	-0.00013875356916698828	25.245208281208953
3.133738671955819	0.015707801777421936	-1.9999383152895793	0	10.009929630147584	-0.11930657776480424	-5583966430296939e-20	3022809347008174e-21	-0.0001094958337715905	0
