#x 	#ue 	#uex 	#uet 	#del 	#E 	#cf 	#Jsep1 	#Jsep2 	#Csep 
0.007853981633974483	0.01570780177742267	1.9999383152895793	0	0.49772936258742434	0.4705403324141151	5335573151632347e-20	-2273637886005628e-20	7023323097382825e-21	-Inf
0.02356194490192345	0.04711952966722031	1.9994448604360011	0	0.4632311439059476	0.4616632527734934	0.00016598299171218756	-3001995482909237e-20	9163515302730686e-21	0.07222647172927821
0.039269908169872414	0.07851963151813722	1.9984580724814458	0	0.46073944465248484	0.46085511309342286	0.00027719681782490345	-30144215308346118e-21	9252538587359836e-21	0.15228211647562473
0.05497787143782139	0.1099003598248915	1.9969781949010759	0	0.46035999764788965	0.46068429212972695	0.00038803611277568514	-30155611075757813e-21	926939925773626e-20	-0.07665267499604493
0.07068583470577035	0.14125397186233338	1.99500559283254	0	0.460389077917138	0.46062462527424697	0.0004985897103020302	-3013395031677122e-20	926598059798136e-20	5.826862964403793
0.08639379797371932	0.17257273159584677	1.9925407529858825	0	0.46055854918688816	0.4605918789847323	0.0006088334124254034	-30097054405293116e-21	9254766461572826e-21	1.4529513518488713
0.10210176124166828	0.20384891159010007	1.989584283523453	0	0.46080478496946947	0.46056598263994486	0.0007187169518876612	-30049485307620635e-21	9238971832843063e-21	1.2337849947616886
0.11780972450961726	0.23507479491567532	1.9861369139098526	0	0.4611085879826063	0.46054082514201866	0.0008281822547955175	-29992697376444834e-21	9219619875259984e-21	1.167239898093861
0.13351768777756623	0.2662426770531047	1.9821994947319497	0	0.461463199538616	0.46051419615327704	0.0009371685818078605	-29927237228422527e-21	919709160553755e-20	1.1359348010944237
0.1492256510455152	0.297344867793846	1.9777729974890093	0	0.4618660154891886	0.46048518036065844	0.0010456142679180086	-29853339204552732e-21	9171546448002081e-21	1.117145865481863
0.16493361431346415	0.3283736931377259	1.9728585143529909	0	0.4623160198861058	0.4604533499789696	0.0011534574034071847	-29771116411823506e-21	914305728433011e-20	1.1041149115711841
0.1806415775814131	0.35932149718638506	1.9674572578990719	0	0.46281287660185605	0.4604184787273289	0.0012606361383026717	-29680630423326454e-21	9111659743859956e-21	1.0942712552528597
0.1963495408493621	0.39018064403225655	1.9615705608064609	0	0.4633565727290186	0.460380429366285	0.0013670888382681737	-29581919389917883e-21	9077372086181712e-21	1.0864409497675356
0.21205750411731106	0.42094351964261134	1.9551998755295814	0	0.46394726654110496	0.4603391055785133	0.0014727541766627811	-29475010326084366e-21	9040203890193648e-21	1.080003891189646
0.22776546738526002	0.4516025337382074	1.9483467739396987	0	0.46458521821203996	0.46029442987313285	0.0015775711971220388	-29359924841065887e-21	9000160106199584e-21	1.0745928153230542
0.24347343065320898	0.4821501216660773	1.941012946937085	0	0.4652707565360066	0.46024633279925586	0.0016814793616229248	-29236681957153233e-21	8957243047039044e-21	1.0699704299831911
0.25918139392115797	0.5125787462659933	1.9332002040338145	0	0.46600426230386854	0.4601947473790904	0.0017844185909521703	-2910529955378976e-20	8911453406630085e-21	1.0659731880225676
0.2748893571891069	0.5428808997301485	1.9249104729072946	0	0.4667861598119202	0.46013960607547255	0.0018863293009433282	-28965795128778823e-21	886279079493858e-20	1.0624828644762403
0.2905973204570559	0.5730491054555966	1.9161457989246384	0	0.4676169125379423	0.4600808390436053	0.001987152436189861	-2881818620403207e-20	8811254020970393e-21	1.0594109022962854
0.3063052837250049	0.6030759198889915	1.9069083446380024	0	0.4684970210520874	0.4600183730566232	0.0020868295021300534	-2866249053819006e-20	875684123857553e-20	1.056689144031467
0.3220132469929538	0.6329539343631723	1.8972003892510092	0	0.4694270221818459	0.45995213079420627	0.002185302595985555	-2849872622988384e-20	8699550014276233e-21	1.0542640068989002
0.3377212102609028	0.662675776925142	1.8870243280563872	0	0.4704074889156175	0.45988203032994	0.0022825144368163147	-2832691175639486e-20	863937734871159e-20	1.0520926399428505
0.3534291735288518	0.692234114154986	1.8763826718449683	0	0.4714390307658262	0.45980798472747875	0.0023784083948347854	-28147065972324215e-21	8576319669034387e-21	1.0501402874030874
0.3691371367968007	0.7216216529752836	1.8652780462861882	0	0.47252229443685523	0.45972990169459726	0.0024729285200541413	-2795920808219315e-20	8510372802027767e-21	1.0483784212741516
0.3848451000647497	0.7508311424505661	1.8537131912802416	0	0.47365796471056354	0.4596476832653702	0.0025660195703064164	-2776335759497682e-20	8441531933510026e-21	1.0467833839095264
0.40055306333269863	0.7798553755763765	1.8416909602820526	0	0.4748467654999228	0.45956122549240486	0.0026576270386425515	-27559534265228546e-21	8369791557214186e-21	1.0453353799115563
0.4162610266006476	0.80868719105749	1.829214319597227	0	0.4760894610430152	0.4594704181377276	0.0027476971801120072	-27347758023523512e-21	8295145414961122e-21	1.0440177138272135
0.4319689898685966	0.8373194750748563	1.8162863476501625	0	0.47738685722252017	0.45937514435475935	0.0028361770379105576	-27128048897783648e-21	8217586429097627e-21	1.0428162047851246
0.44767695313654554	0.8657451630408279	1.8029102342244914	0	0.478739803003698	0.45927528035604914	0.002923014468878516	-26900426926327085e-21	8137106627656037e-21	1.0417187309741855
0.46338491640449453	0.8939572413422423	1.7890892796760502	0	0.48014919198886474	0.45917069506274766	0.003008158168327884	-26664912063028798e-21	8053697062352046e-21	1.040714871026951
0.4790928796724435	0.9219487490709248	1.7748268941185663	0	0.4816159640896791	0.459061249732551	0.003091557694173441	-2642152407471426e-20	7967347719323716e-21	1.039795618749142
0.49480084294039245	0.9497127797411892	1.760126596582264	0	0.48314110732087856	0.45894679756326706	0.0031731634903409724	-26170282430657242e-21	7878047422326048e-21	1.0389531541047456
0.5105088062083414	0.9772424829939098	1.7449920141455944	0	0.48472565972085807	0.4588271832693258	0.0032529269094232842	-25911206183923958e-21	7785783727983775e-21	1.0381806578092478
0.5262167694762904	1.004531066286745	1.7294268810403102	0	0.4863707114058819	0.45870224262862913	0.003330800234553421	-25644313844220347e-21	7690542812611597e-21	1.0374721600942254
0.5419247327442394	1.031571796570095	1.7134350377300993	0	0.4880774067659395	0.4585718019970899	0.0034067367004623887	-25369623241760067e-21	7592309349985919e-21	1.036822416493848
0.5576326960121883	1.0583580019483814	1.6970204299630072	0	0.4898469468113984	0.45843567778808336	0.0034806905136875797	-25087151381603357e-21	7491066379388309e-21	1.0362268051744803
0.5733406592801373	1.0848830733262376	1.6801871077978836	0	0.4916805916807158	0.45829367591387005	0.0035526168718955594	-247969142878657e-19	7386795163140189e-21	1.0356812415805956
0.5890486225480862	1.1111404660392044	1.6629392246050905	0	0.4935796633206112	0.4581455911858425	0.003622471982281878	-2449892683708428e-20	7279475032765186e-21	1.035182107097356
0.6047565858160352	1.1371237014685278	1.6452810360417196	0	0.4955455483512925	0.45799120667018167	0.0036902130790078622	-24193202579965258e-21	7169083222797373e-21	1.0347261891402995
0.6204645490839842	1.1628263686396612	1.627216899001574	0	0.4975797011306129	0.4578302929952116	0.0037557984396325394	-2387975355066796e-20	70555946911642034e-22	1.0343106306149397
0.6361725123519332	1.1882421258040772	1.608751270540169	0	0.4996836470324198	0.45766260760640676	0.0038191874004953425	-2355859006267344e-20	6938981924956942e-21	1.0339328871170939
0.6518804756198822	1.2133647020039995	1.58988870677502	0	0.5018589859558851	0.4574878939646365	0.0038803403710020172	-23229720490216226e-21	6819214730261244e-21	1.0335906905500682
0.6675884388878311	1.2381878986196682	1.5706338617614897	0	0.5041073960842732	0.4573058806827832	0.00393921884676435	-22893151034133516e-21	6696260004578864e-21	1.033282018108283
0.68329640215578	1.2627055908987554	1.550991486344469	0	0.5064306379134629	0.45711628059541765	0.0039957854215390675	-22548885470901027e-21	6570081490223823e-21	1.0330050657621843
0.699004365423729	1.2869117294675578	1.5309664269861762	0	0.5088305585725913	0.45691878975568256	0.004050003797909446	-22196924883479823e-21	6440639506889979e-21	1.032758225547564
0.714712328691678	1.3108003418235878	1.510563624570367	0	0.5113090964614928	0.4567130863529212	0.004101838796647123	-21837267372507877e-21	63078906614060186e-22	1.0325400660774782
0.730420291959627	1.3343655338091995	1.489788113183244	0	0.5138682862321424	0.45649882954397025	0.00415125636468842	-21469907746152463e-21	6171787532428867e-21	1.0323493158214985
0.746128255227576	1.3576014910658836	1.468645018871371	0	0.5165102641442011	0.45627565819025295	0.004198223581652292	-21094837186865427e-21	6032278327635355e-21	1.0321848487383134
0.7618362184955249	1.3805024804688744	1.4471395583768987	0	0.519237273827931	0.45604318949202916	0.004242708664822797	-2071204289305526e-20	5889306510675886e-21	1.032045671973197
0.7775441817634738	1.4030628515417114	1.4252770378504107	0	0.5220516724913864	0.4558010175102014	0.004284680972510464	-2032150769345831e-20	5742810394783517e-21	1.031930915326051
0.7932521450314228	1.425277037850411	1.4030628515417114	0	0.5249559376128059	0.45554871156506116	0.004324111005700088	-19923209631890093e-21	5592722699682779e-21	1.0318398222868956
0.8089601082993718	1.447139558376899	1.3805024804688744	0	0.5279526741637041	0.45528581450020855	0.004360970407883807	-19517121519678824e-21	5438970067959873e-21	1.0317717424560995
0.8246680715673208	1.468645018871371	1.3576014910658833	0	0.5310446224133147	0.4550118407985573	0.004395231962967381	-19103210452899417e-21	52814725366309765e-22	1.0317261251935979
0.8403760348352697	1.489788113183244	1.3343655338091993	0	0.5342346663708608	0.4547262745358869	0.0044268695911275115	-18681437291209424e-21	5120142959163534e-21	1.031702514387205
0.8560839981032187	1.5105636245703673	1.3108003418235878	0	0.5375258429287385	0.45442856715575153	0.004455858342484386	-18251756094718832e-21	49548863725762085e-22	1.0317005442284721
0.8717919613711677	1.5309664269861762	1.2869117294675578	0	0.5409213517771978	0.4541181350476935	0.004482174388439521	-17814113515003406e-21	4785599303645323e-21	1.0317199359307843
0.8874999246391166	1.550991486344469	1.2627055908987552	0	0.5444245661696463	0.4537943569086007	0.004505795010511817	-17368448135915797e-21	4612169007471168e-21	1.0317604953212396
0.9032078879070656	1.57063386176149	1.238187898619668	0	0.5480390446274349	0.4534565708646747	0.0045266985864870195	-16914689759383017e-21	4434472630803018e-21	1.031822111269081
0.9189158511750146	1.5898887067750203	1.2133647020039993	0	0.5517685436841164	0.4531040713287655	0.004544864573672379	-16452758630883347e-21	4252376291610205e-21	1.0319047549159133
0.9346238144429635	1.608751270540169	1.188242125804077	0	0.5556170317819016	0.4527361055647767	0.004560273489024907	-15982564598662934e-21	4065734065223756e-21	1.0320084797011237
0.9503317777109125	1.627216899001574	1.1628263686396612	0	0.5595887044476826	0.4523518699273319	0.004572906885892618	-15504006200120884e-21	3874386866169487e-21	1.0321334221703506
0.9660397409788615	1.6452810360417196	1.1371237014685278	0	0.5636880008927995	0.451950505740945	0.0045827473270755375	-1501696966805167e-20	36781612133590336e-22	1.0322798035899334
0.9817477042468105	1.6629392246050905	1.1111404660392044	0	0.5679196222001536	0.4515310947783735	0.004589778353874874	-14521327848551459e-21	3476867864663846e-21	1.0324479323830351
0.9974556675147594	1.6801871077978838	1.0848830733262373	0	0.5722885512846905	0.4510926542926492	0.004593984450756371	-14016939021497357e-21	3270300305009442e-21	1.0326382074323708
1.0131636307827083	1.6970204299630074	1.0583580019483811	0	0.5768000748392846	0.4506341315513256	0.004595351005201963	-13503645613414188e-21	3058233069968176e-21	1.0328511222961432
1.0288715940506574	1.7134350377300995	1.0315717965700946	0	0.5814598075082433	0.45015439781465605	0.004593864262265904	-12981272791283787e-21	2840419884305226e-21	1.0330872704148328
1.0445795573186063	1.7294268810403102	1.004531066286745	0	0.5862737185658574	0.44965224169152407	0.004589511273282957	-12449626924545847e-21	26165915920712576e-22	1.0333473513840592
1.0602875205865552	1.7449920141455941	0.9772424829939099	0	0.5912481614185012	0.44912636179791043	0.004582279838096022	-1190849390090845e-20	23864538515257643e-22	1.0336321784028177
1.0759954838545043	1.760126596582264	0.9497127797411891	0	0.5963899062969177	0.4485753586321861	0.004572158440077786	-11357637279786564e-21	2149684564242921e-21	1.033942687025574
1.0917034471224532	1.7748268941185665	0.9219487490709247	0	0.6017061765618776	0.44799772556939055	0.004559136173109814	-10796796265155042e-21	19059310033788596e-22	1.0342799453603178
1.1074114103904023	1.7890892796760502	0.893957241342242	0	0.6072046891129934	0.44739183886257883	0.0045432026595540855	-10225683477183183e-21	1654806600793282e-21	1.0346451658978024
1.1231193736583511	1.8029102342244914	0.8657451630408278	0	0.6128936994691909	0.4467559465229427	0.004524347958097777	-964398249936188e-20	13958873467101735e-22	1.0350397191725713
1.1388273369263	1.8162863476501625	0.8373194750748563	0	0.6187820521826283	0.4460881559313332	0.0045025624601707885	-9051345174599088e-21	1128707748564116e-21	1.0354651495106317
1.154535300194249	1.8292143195972272	0.8086871910574899	0	0.624879237358824	0.44538642001148965	0.004477836773418544	-8447388620114007e-21	852756287325809e-21	1.0359231931440611
1.170243263462198	1.8416909602820526	0.7798553755763765	0	0.6311954541881419	0.4446485217691545	0.004450161590453917	-7831691926692691e-21	5674703000155586e-22	1.036415799034588
1.185951226730147	1.8537131912802418	0.7508311424505659	0	0.637741682552295	0.44387205697056853	0.004419527540801192	-7203792502792762e-21	2722302056898014e-22	1.0369451528019582
1.201659189998096	1.8652780462861882	0.7216216529752835	0	0.6445297639600102	0.443054414697694	0.0043859250235712775	-6563182018077887e-21	-33647021232429706e-24	1.0375137042230425
1.2173671532660448	1.8763826718449683	0.692234114154986	0	0.6515724932957139	0.44219275547485704	0.004349344017954187	-5909301893844347e-21	-3509152422539519e-22	1.038124198841489
1.233075116533994	1.8870243280563872	0.6626757769251418	0	0.6588837231431828	0.441283986610985	0.004309773868065965	-5241538279356185e-21	-6804075414502835e-22	1.038779714332384
1.2487830798019428	1.8972003892510092	0.6329539343631723	0	0.6664784827841022	0.44032473434165875	0.0042672030380156364	-455921644289573e-20	-10230457605608802e-22	1.039483702365451
1.264491043069892	1.9069083446380026	0.6030759198889911	0	0.6743731143839312	0.4393113122837926	0.004221618832237574	-3861594493825079e-21	-13798513622937096e-22	1.0402400368488096
1.2801990063378408	1.9161457989246384	0.5730491054555965	0	0.6825854293829332	0.4382396856305133	0.004173007075122259	-3147856336652226e-21	-17519578336053996e-22	1.0410530695809357
1.2959069696057899	1.9249104729072946	0.5428808997301482	0	0.691134888732371	0.4371054304116597	0.004121351742729146	-24171037390348497e-22	-21406248792951105e-22	1.0419276945200295
1.3116149328737388	1.9332002040338148	0.5125787462659931	0	0.7000428113850622	0.4359036870226216	0.004066634537810309	-16683473717413639e-22	-2547254702985685e-21	1.042869422086711
1.3273228961416876	1.941012946937085	0.48215012166607735	0	0.7093326164049918	0.4346291070763002	0.004008834397435074	-9004966481461005e-22	-2973410729603054e-21	1.0438844651563874
1.3430308594096367	1.9483467739396987	0.45160253373820713	0	0.7190301052533189	0.4332757924540409	0.00394792692007053	-11234815176480693e-23	-34208391935637217e-22	1.0449798386787512
1.3587388226775856	1.9551998755295814	0.42094351964261123	0	0.7291637923042653	0.4318372252142524	0.0038838836959036397	6974276104362462e-22	-3891494103664481e-21	1.0461634751715048
1.3744467859455347	1.9615705608064609	0.3901806440322562	0	0.7397652935309086	0.4303061867530229	0.0038166715203007944	1530301458146556e-21	-43875662043933764e-22	1.0474443587033662
1.3901547492134836	1.9674572578990719	0.35932149718638495	0	0.7508697856925796	0.4286746642878958	0.00374625146534458	23879032092978377e-22	-49115166907406936e-22	1.0488326803595114
1.4058627124814325	1.9728585143529909	0.3283736931377259	0	0.7625165514042195	0.42693374233974435	0.0036725777780453103	3272042310865255e-21	-54661166094959976e-22	1.0503400185919247
1.4215706757493816	1.9777729974890093	0.2973448677938457	0	0.7747496293762807	0.42507347640002924	0.0035955965656651336	4184732129287389e-21	-605449310829553e-20	1.0519795482688472
1.4372786390173304	1.9821994947319497	0.26624267705310467	0	0.7876185941532108	0.4230827453685493	0.003515244218046258	5128218824202366e-21	-6680183994178482e-21	1.0537662825513705
1.4529866022852795	1.9861369139098526	0.23507479491567496	0	0.8011794962150586	0.4209490786006791	0.003431445503141363	6105016038628399e-21	-7347202465346104e-21	1.0557173519134952
1.4686945655532284	1.989584283523453	0.20384891159009993	0	0.8154960018363081	0.41865845247584055	0.0033441112540903597	7117947071260825e-21	-8060114426457525e-21	1.0578523244678404
1.4844025288211773	1.9925407529858825	0.17257273159584677	0	0.8306407832939583	0.4161950502433638	0.0032531355428132317	8170196806143876e-21	-8824131554135357e-21	1.0601935709973032
1.5001104920891264	1.9950055928325403	0.14125397186233313	0	0.8466972248065702	0.4135409774588168	0.00315839220438967	9265376540593927e-21	-9645224344255455e-21	1.0627666763039776
1.5158184553570753	1.9969781949010759	0.10990035982489144	0	0.8637615292356609	0.41067592351945903	0.003059730536062479	10407606091139839e-21	-10530260899164963e-21	1.0656008949282256
1.5315264186250244	1.9984580724814458	0.07851963151813689	0	0.881945336836416	0.40757675755115463	0.002956969941344868	11601619344055926e-21	-11487179440898576e-21	1.06872964290641
1.5472343818929732	1.9994448604360011	0.04711952966722016	0	0.9013790026150164	0.4042170440823689	0.00284989321923756	12852902016594601e-21	-1252520584830845e-20	1.0721910064310216
1.5629423451609221	1.9999383152895793	0.0157078017774227	0	0.9222157264598144	0.4005664604379999	0.0027382381055018196	1416787421489822e-20	-13655132533545274e-21	1.0760282308642302
1.5786503084288712	1.9999383152895793	-0.0157078017774229	0	0.9446367947486902	0.39659009345834995	0.002621686550248653	15554136058345865e-21	-14889682730499986e-21	1.0802901269632512
1.59435827169682	1.9994448604360011	-0.04711952966722036	0	0.968858279908402	0.3922475878531986	0.0024998510548316557	1702080323299359e-20	-1624399652811849e-20	1.0850312931493293
1.6100662349647692	1.9984580724814458	-0.07851963151813754	0	0.9951396640900634	0.38749211209702117	0.0023722571798497293	18578972597293234e-21	-17736294839207378e-21	1.090312003797207
1.625774198232718	1.9969781949010759	-0.10990035982489163	0	1.0237950166699583	0.3822691001043037	0.0022383210604737464	20242378960939876e-21	-193888105437249e-19	1.0961975630561374
1.641482161500667	1.99500559283254	-0.14125397186233332	0	1.0552075793050057	0.3765147177129844	0.002097320405554606	2202833844208256e-20	-21229132693469026e-21	1.1027569021049286
1.657190124768616	1.9925407529858825	-0.172572731595847	0	1.08984892065268	0.3701539914361047	0.00194835698202068	2395913171783623e-20	-23292209808789354e-21	1.1100602810953488
1.672898088036565	1.989584283523453	-0.20384891159010013	0	1.1283042523827782	0.3630985204683326	0.001790307936444849	26064081710773943e-21	-25623440873635263e-21	1.1181763093136179
1.688606051304514	1.9861369139098526	-0.2350747949156756	0	1.1713061120413408	0.355243664103287	0.0016217623463071005	28382762938396992e-21	-28283625527230342e-21	1.1271694351447508
1.704314014572463	1.9821994947319495	-0.26624267705310484	0	1.219779540821539	0.34646503545116225	0.0014409377902627352	3294442746924167e-20	-33596604946250084e-21	1.2458419428780871
1.7200219778404118	1.9777729974890093	-0.29734486779384595	0	1.2807614384040764	0.33510991048097516	0.0012218497752437142	9012790099913791e-20	-0.00010250150144688713	4.158741800360614
1.7357299411083609	1.9728585143529909	-0.3283736931377261	0	1.5332183866374565	0.28473801497313533	0.00030902131953726214	0.00011991302644278034	0.00014328141124993372	0.6980170224660447
1.7514379043763098	1.9674572578990717	-0.3593214971863851	0	1.7090497816569106	0.251268073858016	-0.00031323464193480394	0.00011173911142374887	0.00014738058722190393	1.2854285093048972
1.7671458676442588	1.9615705608064609	-0.39018064403225683	0	1.9355597048840867	0.2079903524477773	-0.0011747329797916022	0.0001408682566421703	0.00021389874469189757	1.1011414659741474
1.7828538309122077	1.9551998755295814	-0.42094351964261145	0	2.1843419413447434	0.15909643394082096	-0.0022784200109286605	0.00015695995668274062	0.00029473596871124324	0.9952859236257307
1.7985617941801568	1.9483467739396987	-0.45160253373820775	0	2.4315024215974326	0.11094903026911718	-0.0035252912563719092	0.00014853180720625735	0.0003634499136856192	0.9666411754277554
1.8142697574481057	1.941012946937085	-0.4821501216660775	0	2.670239585637673	0.06969311551628454	-0.004686595649896376	0.00011858751236432693	0.00037906507005782704	0.9179328181396893
1.8299777207160546	1.9332002040338145	-0.5125787462659933	0	2.8888532342633155	0.038711158048810645	-0.0055563957477926165	8316800821485652e-20	0.00033178834114342873	0.8462410941037933
1.8456856839840037	1.9249104729072946	-0.5428808997301487	0	3.0734174905038927	0.017388604341423974	-0.006108187993435814	55402089597237496e-21	0.00025756653810964883	0.8229332344785385
1.8613936472519526	1.9161457989246382	-0.5730491054555967	0	3.2252609300666326	0.002780023467366055	-0.006434307218605782	38112534614248884e-21	0.00019394376931519325	0.8524211554491586
1.8771016105199017	1.9069083446380024	-0.6030759198889918	0	3.354855552401065	-0.00786723564577696	-0.006627346316652561	28333206770521486e-21	0.00015133808741209042	0.898372451689413
1.8928095737878505	1.8972003892510092	-0.6329539343631724	0	3.47144085134315	-0.016254329406561685	-0.006743715621300429	22714318083933e-18	0.00012441297068551028	0.9344248887395775
1.9085175370557994	1.8870243280563872	-0.662675776925142	0	3.5804850878606382	-0.023267225820396975	-0.00681255386812103	19186702242008815e-21	0.00010632672837341236	0.9561149458318189
1.9242255003237485	1.876382671844968	-0.6922341141549863	0	3.684801909160902	-0.029348547068796305	-0.00684859009962665	16715523682318394e-21	9278797827589396e-20	0.9680647396103156
1.9399334635916974	1.8652780462861882	-0.7216216529752837	0	3.78581913051154	-0.03472856436045946	-0.006859726917992552	14817422003270572e-21	8160594569421146e-20	0.9747978421051703
1.9556414268596465	1.8537131912802414	-0.7508311424505665	0	3.88430937186204	-0.03953782243454751	-0.006850642631952952	13260457573589799e-21	7170406832855682e-20	0.9794906301029096
1.9713493901275954	1.8416909602820524	-0.7798553755763767	0	3.98079610259544	-0.04385546622225267	-0.00677601970199768	11894725736143688e-21	6228858960194029e-20	0.9811550904873471
1.9870573533955442	1.829214319597227	-0.80868719105749	0	4.075459819697218	-0.0477081661637736	-0.00671076777903638	1065091795557239e-20	5303359118009215e-20	0.9809899181267422
2.0027653166634933	1.8162863476501625	-0.8373194750748565	0	4.168327488034462	-0.05113181298258351	-0.006650457361724646	9558067547087682e-21	44352723046399756e-21	0.982631496196636
2.018473279931442	1.8029102342244914	-0.8657451630408279	0	4.259592985807498	-0.05418553500237988	-0.006590901608510044	8634793356920361e-21	3657297610965126e-20	0.9847952729647736
2.034181243199391	1.7890892796760502	-0.8939572413422422	0	4.349482012081322	-0.056924574409261464	-0.006529717473397354	7857267944274572e-21	29642585453104946e-21	0.986718431653212
2.0498892064673404	1.774826894118566	-0.9219487490709253	0	4.43818719497459	-0.05939387025310994	-0.006465542277551585	72007412900599665e-22	23463280712988785e-21	0.9883717304811193
2.0655971697352893	1.7601265965822637	-0.9497127797411896	0	4.525870909668815	-0.06163379379846701	-0.006397803145082289	66554716573751e-19	1804015318864696e-20	0.9898127599650537
2.081305133003238	1.7449920141455941	-0.9772424829939101	0	4.612668185899766	-0.06368550649280369	-0.0063516707593052535	6214976798243395e-21	13388851992814156e-21	0.9912379153798263
2.097013096271187	1.7294268810403102	-1.004531066286745	0	4.69871571476581	-0.06558749757455129	-0.006304650496536001	5860025847292774e-21	9392129849013707e-21	0.9928872105259124
2.112721059539136	1.7134350377300993	-1.0315717965700948	0	4.7841588037616365	-0.06736727894043204	-0.006255515936736974	5565556819603845e-21	5860146335650977e-21	0.9940191524913501
2.1284290228070852	1.697020429963007	-1.0583580019483818	0	4.869096346189821	-0.06904346808319306	-0.0062041580218241766	5313308076606739e-21	26502531664745625e-22	0.9949306115477436
2.144136986075034	1.6801871077978836	-1.0848830733262378	0	4.953607572400342	-0.0706296257036163	-0.0061504631379464495	5092444852752397e-21	-3206380984886779e-22	0.9957525597930331
2.159844949342983	1.6629392246050902	-1.1111404660392046	0	5.037763320798968	-0.07213604957258901	-0.006094324336967507	489575679273065e-20	-3107254789352957e-21	0.9965460881496351
2.175552912610932	1.6452810360417196	-1.137123701468528	0	5.121631319962245	-0.07357074555296683	-0.006035641494345092	4718100297029237e-21	-5748464690685522e-21	0.997339983451804
2.1912608758788807	1.627216899001574	-1.1628263686396612	0	5.205278716631791	-0.07494001462711475	-0.005974319322219281	45556428634039875e-22	-82731948030354e-19	0.9981432946932002
2.20696883914683	1.6087512705401685	-1.1882421258040776	0	5.288772948680593	-0.07624884467920878	-0.00591026658200456	44054571195510385e-22	-10703515943679176e-21	0.9989533256717038
2.222676802414779	1.5898887067750198	-1.2133647020039997	0	5.3721816497568735	-0.07750119144813528	-0.005843396884376643	4265278808267474e-21	-13056431092841344e-21	0.9997600375135677
2.238384765682728	1.5706338617614897	-1.2381878986196682	0	5.45557195694661	-0.07870019120626004	-0.005773630797231614	41333526532731895e-22	-15344982754889983e-21	1.000547925053136
2.2540927289506767	1.550991486344469	-1.2627055908987554	0	5.539009373347325	-0.07984833056637364	-0.005700899067336195	4008327265654119e-21	-17578993034193104e-21	1.001298808965539
2.2698006922186256	1.5309664269861762	-1.2869117294675578	0	5.622556402701574	-0.08094758559821646	-0.005625146332509526	3889177392759298e-21	-1976561256787763e-20	1.0019934307331981
2.285508655486575	1.5105636245703669	-1.3108003418235883	0	5.706271072610648	-0.08199953835365603	-0.005546334924112852	37751438103859133e-22	-21909751695812427e-21	1.0026129483747896
2.3012166187545238	1.4897881131832438	-1.3343655338091995	0	5.7902054541869665	-0.08300547550288784	-0.005464448383140198	36656841563450804e-22	-24014446102163853e-21	1.0031402222177994
2.3169245820224726	1.4686450188713709	-1.3576014910658838	0	5.874404272273527	-0.08396647177510541	-0.005379494370552543	35604310714473397e-22	-2608118355219743e-20	1.0035607473006307
2.3326325452904215	1.4471395583768987	-1.3805024804688744	0	5.958903677326621	-0.08488345995827629	-0.005291506750141129	34591556533436457e-22	-28110204745877154e-21	1.003863342300012
2.3483405085583704	1.425277037850411	-1.4030628515417114	0	6.043730237086604	-0.08575728853445486	-0.005200546694654525	3361735127260653e-21	-30100783891217e-18	1.004040494474316
2.3640484718263197	1.403062851541711	-1.4252770378504112	0	6.128900184932516	-0.08658876783529823	-0.005106702758315351	32681244797668025e-22	-3205148691294183e-20	1.0040883220682764
2.3797564350942686	1.380502480468874	-1.4471395583768991	0	6.214418935951504	-0.08737870573311224	-0.005010089956632331	31783321469031002e-22	-33960402180021376e-21	1.0040062241463887
2.3954643983622175	1.3576014910658833	-1.468645018871371	0	6.300280859377998	-0.08812793407424391	-0.0049108479720032135	30923997384792e-19	-35825340228032145e-21	1.0037963678501787
2.4111723616301663	1.3343655338091993	-1.489788113183244	0	6.386469283775819	-0.0888373271117665	-0.004809138644384708	30103853303509655e-22	-3764400424288791e-20	1.0034632529976661
2.4268803248981152	1.3108003418235878	-1.510563624570367	0	6.472956717038384	-0.08950781288906084	-0.004705142895302855	2932350042165627e-21	-3941413163126742e-20	1.003013090540897
2.4425882881660645	1.2869117294675574	-1.5309664269861767	0	6.559705245448176	-0.09014037877010428	-0.004599057271349794	2858347889590827e-21	-41133604532529566e-21	1.0024531720206684
2.4582962514340134	1.262705590898755	-1.5509914863444692	0	6.646667071559625	-0.09073607233269931	-0.0044910902923056585	2788418563077786e-21	-4280053113119788e-20	1.0017913166812449
2.4740042147019623	1.2381878986196677	-1.57063386176149	0	6.733785153153092	-0.09129599871799654	-0.004381458766618634	2722582731673057e-21	-4441330064446883e-20	1.0010353655042732
2.489712177969911	1.2133647020039993	-1.58988870677502	0	6.820993905607456	-0.09182131547066741	-0.004270384217112984	26608394469364095e-22	-4597061552425197e-20	1.000192794353714
2.50542014123786	1.1882421258040772	-1.608751270540169	0	6.908219936838007	-0.09231322572270817	-0.0041580895255219005	2603165121295921e-21	-4747150587845226e-20	0.9992704645322055
2.5211281045058094	1.1628263686396607	-1.6272168990015743	0	6.995382793163745	-0.09277297034337773	-0.004044795867384775	254951372145258e-20	-48915329607455745e-21	0.9982743857421392
2.5368360677737583	1.1371237014685276	-1.6452810360417198	0	7.082395693855911	-0.09320181965532814	-0.0039307199930548814	24998179284854435e-22	-5030176075314607e-20	0.9972095504822984
2.552544031041707	1.1111404660392044	-1.6629392246050907	0	7.169166237313259	-0.09360106519697686	-0.003816071885837366	2453990953319323e-21	-51630769409592264e-21	0.9960798383598745
2.568251994309656	1.0848830733262376	-1.6801871077978838	0	7.2555970677079955	-0.09397201187588988	-0.0037010528053908697	24119286994046172e-22	-5290259664493611e-20	0.9948880032927758
2.583959957577605	1.0583580019483814	-1.6970204299630072	0	7.341586498571657	-0.0943159706911958	-0.003585853702856425	23735119832196066e-22	-54117727774183844e-21	0.9936357403366454
2.599667920845554	1.0315717965700943	-1.7134350377300995	0	7.4270290974528335	-0.09463425203270737	-0.00347065397695855	2338608638689214e-21	-5527686609826353e-20	0.9923237625434068
2.615375884113503	1.0045310662867446	-1.7294268810403104	0	7.5118162375277535	-0.09492815950514144	-0.0033556205358052046	23070755645499766e-22	-5638090664049071e-20	0.9909517600594807
2.631083847381452	0.9772424829939097	-1.7449920141455944	0	7.5958366130804995	-0.09519898437979513	-0.003240907141027622	22787608487383264e-22	-57430908543332944e-21	0.9895182906449588
2.646791810649401	0.9497127797411892	-1.760126596582264	0	7.678976711571917	-0.0954480008629437	-0.0031266540145291986	22535058232241043e-22	-58428067899240684e-21	0.988020823170984
2.6624997739173497	0.9219487490709248	-1.7748268941185663	0	7.761121249719153	-0.09567646210476344	-0.0030129876675667956	22311468817085844e-22	-5937369302899538e-20	0.9864557404657884
2.678207737185299	0.8939572413422416	-1.7890892796760505	0	7.842153579379136	-0.09588559688179887	-0.0029000209161659544	22115169850071185e-22	-6026918318732865e-20	0.9848184376079794
2.693915700453248	0.8657451630408275	-1.8029102342244916	0	7.921956078381184	-0.09607660670858043	-0.002787853039327604	2194446849165415e-21	-611160108663317e-19	0.983103315925548
2.709623663721197	0.8373194750748559	-1.8162863476501627	0	8.000410534092454	-0.09625066323486531	-0.0026765700495751258	2179766066355012e-21	-6191570497080938e-20	0.9813035441450874
2.7253316269891457	0.80868719105749	-1.8292143195972272	0	8.077398510840808	-0.09640890607833819	-0.0025662450658271605	2167304296034993e-21	-6266983336535094e-20	0.9794108025742824
2.7410395902570945	0.7798553755763766	-1.8416909602820524	0	8.152801694709241	-0.09655244123288009	-0.0024569387757568126	2156892326989188e-21	-6337998707125011e-20	0.9774152227998524
2.756747553525044	0.7508311424505656	-1.8537131912802418	0	8.22650222832187	-0.09668233987213226	-0.002348699957449008	21483628042563437e-22	-6404776847415561e-20	0.975305366255606
2.7724555167929927	0.7216216529752832	-1.8652780462861884	0	8.298383053810145	-0.09679963723635665	-0.002241566029938977	21415507734472817e-22	-646747818553408e-19	0.973067871779221
2.7881634800609416	0.6922341141549857	-1.8763826718449683	0	8.368328260557403	-0.09690533162495929	-0.002135563625532668	2136294359370099e-21	-6526262267708027e-20	0.9706867674159916
2.8038714433288905	0.6626757769251419	-1.8870243280563872	0	8.436223417103957	-0.09700038384311094	-0.002030709190946504	21324354472187777e-22	-6581286710387221e-20	0.9681431425056559
2.8195794065968394	0.6329539343631724	-1.8972003892510092	0	8.50195590212755	-0.0970857169192646	-0.0019270095958915897	2129820139192044e-21	-6632706432486464e-20	0.9654146477572547
2.8352873698647887	0.6030759198889908	-1.9069083446380026	0	8.565415245519807	-0.09716221593290686	-0.0018244627344282322	2128299279617598e-21	-6680672836004099e-20	0.9624742193019786
2.8509953331327376	0.5730491054555962	-1.9161457989246384	0	8.62649345173013	-0.09723072845527103	-0.0017230581329305476	21277290149915495e-22	-6725332971726208e-20	0.9592892327364945
2.8667032964006864	0.5428808997301483	-1.9249104729072946	0	8.685085326381135	-0.09729206546403657	-0.0016227775462808727	21279710704439995e-22	-676682904940852e-19	0.9558205087870035
2.8824112596686353	0.5125787462659932	-1.9332002040338145	0	8.74108883578111	-0.09734700245078287	-0.0015235955242074543	2128893245984703e-21	-6805297721107525e-20	0.952019248633265
2.898119222936584	0.48215012166607746	-1.941012946937085	0	8.794405433741895	-0.0973962820758999	-0.001425479985892402	21303703079863978e-22	-6840868936512198e-20	0.9478242518846289
2.9138271862045335	0.4516025337382068	-1.948346773939699	0	8.84494036283897	-0.09744061919796121	-0.0013283927986714105	2132284772314871e-21	-6873664938853676e-20	0.9431589319993865
2.9295351494724824	0.42094351964261095	-1.9551998755295814	0	8.892602983150203	-0.09748070902079342	-0.0012322903417779684	2134527750673235e-21	-6903799205496567e-20	0.9379261960555796
2.9452431127404313	0.39018064403225633	-1.9615705608064609	0	8.937307140408485	-0.09751724092097558	-0.001137124069298487	2137000577751171e-21	-6931374517114864e-20	0.9319999908461251
2.96095107600838	0.35932149718638506	-1.9674572578990719	0	8.978971538809736	-0.09755092409421184	-0.0010428411198720828	213961782671431e-20	-6956479462689263e-20	0.9252139726522933
2.976659039276329	0.328373693137726	-1.9728585143529909	0	9.017520134510882	-0.09758253687777885	-0.0009493850258074603	21423126354681983e-22	-6979182328758769e-20	0.9173455371546413
2.9923670025442783	0.29734486779384545	-1.9777729974890093	0	9.052882617340948	-0.09761302548425854	-0.0008566966183612644	2145047211312023e-21	-6999519109911621e-20	0.9080886831879337
3.008074965812227	0.26624267705310434	-1.9821994947319497	0	9.084994976065442	-0.09764371529418214	-0.0007647153816209612	21478369190567285e-22	-7017466078339738e-20	0.8969866622958595
3.023782929080176	0.2350747949156751	-1.9861369139098526	0	9.11379940790022	-0.0976768084441213	-0.0006733819776964449	21508039904492494e-22	-7032878641548926e-20	0.8833347296906745
3.039490892348125	0.20384891159010005	-1.989584283523453	0	9.139243414963216	-0.09771663356729554	-0.0005826432189469515	21543082822830183e-22	-70453424026483e-18	0.865876206734512
3.0551988556160743	0.17257273159584602	-1.9925407529858825	0	9.161274773952888	-0.09777314672043091	-0.0004924634448121172	21593025724202887e-22	-7053767810704149e-20	0.8418060833484596
3.070906818884023	0.1412539718623328	-1.9950055928325403	0	9.1798207732929	-0.09787311628219042	-0.00040285378340524855	2168327061280468e-21	-7055250508269663e-20	0.8067077039429366
3.086614782151972	0.10990035982489112	-1.9969781949010759	0	9.194781574290852	-0.09810137951551345	-0.00031394962581331377	21882826306758143e-22	-7041846291890554e-20	0.8145779623511624
3.102322745419921	0.07851963151813701	-1.9984580724814458	0	9.206968237951106	-0.0987837440678484	-0.00022621066876080782	22362128530280277e-22	-6993242073423962e-20	2.5638251412942585
3.11803070868787	0.047119529667220286	-1.9994448604360011	0	9.238222439373237	-0.10153616163291268	-0.0001407455313615955	23073913785212077e-22	-690332035339525e-19	25.226132590395725
3.133738671955819	0.015707801777421936	-1.9999383152895793	0	10.026438274826564	-0.11940265524529825	-5581448336223226e-20	15051672520807805e-22	-54479416831194443e-21	0
