#y=-1.2246467991473532e-16 
#strength 	x-position 	z-position 
0.022787886870582804	-2.3497512775545006	-7253006851981119e-20
0.022650813222655157	-2.34875690328775	-0.0003625000129562267
0.022382401977119278	-2.346770215746762	-0.0009418388948389069
0.021960644718031285	-2.3437953326448486	-0.0018093459458663112
0.021423044560029796	-2.339838419881522	-0.0029632231252011785
0.020904418514940792	-2.3349076787627308	-0.004401078846184743
0.02047509144809869	-2.3290133290023984	-0.006119932933265292
0.020078959657769877	-2.32216758754051	-0.008116222798867076
0.01968467500667955	-2.3143846432216337	-0.010385810827397104
0.019288841858557584	-2.305680627386379	-0.012923992951085303
0.01879240624906998	-2.2960735804367243	-0.015725508399883313
0.01814893125235698	-2.2855834144445293	-0.018784550605213755
0.01751925431395347	-2.2742318718807324	-0.022094779234970302
0.01697189507726943	-2.2620424805507526	-0.025649333334824213
0.016302225570715423	-2.249040504829518	-0.02944084554859988
0.015487246788321	-2.2352528932972002	-0.03346145738824552
0.014830790156342323	-2.2207082228841557	-0.03770283552174972
0.014285319021837587	-2.205436639640884	-0.042156189045244576
0.013406924680788664	-2.189469796255729	-0.046812287703496436
0.012348368527604094	-2.1728407864498447	-0.051661481021019334
0.011559299025734427	-2.155584076385413	-0.05669371830415913
0.009905940651555915	-2.1377354332292575	-0.061898569472690956
0.005257329681172677	-2.119331851019922	-0.06726524667775322
-0.0013980890649180056	-2.1004114739918824	-0.07278262666131165
-0.0046601045190064186	-2.081013517515796	-0.07843927381081031
-0.0003441041157164414	-2.061178186818653	-0.08422346386122484
0.00893073303549345	-2.0409465936523086	-0.09012320819539205
0.016612762426112218	-2.020360671083099	-0.0961262786922498
0.019655937032782556	-1.999463086579151	-0.10222023307148523
0.020175348347664237	-1.9782971535755474	-0.10839244068206064
0.02062209129037847	-1.9569067417006152	-0.11463010868116663
0.020880724590139146	-1.935336185849421	-0.12092030854934227
0.02032599271066289	-1.913630194292932	-0.12725000288680616
0.019559603005162914	-1.8918337560132954	-0.13360607243545808
0.019105014767691907	-1.869992047457305	-0.1399753432705451
0.01848754939170708	-1.848150338901314	-0.1463446141056321
0.01741878070610418	-1.826353900621677	-0.15270068365428396
0.01637826185183269	-1.8046479090651886	-0.1590303779917478
0.015568369151139641	-1.7830773532139945	-0.16532057785992352
0.014573799330366129	-1.761686941339062	-0.17155824585902948
0.013298530251249503	-1.7405210083354588	-0.17773045346960487
0.012137281011486464	-1.7196234238315111	-0.18382440784884033
0.011140742352684184	-1.6990375012622994	-0.18982747834569808
0.00997290900381662	-1.6788059080959554	-0.19572722267986525
0.008650252424874815	-1.6589705773988133	-0.20151141273027978
0.007486898971938187	-1.6395726209227268	-0.2071680598797785
0.006447789507675138	-1.6206522438946878	-0.21268543986333693
0.005277110496163328	-1.6022486616853517	-0.21805211706839914
0.0040560663301714515	-1.5844000185291955	-0.22325696823693097
0.003020977365576791	-1.567143308464765	-0.22828920552007081
0.0020912198483962288	-1.5505142986588811	-0.23313839883759369
0.0010871592737607579	-1.5345474552737246	-0.23779449749584552
0.00012043685115165415	-1.5192758720304533	-0.24224785101934046
-0.0006445317544118128	-1.50473120161741	-0.24648922915284463
-0.0013037854843758307	-1.4909435900850918	-0.25050984099249024
-0.0019684304746951757	-1.477941614363858	-0.2543013532062659
-0.0025223507044847496	-1.4657522230338764	-0.25785590730611985
-0.002861472056141362	-1.454400680470079	-0.26116613593587645
-0.003071210017785439	-1.443910514477884	-0.26422517814120683
-0.0032030108065913485	-1.4343034675282291	-0.26702669359000486
-0.003150818601844894	-1.425599451692975	-0.26956487571369303
-0.0028480559633738438	-1.4178165073740998	-0.271834463742223
-0.002360527563754823	-1.4109707659122117	-0.2738307536078247
-0.0017658290570424222	-1.4050764161518785	-0.27554960769490533
-0.0011365645823827157	-1.4001456750330865	-0.276987463415889
-0.0006036317089479963	-1.3961887622697602	-0.2781413405952239
-0.00026662972969783416	-1.3932138791678468	-0.27900884764625133
-9577906944713734e-20	-1.3912271916268604	-0.279588186528134
-1999249146545982e-20	-1.3902328173601097	-0.2798781564725704
