#y=-1.9753766811902755 
#strength 	x-position 	z-position 
-0.0059687166193596874	-2.3497512775545006	-7253006851981119e-20
-0.005894426742886367	-2.34875690328775	-0.0003625000129562267
-0.005746472255835722	-2.346770215746762	-0.0009418388948389069
-0.005526022496180877	-2.3437953326448486	-0.0018093459458663112
-0.005234869624583787	-2.339838419881522	-0.0029632231252011785
-0.004875475397075596	-2.3349076787627308	-0.004401078846184743
-0.0044507750539166556	-2.3290133290023984	-0.006119932933265292
-0.003964118614868963	-2.32216758754051	-0.008116222798867076
-0.0034195011882026654	-2.3143846432216337	-0.010385810827397104
-0.002821522000473283	-2.305680627386379	-0.012923992951085303
-0.0021750092247780155	-2.2960735804367243	-0.015725508399883313
-0.0014850404761750128	-2.2855834144445293	-0.018784550605213755
-0.0007573071953381074	-2.2742318718807324	-0.022094779234970302
20604329804690115e-22	-2.2620424805507526	-0.025649333334824213
0.0007870149765356849	-2.249040504829518	-0.02944084554859988
0.0015914394356126432	-2.2352528932972002	-0.03346145738824552
0.0024086767937769537	-2.2207082228841557	-0.03770283552174972
0.003231875954585427	-2.205436639640884	-0.042156189045244576
0.004054613740861977	-2.189469796255729	-0.046812287703496436
0.004870565843165457	-2.1728407864498447	-0.051661481021019334
0.005672967209729353	-2.155584076385413	-0.05669371830415913
0.006455154187422081	-2.1377354332292575	-0.061898569472690956
0.007211231693399781	-2.119331851019922	-0.06726524667775322
0.007935533248257933	-2.1004114739918824	-0.07278262666131165
0.008622055861568924	-2.081013517515796	-0.07843927381081031
0.009265211604480052	-2.061178186818653	-0.08422346386122484
0.00986047931408043	-2.0409465936523086	-0.09012320819539205
0.010403632274038645	-2.020360671083099	-0.0961262786922498
0.010890195498578793	-1.999463086579151	-0.10222023307148523
0.011316408251830438	-1.9782971535755474	-0.10839244068206064
0.011679798715848682	-1.9569067417006152	-0.11463010868116663
0.0119781713427373	-1.935336185849421	-0.12092030854934227
0.012209136057764742	-1.913630194292932	-0.12725000288680616
0.012371273163804524	-1.8918337560132954	-0.13360607243545808
0.0124645725425933	-1.869992047457305	-0.1399753432705451
0.012489185290827454	-1.848150338901314	-0.1463446141056321
0.0124450736260875	-1.826353900621677	-0.15270068365428396
0.012333362588928764	-1.8046479090651886	-0.1590303779917478
0.012156591706509366	-1.7830773532139945	-0.16532057785992352
0.011917245414089414	-1.761686941339062	-0.17155824585902948
0.011617570351194338	-1.7405210083354588	-0.17773045346960487
0.011261096195475901	-1.7196234238315111	-0.18382440784884033
0.010852655766316282	-1.6990375012622994	-0.18982747834569808
0.010396713749283087	-1.6788059080959554	-0.19572722267986525
0.009897396986678417	-1.6589705773988133	-0.20151141273027978
0.009360172612989867	-1.6395726209227268	-0.2071680598797785
0.008791599316968012	-1.6206522438946878	-0.21268543986333693
0.0081974707492125	-1.6022486616853517	-0.21805211706839914
0.007583109604363069	-1.5844000185291955	-0.22325696823693097
0.006955210266638771	-1.567143308464765	-0.22828920552007081
0.006321281877621129	-1.5505142986588811	-0.23313839883759369
0.005687604757622896	-1.5345474552737246	-0.23779449749584552
0.005059864887387935	-1.5192758720304533	-0.24224785101934046
0.004445213621264555	-1.50473120161741	-0.24648922915284463
0.0038513311010544508	-1.4909435900850918	-0.25050984099249024
0.0032841500957044903	-1.477941614363858	-0.2543013532062659
0.0027490204568090056	-1.4657522230338764	-0.25785590730611985
0.002253172378302091	-1.454400680470079	-0.26116613593587645
0.0018042056536432434	-1.443910514477884	-0.26422517814120683
0.001407506536936385	-1.4343034675282291	-0.26702669359000486
0.0010686940778657527	-1.425599451692975	-0.26956487571369303
0.0007962837599060551	-1.4178165073740998	-0.271834463742223
0.0005945602982672068	-1.4109707659122117	-0.2738307536078247
0.00045157818110312637	-1.4050764161518785	-0.27554960769490533
0.0003402313143370589	-1.4001456750330865	-0.276987463415889
0.00023673448867457582	-1.3961887622697602	-0.2781413405952239
0.00013749034587393983	-1.3932138791678468	-0.27900884764625133
5681474427758253e-20	-1.3912271916268604	-0.279588186528134
11800762399849634e-21	-1.3902328173601097	-0.2798781564725704
