#y=-1.4142135623730951 
#strength 	x-position 	z-position 
0.019292545599110082	-2.3497512775545006	-7253006851981119e-20
0.019148349191009318	-2.34875690328775	-0.0003625000129562267
0.018854649711354893	-2.346770215746762	-0.0009418388948389069
0.01842763958868314	-2.3437953326448486	-0.0018093459458663112
0.0178995943316197	-2.339838419881522	-0.0029632231252011785
0.01733837284938655	-2.3349076787627308	-0.004401078846184743
0.016867929317766338	-2.3290133290023984	-0.006119932933265292
0.016541893212942745	-2.32216758754051	-0.008116222798867076
0.016231522890637833	-2.3143846432216337	-0.010385810827397104
0.0158156371113381	-2.305680627386379	-0.012923992951085303
0.015377598390075384	-2.2960735804367243	-0.015725508399883313
0.01499187284259724	-2.2855834144445293	-0.018784550605213755
0.014531473181515583	-2.2742318718807324	-0.022094779234970302
0.013972014811758846	-2.2620424805507526	-0.025649333334824213
0.013541396892535676	-2.249040504829518	-0.02944084554859988
0.013236670006503134	-2.2352528932972002	-0.03346145738824552
0.012724757114570485	-2.2207082228841557	-0.03770283552174972
0.01208490727067741	-2.205436639640884	-0.042156189045244576
0.011772114301794194	-2.189469796255729	-0.046812287703496436
0.011305171939499844	-2.1728407864498447	-0.051661481021019334
0.009351513288285963	-2.155584076385413	-0.05669371830415913
0.006275468400094329	-2.1377354332292575	-0.061898569472690956
0.005143653157724741	-2.119331851019922	-0.06726524667775322
0.008316456716824615	-2.1004114739918824	-0.07278262666131165
0.014027974737133145	-2.081013517515796	-0.07843927381081031
0.018370113939800738	-2.061178186818653	-0.08422346386122484
0.019921442363006494	-2.0409465936523086	-0.09012320819539205
0.02030944485743415	-2.020360671083099	-0.0961262786922498
0.020850303761066884	-1.999463086579151	-0.10222023307148523
0.021095968940745693	-1.9782971535755474	-0.10839244068206064
0.020649889683545954	-1.9569067417006152	-0.11463010868116663
0.020125373198008972	-1.935336185849421	-0.12092030854934227
0.019860361919385332	-1.913630194292932	-0.12725000288680616
0.019374466435330577	-1.8918337560132954	-0.13360607243545808
0.018488368637556565	-1.869992047457305	-0.1399753432705451
0.017662747793143196	-1.848150338901314	-0.1463446141056321
0.01701880471852927	-1.826353900621677	-0.15270068365428396
0.016157936438703634	-1.8046479090651886	-0.1590303779917478
0.015036426248469091	-1.7830773532139945	-0.16532057785992352
0.014028419796802248	-1.761686941339062	-0.17155824585902948
0.013145157695330388	-1.7405210083354588	-0.17773045346960487
0.01206546719296696	-1.7196234238315111	-0.18382440784884033
0.01083086734020798	-1.6990375012622994	-0.18982747834569808
0.009741699613501768	-1.6788059080959554	-0.19572722267986525
0.008743545499762133	-1.6589705773988133	-0.20151141273027978
0.007588427001057345	-1.6395726209227268	-0.2071680598797785
0.0063700766764230934	-1.6206522438946878	-0.21268543986333693
0.0053194880450146255	-1.6022486616853517	-0.21805211706839914
0.004345120631772887	-1.5844000185291955	-0.22325696823693097
0.0032678472060487375	-1.567143308464765	-0.22828920552007081
0.0022080660123630805	-1.5505142986588811	-0.23313839883759369
0.001331704753253807	-1.5345474552737246	-0.23779449749584552
0.0005324038395383973	-1.5192758720304533	-0.24224785101934046
-0.000306052869132243	-1.50473120161741	-0.24648922915284463
-0.0010573201310501957	-1.4909435900850918	-0.25050984099249024
-0.0016136188731278491	-1.477941614363858	-0.2543013532062659
-0.0020769851345305017	-1.4657522230338764	-0.25785590730611985
-0.00250759218103165	-1.454400680470079	-0.26116613593587645
-0.0027878319823400497	-1.443910514477884	-0.26422517814120683
-0.0028555423056978654	-1.4343034675282291	-0.26702669359000486
-0.0027874589423503597	-1.425599451692975	-0.26956487571369303
-0.0025901298422985465	-1.4178165073740998	-0.271834463742223
-0.0021761617190765733	-1.4109707659122117	-0.2738307536078247
-0.0015828247705069682	-1.4050764161518785	-0.27554960769490533
-0.0009949671292412692	-1.4001456750330865	-0.276987463415889
-0.0005455751438504074	-1.3961887622697602	-0.2781413405952239
-0.00024771023027595076	-1.3932138791678468	-0.27900884764625133
-7933930643752184e-20	-1.3912271916268604	-0.279588186528134
-12728468056322449e-21	-1.3902328173601097	-0.2798781564725704
