#y=-1.4142135623730951 
#Fourier coeffs at root (0-n) 	d/dt (Fourier coeffs at root) 
0.2122433705442591	1.4140891684775911
0.016874921298237405	-1.8951666300545396
-0.027233673078990817	-1.244189849249819
-0.18348526572543322	0.2120408834968927
0.0245369642927815	0
0.004488123100167766	0
0.030670665318459942	0
-0.026215828329844152	0
-0.03735060034435405	0
-0.019713217076930113	0
0.004496147407226239	0
0.025584709277573493	0
0.004892813305270476	0
-0.006988413153377428	0
-0.022297346919973895	0
-0.003757502073507253	0
0.008031457039787599	0
0.018867151014761017	0
0.006493831548849008	0
-0.005174068073786319	0
-0.011838397012585926	0
-0.004120952815788376	0
0.006661269677013849	0
0.0104200862218165	0
0.004919262849798756	0
-0.005022990620236827	0
-0.008124456289418889	0
-0.004403520239086189	0
0.003589244271934433	0
0.00620866425297305	0
0.003205941394773673	0
-0.003103463563243632	0
-0.005581312650344506	0
-0.0030480530245410773	0
0.001928754397937269	0
0.0043725930268598626	0
