#y=-1.9753766811902755 
#Fourier coeffs at root (0-n) 	d/dt (Fourier coeffs at root) 
-0.06575103183571707	0.08480690654308158
0.3287108294002587	0.16872216997740885
0.028856557757076066	-0.06814069181136223
-0.013997993818992673	0.03672275329285209
0.007143507300360834	0
-0.0034716760685997903	0
0.0013159945448433194	0
-14522714088097909e-21	0
-0.0007511958525154345	0
0.0011632080333071975	0
-0.0013382295083539319	0
0.0013561738959959266	0
-0.0012737294008439246	0
0.001131758342638331	0
-0.0009597410196241952	0
0.0007786575665768075	0
-0.0006029898963339808	0
0.000442200944335088	0
-0.0003018841957579841	0
0.00018468929397130897	0
-9108249067626503e-20	0
19975427876818308e-21	0
3075751387801696e-20	0
-6385967781740144e-20	0
823597791258302e-19	0
-8931724117236567e-20	0
8763598341128715e-20	0
-7993739484820845e-20	0
6848321945789207e-20	0
-55139248299383504e-21	0
4137111200538266e-20	0
-2826409283762973e-20	0
16559689168797766e-21	0
-67026131390464686e-22	0
-11070754966636673e-22	0
68609563836164485e-22	0
