#y=-1.2246467991473532e-16 
#Fourier coeffs at root (0-n) 	d/dt (Fourier coeffs at root) 
0.25065647983416645	1.500857333099903
-0.0586647814605198	-1.8682040716943664
-0.05999319505090048	-1.041887618175604
-0.1687662630775665	0.5954997122323021
0.08313963040004053	0
0.030504424855064497	0
0.006458817159650874	0
-0.06898759484119434	0
-0.04432769098805942	0
0.014947566359559659	0
0.03887456994575107	0
0.020606706915291314	0
-0.032383265061374726	0
-0.032534726007692624	0
-0.009042046159067285	0
0.0317021119574463	0
0.02477082157033918	0
0.00020556399047969018	0
-0.02515930579596636	0
-0.014649933348844414	0
0.008908974295211614	0
0.022148999161405517	0
0.010150621578848143	0
-0.010239187077978646	0
-0.015716130457759284	0
-0.0042556973277306405	0
0.010767800536694714	0
0.01090563596231076	0
0.0002119115585588783	0
-0.009876009868996942	0
-0.007449523531666709	0
0.0015345978032263738	0
0.0073188542600905885	0
0.0039301586204085765	0
-0.002858138333999268	0
-0.005353346877853618	0
