#y=-1.4142135623730951 
#strength 	x-position 	z-position 
0.01	-2.121554608904719	-0.048713110400749056
0.01	-2.116749721945633	-0.04997454279781289
0.01	-2.109972404505563	-0.052311774881996675
0.01	-2.1029104185653416	-0.05160204811575085
0.01	-2.0987820366774406	-0.04570115539879435
0.01	-2.1008853097137883	-0.036206172026073055
0.01	-2.10934108356977	-0.027444667213252633
0.01	-2.1197739509312865	-0.021345112680893875
0.01	-2.1297137640962545	-0.016768209278096732
0.01	-2.1390547260688106	-0.012852059128495116
0.01	-2.148158464449813	-0.00932214962407764
0.01	-2.157287838827814	-0.006121156766467857
0.01	-2.1665401571416307	-0.003231263896449102
0.01	-2.1758814667151456	-0.0006185397905969286
0.01	-2.1852971381013404	0.0017575752726471626
0.01	-2.19480470901455	0.003922307148044727
0.01	-2.2044322164484926	0.005886673675911733
0.01	-2.214204002676114	0.007656776123758242
0.01	-2.224140097106021	0.009238712561005252
0.01	-2.234261155070379	0.01063894432932454
0.01	-2.244592964766904	0.011863121189274668
0.01	-2.2551694184415623	0.012914757199722276
0.01	-2.2660375559174843	0.0137919964126207
0.01	-2.2772597499938017	0.014486045895453296
0.01	-2.2889238202785602	0.014973193969007259
0.01	-2.3011554078354988	0.015199028998689513
0.01	-2.314131943935841	0.015020841053577401
0.01	-2.3279997123432925	0.013979636100113211
0.01	-2.341836872391423	0.01060180049370033
