#y=-1.2246467991473532e-16 
#strength 	x-position 	z-position 
0.01	-2.0938623526195483	-0.05220611823091437
0.01	-2.0925874521425145	-0.05596994863491164
0.01	-2.0935354845069867	-0.06122080309949639
0.01	-2.0908695883119597	-0.06812238427300038
0.01	-2.0809797926217857	-0.07459758359763573
0.01	-2.0679605187724883	-0.07810703618433183
0.01	-2.0578107416546665	-0.07694697808748677
0.01	-2.0534361991218453	-0.0714968032153303
0.01	-2.054128021302925	-0.06368999277914367
0.01	-2.05834047821976	-0.055488703968897976
0.01	-2.0645190053098212	-0.04781081570311932
0.01	-2.0719528744273177	-0.04073825954087525
0.01	-2.080427183219807	-0.03448921619432264
0.01	-2.0895051690457134	-0.029308713553037144
0.01	-2.0986411851309117	-0.025088652237027498
0.01	-2.1075654821117764	-0.021495126031496458
0.01	-2.11629002321781	-0.018264715494752823
0.01	-2.124922524850311	-0.015267140837467818
0.01	-2.1335543510088977	-0.012450256847027535
0.01	-2.1422545660649437	-0.009792676026059044
0.01	-2.1510579056998136	-0.007283506956330444
0.01	-2.159984607040005	-0.004913971944513044
0.01	-2.1690521231744078	-0.0026766610893801546
0.01	-2.1782721694576836	-0.0005652035702937504
0.01	-2.1876598828838927	0.0014250111821431533
0.01	-2.1972307416644243	0.0032976173013106046
0.01	-2.2070013218977462	0.005056235848443584
0.01	-2.2169896620404423	0.006705021256901159
0.01	-2.227223308546586	0.008245183441932355
0.01	-2.237733369296741	0.009677332777918516
0.01	-2.2485600792310145	0.01099913742122521
0.01	-2.259757167013614	0.012202689623881853
0.01	-2.2713955623357043	0.013273483623220282
0.01	-2.2835761970092157	0.014180931792877187
0.01	-2.2964453599114196	0.014861082693449563
0.01	-2.3102201530839106	0.015159253497639082
0.01	-2.3251568213756526	0.014596984547589575
0.01	-2.3405085655710605	0.011483852042397633
