#y location 	alpha (def) 	h 	u 	scaled bound circ 	a0 	a03d 	tevstr 	cl 	cd 	cm 
-1.9753766811902755	16.087406333887593	0	1	0.7512819314214597	-0.06575103183571707	-0.6526775485570474	-0.0032972561894354458	1.2401920324358173	0.3293972231856871	-0.7876198045252721
-1.902113032590307	16.087406333887593	0	1	0.6572977266642874	0.03508993963278362	-0.48528624315892555	-0.005924724753994471	2.2344971366586095	0.6363706110434116	-1.1965417867525492
-1.7820130483767358	16.087406333887593	0	1	0.605150094189155	0.09358368290833963	-0.38928198216958676	-0.007136544353297997	2.8906053289025087	0.7763718687175641	-1.4674392366431366
-1.618033988749895	16.087406333887593	0	1	0.41307279274954223	0.17123615916879736	-0.1914943861356918	-0.015349059615577882	3.535254021708693	0.827813820585721	-1.3848056039672199
-1.4142135623730951	16.087406333887593	0	1	0.339469042643895	0.2122433705442591	-0.11878821145051718	-0.015603448103427526	3.7825495270955103	0.7963004344111765	-1.4935444281095895
-1.1755705045849463	16.087406333887593	0	1	0.3007884584197367	0.23500558013748268	-0.08120020598867139	-0.016005112101107978	4.047774632111931	0.8062184400852921	-1.6138628395641266
-0.9079809994790937	16.087406333887593	0	1	0.29226951480459273	0.24085628884038182	-0.07175070969353683	-0.016190727103491228	4.186964088020357	0.8281541206514749	-1.6863139137195025
-0.6180339887498949	16.087406333887593	0	1	0.2792384880768749	0.24889606062938693	-0.058926535666623675	-0.016358109641040113	4.299601340418194	0.8348900480155745	-1.7381532445995196
-0.31286893008046185	16.087406333887593	0	1	0.27799358375554767	0.25006385344080273	-0.05703531306940961	-0.01641814240554544	4.343796246765054	0.8438254204594131	-1.7630239545989697
-12246467991473532e-32	16.087406333887593	0	1	0.27743885594669615	0.25065647983416645	-0.056114766842789605	-0.016441886915048484	4.359505914301788	0.8464155813266911	-1.7713913220267394
