#y=-1.4142135623730951 
#strength 	x-position 	z-position 
-11785439390527702e-22	-0.006012440941975206	0.018793684270964044
-22819654006689394e-24	-0.013547665557304077	0.01901328532478198
-15400971458898183e-23	-0.02108373183589196	0.0192376240894239
-22582877681927294e-23	-0.028620706904428903	0.019468614387398532
-23927997772933696e-23	-0.03615859463379457	0.019705180146926477
-250204386861852e-21	-0.043697399032555775	0.019946287991371416
-2685848465890095e-22	-0.051237149881028225	0.020192047724244613
-2907390514190339e-22	-0.058777880990881534	0.020442689873037014
-31555107676307925e-23	-0.06631962580550835	0.020698371110200814
-34329072915763315e-23	-0.07386241875884551	0.02095923479994994
-37423881365031275e-23	-0.08140629585514812	0.02122543286794591
-4086198677252101e-22	-0.08895129471164284	0.0214971240178197
-4466964225579434e-22	-0.09649745460592003	0.021774472302312546
-4887812442705419e-22	-0.10404481656978222	0.02205764748949351
-5352309212242751e-22	-0.1115934234922372	0.022346825557611624
-5864455483971243e-22	-0.11914332022523105	0.022642189048365548
-642870503046733e-21	-0.1266945536951206	0.02294392738697634
-7050004478866695e-22	-0.13424717302142242	0.0232522372084589
-7733823569958109e-22	-0.1418012296434288	0.023567322690223835
-8486200823113604e-22	-0.14935677745528408	0.023889395890163912
-9313796242114286e-22	-0.15691387295027284	0.02421867709301958
-10223945225776299e-22	-0.16447257537508725	0.024555395166040914
-11224721522852532e-22	-0.1720329468949023	0.024899787924481068
-12325010152625798e-22	-0.17959505277017734	0.025252102507991273
-13534582194527772e-22	-0.1871589615461706	0.025612595767752395
-14864183691867122e-22	-0.19472474525623756	0.02598153466434296
-16325627988766217e-22	-0.20229247964010993	0.026359196676368844
-17931901544632894e-22	-0.2098622443784542	0.026745870219404104
-1969727822280845e-21	-0.21743412334514498	0.02714185507473127
-21637445242039116e-22	-0.22500820487882295	0.027547462826853483
-23769644010712687e-22	-0.23258458207549002	0.02796301730902149
-261128209730864e-20	-0.24016335310406764	0.028388855055449594
-28687795321172965e-22	-0.2477446215470377	0.02882532575843864
-3151744528450892e-21	-0.2553284967685447	0.029272792728820538
-3462690975656116e-21	-0.26291509431257476	0.029731633357352162
-3804381060576803e-21	-0.2705045363341195	0.03020223957425456
-4179849819742343e-21	-0.2780969520665749	0.030685018303941825
-4592431874624048e-21	-0.28569247832897304	0.031180391911134326
-5045791242540634e-21	-0.2932912600770899	0.03168879863426711
-5543953386148021e-21	-0.30089345100291326	0.03221069300117266
-6091341067653022e-21	-0.3084992141874958	0.03274654622133087
-669281332241721e-20	-0.31610872281282604	0.03329684654843143
-7353708597645711e-21	-0.3237221609390128	0.033862099605778975
-8079891505478193e-21	-0.331339724353833	0.03444282866584184
-8877804993924834e-21	-0.338961621502566	0.03503957487456297
-9754526945741221e-21	-0.34658807450701457	0.03565289740965999
-1071783257112352e-20	-0.3542193202836746	0.03628337356025455
-1177626285944755e-20	-0.36185561177228653	0.03693159871419698
-12939199824677644e-21	-0.3694972192873727	0.03759818623747732
-14216948643522298e-21	-0.3771444320069103	0.038283767227799005
-1562082855005066e-20	-0.3847975596140767	0.03898899012292444
-1716327161503141e-20	-0.39245693410995436	0.0397145201416787
-1885793180264085e-20	-0.4001229118172613	0.04046103853279724
-20719804227574065e-21	-0.4077958755976668	0.04122924160438049
-22765356014605928e-21	-0.4154762373079309	0.04201983950333402
-25012669797250253e-21	-0.42316444052318947	0.04283355471120149
-27481600568569908e-21	-0.430860963558968	0.04367112021874964
-3019394809036964e-20	-0.43856632282721963	0.044533277338123387
-3317364561408395e-20	-0.44628107656568594	0.04542077310746464
-36446965798986666e-21	-0.45400582898412317	0.04633435723757566
-40042747207766696e-21	-0.4617412348756632	0.04727477854631577
-4399264107769231e-20	-0.4694880047465171	0.04824278082126398
-4833138203516607e-20	-0.4772469105223721	0.049239098045527833
-5309708291519749e-20	-0.48501879189518426	0.05026444891597045
-58331558133851644e-21	-0.49280456337954687	0.051319530577713726
-6408067568580526e-20	-0.5006052221531784	0.052405011492635524
-7039474136824597e-20	-0.5084218567610466	0.053521523352530465
-7732891812002422e-20	-0.5162556567673351	0.05466965194208927
-8494368230848107e-20	-0.5241079234431594	0.055849926849624594
-9330532040497351e-20	-0.5319800815803399	0.05706280991622016
-0.00010248646913661556	-0.5398736925224603	0.05830868230744281
-0.00011256670181040811	-0.5477904685028362	0.05958783008392551
-0.00012363316432898765	-0.5557322883745388	0.060900428139268034
-0.00013578126424058923	-0.5637012148094498	0.062246522365915886
-0.00014911541525557126	-0.5716995130304122	0.06362600990057114
-0.00016374984162981047	-0.5797296711221713	0.06503861729149836
-0.00017980944390002737	-0.5877944219417428	0.06648387641952971
-0.00019743073036056907	-0.5958967666162513	0.06796109799310894
-0.00021676281478740823	-0.6040399995750064	0.06946934242462786
-0.00023796848382378472	-0.6122277350118592	0.07100738788055432
-0.0002612253340500987	-0.6204639346131743	0.0725736952816347
-0.00028672697905737267	-0.6287529363152982	0.07416637001030028
-0.0003146843255949928	-0.63709948377393	0.07578312006204821
-0.00034532691568195904	-0.6455087561368565	0.07742121035518242
-0.00037890433014729774	-0.6539863976127643	0.07907741288964888
-0.0004156876461580642	-0.6625385462252136	0.08074795242175671
-0.0004559709385809855	-0.6711718610362825	0.08242844729833233
-0.0005000728117988025	-0.6798935470249488	0.08411384507351348
-0.0005483379425585116	-0.6887113767178222	0.08579835251428095
-0.0006011386117306013	-0.6976337076049482	0.08747535958991644
-0.0006588761948511448	-0.7066694943437678	0.0891373570365997
-0.000721982574392651	-0.7158282947746724	0.09077584708923045
-0.0007909214297940181	-0.7251202688634583	0.09238124697739124
-0.0008661893503219362	-0.7345561698746471	0.09394278478252249
-0.0009483167061139219	-0.7441473273974829	0.09544838723431313
-0.0010378682007572415	-0.7539056223380087	0.09688455896229532
-0.0011354430160164623	-0.7638434547138249	0.09823625257260826
-0.001241674445391588	-0.7739737061229269	0.09948672862611016
-0.0013572288986468221	-0.7843097002165907	0.10061740405280281
-0.0014828041451039418	-0.7948651665490719	0.10160768659421474
-0.00161912664908119	-0.8056542160373112	0.1024347912780976
-0.0017669478378991958	-0.8166913402879867	0.1030735323160892
-0.001927039132760336	-0.8279914527598816	0.10349607955901906
-0.0021001855656258422	-0.8395699979257052	0.10367166172886284
-0.0022871778051734926	-0.8514431665193545	0.10356618734613844
-0.0024888024202077723	-0.8636282725410412	0.10314173557024016
-0.002705830227216265	-0.8761443739904665	0.10235583762094957
-0.0029390025965187238	-0.8890132590587525	0.10116041486631817
-0.0031890156367584315	-0.902260979937073	0.09950014227723294
-0.003456502238574713	-0.91592020758085	0.09730982583927515
-0.00374201204008105	-0.9300338136075347	0.09451003554054915
-0.004045989477837713	-0.9446602585725624	0.09099953623866672
-0.004368750209049657	-0.9598815079246531	0.08664157901502591
-0.004710456330643017	-0.9758139336368833	0.08123782629045621
-0.0050710909740990726	-0.9926203556518838	0.07447605752609024
-0.0054504330137769424	-1.010510012590333	0.06581994013491485
-0.00584803278378208	-1.029661819073603	0.05427208826566915
-0.006263189835468893	-1.0497844412497825	0.03792696067099353
-0.00669493387603033	-1.0684114424136002	0.013807765291502516
-0.0071420100864823055	-1.0780058435589313	-0.018937553097983728
-0.007602870015185234	-1.069446751379215	-0.05064487207466863
-0.008075669161713473	-1.0487351166914558	-0.06613952142551098
-0.008558272208823854	-1.0295814496690108	-0.0597465599963158
-0.009048266617197763	-1.023715654090327	-0.04177523684419476
-0.00954298499212816	-1.027806739967036	-0.03189947318789099
-0.010039536267979652	-1.0325057847272958	-0.028925330431772728
-0.010534845376616975	-1.03598766857068	-0.030356229900097495
-0.011025700684374891	-1.038332468811226	-0.03477801880583735
-0.011508808132417532	-1.0409613306188341	-0.03971696077016456
-0.011980850715208297	-1.0457070615920059	-0.041645141479998565
-0.012438551680998156	-1.0527271109491005	-0.03775714732500008
-0.012878739644632726	-1.0578935448543216	-0.025094930268733627
-0.013298413642903344	-1.0520120255054421	-0.00758586839693611
-0.013694806046019851	-1.0378314177097494	0.002440068292820841
-0.014065441152248205	-1.0233271901969396	0.0017625311929439368
-0.014408187271294459	-1.011891562806026	-0.006788859161151796
-0.014721300171697756	-1.0044219379152153	-0.021027614498973106
-0.015003455971231306	-1.0027247207135865	-0.04015787709470425
-0.015253771917766699	-1.0081245377647796	-0.061974456292874465
-0.015471814046366576	-1.0146389025788087	-0.08214267003037225
-0.015657591373091136	-1.0146765251608265	-0.09482560802066183
-0.015811537050167284	-1.0114439031106117	-0.10036979848450062
-0.015934477645432845	-1.0074614430794724	-0.1031669464761716
-0.015627868545063046	-1.003294615200028	-0.10680766187262208
-0.01571641172763879	-1.0005328593522476	-0.11539684359194616
-0.015436597127085384	-1.0057029337535526	-0.131820623393496
-0.014222030758895648	-1.0258962546537709	-0.1477071313203342
-0.014183717772952336	-1.053494098136403	-0.1559919717933145
-0.014075653302758825	-1.0812463115922633	-0.16011944626359303
-0.013942130158388175	-1.113678451838503	-0.16244025109849305
-0.013804376839157556	-1.1581952615365116	-0.1756139759313634
-0.013665133296823378	-1.164702397365116	-0.20128973747148957
-0.01779612446950697	-1.1563916644642218	-0.20421461650687295
-0.017486384178273886	-1.1520766729676644	-0.19932944547557546
-0.017519290336185014	-1.1491262241271964	-0.19230856634458457
-0.017624301160214663	-1.141879143832033	-0.18795659404750176
-0.017689028547235572	-1.1319314787054173	-0.19258918283857523
-0.017725752671393653	-1.1325063613950075	-0.20925606074619424
-0.0177404855392189	-1.148749137285154	-0.22477022540755312
-0.017734554541065768	-1.165641746921129	-0.23401000846567546
-0.017713133155032416	-1.1785155621449819	-0.24101469743749412
-0.017677909909407076	-1.188784974948367	-0.2473855490147966
-0.01763490302484952	-1.1988205085647048	-0.25332990462812965
-0.016533654280704413	-1.2102031521438315	-0.258576830762936
-0.01649063533938769	-1.222737330987467	-0.26290106527429125
-0.01641383651918885	-1.2351022449594673	-0.2666571894914032
-0.016325657869515613	-1.2466070451278126	-0.27024496011782545
-0.016245308623292775	-1.2575708402498245	-0.2737310090730459
-0.016168551214214014	-1.2683437707654532	-0.2770315335092764
-0.016099149573532517	-1.2790934043823685	-0.2800689330258316
-0.01603458143193945	-1.289864491921506	-0.28280086284590406
-0.015973296667092986	-1.300653282955611	-0.28520688624668405
-0.015918531131948563	-1.3114458625228766	-0.2872714912041778
-0.01586169509874861	-1.3222276801551678	-0.28897529354910423
-0.01581459304501211	-1.3329834279619752	-0.2902901300900906
-0.01576493638354047	-1.34369278677094	-0.29117487478994125
-0.015718954801158945	-1.35432272448461	-0.291569231380229
-0.01567924612031167	-1.364813099098349	-0.2913849339483321
-0.015638814068338752	-1.3750575288763218	-0.29050798093595004
-0.015603448103427526	-1.3849269384522944	-0.2888776496665387
