#y=-1.2246467991473532e-16 
#strength 	x-position 	z-position 
-12354778023745266e-22	-0.0063695006315452	0.020829490709057808
-18848202472734887e-24	-0.013910123140167945	0.02107111454420581
-16328002449064738e-23	-0.021451716033490456	0.02131786933894044
-24107818922917967e-23	-0.028994356593048155	0.02157175872372507
-254678728233218e-21	-0.03653804916022382	0.02183165261055424
-2661518191393597e-22	-0.04408279864507301	0.02209648383665709
-2859473957773223e-22	-0.0516286397448888	0.02236638487677418
-3097082611949048e-22	-0.0591756115495138	0.02264160356212667
-33622910162491026e-23	-0.06672375262036805	0.022922306216382353
-36585267680112887e-23	-0.07427310268604675	0.02320864629517056
-39889072366364187e-23	-0.08182370331032833	0.02350078718700766
-43558108652093364e-23	-0.08937559792225958	0.02379889958911962
-4762040748482882e-22	-0.09692883186735872	0.02410315989012389
-5210947129543481e-22	-0.10448345251713792	0.02441375060785302
-5706343828796451e-22	-0.11203950938815074	0.024730860919760986
-6252503047653873e-22	-0.11959705426359822	0.025054687024082874
-6854180537498727e-22	-0.12715614132162065	0.02538543247010062
-7516652584509814e-22	-0.13471682727204287	0.02572330849850928
-8245754997276977e-22	-0.14227917150217792	0.026068534389361075
-9047928396302418e-22	-0.14984323623235607	0.026421337816304142
-9930275219807022e-22	-0.1574090866820247	0.026781955209429855
-10900616932950358e-22	-0.16497679124729558	0.027150632127974472
-1196756287272574e-21	-0.1725464216908909	0.027527623643380614
-13140586235579205e-22	-0.18011805334552783	0.027913194733524955
-14430105116924885e-22	-0.1876917653318585	0.028307620687902466
-1584757591911734e-21	-0.19526764079219697	0.028711187523727835
-1740559353150678e-21	-0.20284576714138194	0.029124192412826974
-19118002863912492e-22	-0.21042623633626192	0.029546944118699923
-2100002167208792e-21	-0.21800914516541994	0.0299797634431273
-2306837399839237e-21	-0.22559459556093728	0.030422983681257662
-25341440801195797e-22	-0.23318269493417731	0.030876951084172256
-27839420108366486e-22	-0.24077355653776664	0.031342025327305706
-3058450751903044e-21	-0.24836729985619344	0.03181857998286939
-33601093267655174e-22	-0.2559640510277083	0.032307002994497305
-36915976977438397e-22	-0.2635639433004877	0.03280769715120333
-4055860493058089e-21	-0.2711671175263491	0.03332108055760518
-4456133462173509e-21	-0.2787737226957121	0.03384758709744008
-4895971513145525e-21	-0.28638391651785805	0.03438766688572847
-5379280678568729e-21	-0.2939978660510472	0.03494178670503876
-591035254417574e-20	-0.30161574838758737	0.035510430420859836
-6493902035267438e-21	-0.30923775139950394	0.036094099369223545
-71351093751757105e-22	-0.316864074551159	0.03669331270983102
-7839665647579527e-21	-0.3244949297859355	0.037308607736621924
-86138231691988e-19	-0.3321305424949186	0.037940540136280024
-9464450576293984e-21	-0.33977115257649737	0.03858968418434822
-10399093611111396e-21	-0.34741701559690236	0.039256632867173694
-11426041255185176e-21	-0.35506840406288515	0.03994199791616911
-12554399202283767e-21	-0.3627256088191728	0.04064640973952521
-13794169300052408e-21	-0.37038894058482374	0.041370517234099194
-15156338241411119e-21	-0.37805873164440423	0.04211498745875364
-1665297336499172e-20	-0.38573533771184587	0.042880505147969435
-182973286497988e-19	-0.3934191399870091	0.043667772041635196
-20103960866532655e-21	-0.40111054742747215	0.04447750600515731
-2208885660890704e-20	-0.40880999926075345	0.04531043991016866
-24269571999956455e-21	-0.4165179677651975	0.046167320243276855
-26665385447236997e-21	-0.42423496135113875	0.0470489054070642
-2929746537062329e-20	-0.4319615279776275	0.04795596367358177
-32189053604950515e-21	-0.4396982589440311	0.048889270746569104
-3536566673427444e-20	-0.44744579310024724	0.049849606884485316
-3885531605409172e-20	-0.45520482152402725	0.05083775353185989
-42688748690346626e-21	-0.46297609271897	0.05185448940151074
-46899711007013234e-21	-0.47076041839218397	0.05290058594502318
-51525237261393006e-21	-0.4785586798762649	0.053976802143817455
-5660596456918965e-20	-0.48637183526610667	0.05508387854740797
-6218647689283825e-20	-0.494200927346832	0.05622253047908379
-6831568138143673e-20	-0.5020470923950491	0.057393440323916384
-7504721808993149e-20	-0.5099115699409863	0.05859724880713672
-8243990735910638e-20	-0.5177957135839375	0.05983454516435958
-905582365478691e-19	-0.5257010029574084	0.06110585609859176
-9947289042769314e-20	-0.5336290569428991	0.06241163341175305
-0.0001092613274649816	-0.5415816482320134	0.06375224019114428
-0.00012000840579847773	-0.549560719334777	0.06512793542327437
-0.00013180706229094265	-0.5575684001271838	0.06653885689947447
-0.00014475904809208018	-0.565607027022234	0.06798500226872722
-0.00015897572415432375	-0.5736791638350381	0.06946620808325349
-0.00017457892008682432	-0.5817876243933288	0.07098212667155712
-0.00019170185963100425	-0.5899354969188111	0.07253220066131559
-0.00021049015565038041	-0.5981261701713738	0.07411563496036938
-0.00023110287736024214	-0.6063633613064545	0.075731365987869
-0.0002537136914746614	-0.6146511453452975	0.07737802792894567
-0.00027851207903585584	-0.6229939860981942	0.07905391576500868
-0.00030570462733133484	-0.6313967683121856	0.08075694480717469
-0.00033551639687763243	-0.6398648307381221	0.08248460643305197
-0.00036819235968050916	-0.6484039997291818	0.08423391969680137
-0.0004039989046171581	-0.6570206228965	0.08600137844937279
-0.00044322540236486907	-0.6657216022622785	0.08778289357154258
-0.0004861858190833065	-0.6745144262718752	0.08957372988646645
-0.0005332203649370728	-0.6834071999624025	0.0913684372827983
-0.0005846971579669593	-0.6924086725466475	0.09316077554404867
-0.000641013879548789	-0.7015282616713963	0.09494363234480357
-0.0007025993899489897	-0.7107760736660114	0.09670893383767673
-0.0007699152664150544	-0.7201629192333392	0.0984475472119702
-0.0008434572164362011	-0.7297003242801934	0.10014917454647944
-0.0009237563093381258	-0.7394005359767774	0.10180223718693965
-0.0010113799591170928	-0.749276524726471	0.10339374972608767
-0.0011069325772732463	-0.7593419835882799	0.10490918240364164
-0.0012110558028779403	-0.7696113279219585	0.10633231030255294
-0.001324428200908839	-0.7800996997579738	0.10764504698264073
-0.001447764306412842	-0.7908229838292418	0.10882725898528638
-0.0015818128749945579	-0.8017978456294311	0.1098565556840708
-0.0017273541863804167	-0.8130418067162087	0.1107080458008134
-0.0018851962346213488	-0.824573379414911	0.11135404683371697
-0.0020561696257767846	-0.8364122931042758	0.11176372545378634
-0.0022411209993182316	-0.8485798589522306	0.1119026335738356
-0.002440904786820855	-0.861099541787326	0.11173208268963229
-0.0026563731291557686	-0.8739978406504877	0.11120826172305416
-0.0028883637908996085	-0.8873056296640933	0.1102809387476541
-0.00313768594076963	-0.9010601878116247	0.10889147087140999
-0.0034051037135629843	-0.9153082642926837	0.10696963104870044
-0.0036913175327629487	-0.9301107034741309	0.10442834398867175
-0.003996943257470635	-0.9455494015767655	0.1011545808435735
-0.0043224893226696546	-0.9617376384988402	0.09699287351606771
-0.004668332167036081	-0.9788347934831261	0.09171391306009899
-0.005034690386525087	-0.9970645611278838	0.0849513187554804
-0.005421598208640512	-1.0167249796464521	0.07606681927929076
-0.005828879044525943	-1.0381243299908265	0.06384957207417866
-0.006256120032867563	-1.0610977269453923	0.045879516640107254
-0.006702648627616605	-1.0826654064976444	0.0181153148327484
-0.00716751238526017	-1.0933333832379468	-0.019940205056567503
-0.0076494631610470026	-1.0837364914018326	-0.05623316400920639
-0.008146946911398039	-1.0609440455146897	-0.07080277265168362
-0.008658100213418564	-1.03526283500765	-0.05919141792580196
-0.00918075444352666	-1.0239805758894795	-0.0344551053446404
-0.009712448315001886	-1.0331299787054353	-0.02350872272275891
-0.010250449167219487	-1.0420831701963442	-0.02320805085896772
-0.010791783053751142	-1.046777726714913	-0.02626647854715017
-0.011333273317286827	-1.0473643905332355	-0.030923391908463358
-0.01187158699663969	-1.045223981946175	-0.03650876695482414
-0.012403288105912513	-1.0451983322430376	-0.04264483041211662
-0.012924896568032297	-1.0510239505821173	-0.047851058595695925
-0.013432951375039526	-1.0626085054824044	-0.04803759180205966
-0.013924076361157795	-1.0730664549813704	-0.03452623727347504
-0.014395046806634545	-1.070581179883984	-0.013456145949124997
-0.0148428549085225	-1.0597073057333508	0.0008853421047578971
-0.015264771988028152	-1.0464410877060364	0.006257199479887566
-0.015658405162062558	-1.0326634853693706	0.0050031448444234185
-0.016021746164950133	-1.0189903389833501	-0.0012137041524773891
-0.016353210102872974	-1.0070930757770302	-0.011487517520967742
-0.01665166223465213	-0.998898941352816	-0.02536852674232442
-0.016916431385307268	-0.9977606813072775	-0.04505266153167553
-0.017147309315373886	-1.0184533511410823	-0.07312546641156539
-0.017344536185850377	-1.0665994094795548	-0.12738472892968977
-0.017508773107051435	-1.0514680215980017	-0.13805752308456537
-0.018739620011313383	-1.0456925648770952	-0.13099351017512798
-0.018753879619356564	-1.0477576255828644	-0.12443413790040102
-0.018606182577562354	-1.0489225712609498	-0.11677045349069488
-0.018665995201035138	-1.0397290560983392	-0.10925151403147641
-0.01877486161882544	-1.025306041304733	-0.1206141925501389
-0.018827514158402798	-1.0422341936306374	-0.1519057379233319
-0.01885300948222321	-1.06769041355487	-0.16791293921163203
-0.018857702249635767	-1.081592477257963	-0.1778458905865997
-0.01884291812719529	-1.0901349449017432	-0.18629950365465023
-0.018716762891864497	-1.0981252292005859	-0.19454051076467832
-0.018676693719426443	-1.1074718645717343	-0.20270950425541492
-0.018614026637314887	-1.117822514527117	-0.21046719324056393
-0.018539295549498867	-1.1282561659788892	-0.2177213353106175
-0.018458693732448656	-1.1385255545386517	-0.22459265285958224
-0.01837008903565407	-1.148779336899838	-0.2311464658053855
-0.018281381866895437	-1.1591511252205273	-0.23738688444305722
-0.018180487072939823	-1.1696576486585304	-0.24330445215195431
-0.018091096810270234	-1.1802621776408417	-0.24889978962541498
-0.01798143673128743	-1.1909359185457777	-0.2541748144851257
-0.017887942794500632	-1.2017022195478742	-0.2591268209495544
-0.01774379358513476	-1.2125870815326323	-0.2637475802550074
-0.017641563464033862	-1.2235612429671605	-0.26803742994650426
-0.017543291672220924	-1.2345649192444936	-0.2720107687345341
-0.017441211438201695	-1.24555905978179	-0.27568102460191507
-0.017343855091162326	-1.2565503457252332	-0.2790491150291681
-0.01724366881545001	-1.2675445191900088	-0.2821084229652154
-0.01716398025642421	-1.2785387152514256	-0.28485080699207194
-0.017068350812257757	-1.2895275603978171	-0.2872660368527484
-0.016984640655260334	-1.3005043836118493	-0.2893409503549365
-0.016908360927657785	-1.3114605443256695	-0.29105822845257245
-0.0168244968517863	-1.3223830322360712	-0.29239638443019306
-0.016757343047182315	-1.33325639542314	-0.29332487209990704
-0.01668199000730356	-1.344057447263226	-0.29380085187757726
-0.016614341339908904	-1.354747331184177	-0.2937627174752527
-0.01655810669871418	-1.3652554361585318	-0.29312037442686784
-0.01649383317279332	-1.3754579062583678	-0.2917597332418057
-0.016441886915048484	-1.3852083762677219	-0.2896284387070232
