#y=-1.9753766811902755 
#strength 	x-position 	z-position 
-5485030658853446e-22	-0.004017358090649914	0.005299873876516405
-2558515615168344e-23	-0.0115235268186471	0.005368672778884261
-6707522674787025e-23	-0.019029867869820617	0.005439219377432042
-9176244635152042e-23	-0.026536393330111496	0.0055124168221856685
-9863482075718466e-23	-0.03404310588844482	0.005587770907758579
-10417333045145694e-23	-0.04155000796906184	0.005664752235183955
-11197535049536911e-23	-0.04905710585462449	0.005743356120622142
-12128545041380223e-23	-0.05656440674722628	0.005823667244467024
-13179714300481926e-23	-0.06407191801558942	0.00590575223902763
-14356846939414525e-23	-0.07157964728462722	0.005989671084930416
-1566925965108129e-22	-0.07908760250937745	0.006075484951162123
-17126363194286398e-23	-0.08659579199806353	0.006163256841798714
-18739340887710676e-23	-0.09410422443065249	0.006253051582238067
-2052132637483245e-22	-0.10161290888059187	0.006344936086720086
-22487353189964976e-23	-0.10912185483789712	0.006438979627969165
-24654283687156053e-23	-0.11663107223322226	0.0065352540489411895
-2704094677254826e-22	-0.12414057146323539	0.006633833945959864
-2966821302883421e-22	-0.13165036341755468	0.006734796840275403
-325592019304044e-21	-0.1391604595074206	0.006838223343966
-3573942253358442e-22	-0.14667087169626783	0.006944197323587824
-39237001155101314e-23	-0.15418161253236906	0.007052806063782092
-4308291915132434e-22	-0.16169269518374216	0.007164140433218175
-4731129952702251e-22	-0.16920413347550942	0.00727829505405216
-5195963115895569e-22	-0.17671594192992374	0.007395368475027115
-5706921647162522e-22	-0.1842281358092898	0.007515463349691567
-6268540524347749e-22	-0.19174073116203424	0.007638686619671968
-6885811388787633e-22	-0.199253744872197	0.007765149703292647
-7564215264224683e-22	-0.20676719471264862	0.007894968689774677
-8309780391776989e-22	-0.21428109940236267	0.008028264538800137
-9129131756258763e-22	-0.22179547866811775	0.008165163285994833
-10029547729412114e-22	-0.22931035331102376	0.008305796253110688
-11019027597765352e-22	-0.23682574527832254	0.00845030026327986
-12106363980711465e-22	-0.24434167774097135	0.008598817861419444
-1330121424097247e-21	-0.2518581751775419	0.008751497538131524
-1461419185239815e-21	-0.25937526346504963	0.008908493957022692
-16056961141385634e-22	-0.2668929699774047	0.009069968185262862
-17642332871530692e-22	-0.2744113236922228	0.009236087925191103
-19384388198796787e-22	-0.2819303553068453	0.00940702774666745
-21298593188331244e-22	-0.28945009736450605	0.009582969318578596
-2340194449407945e-21	-0.2969705843916958	0.009764101637657403
-25713113362083734e-22	-0.30449185304789084	0.0099506212531387
-2825261240660751e-21	-0.31201394228895757	0.010142732484455087
-3104297866951891e-21	-0.3195368935457082	0.010340647629958026
-34108970557826523e-22	-0.32706075091925296	0.010544587163528319
-3747778700775861e-21	-0.334585561394988	0.010754779915477292
-411793053033821e-20	-0.34211137507730943	0.010971463233870856
-4524634890715196e-21	-0.3496382454473725	0.01119488312197719
-4971497093109178e-21	-0.3571662296465321	0.011425294346582609
-54624776002001885e-22	-0.36469538878840735	0.011662960511312333
-6001926030875515e-21	-0.37222578830288733	0.011908154088139939
-6594620590301761e-21	-0.3797574983158398	0.012161156400083408
-7245808457343947e-21	-0.38729059406870187	0.012422257545969264
-7961252808762545e-21	-0.3948251563827107	0.012691756257629064
-874728250124801e-20	-0.40236127217312073	0.012969959679281879
-9610847493462735e-21	-0.4098990350193827	0.013257183056061746
-10559579227957527e-21	-0.4174385457980661	0.013553749318213303
-1160185688811946e-20	-0.42497991338609564	0.013859988545318365
-12746879904343075e-21	-0.43252325544282355	0.014176237293030023
-14004747560433448e-21	-0.4400686992804937	0.014502837762966755
-15386545720336153e-21	-0.4476163828337978	0.014840136793852706
-16904442209629902e-21	-0.45516645574045894	0.015188484649561301
-18571790651117706e-21	-0.46271908054617744	0.015548233576853211
-20403244560098302e-21	-0.470274434048735	0.01591973610256364
-2241488133111237e-20	-0.4778327087976649	0.01630334303659899
-24624338286986097e-21	-0.48539411476761174	0.016699401143740224
-27050960683764128e-21	-0.4929588812252861	0.017108250443262443
-2971596300299119e-20	-0.5005272588117508	0.017530221090641143
-32642605718042825e-21	-0.508099521863665	0.01796562979184927
-3585638596681831e-20	-0.5156759709989038	0.018414775695058075
-3938524715834009e-20	-0.5232569359937161	0.018877935700277446
-4325980420490268e-20	-0.5308427789800184	0.01935535912136179
-47513590072231424e-21	-0.5384338979925002	0.01984726162884476
-5218332208766288e-20	-0.5460307308958663	0.020353818397305157
-5730918974063831e-20	-0.5536337597221761	0.02087515637350394
-6293516608029022e-20	-0.5612435154470314	0.02141134557617678
-6910934334991396e-20	-0.568860583230612	0.021962389332403166
-7588429401324433e-20	-0.5764856081449463	0.022528213348890613
-8331745817905314e-20	-0.5841193014017317	0.02310865351109572
-9147155824127881e-20	-0.5917624470850374	0.023703442297892837
-0.00010041504124426448	-0.599415909379304	0.024312193694991015
-0.00011022254971164956	-0.6070806402646753	0.024934386487203735
-0.00012097541888692054	-0.6147576876274644	0.025569345806829864
-0.00013276220203965912	-0.6224482037028132	0.02621622281547002
-0.00014567922009693472	-0.6301534537280034	0.02687397239857811
-0.00015983113407969964	-0.6378748246369373	0.027541328755835003
-0.00017533153633549937	-0.6456138335682498	0.028216778778929266
-0.00019230355575711698	-0.6533721358898952	0.028898533120544353
-0.0002108804696986169	-0.6611515323606694	0.02958449487558293
-0.00023120631466703838	-0.6689539749535816	0.03027222582001242
-0.00025343648366935555	-0.6767815707565927	0.030958910184830463
-0.0002777382972112292	-0.6846365832432197	0.03164131598472693
-0.0003042915301657446	-0.6925214300699322	0.03231575397567429
-0.0003332888740771485	-0.7004386764108403	0.032978034385259036
-0.0003649363092488641	-0.7083910226859903	0.03362342164758731
-0.0003994533570309978	-0.7163812853819009	0.03424658748480481
-0.00043707317707821977	-0.7244123695078557	0.034841562814272094
-0.000478042468051873	-0.732487231085905	0.035401689128055795
-0.0005226211246738555	-0.7406088279457657	0.03591957019484057
-0.0005710815976096382	-0.7487800569985349	0.036387025178126024
-0.000623707894972618	-0.7570036761065149	0.03679504455097476
-0.0006807941595831316	-0.7652822086634868	0.03713375051931395
-0.0007426427488685626	-0.7736178290633995	0.03739236404209987
-0.0008095617411228821	-0.782012227377653	0.03755918095333731
-0.0008818617874984565	-0.7904664517924402	0.03762156014011298
-0.000959852231461061	-0.798980727686033	0.037565927200507054
-0.0010438364184944902	-0.8075542526543192	0.03737779747817389
-0.0011341061295691585	-0.8161849673189896	0.03704182282652351
-0.001230935084690495	-0.8248693023688279	0.03654186687440153
-0.0013345714858319004	-0.8336019029774787	0.03586111392988584
-0.0014452295982202955	-0.8423753325006275	0.03498221696568363
-0.00156308040903589	-0.851179758187516	0.03388749039860528
-0.0016882414529442065	-0.8600026226008199	0.03255915366790316
-0.0018207659539627944	-0.8688283056872869	0.030979632051909067
-0.001960631503119148	-0.8776377843580196	0.029131921929580827
-0.0021077285699572738	-0.8864082998001639	0.027000029040868873
-0.002261849225383623	-0.895113048997577	0.0245694904427191
-0.002422676536538904	-0.9037209285589181	0.021827993726912773
-0.00258977516827669	-0.9121963797261321	0.018766109720782128
-0.0027625837832135026	-0.9204994182577402	0.015378154387761932
-0.0029404098711244284	-0.9285859860385229	0.011663185268339824
-0.0031224276357485984	-0.9364088314386316	0.007626105252692884
-0.003307679536276451	-0.9439191956534293	0.0032787744682173294
-0.0034950819854975565	-0.9510696062276756	-0.0013590940661054327
-0.0036834355810211926	-0.9578179757220693	-0.006259644142668004
-0.0038714400506879715	-0.9641328869806075	-0.011387709101491195
-0.00405771387536804	-0.96999941406846	-0.016703226706463337
-0.004240818290529556	-0.975424268649467	-0.022165298360543956
-0.00441928510672934	-0.9804388403193898	-0.02773724515767662
-0.004591647521665956	-0.9850990989740225	-0.033391320405931235
-0.004756472874554039	-0.9894822219878835	-0.03911153962414604
-0.004912396117110038	-0.9936806823282717	-0.04489361378020246
-0.005058152648007028	-0.9977949223470861	-0.050741980159545994
-0.005192609144393248	-1.0019256162890497	-0.056664917822302575
-0.005314791057072195	-1.0061662113319942	-0.06266930915783128
-0.005423905565686609	-1.010596198401734	-0.06875660133686166
-0.005519359006839436	-1.0152753649848014	-0.07492095185114606
-0.005600768025908745	-1.0202389606082933	-0.08114958744001297
-0.005667964055553184	-1.0254935855832783	-0.08742441510999369
-0.005720991022547475	-1.0310152066888016	-0.0937233970827021
-0.005760096560897147	-1.0367559815775325	-0.10002080834117119
-0.005785717321375333	-1.0426704727426077	-0.1062884964269631
-0.005798459250730521	-1.0487715291345374	-0.11250883180265871
-0.0057990739398909655	-1.0551811871061476	-0.11868574565428022
-0.005700559981064082	-1.0619824575607495	-0.12479057326268994
-0.005683399632493553	-1.0692411082809163	-0.13078931737887087
-0.005602666920398555	-1.076974893263441	-0.1366511668047337
-0.005475334143682638	-1.0850581118442881	-0.14234861910251795
-0.0054250131964084704	-1.0933560446329686	-0.1478956051422126
-0.0053625879346576606	-1.1016980663114704	-0.15332116286820818
-0.005294868504441805	-1.1099733413658115	-0.1586520095406311
-0.005224673345710977	-1.1182269534823075	-0.16389834599936465
-0.0051525827984966995	-1.1266107813594974	-0.1690435600532426
-0.004963350348637516	-1.13520900714562	-0.1740618865719774
-0.004893410035061092	-1.1440020067703172	-0.1789461771977707
-0.004813747187278727	-1.1528962157008054	-0.18371862318225654
-0.004732500352974442	-1.1617972042535025	-0.18841481685722344
-0.004653576171659637	-1.1707054164575679	-0.19305261424031214
-0.004577100408132781	-1.1796363430673904	-0.19763883069026406
-0.004503112935422208	-1.18859484990247	-0.20217803843011092
-0.004431573756174221	-1.1975756223384784	-0.20667596510856395
-0.004362853344514535	-1.206567913723543	-0.2111377572342722
-0.00429666380263736	-1.2155781336626066	-0.21555560872835114
-0.004233516292350644	-1.2246825833601676	-0.21987485200248802
-0.003923121855418596	-1.2339263791462722	-0.22405131517575463
-0.0038682445019695517	-1.2432833796808465	-0.2280879438096094
-0.00380853543884756	-1.2526809841851991	-0.23203583771079114
-0.0037501459538543096	-1.2620595651588409	-0.23595347491552202
-0.0036964456831498904	-1.2714274298082757	-0.2398472187604294
-0.0036468967806997446	-1.280799245859589	-0.24371065098137804
-0.0036012961339483398	-1.2901830229968114	-0.24753685719413765
-0.0035589016828714215	-1.2995825547059934	-0.25131916231293205
-0.0035196383077861102	-1.308999534114855	-0.255050645115523
-0.003483309475694314	-1.3184345888700915	-0.2587235951174175
-0.0034495647204753907	-1.327887722972594	-0.262329015041566
-0.003418635034393095	-1.337358546332037	-0.265855913559471
-0.00338987071693713	-1.3468463379364977	-0.2692903226741411
-0.003363530445700213	-1.3563499655924454	-0.2726137424178839
-0.00333946577886079	-1.3658675494041226	-0.2758007388197137
-0.003317319502856986	-1.3753952851559494	-0.27881722727013525
-0.0032972561894354458	-1.3849221510913576	-0.28163626577553763
