#time 	Max A0 	CL 	CD 	CM 
0.015267175572519083	-0.15800780078956278	-33.71182217732081	-2.512835994276191	15.55504233055158
0.030534351145038167	-0.15229786268770662	0.3417164327346954	-0.12054676365306545	-0.29561202845012535
0.04580152671755725	-0.14405131015760483	0.7784970818052036	-0.07478523881019548	-0.37524949699927646
0.061068702290076333	-0.13307852514300603	1.4528615329774235	-0.008692319710487138	-0.7289588572018108
0.07633587786259542	-0.11956256879112652	2.0858115580870207	0.05683241577715689	-1.0374350301649629
0.0916030534351145	-0.10369144457411195	2.69479392290974	0.12148204915043181	-1.332591029504909
0.10687022900763359	-0.08570422416948029	3.258190128641618	0.18209338611562145	-1.5983558167466356
0.12213740458015267	-0.06586769305797884	3.770448660178445	0.23663762254421056	-1.8343260465670106
0.13740458015267176	-0.04447255961425804	4.226528433970985	0.2832310872472227	-2.0395815621626263
0.15267175572519084	-0.021828994970846432	4.622245437623519	0.32025150812315983	-2.213430093970902
0.16793893129770993	0.0017376133550695665	4.954005257390201	0.346398991661616	-2.3552162495521634
0.183206106870229	0.025891029795772312	5.218821952345445	0.3607610834184183	-2.464379422158572
0.1984732824427481	0.050288618290554254	5.414320718154138	0.36285747632580234	-2.5404640659472104
0.21374045801526717	0.0745857881067348	5.538720227338767	0.35266186740545274	-2.583111007560867
0.22900763358778625	0.09844032756181077	5.590789899997783	0.3305996692480787	-2.5920373204714884
0.24427480916030533	0.12151658901703828	5.569828504755419	0.29752505811585267	-2.5670407205247447
0.2595419847328244	0.14348960767072155	5.4757262444848465	0.2546828214081755	-2.508068211880452
0.2748091603053435	0.16404925724350333	5.309111461188993	0.20365691397642138	-2.4153435244473704
0.29007633587786263	0.18290444176997178	5.07151454144236	0.14630375025084663	-2.289502383775143
0.30534351145038174	0.19978721982626718	4.765486369325602	0.0846696859417946	-2.131691594009952
0.32061068702290085	0.21445673128653558	4.394654100802283	0.0208962771861679	-1.94362123112887
0.33587786259541996	0.22670281494682054	3.9637224667462814	-0.04288069068640939	-1.7275769401354215
0.35114503816793907	0.23634922454531487	3.478428782670011	-0.10463214148212968	-1.4863988129258092
0.3664122137404582	0.2432563636917749	2.9454547995527203	-0.16253078096952364	-1.223429186491268
0.3816793893129773	0.2473234941915108	2.372307856687546	-0.21503432006544126	-0.9424371622800483
0.3969465648854964	0.24849050301321507	1.7672373609818768	-0.2609482549750546	-0.6475632553045297
0.4122137404580155	0.24673958444633276	1.1393558258426717	-0.2994541980120228	-0.34340336668266164
0.4274809160305346	0.24209694764168374	0.49893043520749875	-0.33010411707927934	-0.03523847493289603
0.44274809160305373	0.23463257474409988	-0.1433050635059243	-0.35285353642999273	0.27135971153631727
0.45801526717557284	0.2244567195527553	-0.7779435856517168	-0.368139778784836	0.5717698341929627
0.47328244274809195	0.21171793414204904	-1.3962075962352514	-0.37677158096414226	0.8619150679684241
0.48854961832061106	0.19660217509115607	-1.9889631060586836	-0.37978524924013374	1.1375076273148375
0.5038167938931302	0.17933003767129957	-2.547488997324041	-0.378405833500593	1.394515921304961
0.5190839694656493	0.16015311727468934	-3.0638513779623056	-0.3739716406287303	1.629393833069852
0.5343511450381684	0.13934979251406807	-3.5310828265277165	-0.3678429620999063	1.8391664172551296
0.5496183206106875	0.11722053455581216	-3.943326615612788	-0.3613125743940148	2.0214917355516873
0.5648854961832066	0.09408334270189095	-4.2956848993306025	-0.35550632436248064	2.1745256434896807
0.5801526717557257	0.07026943490426973	-4.583979169416678	-0.3512925813515245	2.296723473269369
0.5954198473282448	0.04611893399461437	-4.804652063157568	-0.34921937172268896	2.3867394629674985
0.6106870229007639	0.021976398352640033	-4.9547927428339085	-0.34948045030367775	2.443421312282182
0.625954198473283	-0.00181377328639247	-5.032216012405987	-0.3519073094389723	2.4658600466271583
0.6412213740458022	-0.02491193025066353	-5.035526348296815	-0.35598304457196484	2.453444980752247
0.6564885496183213	-0.04698768434954713	-4.964165223794873	-0.3608773291631805	2.405910719714801
0.6717557251908404	-0.06772435178017039	-4.8184679097718774	-0.36550253919957604	2.3233876601565395
0.6870229007633595	-0.0868233103498118	-4.599734109127601	-0.3685885449942283	2.206460653992342
0.7022900763358786	-0.10400822914320976	-4.310300032758443	-0.36877157575874897	2.0562293428935634
0.7175572519083977	-0.11902911470929045	-3.953596144432452	-0.3646915038339547	1.8743583793430483
0.7328244274809168	-0.13166609311716548	-3.5341689802207656	-0.35509083565124383	1.663101579551404
0.7480916030534359	-0.14173283607427808	-3.0576579382453235	-0.3389091704115544	1.4252939089643566
0.763358778625955	-0.14907954375648078	-2.5307285273119584	-0.31536756507538816	1.16431312178364
0.7786259541984741	-0.15359539373655634	-1.9609585104179872	-0.2840371671004593	0.8840092186191026
0.7938931297709932	-0.15521044543918194	-1.3567126891225878	-0.2448900120546514	0.5886247581778467
0.8091603053435124	-0.1538972070629695	-0.7271226280287563	-0.19833689194953527	0.2827842404740736
0.8244274809160315	-0.14967212795947352	-0.08224798867739719	-0.1452555949283999	-0.028383624395645384
0.8396946564885506	-0.14259616584978888	0.5671091848624534	-0.08696939529209173	-0.3393231973807832
0.8549618320610697	-0.13277255483797812	1.2106869072356925	-0.025120268082424815	-0.6448786228882895
0.8702290076335888	-0.12034382360884913	1.8392353068449228	0.03842293849943245	-0.9406464917836145
0.8854961832061079	-0.10549013044256073	2.4436975195995823	0.10158061315993341	-1.2224151799141405
0.900763358778627	-0.08842701798629639	3.0152457377885917	0.1621525108701439	-1.4861346849634007
0.9160305343511461	-0.069402080043164	3.5456703948298163	0.2179423097799585	-1.72813172940993
0.9312977099236652	-0.048690891699367064	4.027633399455738	0.26687566501071214	-1.945238528514824
0.9465648854961843	-0.026592350390496813	4.454870696219578	0.3071111920989984	-2.134891661680205
0.9618320610687034	-0.0034239278693670126	4.8221610936834205	0.33712534658996446	-2.2950792455281173
0.9770992366412226	0.020482857094956463	5.125119239912205	0.355770566643644	-2.4241666810535554
0.9923664122137417	0.04478704317465575	5.3601419681985325	0.3623262608060233	-2.5208250689309706
1.0076335877862608	0.06914291403988632	5.524407855969439	0.35653271347969756	-2.5840091352839254
1.0229007633587799	0.09320459302463692	5.615831777338431	0.33859933618332905	-2.6129198470134942
1.038167938931299	0.11663055765099144	5.633058410788254	0.30919267222251956	-2.607003322215741
1.053435114503818	0.1390881429485343	5.575525183762633	0.2694067882514541	-2.5660038505894476
1.0687022900763372	0.1602580043902312	5.4435439896989095	0.22071411171900132	-2.4900348853311622
1.0839694656488563	0.17983846224141672	5.238367054637295	0.16489707546220844	-2.3796412590242033
1.0992366412213754	0.19754968456329264	4.9622444345735754	0.10396483839704448	-2.235854389362425
1.1145038167938945	0.21313768200721872	4.618476974349845	0.040059854012937386	-2.060242060813534
1.1297709923664137	0.22637805321600052	4.211446210209294	-0.024641841185722	-1.8549408750914236
1.1450381679389328	0.2370793847631102	3.746600260077209	-0.08803243895820845	-1.6226575930586422
1.1603053435114519	0.24508620553046132	3.2303881822774203	-0.14817102313742667	-1.366633992135307
1.175572519083971	0.25028142729523645	2.670153072779669	-0.20337292727950942	-1.090581376620808
1.19083969465649	0.2525882976409812	2.0740278097273173	-0.25228217502111905	-0.7986130245580791
1.2061068702290092	0.2519721110366759	1.4509580544165865	-0.29391534224682025	-0.49525964261683625
1.2213740458015283	0.24844197341204996	0.8109436620715116	-0.32766864545451196	-0.185646363263519
1.2366412213740474	0.24205151115327248	0.1648139841345505	-0.35333082530939436	0.12460359387838513
1.2519083969465665	0.23289644009216373	-0.4772700230639981	-0.3711519160121959	0.4303496850243485
1.2671755725190856	0.2211116977444718	-1.1061648398684099	-0.3818097281896824	0.7272177755263888
1.2824427480916047	0.2068701018686054	-1.7127700174907157	-0.38627089825720207	1.0109239382806088
1.2977099236641239	0.1903800591218735	-2.288272393278511	-0.38572039925945484	1.2773904395755282
1.312977099236643	0.17188227424892952	-2.824520297675685	-0.38148849521978057	1.5229618718050293
1.328244274809162	0.15164584670461828	-3.3142040029220015	-0.3749595055763526	1.744485416859473
1.3435114503816812	0.12996398552445812	-3.750939341976486	-0.3674757018616559	1.9393287057356718
1.3587786259542003	0.1071496134431989	-4.129212453618372	-0.3602394958629809	2.1053029331047335
1.3740458015267194	0.08353080605156837	-4.444358559875532	-0.35423074089516515	2.240609302224065
1.3893129770992385	0.05944613697277543	-4.692540789802789	-0.3501410130163599	2.3437957906388944
1.4045801526717576	0.03524005476929839	-4.870693855450223	-0.3483256404192052	2.4137009475722033
1.4198473282442767	0.011258313414422353	-4.976485129030228	-0.3487790582134346	2.449419027906308
1.4351145038167958	-0.012156537371531516	-5.008310910886934	-0.3511355066286151	2.450299164987718
1.450381679389315	-0.034669625819663305	-4.965339384551966	-0.35469556179900996	2.415983102936682
1.465648854961834	-0.05595824029125592	-4.84760415435917	-0.3584774625399713	2.3464799508764007
1.4809160305343532	-0.07571628089472002	-4.656103885597865	-0.36128780947038686	2.242246471371102
1.4961832061068723	-0.09365857026913302	-4.392865792980385	-0.3618052556431064	2.1042433365241124
1.5114503816793914	-0.1095249391664874	-4.060976670210226	-0.35867304879450673	1.9339679956093412
1.5267175572519105	-0.12308405051427856	-3.664600442778659	-0.35059670999295506	1.733475995142832
1.5419847328244296	-0.13413692054610643	-3.2089794286043767	-0.33644122195436577	1.5053895934940762
1.5572519083969487	-0.1425200557800942	-2.700399087110788	-0.315320696193472	1.252881293928043
1.5725190839694678	-0.14810810429658366	-2.1461025884983385	-0.2866740550562845	0.9796235266438986
1.587786259541987	-0.1508159536228637	-1.554166363836917	-0.25032254317457475	0.6897112408501107
1.603053435114506	-0.15060033720706356	-0.9333997608044138	-0.20650959416134007	0.38759868501098416
1.6183206106870252	-0.14746122037499632	-0.2933967386554024	-0.15592957180017136	0.07814028487658461
1.6335877862595443	-0.14144292813050657	0.35535638774050715	-0.09973672305738082	-0.23330909239658626
1.6488549618320634	-0.13263342528122518	1.0021655991680127	-0.03947154717051382	-0.5413022952266976
1.6641221374045825	-0.1211611502233943	1.637374383028519	0.02307823417547867	-0.8411394589733293
1.6793893129771016	-0.10719278842216758	2.2518727331050705	0.08591181835654982	-1.1285583640379202
1.6946564885496207	-0.09093143665421592	2.8366239288357376	0.14686478731287117	-1.399361792806401
1.7099236641221398	-0.07261344813494934	3.38318243133921	0.20373995839118875	-1.6497263648399252
1.725190839694659	-0.05250457058913266	3.8839484473953223	0.2544249190955078	-1.8763416349540467
1.740458015267178	-0.030895632967412108	4.332270139247922	0.29699755213607454	-2.076437604090727
1.7557251908396971	-0.008097882039738765	4.722508202704692	0.32982157802205625	-2.2477859265925777
1.7709923664122162	0.015561757735003123	5.049987948560735	0.3516214827769108	-2.3886313933343755
1.7862595419847354	0.039745267584257726	5.310844209354578	0.3615330924414002	-2.497556688478759
1.8015267175572545	0.06410802255939411	5.501906022633954	0.35913720832300927	-2.573378127803819
1.8167938931297736	0.08830332416409555	5.6206871088875205	0.3444788530646726	-2.6151225637417763
1.8320610687022927	0.11198701817937752	5.665450248563375	0.3180686873699766	-2.6220686599801515
1.8473282442748118	0.13482215583820617	5.63529782286488	0.28086318190265586	-2.5938180699674405
1.862595419847331	0.15648361333611355	5.5302519035518305	0.23422219818356982	-2.530366197996676
1.87786259541985	0.17666255821856394	5.351299295719347	0.1798447913821424	-2.4321513768884566
1.8931297709923691	0.19507068132503588	5.1004084365471	0.11968736319685024	-2.300083970013737
1.9083969465648882	0.21144419657369457	4.7805540950794585	0.05587102349447711	-2.1355775221255704
1.9236641221374073	0.2255476223569816	4.395754735365873	-0.009416640127982179	-1.940585350596548
1.9389312977099264	0.23717728624232573	3.9510874695440714	-0.07402244039289156	-1.71762055125671
1.9541984732824456	0.24616444611805655	3.4526538390275965	-0.13592725447415382	-1.46974224295031
1.9694656488549647	0.252377929107695	2.90749462898774	-0.1933389687750144	-1.200506376011689
1.9847328244274838	0.2557262392297553	2.3234718182887018	-0.24477240879497397	-0.9138919714619602
2.0000000000000027	0.25615922018869863	1.7091839485168667	-0.2891078175316016	-0.6142459100085413
2.0152671755725216	0.2536695991077991	1.0740644414594624	-0.3256154033668843	-0.30635158720370675
2.0305343511450404	0.24829443175371468	0.4285903630339313	-0.35394899205823743	0.004401341411157755
2.0458015267175593	0.24011453491129983	-0.21645060675113095	-0.37417541441541124	0.3124469837470213
2.061068702290078	0.22925096074429324	-0.8515343689642991	-0.3868314521907956	0.6131175818757683
2.076335877862597	0.2158628407044349	-1.4677537809210865	-0.3928112589023328	0.9022531151773995
2.091603053435116	0.20014599518078305	-2.056089725877512	-0.39323492625429723	1.175645784349261
2.106870229007635	0.18233008415176505	-2.6079644871527847	-0.3893913848544342	1.4293637068052747
2.1221374045801538	0.1626748182385443	-3.1156146640847715	-0.3826608423702563	1.6599683044659597
2.1374045801526727	0.14146554291841565	-3.5723104763795197	-0.3744257875100835	1.8646272268572606
2.1526717557251915	0.11900861979258798	-3.972374766245883	-0.3659742523055802	2.041095085746967
2.1679389312977104	0.09562688762698264	-4.311041310370239	-0.35840369057256205	2.1875819475763816
2.1832061068702293	0.07165522810417263	-4.584294753240741	-0.35253943983942176	2.3026079646626463
2.198473282442748	0.0474361855382528	-4.788762173443488	-0.34887567785361656	2.384900035490542
2.213740458015267	0.023315503119276014	-4.921723849094561	-0.3475457425227648	2.4333829266186404
2.229007633587786	-0.0003624635808207044	-4.981197752062778	-0.3483200966145813	2.447235337943292
2.244274809160305	-0.023259351370570953	-4.966011265123878	-0.3506263341117615	2.4259479362729555
2.2595419847328237	-0.04504732051135145	-4.875850931056253	-0.35358969744771573	2.369370546832685
2.2748091603053426	-0.06541350948618788	-4.7113303419391475	-0.3560948301949088	2.277771638404557
2.2900763358778615	-0.08406442238165318	-4.474081667118366	-0.35686610755951537	2.1519128555876237
2.3053435114503804	-0.10073018557903796	-4.166830557295214	-0.3545597578042069	1.9931112627488137
2.3206106870228993	-0.11516855241502734	-3.7934192533502884	-0.3478604513857726	1.803265388040778
2.335877862595418	-0.12716854471149702	-3.3587785032025037	-0.3355769092791096	1.584845388177839
2.351145038167937	-0.13655366768711696	-2.868869063093457	-0.3167322845719826	1.3408613465831178
2.366412213740456	-0.14318465860226	-2.330602413531664	-0.2906444502520093	1.0748164795274158
2.381679389312975	-0.1469617271290014	-1.75173712926152	-0.2569908529154489	0.7906431542074734
2.3969465648854937	-0.14782629919874393	-1.1407756320332034	-0.2158554082820094	0.49263783448215126
2.4122137404580126	-0.14576245878107721	-0.5069634627675423	-0.1677616457569251	0.18546454224925152
2.4274809160305315	-0.14079830911341737	0.13954532601142272	-0.11369470451801703	-0.12571739767355555
2.4427480916030504	-0.1330062866586237	0.7879317748504836	-0.055069037821522795	-0.43536621831657174
2.4580152671755693	-0.12250055204698161	1.4280763994384151	0.006410318884638413	-0.7384422735937214
2.473282442748088	-0.10943391184358489	2.0508973344740293	0.06883493480973842	-1.0306746961569497
2.488549618320607	-0.0939961665023565	2.6474434586593323	0.13010661115462638	-1.3079326029344522
2.503816793893126	-0.0764117264162047	3.209004036584413	0.18803527627291658	-1.5662395222400813
2.519083969465645	-0.05693610326768534	3.7275299354575355	0.24046685314602592	-1.8020113372062352
2.5343511450381637	-0.03585166875935887	4.1959013388066095	0.28540168576372205	-2.012198381190281
2.5496183206106826	-0.013462985329291206	4.6080555179707545	0.3210979061383641	-2.194336487292778
2.5648854961832015	0.009908027581660702	4.958984776824239	0.3461546598756789	-2.3465112220751325
2.5801526717557204	0.033926704458427194	5.244540548165358	0.3595661501243985	-2.46719381308091
2.5954198473282393	0.05825011175313998	5.461282492648564	0.3607600924551695	-2.5551080395524592
2.610687022900758	0.08253167308703807	5.606507470955448	0.34962751596825203	-2.609227769484269
2.625954198473277	0.10642585587699024	5.678293057250346	0.3265307069783984	-2.6288011410854653
2.641221374045796	0.1295927440259154	5.675493607903482	0.2922847619376132	-2.6133555449931998
2.656488549618315	0.15170249227257937	5.597760349101079	0.24811874247906623	-2.5627243260832695
2.6717557251908337	0.1724397409208719	5.445625104051522	0.19562107298969902	-2.477118231421704
2.6870229007633526	0.19150798579443162	5.2206051222799275	0.13666907299179143	-2.3572121095846943
2.7022900763358715	0.2086338004296754	4.925273922793011	0.07334277846004408	-2.204208852438936
2.7175572519083904	0.22357079732543783	4.563284672482507	0.007827042749953755	-2.0198700370353637
2.7328244274809093	0.2361032618426391	4.139363973946989	-0.057691393294118945	-1.806524331372657
2.748091603053428	0.24604941544382258	3.659284942868209	-0.12112560761497577	-1.567059625560778
2.763358778625947	0.2532642421673992	3.1298053406981006	-0.18058433642167684	-1.3048897120457865
2.778625954198466	0.25764179793649766	2.5585590848268716	-0.23445743096176874	-1.0238876283555467
2.793893129770985	0.2591169861271034	1.9539289265926496	-0.2814845269970621	-0.7283034177160373
2.8091603053435037	0.2576669850819212	1.3250105334940685	-0.32079637471944644	-0.42274065371186004
2.8244274809160226	0.2533126574024197	0.6817945900653833	-0.3519186568633649	-0.1122892863469249
2.8396946564885415	0.2461192265232682	0.035096610495231204	-0.3747675091439864	0.19747256725519716
2.8549618320610604	0.23619399162050128	-0.6047768452144099	-0.38970088843127354	0.501330084149247
2.8702290076335792	0.22368289435200495	-1.228752337434133	-0.397503854905194	0.7949615686284566
2.885496183206098	0.20876875102195877	-1.8280323809066934	-0.39924518196811376	1.0742974051805216
2.900763358778617	0.1916690970679704	-2.394015419135468	-0.39618150782196426	1.3354111548078407
2.916030534351136	0.17263291031600875	-2.918690520954589	-0.3896839543961292	1.5747360250377085
2.931297709923655	0.15193660442721052	-3.394881647156362	-0.38115072055718746	1.7891853040843246
2.9465648854961737	0.12987945082502467	-3.81644276152583	-0.3719193577911871	1.9762464527418837
2.9618320610686926	0.10677896767204097	-4.178200552012551	-0.36317129745990473	2.13391233166794
2.9770992366412115	0.08296651521347467	-4.475751012241866	-0.35584083421943463	2.2605100372109477
2.9923664122137303	0.05878273662094714	-4.705449070932952	-0.35055521514400584	2.3546611286920442
3.0076335877862492	0.03457290059288966	-4.864425773671416	-0.3475972868154466	2.4152759585507813
3.022900763358768	0.010682338870971614	-4.950545744619285	-0.34688650271512	2.441520777949953
3.038167938931287	-0.012548059356328183	-4.96241169778294	-0.347986154681315	2.432823877337995
3.053435114503806	-0.03478636200405185	-4.899436597504581	-0.3501376817934743	2.3889332093658906
3.068702290076325	-0.055714068699286065	-4.761924735346286	-0.3523163705828575	2.3099845859394224
3.0839694656488437	-0.07503046746112374	-4.551135578037848	-0.3533038976825463	2.1965593236289087
3.0992366412213626	-0.09245684648654243	-4.269345757302743	-0.35177508103580574	2.049738622358646
3.1145038167938814	-0.10774053385151697	-3.9199063731585087	-0.34639416056842975	1.8711524814493332
3.1297709923664003	-0.12065868932466314	-3.5072703207845577	-0.33591371026569994	1.6630071058317923
3.145038167938919	-0.1310217480565092	-3.036974011263658	-0.3192695196381032	1.4280807045394808
3.160305343511438	-0.1386764229724758	-2.5155733668727525	-0.2956657673759754	1.1696877254882234
3.175572519083957	-0.14350819045151733	-1.9505401522145254	-0.2646455243430803	0.8916157679222165
3.190839694656476	-0.14544323634146947	-1.3501415970250608	-0.2261435108302745	0.5980500960827934
3.2061068702289948	-0.14444999621312893	-0.7233847503621416	-0.1805233298779175	0.29354002695824305
3.2213740458015137	-0.14054057492238606	-0.08013640396622526	-0.12860479593820556	-0.016910660669500803
3.2366412213740325	-0.1337715961118997	0.5689013409892252	-0.07165656787762634	-0.327821930038117
3.2519083969465514	-0.1242425922359777	1.2132361266129592	-0.011289532892724254	-0.633893620782792
3.2671755725190703	-0.1120928073174466	1.8434361179231717	0.050659802575544366	-0.9305939808358282
3.282442748091589	-0.09749921152311852	2.450432290568528	0.11215281419056482	-1.2136933886138233
3.297709923664108	-0.08067426988880155	3.0254072616055723	0.17102717122546038	-1.4791435526617678
3.312977099236627	-0.061862636969435156	3.560184165803789	0.22512022135985274	-1.723297898172037
3.328244274809146	-0.041337235052388024	4.047409536618019	0.2723812986594037	-1.942993114396169
3.3435114503816648	-0.019394832767750662	4.480690754455081	0.3109779301875729	-2.1356004045252583
3.3587786259541836	0.0036485156292402135	4.854570131402382	0.3393817157985133	-2.2989707865296314
3.3740458015267025	0.027462055133203694	5.164438163956143	0.35643622514463513	-2.4313388942486207
3.3893129770992214	0.05170504961008638	5.4065252542512106	0.3614127128637469	-2.531285026309757
3.4045801526717403	0.07603151993585763	5.577876896946843	0.3540439418664808	-2.5976992025011616
3.419847328244259	0.10009490332354776	5.676311749380233	0.3345342965851208	-2.629745122377487
3.435114503816778	0.12355264794695706	5.700419482080709	0.3035495577691364	-2.6268603976466793
3.450381679389297	0.14607073260439427	5.6495902189719125	0.26218628214338446	-2.5887865022099996
3.465648854961816	0.1673281020386868	5.524068805673427	0.21192192644651608	-2.5156201154917026
3.4809160305343347	0.18702103097708075	5.325037030089735	0.15454851620110993	-2.4078841909162194
3.4961832061068536	0.20486737540150107	5.0546930989475625	0.0920913072822495	-2.266596957187266
3.5114503816793725	0.22061061362844045	4.716295731143261	0.02671474640977818	-2.0933164794314782
3.5267175572518914	0.23402359282466315	4.314172679852348	-0.039379013864289825	-1.8901596381733654
3.5419847328244103	0.2449119277421139	3.8537045959297154	-0.10405270118735215	-1.6598022257438043
3.557251908396929	0.25311699535320203	3.341280552993423	-0.16533221650016106	-1.4054580017671066
3.572519083969448	0.2585184495070315	2.7842127862003174	-0.22149603239289445	-1.1308287879341954
3.587786259541967	0.2610361993932115	2.1906155667701466	-0.2711504873666377	-0.8400283825142508
3.603053435114486	0.2606319276168119	1.5693132561628758	-0.3132828488655396	-0.5375228335562031
3.6183206106870047	0.2573104583890691	0.9299254773705596	-0.34728004563331133	-0.22819170084438128
3.6335877862595236	0.2511208961354022	0.28300837686988084	-0.37291952349324164	0.0825456669955612
3.6488549618320425	0.24215563797387749	-0.36076329548079306	-0.3903967470293843	0.38922275554577707
3.6641221374045614	0.2305468827525881	-0.9919334704668002	-0.4003597756496932	0.6872421882171488
3.6793893129770803	0.21646453136441318	-1.6015463755094055	-0.4037868611337496	0.9724175150061051
3.694656488549599	0.20011433715879057	-2.1807130235104624	-0.40187052617468866	1.2406187572394398
3.709923664122118	0.1817346368387076	-2.721201611208972	-0.3959597153414556	1.4881355835768872
3.725190839694637	0.1615924894988193	-3.215637041783636	-0.3874695021396781	1.7117807666017588
3.740458015267156	0.13997945760730662	-3.6575480467479746	-0.37778156807514685	1.9088791163620344
3.7557251908396747	0.11720707769586575	-4.041401760866022	-0.3681510113587127	2.077246320416085
3.7709923664121936	0.09360218268620622	-4.362589523765182	-0.3596223765918386	2.21514273508295
3.7862595419847125	0.06950235705211553	-4.617292622288936	-0.3529544107511298	2.321155503432168
3.8015267175572314	0.04525153013682912	-4.802354106616855	-0.3485651311151633	2.3940901838145265
3.8167938931297503	0.02119553702410947	-4.915267245107322	-0.346506625107261	2.4329496063197347
3.832061068702269	-0.0023224276672172486	-4.954252810872668	-0.34646869307795425	2.436985551388443
3.847328244274788	-0.024966431246476253	-4.9183658000470984	-0.34780730959257283	2.405780647220834
3.862595419847307	-0.04641241962757709	-4.807592094709159	-0.34959407345238797	2.3393281134910993
3.877862595419826	-0.06635271848949773	-4.622909212017537	-0.35068249867463874	2.2380879587236637
3.8931297709923447	-0.08450031829871765	-4.3663090022794	-0.3497874761468396	2.1030160718983155
3.9083969465648636	-0.10059291484901323	-4.040812521759847	-0.3455756198093186	1.9355851047529595
3.9236641221373825	-0.1143967142041457	-3.6504946448564937	-0.33676277630037765	1.7378091203059567
3.9389312977099014	-0.12570996101281232	-3.2004955339665058	-0.32221175003482677	1.5122583129848288
3.9541984732824202	-0.13436609075106667	-2.696988738120585	-0.30102253410840213	1.2620447257602105
3.969465648854939	-0.1402364021078167	-2.1470985118740744	-0.27260901861540243	0.9907738560584399
3.984732824427458	-0.14323219415934263	-1.5587843710626201	-0.2367584608679434	0.702473212914803
3.999999999999977	-0.14330643843022556	-0.9407545498562767	-0.19367408621194965	0.40153821466492406
4.015267175572496	-0.14045525607296372	-0.3025324093453987	-0.14400694279850132	0.0927828910771325
