   0.0000000e+00   1.6142717e-10   0.0000000e+00   1.0000000e+00
   1.4124753e-02   2.2025205e-10   0.0000000e+00   1.0000000e+00
   2.8249506e-02   3.0052933e-10   0.0000000e+00   1.0000000e+00
   4.2374260e-02   4.1004719e-10   0.0000000e+00   1.0000000e+00
   5.6499013e-02   5.5948352e-10   0.0000000e+00   1.0000000e+00
   7.0623766e-02   7.6338259e-10   0.0000000e+00   1.0000000e+00
   8.4748519e-02   1.0415879e-09   0.0000000e+00   1.0000000e+00
   9.8873272e-02   1.4211807e-09   0.0000000e+00   1.0000000e+00
   1.1299803e-01   1.9391173e-09   0.0000000e+00   1.0000000e+00
   1.2712278e-01   2.6458071e-09   0.0000000e+00   1.0000000e+00
   1.4124753e-01   3.6100450e-09   0.0000000e+00   1.0000000e+00
   1.5537228e-01   4.9256883e-09   0.0000000e+00   1.0000000e+00
   1.6949704e-01   6.7208022e-09   0.0000000e+00   1.0000000e+00
   1.8362179e-01   9.1701440e-09   0.0000000e+00   1.0000000e+00
   1.9774654e-01   1.2512118e-08   0.0000000e+00   1.0000000e+00
   2.1187130e-01   1.7072036e-08   0.0000000e+00   1.0000000e+00
   2.2599605e-01   2.3293781e-08   0.0000000e+00   1.0000000e+00
   2.4012080e-01   3.1782980e-08   0.0000000e+00   1.0000000e+00
   2.5424556e-01   4.3365986e-08   0.0000000e+00   1.0000000e+00
   2.6837031e-01   5.9170316e-08   0.0000000e+00   1.0000000e+00
   2.8249506e-01   8.0734376e-08   0.0000000e+00   1.0000000e+00
   2.9661982e-01   1.1015726e-07   0.0000000e+00   1.0000000e+00
   3.1074457e-01   1.5030305e-07   0.0000000e+00   1.0000000e+00
   3.2486932e-01   2.0507958e-07   0.0000000e+00   1.0000000e+00
   3.3899408e-01   2.7981889e-07   0.0000000e+00   1.0000000e+00
   3.5311883e-01   3.8179623e-07   0.0000000e+00   1.0000000e+00
   3.6724358e-01   5.2093824e-07   0.0000000e+00   1.0000000e+00
   3.8136834e-01   7.1078921e-07   0.0000000e+00   1.0000000e+00
   3.9549309e-01   9.6982946e-07   0.0000000e+00   1.0000000e+00
   4.0961784e-01   1.3232743e-06   0.0000000e+00   1.0000000e+00
   4.2374260e-01   1.8055286e-06   0.0000000e+00   1.0000000e+00
   4.3786735e-01   2.4635352e-06   0.0000000e+00   1.0000000e+00
   4.5199210e-01   3.3613450e-06   0.0000000e+00   1.0000000e+00
   4.6611685e-01   4.5863509e-06   0.0000000e+00   1.0000000e+00
   4.8024161e-01   6.2577946e-06   0.0000000e+00   1.0000000e+00
   4.9436636e-01   8.5383725e-06   0.0000000e+00   1.0000000e+00
   5.0849111e-01   1.1650071e-05   0.0000000e+00   1.0000000e+00
   5.2261587e-01   1.5895773e-05   0.0000000e+00   1.0000000e+00
   5.3674062e-01   2.1688730e-05   0.0000000e+00   1.0000000e+00
   5.5086537e-01   2.9592783e-05   0.0000000e+00   1.0000000e+00
   5.6499013e-01   4.0377220e-05   0.0000000e+00   1.0000000e+00
   5.7911488e-01   5.5091620e-05   0.0000000e+00   1.0000000e+00
   5.9323963e-01   7.5167942e-05   0.0000000e+00   1.0000000e+00
   6.0736439e-01   1.0255977e-04   0.0000000e+00   1.0000000e+00
   6.2148914e-01   1.3993220e-04   0.0000000e+00   1.0000000e+00
   6.3561389e-01   1.9092077e-04   0.0000000e+00   1.0000000e+00
   6.4973865e-01   2.6048440e-04   0.0000000e+00   1.0000000e+00
   6.6386340e-01   3.5538637e-04   0.0000000e+00   1.0000000e+00
   6.7798815e-01   4.8484936e-04   0.0000000e+00   1.0000000e+00
   6.9211291e-01   6.6144723e-04   0.0000000e+00   1.0000000e+00
   7.0623766e-01   9.0231765e-04   0.0000000e+00   1.0000000e+00
   7.2036241e-01   1.2308094e-03   0.0000000e+00   1.0000000e+00
   7.3448717e-01   1.6787163e-03   0.0000000e+00   1.0000000e+00
   7.4861192e-01   2.2893000e-03   0.0000000e+00   1.0000000e+00
   7.6273667e-01   3.1213675e-03   0.0000000e+00   1.0000000e+00
   7.7686142e-01   4.2547477e-03   0.0000000e+00   1.0000000e+00
   7.9098618e-01   5.7976057e-03   0.0000000e+00   1.0000000e+00
   8.0511093e-01   7.8961306e-03   0.0000000e+00   1.0000000e+00
   8.1923568e-01   1.0747223e-02   0.0000000e+00   1.0000000e+00
   8.3336044e-01   1.4614849e-02   0.0000000e+00   1.0000000e+00
   8.4748519e-01   1.9850641e-02   0.0000000e+00   1.0000000e+00
   8.6160994e-01   2.6919004e-02   0.0000000e+00   1.0000000e+00
   8.7573470e-01   3.6426179e-02   0.0000000e+00   1.0000000e+00
   8.8985945e-01   4.9151238e-02   0.0000000e+00   1.0000000e+00
   9.0398420e-01   6.6074439e-02   0.0000000e+00   1.0000000e+00
   9.1810896e-01   8.8394735e-02   0.0000000e+00   1.0000000e+00
   9.3223371e-01   1.1752401e-01   0.0000000e+00   1.0000000e+00
   9.4635846e-01   1.5504248e-01   0.0000000e+00   1.0000000e+00
   9.6048322e-01   2.0260111e-01   0.0000000e+00   1.0000000e+00
   9.7460797e-01   2.6176676e-01   0.0000000e+00   1.0000000e+00
   9.8873272e-01   3.3382635e-01   0.0000000e+00   1.0000000e+00
   1.0028575e+00   4.1959085e-01   0.0000000e+00   1.0000000e+00
   1.0169822e+00   5.1925576e-01   0.0000000e+00   1.0000000e+00
   1.0311070e+00   6.3236566e-01   0.0000000e+00   1.0000000e+00
   1.0452317e+00   7.5789572e-01   0.0000000e+00   1.0000000e+00
   1.0593565e+00   8.9442096e-01   0.0000000e+00   1.0000000e+00
   1.0734812e+00   1.0403185e+00   0.0000000e+00   1.0000000e+00
   1.0876060e+00   1.1939506e+00   0.0000000e+00   1.0000000e+00
   1.1017307e+00   1.3537966e+00   0.0000000e+00   1.0000000e+00
   1.1158555e+00   1.5185278e+00   0.0000000e+00   1.0000000e+00
   1.1299803e+00   1.6870349e+00   0.0000000e+00   1.0000000e+00
   1.1441050e+00   1.8584219e+00   0.0000000e+00   1.0000000e+00
   1.1582298e+00   2.0319833e+00   0.0000000e+00   1.0000000e+00
   1.1723545e+00   2.2071740e+00   0.0000000e+00   1.0000000e+00
   1.1864793e+00   2.3835786e+00   0.0000000e+00   1.0000000e+00
   1.2006040e+00   2.5608836e+00   0.0000000e+00   1.0000000e+00
   1.2147288e+00   2.7388544e+00   0.0000000e+00   1.0000000e+00
   1.2288535e+00   2.9173164e+00   0.0000000e+00   1.0000000e+00
   1.2429783e+00   3.0961402e+00   0.0000000e+00   1.0000000e+00
   1.2571030e+00   3.2752300e+00   0.0000000e+00   1.0000000e+00
   1.2712278e+00   3.4545153e+00   0.0000000e+00   1.0000000e+00
   1.2853525e+00   3.6339442e+00   0.0000000e+00   1.0000000e+00
   1.2994773e+00   3.8134785e+00   0.0000000e+00   1.0000000e+00
   1.3136020e+00   3.9930900e+00   0.0000000e+00   1.0000000e+00
   1.3277268e+00   4.1727583e+00   0.0000000e+00   1.0000000e+00
   1.3418516e+00   4.3524681e+00   0.0000000e+00   1.0000000e+00
   1.3559763e+00   4.5322084e+00   0.0000000e+00   1.0000000e+00
   1.3701011e+00   4.7119710e+00   0.0000000e+00   1.0000000e+00
   1.3842258e+00   4.8917500e+00   0.0000000e+00   1.0000000e+00
   1.3983506e+00   5.0715411e+00   0.0000000e+00   1.0000000e+00
   1.4124753e+00   5.2513409e+00   0.0000000e+00   1.0000000e+00
   1.4266001e+00   5.4311472e+00   0.0000000e+00   1.0000000e+00
   1.4407248e+00   5.6109582e+00   0.0000000e+00   1.0000000e+00
   1.4548496e+00   5.7907727e+00   0.0000000e+00   1.0000000e+00
   1.4689743e+00   5.9705897e+00   0.0000000e+00   1.0000000e+00
   1.4830991e+00   6.1504086e+00   0.0000000e+00   1.0000000e+00
   1.4972238e+00   6.3302288e+00   0.0000000e+00   1.0000000e+00
   1.5113486e+00   6.5100501e+00   0.0000000e+00   1.0000000e+00
   1.5254733e+00   6.6898721e+00   0.0000000e+00   1.0000000e+00
   1.5395981e+00   6.8696946e+00   0.0000000e+00   1.0000000e+00
   1.5537228e+00   7.0495175e+00   0.0000000e+00   1.0000000e+00
   1.5678476e+00   7.2293407e+00   0.0000000e+00   1.0000000e+00
   1.5819724e+00   7.4091641e+00   0.0000000e+00   1.0000000e+00
   1.5960971e+00   7.5889877e+00   0.0000000e+00   1.0000000e+00
   1.6102219e+00   7.7688113e+00   0.0000000e+00   1.0000000e+00
   1.6243466e+00   7.9486351e+00   0.0000000e+00   1.0000000e+00
   1.6384714e+00   8.1284589e+00   0.0000000e+00   1.0000000e+00
   1.6525961e+00   8.3082828e+00   0.0000000e+00   1.0000000e+00
   1.6667209e+00   8.4881067e+00   0.0000000e+00   1.0000000e+00
   1.6808456e+00   8.6679306e+00   0.0000000e+00   1.0000000e+00
   1.6949704e+00   8.8477546e+00   0.0000000e+00   1.0000000e+00
   1.7090951e+00   9.0275785e+00   0.0000000e+00   1.0000000e+00
   1.7232199e+00   9.2074025e+00   0.0000000e+00   1.0000000e+00
   1.7373446e+00   9.3872265e+00   0.0000000e+00   1.0000000e+00
   1.7514694e+00   9.5670504e+00   0.0000000e+00   1.0000000e+00
   1.7655941e+00   9.7468744e+00   0.0000000e+00   1.0000000e+00
   1.7797189e+00   9.9266984e+00   0.0000000e+00   1.0000000e+00
   1.7938437e+00   1.0106522e+01   0.0000000e+00   1.0000000e+00
   1.8079684e+00   1.0286346e+01   0.0000000e+00   1.0000000e+00
   1.8220932e+00   1.0466170e+01   0.0000000e+00   1.0000000e+00
   1.8362179e+00   1.0645994e+01   0.0000000e+00   1.0000000e+00
   1.8503427e+00   1.0825818e+01   0.0000000e+00   1.0000000e+00
   1.8644674e+00   1.1005642e+01   0.0000000e+00   1.0000000e+00
   1.8785922e+00   1.1185466e+01   0.0000000e+00   1.0000000e+00
   1.8927169e+00   1.1365290e+01   0.0000000e+00   1.0000000e+00
   1.9068417e+00   1.1545114e+01   0.0000000e+00   1.0000000e+00
   1.9209664e+00   1.1724938e+01   0.0000000e+00   1.0000000e+00
   1.9350912e+00   1.1904762e+01   0.0000000e+00   1.0000000e+00
   1.9492159e+00   1.2084586e+01   0.0000000e+00   1.0000000e+00
   1.9633407e+00   1.2264410e+01   0.0000000e+00   1.0000000e+00
   1.9774654e+00   1.2444234e+01   0.0000000e+00   1.0000000e+00
   1.9915902e+00   1.2624058e+01   0.0000000e+00   1.0000000e+00
   2.0057150e+00   1.2803882e+01   0.0000000e+00   1.0000000e+00
   2.0198397e+00   1.2983706e+01   0.0000000e+00   1.0000000e+00
   2.0339645e+00   1.3163530e+01   0.0000000e+00   1.0000000e+00
   2.0480892e+00   1.3343354e+01   0.0000000e+00   1.0000000e+00
   2.0622140e+00   1.3523178e+01   0.0000000e+00   1.0000000e+00
   2.0763387e+00   1.3703002e+01   0.0000000e+00   1.0000000e+00
   2.0904635e+00   1.3882826e+01   0.0000000e+00   1.0000000e+00
   2.1045882e+00   1.4062650e+01   0.0000000e+00   1.0000000e+00
   2.1187130e+00   1.4242474e+01   0.0000000e+00   1.0000000e+00
   2.1328377e+00   1.4422298e+01   0.0000000e+00   1.0000000e+00
   2.1469625e+00   1.4602122e+01   0.0000000e+00   1.0000000e+00
   2.1610872e+00   1.4781946e+01   0.0000000e+00   1.0000000e+00
   2.1752120e+00   1.4961770e+01   0.0000000e+00   1.0000000e+00
   2.1893367e+00   1.5141594e+01   0.0000000e+00   1.0000000e+00
   2.2034615e+00   1.5321418e+01   0.0000000e+00   1.0000000e+00
   2.2175862e+00   1.5501242e+01   0.0000000e+00   1.0000000e+00
   2.2317110e+00   1.5681066e+01   0.0000000e+00   1.0000000e+00
   2.2458358e+00   1.5860890e+01   0.0000000e+00   1.0000000e+00
   2.2599605e+00   1.6040714e+01   0.0000000e+00   1.0000000e+00
   2.2740853e+00   1.6220538e+01   0.0000000e+00   1.0000000e+00
   2.2882100e+00   1.6400362e+01   0.0000000e+00   1.0000000e+00
   2.3023348e+00   1.6580186e+01   0.0000000e+00   1.0000000e+00
   2.3164595e+00   1.6760010e+01   0.0000000e+00   1.0000000e+00
   2.3305843e+00   1.6939834e+01   0.0000000e+00   1.0000000e+00
   2.3447090e+00   1.7119657e+01   0.0000000e+00   1.0000000e+00
   2.3588338e+00   1.7299481e+01   0.0000000e+00   1.0000000e+00
   2.3729585e+00   1.7479305e+01   0.0000000e+00   1.0000000e+00
   2.3870833e+00   1.7659128e+01   0.0000000e+00   1.0000000e+00
   2.4012080e+00   1.7838952e+01   0.0000000e+00   1.0000000e+00
   2.4153328e+00   1.8018775e+01   0.0000000e+00   1.0000000e+00
   2.4294575e+00   1.8198597e+01   0.0000000e+00   1.0000000e+00
   2.4435823e+00   1.8378420e+01   0.0000000e+00   1.0000000e+00
   2.4577071e+00   1.8558241e+01   0.0000000e+00   1.0000000e+00
   2.4718318e+00   1.8738062e+01   0.0000000e+00   1.0000000e+00
   2.4859566e+00   1.8917882e+01   0.0000000e+00   1.0000000e+00
   2.5000813e+00   1.9097700e+01   0.0000000e+00   1.0000000e+00
   2.5142061e+00   1.9277517e+01   0.0000000e+00   1.0000000e+00
   2.5283308e+00   1.9457330e+01   0.0000000e+00   1.0000000e+00
   2.5424556e+00   1.9637139e+01   0.0000000e+00   1.0000000e+00
   2.5565803e+00   1.9816943e+01   0.0000000e+00   1.0000000e+00
   2.5707051e+00   1.9996740e+01   0.0000000e+00   1.0000000e+00
   2.5848298e+00   2.0176527e+01   0.0000000e+00   1.0000000e+00
   2.5989546e+00   2.0356300e+01   0.0000000e+00   1.0000000e+00
   2.6130793e+00   2.0536055e+01   0.0000000e+00   1.0000000e+00
   2.6272041e+00   2.0715785e+01   0.0000000e+00   1.0000000e+00
   2.6413288e+00   2.0895481e+01   0.0000000e+00   1.0000000e+00
   2.6554536e+00   2.1075129e+01   0.0000000e+00   1.0000000e+00
   2.6695784e+00   2.1254714e+01   0.0000000e+00   1.0000000e+00
   2.6837031e+00   2.1434212e+01   0.0000000e+00   1.0000000e+00
   2.6978279e+00   2.1613592e+01   0.0000000e+00   1.0000000e+00
   2.7119526e+00   2.1792810e+01   0.0000000e+00   1.0000000e+00
   2.7260774e+00   2.1971808e+01   0.0000000e+00   1.0000000e+00
   2.7402021e+00   2.2150508e+01   0.0000000e+00   1.0000000e+00
   2.7543269e+00   2.2328801e+01   0.0000000e+00   1.0000000e+00
   2.7684516e+00   2.2506542e+01   0.0000000e+00   1.0000000e+00
   2.7825764e+00   2.2683536e+01   0.0000000e+00   1.0000000e+00
   2.7967011e+00   2.2859522e+01   0.0000000e+00   1.0000000e+00
   2.8108259e+00   2.3034149e+01   0.0000000e+00   1.0000000e+00
   2.8249506e+00   2.3206957e+01   0.0000000e+00   1.0000000e+00
   2.8390754e+00   2.3377343e+01   0.0000000e+00   1.0000000e+00
   2.8532001e+00   2.3544533e+01   0.0000000e+00   1.0000000e+00
   2.8673249e+00   2.3707552e+01   0.0000000e+00   1.0000000e+00
   2.8814496e+00   2.3865206e+01   0.0000000e+00   1.0000000e+00
   2.8955744e+00   2.4016089e+01   0.0000000e+00   1.0000000e+00
   2.9096992e+00   2.4158623e+01   0.0000000e+00   1.0000000e+00
   2.9238239e+00   2.4291157e+01   0.0000000e+00   1.0000000e+00
   2.9379487e+00   2.4412122e+01   0.0000000e+00   1.0000000e+00
   2.9520734e+00   2.4520219e+01   0.0000000e+00   1.0000000e+00
   2.9661982e+00   2.4614624e+01   0.0000000e+00   1.0000000e+00
   2.9803229e+00   2.4695126e+01   0.0000000e+00   1.0000000e+00
   2.9944477e+00   2.4762164e+01   0.0000000e+00   1.0000000e+00
   3.0085724e+00   2.4816750e+01   0.0000000e+00   1.0000000e+00
   3.0226972e+00   2.4860303e+01   0.0000000e+00   1.0000000e+00
   3.0368219e+00   2.4894442e+01   0.0000000e+00   1.0000000e+00
   3.0509467e+00   2.4920808e+01   0.0000000e+00   1.0000000e+00
   3.0650714e+00   2.4940923e+01   0.0000000e+00   1.0000000e+00
   3.0791962e+00   2.4956123e+01   0.0000000e+00   1.0000000e+00
   3.0933209e+00   2.4967522e+01   0.0000000e+00   1.0000000e+00
   3.1074457e+00   2.4976021e+01   0.0000000e+00   1.0000000e+00
   3.1215705e+00   2.4982331e+01   0.0000000e+00   1.0000000e+00
   3.1356952e+00   2.4986999e+01   0.0000000e+00   1.0000000e+00
   3.1498200e+00   2.4990444e+01   0.0000000e+00   1.0000000e+00
   3.1639447e+00   2.4992983e+01   0.0000000e+00   1.0000000e+00
   3.1780695e+00   2.4994850e+01   0.0000000e+00   1.0000000e+00
   3.1921942e+00   2.4996222e+01   0.0000000e+00   1.0000000e+00
   3.2063190e+00   2.4997230e+01   0.0000000e+00   1.0000000e+00
   3.2204437e+00   2.4997970e+01   0.0000000e+00   1.0000000e+00
   3.2345685e+00   2.4998513e+01   0.0000000e+00   1.0000000e+00
   3.2486932e+00   2.4998911e+01   0.0000000e+00   1.0000000e+00
   3.2628180e+00   2.4999203e+01   0.0000000e+00   1.0000000e+00
   3.2769427e+00   2.4999417e+01   0.0000000e+00   1.0000000e+00
   3.2910675e+00   2.4999574e+01   0.0000000e+00   1.0000000e+00
   3.3051922e+00   2.4999689e+01   0.0000000e+00   1.0000000e+00
   3.3193170e+00   2.4999774e+01   0.0000000e+00   1.0000000e+00
   3.3334417e+00   2.4999835e+01   0.0000000e+00   1.0000000e+00
   3.3475665e+00   2.4999881e+01   0.0000000e+00   1.0000000e+00
   3.3616913e+00   2.4999914e+01   0.0000000e+00   1.0000000e+00
   3.3758160e+00   2.4999938e+01   0.0000000e+00   1.0000000e+00
   3.3899408e+00   2.4999956e+01   0.0000000e+00   1.0000000e+00
   3.4040655e+00   2.4999969e+01   0.0000000e+00   1.0000000e+00
   3.4181903e+00   2.4999979e+01   0.0000000e+00   1.0000000e+00
   3.4323150e+00   2.4999986e+01   0.0000000e+00   1.0000000e+00
   3.4464398e+00   2.4999991e+01   0.0000000e+00   1.0000000e+00
   3.4605645e+00   2.4999994e+01   0.0000000e+00   1.0000000e+00
   3.4746893e+00   2.4999997e+01   0.0000000e+00   1.0000000e+00
   3.4888140e+00   2.4999998e+01   0.0000000e+00   1.0000000e+00
   3.5029388e+00   2.4999999e+01   0.0000000e+00   1.0000000e+00
   3.5170635e+00   2.5000000e+01   0.0000000e+00   1.0000000e+00
   3.5311883e+00   2.5000000e+01   0.0000000e+00   1.0000000e+00
   3.5453130e+00   2.4999999e+01   0.0000000e+00   1.0000000e+00
   3.5594378e+00   2.4999998e+01   0.0000000e+00   1.0000000e+00
   3.5735626e+00   2.4999997e+01   0.0000000e+00   1.0000000e+00
   3.5876873e+00   2.4999994e+01   0.0000000e+00   1.0000000e+00
   3.6018121e+00   2.4999991e+01   0.0000000e+00   1.0000000e+00
   3.6159368e+00   2.4999986e+01   0.0000000e+00   1.0000000e+00
   3.6300616e+00   2.4999979e+01   0.0000000e+00   1.0000000e+00
   3.6441863e+00   2.4999969e+01   0.0000000e+00   1.0000000e+00
   3.6583111e+00   2.4999956e+01   0.0000000e+00   1.0000000e+00
   3.6724358e+00   2.4999938e+01   0.0000000e+00   1.0000000e+00
   3.6865606e+00   2.4999914e+01   0.0000000e+00   1.0000000e+00
   3.7006853e+00   2.4999881e+01   0.0000000e+00   1.0000000e+00
   3.7148101e+00   2.4999835e+01   0.0000000e+00   1.0000000e+00
   3.7289348e+00   2.4999774e+01   0.0000000e+00   1.0000000e+00
   3.7430596e+00   2.4999689e+01   0.0000000e+00   1.0000000e+00
   3.7571843e+00   2.4999574e+01   0.0000000e+00   1.0000000e+00
   3.7713091e+00   2.4999417e+01   0.0000000e+00   1.0000000e+00
   3.7854339e+00   2.4999203e+01   0.0000000e+00   1.0000000e+00
   3.7995586e+00   2.4998911e+01   0.0000000e+00   1.0000000e+00
   3.8136834e+00   2.4998513e+01   0.0000000e+00   1.0000000e+00
   3.8278081e+00   2.4997970e+01   0.0000000e+00   1.0000000e+00
   3.8419329e+00   2.4997230e+01   0.0000000e+00   1.0000000e+00
   3.8560576e+00   2.4996222e+01   0.0000000e+00   1.0000000e+00
   3.8701824e+00   2.4994850e+01   0.0000000e+00   1.0000000e+00
   3.8843071e+00   2.4992983e+01   0.0000000e+00   1.0000000e+00
   3.8984319e+00   2.4990444e+01   0.0000000e+00   1.0000000e+00
   3.9125566e+00   2.4986999e+01   0.0000000e+00   1.0000000e+00
   3.9266814e+00   2.4982331e+01   0.0000000e+00   1.0000000e+00
   3.9408061e+00   2.4976021e+01   0.0000000e+00   1.0000000e+00
   3.9549309e+00   2.4967522e+01   0.0000000e+00   1.0000000e+00
   3.9690556e+00   2.4956123e+01   0.0000000e+00   1.0000000e+00
   3.9831804e+00   2.4940923e+01   0.0000000e+00   1.0000000e+00
   3.9973051e+00   2.4920808e+01   0.0000000e+00   1.0000000e+00
   4.0114299e+00   2.4894442e+01   0.0000000e+00   1.0000000e+00
   4.0255547e+00   2.4860303e+01   0.0000000e+00   1.0000000e+00
   4.0396794e+00   2.4816750e+01   0.0000000e+00   1.0000000e+00
   4.0538042e+00   2.4762164e+01   0.0000000e+00   1.0000000e+00
   4.0679289e+00   2.4695126e+01   0.0000000e+00   1.0000000e+00
   4.0820537e+00   2.4614624e+01   0.0000000e+00   1.0000000e+00
   4.0961784e+00   2.4520219e+01   0.0000000e+00   1.0000000e+00
   4.1103032e+00   2.4412122e+01   0.0000000e+00   1.0000000e+00
   4.1244279e+00   2.4291157e+01   0.0000000e+00   1.0000000e+00
   4.1385527e+00   2.4158623e+01   0.0000000e+00   1.0000000e+00
   4.1526774e+00   2.4016089e+01   0.0000000e+00   1.0000000e+00
   4.1668022e+00   2.3865206e+01   0.0000000e+00   1.0000000e+00
   4.1809269e+00   2.3707552e+01   0.0000000e+00   1.0000000e+00
   4.1950517e+00   2.3544533e+01   0.0000000e+00   1.0000000e+00
   4.2091764e+00   2.3377343e+01   0.0000000e+00   1.0000000e+00
   4.2233012e+00   2.3206957e+01   0.0000000e+00   1.0000000e+00
   4.2374260e+00   2.3034149e+01   0.0000000e+00   1.0000000e+00
   4.2515507e+00   2.2859522e+01   0.0000000e+00   1.0000000e+00
   4.2656755e+00   2.2683536e+01   0.0000000e+00   1.0000000e+00
   4.2798002e+00   2.2506542e+01   0.0000000e+00   1.0000000e+00
   4.2939250e+00   2.2328801e+01   0.0000000e+00   1.0000000e+00
   4.3080497e+00   2.2150508e+01   0.0000000e+00   1.0000000e+00
   4.3221745e+00   2.1971808e+01   0.0000000e+00   1.0000000e+00
   4.3362992e+00   2.1792810e+01   0.0000000e+00   1.0000000e+00
   4.3504240e+00   2.1613592e+01   0.0000000e+00   1.0000000e+00
   4.3645487e+00   2.1434212e+01   0.0000000e+00   1.0000000e+00
   4.3786735e+00   2.1254714e+01   0.0000000e+00   1.0000000e+00
   4.3927982e+00   2.1075129e+01   0.0000000e+00   1.0000000e+00
   4.4069230e+00   2.0895481e+01   0.0000000e+00   1.0000000e+00
   4.4210477e+00   2.0715785e+01   0.0000000e+00   1.0000000e+00
   4.4351725e+00   2.0536055e+01   0.0000000e+00   1.0000000e+00
   4.4492973e+00   2.0356300e+01   0.0000000e+00   1.0000000e+00
   4.4634220e+00   2.0176527e+01   0.0000000e+00   1.0000000e+00
   4.4775468e+00   1.9996740e+01   0.0000000e+00   1.0000000e+00
   4.4916715e+00   1.9816943e+01   0.0000000e+00   1.0000000e+00
   4.5057963e+00   1.9637139e+01   0.0000000e+00   1.0000000e+00
   4.5199210e+00   1.9457330e+01   0.0000000e+00   1.0000000e+00
   4.5340458e+00   1.9277517e+01   0.0000000e+00   1.0000000e+00
   4.5481705e+00   1.9097700e+01   0.0000000e+00   1.0000000e+00
   4.5622953e+00   1.8917882e+01   0.0000000e+00   1.0000000e+00
   4.5764200e+00   1.8738062e+01   0.0000000e+00   1.0000000e+00
   4.5905448e+00   1.8558241e+01   0.0000000e+00   1.0000000e+00
   4.6046695e+00   1.8378420e+01   0.0000000e+00   1.0000000e+00
   4.6187943e+00   1.8198597e+01   0.0000000e+00   1.0000000e+00
   4.6329190e+00   1.8018775e+01   0.0000000e+00   1.0000000e+00
   4.6470438e+00   1.7838952e+01   0.0000000e+00   1.0000000e+00
   4.6611685e+00   1.7659128e+01   0.0000000e+00   1.0000000e+00
   4.6752933e+00   1.7479305e+01   0.0000000e+00   1.0000000e+00
   4.6894181e+00   1.7299481e+01   0.0000000e+00   1.0000000e+00
   4.7035428e+00   1.7119657e+01   0.0000000e+00   1.0000000e+00
   4.7176676e+00   1.6939834e+01   0.0000000e+00   1.0000000e+00
   4.7317923e+00   1.6760010e+01   0.0000000e+00   1.0000000e+00
   4.7459171e+00   1.6580186e+01   0.0000000e+00   1.0000000e+00
   4.7600418e+00   1.6400362e+01   0.0000000e+00   1.0000000e+00
   4.7741666e+00   1.6220538e+01   0.0000000e+00   1.0000000e+00
   4.7882913e+00   1.6040714e+01   0.0000000e+00   1.0000000e+00
   4.8024161e+00   1.5860890e+01   0.0000000e+00   1.0000000e+00
   4.8165408e+00   1.5681066e+01   0.0000000e+00   1.0000000e+00
   4.8306656e+00   1.5501242e+01   0.0000000e+00   1.0000000e+00
   4.8447903e+00   1.5321418e+01   0.0000000e+00   1.0000000e+00
   4.8589151e+00   1.5141594e+01   0.0000000e+00   1.0000000e+00
   4.8730398e+00   1.4961770e+01   0.0000000e+00   1.0000000e+00
   4.8871646e+00   1.4781946e+01   0.0000000e+00   1.0000000e+00
   4.9012894e+00   1.4602122e+01   0.0000000e+00   1.0000000e+00
   4.9154141e+00   1.4422298e+01   0.0000000e+00   1.0000000e+00
   4.9295389e+00   1.4242474e+01   0.0000000e+00   1.0000000e+00
   4.9436636e+00   1.4062650e+01   0.0000000e+00   1.0000000e+00
   4.9577884e+00   1.3882826e+01   0.0000000e+00   1.0000000e+00
   4.9719131e+00   1.3703002e+01   0.0000000e+00   1.0000000e+00
   4.9860379e+00   1.3523178e+01   0.0000000e+00   1.0000000e+00
   5.0001626e+00   1.3343354e+01   0.0000000e+00   1.0000000e+00
   5.0142874e+00   1.3163530e+01   0.0000000e+00   1.0000000e+00
   5.0284121e+00   1.2983706e+01   0.0000000e+00   1.0000000e+00
   5.0425369e+00   1.2803882e+01   0.0000000e+00   1.0000000e+00
   5.0566616e+00   1.2624058e+01   0.0000000e+00   1.0000000e+00
   5.0707864e+00   1.2444234e+01   0.0000000e+00   1.0000000e+00
   5.0849111e+00   1.2264410e+01   0.0000000e+00   1.0000000e+00
   5.0990359e+00   1.2084586e+01   0.0000000e+00   1.0000000e+00
   5.1131607e+00   1.1904762e+01   0.0000000e+00   1.0000000e+00
   5.1272854e+00   1.1724938e+01   0.0000000e+00   1.0000000e+00
   5.1414102e+00   1.1545114e+01   0.0000000e+00   1.0000000e+00
   5.1555349e+00   1.1365290e+01   0.0000000e+00   1.0000000e+00
   5.1696597e+00   1.1185466e+01   0.0000000e+00   1.0000000e+00
   5.1837844e+00   1.1005642e+01   0.0000000e+00   1.0000000e+00
   5.1979092e+00   1.0825818e+01   0.0000000e+00   1.0000000e+00
   5.2120339e+00   1.0645994e+01   0.0000000e+00   1.0000000e+00
   5.2261587e+00   1.0466170e+01   0.0000000e+00   1.0000000e+00
   5.2402834e+00   1.0286346e+01   0.0000000e+00   1.0000000e+00
   5.2544082e+00   1.0106522e+01   0.0000000e+00   1.0000000e+00
   5.2685329e+00   9.9266984e+00   0.0000000e+00   1.0000000e+00
   5.2826577e+00   9.7468744e+00   0.0000000e+00   1.0000000e+00
   5.2967824e+00   9.5670504e+00   0.0000000e+00   1.0000000e+00
   5.3109072e+00   9.3872265e+00   0.0000000e+00   1.0000000e+00
   5.3250319e+00   9.2074025e+00   0.0000000e+00   1.0000000e+00
   5.3391567e+00   9.0275785e+00   0.0000000e+00   1.0000000e+00
   5.3532815e+00   8.8477546e+00   0.0000000e+00   1.0000000e+00
   5.3674062e+00   8.6679306e+00   0.0000000e+00   1.0000000e+00
   5.3815310e+00   8.4881067e+00   0.0000000e+00   1.0000000e+00
   5.3956557e+00   8.3082828e+00   0.0000000e+00   1.0000000e+00
   5.4097805e+00   8.1284589e+00   0.0000000e+00   1.0000000e+00
   5.4239052e+00   7.9486351e+00   0.0000000e+00   1.0000000e+00
   5.4380300e+00   7.7688113e+00   0.0000000e+00   1.0000000e+00
   5.4521547e+00   7.5889877e+00   0.0000000e+00   1.0000000e+00
   5.4662795e+00   7.4091641e+00   0.0000000e+00   1.0000000e+00
   5.4804042e+00   7.2293407e+00   0.0000000e+00   1.0000000e+00
   5.4945290e+00   7.0495175e+00   0.0000000e+00   1.0000000e+00
   5.5086537e+00   6.8696946e+00   0.0000000e+00   1.0000000e+00
   5.5227785e+00   6.6898721e+00   0.0000000e+00   1.0000000e+00
   5.5369032e+00   6.5100501e+00   0.0000000e+00   1.0000000e+00
   5.5510280e+00   6.3302288e+00   0.0000000e+00   1.0000000e+00
   5.5651528e+00   6.1504086e+00   0.0000000e+00   1.0000000e+00
   5.5792775e+00   5.9705897e+00   0.0000000e+00   1.0000000e+00
   5.5934023e+00   5.7907727e+00   0.0000000e+00   1.0000000e+00
   5.6075270e+00   5.6109582e+00   0.0000000e+00   1.0000000e+00
   5.6216518e+00   5.4311472e+00   0.0000000e+00   1.0000000e+00
   5.6357765e+00   5.2513409e+00   0.0000000e+00   1.0000000e+00
   5.6499013e+00   5.0715411e+00   0.0000000e+00   1.0000000e+00
   5.6640260e+00   4.8917500e+00   0.0000000e+00   1.0000000e+00
   5.6781508e+00   4.7119710e+00   0.0000000e+00   1.0000000e+00
   5.6922755e+00   4.5322084e+00   0.0000000e+00   1.0000000e+00
   5.7064003e+00   4.3524681e+00   0.0000000e+00   1.0000000e+00
   5.7205250e+00   4.1727583e+00   0.0000000e+00   1.0000000e+00
   5.7346498e+00   3.9930900e+00   0.0000000e+00   1.0000000e+00
   5.7487745e+00   3.8134785e+00   0.0000000e+00   1.0000000e+00
   5.7628993e+00   3.6339442e+00   0.0000000e+00   1.0000000e+00
   5.7770240e+00   3.4545153e+00   0.0000000e+00   1.0000000e+00
   5.7911488e+00   3.2752300e+00   0.0000000e+00   1.0000000e+00
   5.8052736e+00   3.0961402e+00   0.0000000e+00   1.0000000e+00
   5.8193983e+00   2.9173164e+00   0.0000000e+00   1.0000000e+00
   5.8335231e+00   2.7388544e+00   0.0000000e+00   1.0000000e+00
   5.8476478e+00   2.5608836e+00   0.0000000e+00   1.0000000e+00
   5.8617726e+00   2.3835786e+00   0.0000000e+00   1.0000000e+00
   5.8758973e+00   2.2071740e+00   0.0000000e+00   1.0000000e+00
   5.8900221e+00   2.0319833e+00   0.0000000e+00   1.0000000e+00
   5.9041468e+00   1.8584219e+00   0.0000000e+00   1.0000000e+00
   5.9182716e+00   1.6870349e+00   0.0000000e+00   1.0000000e+00
   5.9323963e+00   1.5185278e+00   0.0000000e+00   1.0000000e+00
   5.9465211e+00   1.3537966e+00   0.0000000e+00   1.0000000e+00
   5.9606458e+00   1.1939506e+00   0.0000000e+00   1.0000000e+00
   5.9747706e+00   1.0403185e+00   0.0000000e+00   1.0000000e+00
   5.9888953e+00   8.9442096e-01   0.0000000e+00   1.0000000e+00
   6.0030201e+00   7.5789572e-01   0.0000000e+00   1.0000000e+00
   6.0171449e+00   6.3236566e-01   0.0000000e+00   1.0000000e+00
   6.0312696e+00   5.1925576e-01   0.0000000e+00   1.0000000e+00
   6.0453944e+00   4.1959085e-01   0.0000000e+00   1.0000000e+00
   6.0595191e+00   3.3382635e-01   0.0000000e+00   1.0000000e+00
   6.0736439e+00   2.6176676e-01   0.0000000e+00   1.0000000e+00
   6.0877686e+00   2.0260111e-01   0.0000000e+00   1.0000000e+00
   6.1018934e+00   1.5504248e-01   0.0000000e+00   1.0000000e+00
   6.1160181e+00   1.1752401e-01   0.0000000e+00   1.0000000e+00
   6.1301429e+00   8.8394735e-02   0.0000000e+00   1.0000000e+00
   6.1442676e+00   6.6074439e-02   0.0000000e+00   1.0000000e+00
   6.1583924e+00   4.9151238e-02   0.0000000e+00   1.0000000e+00
   6.1725171e+00   3.6426179e-02   0.0000000e+00   1.0000000e+00
   6.1866419e+00   2.6919004e-02   0.0000000e+00   1.0000000e+00
   6.2007666e+00   1.9850641e-02   0.0000000e+00   1.0000000e+00
   6.2148914e+00   1.4614849e-02   0.0000000e+00   1.0000000e+00
   6.2290162e+00   1.0747223e-02   0.0000000e+00   1.0000000e+00
   6.2431409e+00   7.8961306e-03   0.0000000e+00   1.0000000e+00
   6.2572657e+00   5.7976057e-03   0.0000000e+00   1.0000000e+00
   6.2713904e+00   4.2547477e-03   0.0000000e+00   1.0000000e+00
   6.2855152e+00   3.1213675e-03   0.0000000e+00   1.0000000e+00
   6.2996399e+00   2.2893000e-03   0.0000000e+00   1.0000000e+00
   6.3137647e+00   1.6787163e-03   0.0000000e+00   1.0000000e+00
   6.3278894e+00   1.2308094e-03   0.0000000e+00   1.0000000e+00
   6.3420142e+00   9.0231765e-04   0.0000000e+00   1.0000000e+00
   6.3561389e+00   6.6144723e-04   0.0000000e+00   1.0000000e+00
   6.3702637e+00   4.8484936e-04   0.0000000e+00   1.0000000e+00
   6.3843884e+00   3.5538637e-04   0.0000000e+00   1.0000000e+00
   6.3985132e+00   2.6048440e-04   0.0000000e+00   1.0000000e+00
   6.4126379e+00   1.9092077e-04   0.0000000e+00   1.0000000e+00
   6.4267627e+00   1.3993220e-04   0.0000000e+00   1.0000000e+00
   6.4408874e+00   1.0255977e-04   0.0000000e+00   1.0000000e+00
   6.4550122e+00   7.5167942e-05   0.0000000e+00   1.0000000e+00
   6.4691370e+00   5.5091620e-05   0.0000000e+00   1.0000000e+00
   6.4832617e+00   4.0377220e-05   0.0000000e+00   1.0000000e+00
   6.4973865e+00   2.9592783e-05   0.0000000e+00   1.0000000e+00
   6.5115112e+00   2.1688730e-05   0.0000000e+00   1.0000000e+00
   6.5256360e+00   1.5895773e-05   0.0000000e+00   1.0000000e+00
   6.5397607e+00   1.1650071e-05   0.0000000e+00   1.0000000e+00
   6.5538855e+00   8.5383725e-06   0.0000000e+00   1.0000000e+00
   6.5680102e+00   6.2577946e-06   0.0000000e+00   1.0000000e+00
   6.5821350e+00   4.5863509e-06   0.0000000e+00   1.0000000e+00
   6.5962597e+00   3.3613450e-06   0.0000000e+00   1.0000000e+00
   6.6103845e+00   2.4635352e-06   0.0000000e+00   1.0000000e+00
   6.6245092e+00   1.8055286e-06   0.0000000e+00   1.0000000e+00
   6.6386340e+00   1.3232743e-06   0.0000000e+00   1.0000000e+00
   6.6527587e+00   9.6982946e-07   0.0000000e+00   1.0000000e+00
   6.6668835e+00   7.1078920e-07   0.0000000e+00   1.0000000e+00
   6.6810083e+00   5.2093824e-07   0.0000000e+00   1.0000000e+00
   6.6951330e+00   3.8179623e-07   0.0000000e+00   1.0000000e+00
   6.7092578e+00   2.7981888e-07   0.0000000e+00   1.0000000e+00
   6.7233825e+00   2.0507957e-07   0.0000000e+00   1.0000000e+00
   6.7375073e+00   1.5030304e-07   0.0000000e+00   1.0000000e+00
   6.7516320e+00   1.1015726e-07   0.0000000e+00   1.0000000e+00
   6.7657568e+00   8.0734374e-08   0.0000000e+00   1.0000000e+00
   6.7798815e+00   5.9170308e-08   0.0000000e+00   1.0000000e+00
   6.7940063e+00   4.3365982e-08   0.0000000e+00   1.0000000e+00
   6.8081310e+00   3.1782972e-08   0.0000000e+00   1.0000000e+00
   6.8222558e+00   2.3293775e-08   0.0000000e+00   1.0000000e+00
   6.8363805e+00   1.7072035e-08   0.0000000e+00   1.0000000e+00
   6.8505053e+00   1.2512109e-08   0.0000000e+00   1.0000000e+00
   6.8646300e+00   9.1701378e-09   0.0000000e+00   1.0000000e+00
   6.8787548e+00   6.7207988e-09   0.0000000e+00   1.0000000e+00
   6.8928796e+00   4.9256832e-09   0.0000000e+00   1.0000000e+00
   6.9070043e+00   3.6100419e-09   0.0000000e+00   1.0000000e+00
   6.9211291e+00   2.6457999e-09   0.0000000e+00   1.0000000e+00
   6.9352538e+00   1.9391090e-09   0.0000000e+00   1.0000000e+00
   6.9493786e+00   1.4211785e-09   0.0000000e+00   1.0000000e+00
   6.9635033e+00   1.0415787e-09   0.0000000e+00   1.0000000e+00
   6.9776281e+00   7.6337951e-10   0.0000000e+00   1.0000000e+00
   6.9917528e+00   5.5947311e-10   0.0000000e+00   1.0000000e+00
   7.0058776e+00   4.1003473e-10   0.0000000e+00   1.0000000e+00
   7.0200023e+00   3.0051892e-10   0.0000000e+00   1.0000000e+00
   7.0341271e+00   2.2025012e-10   0.0000000e+00   1.0000000e+00
   7.0482518e+00   1.6142293e-10   0.0000000e+00   1.0000000e+00
