0.015 1.3403134591083443e-7 0.0 1.0 -0.02234497981354168
0.03 1.6183362799848666e-7 0.0 1.0 -0.022225671434672214
0.045 1.9540295287390208e-7 0.0 1.0 -0.0220875928215305
0.06 2.3593557346712757e-7 0.0 1.0 -0.021959072963803887
0.075 2.848758766660353e-7 0.0 1.0 -0.021834669128080707
0.09 3.4396785070223146e-7 0.0 1.0 -0.02171408443462996
0.105 4.1531722849708075e-7 0.0 1.0 -0.02159674445735175
0.12 5.014665174218891e-7 0.0 1.0 -0.021482283402373733
0.135 6.054855908876888e-7 0.0 1.0 -0.021370424685965582
0.15000000000000002 7.310810666849576e-7 0.0 1.0 -0.02126095437139447
0.16500000000000004 8.827283679013753e-7 0.0 1.0 -0.021153700917078928
0.18000000000000005 1.0658311669353715e-6 0.0 1.0 -0.02104852294590635
0.19500000000000006 1.2869138910076572e-6 0.0 1.0 -0.020945301243163166
0.21000000000000008 1.5538541388027127e-6 0.0 1.0 -0.020843933356709723
0.2250000000000001 1.8761632782915427e-6 0.0 1.0 -0.020744329828418784
0.2400000000000001 2.2653252079174457e-6 0.0 1.0 -0.020646411486760358
0.2550000000000001 2.7352053261209264e-6 0.0 1.0 -0.02055010745079133
0.27000000000000013 3.3025442421896756e-6 0.0 1.0 -0.020455353623965958
0.28500000000000014 3.987553770623542e-6 0.0 1.0 -0.02036209153296259
0.30000000000000016 4.8146363594847585e-6 0.0 1.0 -0.020270267414182513
0.31500000000000017 5.813253474207247e-6 0.0 1.0 -0.020179831480715588
0.3300000000000002 7.018973706252041e-6 0.0 1.0 -0.020090737322171988
0.3450000000000002 8.474737699437629e-6 0.0 1.0 -0.02000294140277056
0.3600000000000002 1.023238460157172e-5 0.0 1.0 -0.019916402631794512
0.3750000000000002 1.2354493893695917e-5 0.0 1.0 -0.019831081986408344
0.39000000000000024 1.4916607441850527e-5 0.0 1.0 -0.019746942170751368
0.40500000000000025 1.800990980665995e-5 0.0 1.0 -0.019663947297729776
0.42000000000000026 2.1744460645678476e-5 0.0 1.0 -0.019582062581358063
0.4350000000000003 2.6253091959582697e-5 0.0 1.0 -0.019501254028019513
0.4500000000000003 3.1696105505685246e-5 0.0 1.0 -0.019421488114710304
0.4650000000000003 3.826693259839642e-5 0.0 1.0 -0.019342731441162907
0.4800000000000003 4.619895045682165e-5 0.0 1.0 -0.019264950340599614
0.49500000000000033 5.57736870486214e-5 0.0 1.0 -0.019188110430516638
0.5100000000000003 6.733069088060706e-5 0.0 1.0 -0.019112176079985728
0.5250000000000004 8.127939430657705e-5 0.0 1.0 -0.01903710976293591
0.5400000000000004 9.811335948239908e-5 0.0 1.0 -0.01896287125698597
0.5550000000000004 0.00011842736585099267 0.0 1.0 -0.018889416633506344
0.5700000000000004 0.00014293787735775165 0.0 1.0 -0.018816696965152188
0.5850000000000004 0.0001725075163608869 0.0 1.0 -0.018744656649924633
0.6000000000000004 0.00020817426833541486 0.0 1.0 -0.01867323121282931
0.6150000000000004 0.00025118624441877735 0.0 1.0 -0.018602344393215793
0.6300000000000004 0.0003030429328269024 0.0 1.0 -0.01853190425215513
0.6450000000000005 0.00036554396703553094 0.0 1.0 -0.018461797932063175
0.6600000000000005 0.0004408465153959429 0.0 1.0 -0.018391884560101043
0.6750000000000005 0.0005315324338038274 0.0 1.0 -0.018321985594755896
0.6900000000000005 0.000640686291130621 0.0 1.0 -0.018251871655588954
0.7050000000000005 0.0007719852351175116 0.0 1.0 -0.01818124453116631
0.7200000000000005 0.0009298013576116704 0.0 1.0 -0.018109712610757823
0.7350000000000005 0.0011193166672087695 0.0 1.0 -0.018036757416072503
0.7500000000000006 0.0013466498893810463 0.0 1.0 -0.017961688215990188
0.7650000000000006 0.0016189929754850119 0.0 1.0 -0.017883580911019388
0.7800000000000006 0.0019447532890777275 0.0 1.0 -0.017801196543256317
0.7950000000000006 0.0023336948363538723 0.0 1.0 -0.01771287406930174
0.8100000000000006 0.0027970685483449387 0.0 1.0 -0.01761639169583199
0.8250000000000006 0.00334771754157831 0.0 1.0 -0.017508791552836262
0.8400000000000006 0.004000138706963752 0.0 1.0 -0.017386164393729198
0.8550000000000006 0.0047704774257423255 0.0 1.0 -0.017243395161197553
0.8700000000000007 0.005676428609338535 0.0 1.0 -0.01707387748047671
0.8850000000000007 0.006737015985171624 0.0 1.0 -0.016869216013092023
0.9000000000000007 0.007972224360643432 0.0 1.0 -0.01661894991737259
0.9150000000000007 0.009402468326187075 0.0 1.0 -0.016310346746167693
0.9300000000000007 0.0110478968126827 0.0 1.0 -0.015928330226084475
0.9450000000000007 0.012927556017742148 0.0 1.0 -0.015455611643010746
0.9600000000000007 0.015058461107837484 0.0 1.0 -0.014873086121160166
0.9750000000000008 0.0174546547329979 0.0 1.0 -0.014160526614283506
0.9900000000000008 0.02012635056956541 0.0 1.0 -0.013297559775629485
1.0050000000000008 0.023079265394704507 0.0 1.0 -0.012264846954952393
1.0200000000000007 0.02631422873170336 0.0 1.0 -0.011045336249167946
1.0350000000000006 0.0298271252252591 0.0 1.0 -0.009625416994173977
1.0500000000000005 0.03360917807666147 0.0 1.0 -0.007995810872051649
1.0650000000000004 0.03764753302854529 0.0 1.0 -0.0061520764781134996
1.0800000000000003 0.041926063193804874 0.0 1.0 -0.004094675119390036
1.0950000000000002 0.046426293742467706 0.0 1.0 -0.0018286236741112817
1.11 0.051128344491512656 0.0 1.0 0.0006371760925729685
1.125 0.05601180441976383 0.0 1.0 0.0032908071607569834
1.14 0.06105647813823978 0.0 1.0 0.006118277031266166
1.1549999999999998 0.06624297284237235 0.0 1.0 0.009104418868441612
1.1699999999999997 0.07155311936275804 0.0 1.0 0.012233678269346768
1.1849999999999996 0.07697023937198955 0.0 1.0 0.015490745139243874
1.1999999999999995 0.08247928184621911 0.0 1.0 0.018861020082729184
1.2149999999999994 0.08806685646998841 0.0 1.0 0.022330925910117684
1.2299999999999993 0.0937211915517297 0.0 1.0 0.02588808707156244
1.2449999999999992 0.09943204101587638 0.0 1.0 0.029521404687578107
1.2599999999999991 0.10519056067814148 0.0 1.0 0.03322105461760458
1.274999999999999 0.11098916936639575 0.0 1.0 0.036978432843396566
1.289999999999999 0.11682140616590803 0.0 1.0 0.04078606799725486
1.3049999999999988 0.12268179145659142 0.0 1.0 0.0446375162326688
1.3199999999999987 0.12856569655971867 0.0 1.0 0.04852724943559747
1.3349999999999986 0.13446922468045558 0.0 1.0 0.05245054428260582
1.3499999999999985 0.14038910431626372 0.0 1.0 0.05640337692442368
1.3649999999999984 0.1463225952763646 0.0 1.0 0.06038232604873726
1.3799999999999983 0.1522674068058189 0.0 1.0 0.06438448564093993
1.3949999999999982 0.15822162692761624 0.0 1.0 0.06840738779131635
1.4099999999999981 0.16418366192571693 0.0 1.0 0.07244893527628946
1.424999999999998 0.17015218482865924 0.0 1.0 0.0765073432728527
1.439999999999998 0.17612609177110292 0.0 1.0 0.08058108937236264
1.4549999999999979 0.18210446517677664 0.0 1.0 0.08466887098442963
1.4699999999999978 0.18808654279819645 0.0 1.0 0.0887695692213722
1.4849999999999977 0.19407169175123692 0.0 1.0 0.09288221839871803
1.4999999999999976 0.2000593867866059 0.0 1.0 0.0970059803571359
1.5149999999999975 0.20604919213971867 0.0 1.0 0.1011401228926603
1.5299999999999974 0.21204074639219897 0.0 1.0 0.10528400166709614
1.5449999999999973 0.21803374986075666 0.0 1.0 0.10943704505515653
1.5599999999999972 0.2240279541021032 0.0 1.0 0.11359874146884287
1.574999999999997 0.2300231531861252 0.0 1.0 0.11776862878590559
1.589999999999997 0.23601917644437614 0.0 1.0 0.12194628560424194
1.6049999999999969 0.24201588244788702 0.0 1.0 0.12613132415544226
1.6199999999999968 0.24801315400822596 0.0 1.0 0.1303233848395638
1.6349999999999967 0.25401089402953125 0.0 1.0 0.1345221324625408
1.6499999999999966 0.26000902206773135 0.0 1.0 0.1387272542702157
1.6649999999999965 0.26600747147710646 0.0 1.0 0.142938459581515
1.6799999999999964 0.2720061870444046 0.0 1.0 0.14715548004468043
1.6949999999999963 0.27800512302751035 0.0 1.0 0.1513780685046229
1.7099999999999962 0.2840042415296663 0.0 1.0 0.15560599429434713
1.724999999999996 0.2900035111519259 0.0 1.0 0.15983903496937962
1.739999999999996 0.29600290587623973 0.0 1.0 0.16407696819518364
1.754999999999996 0.30200240413966173 0.0 1.0 0.16831956806884793
1.7699999999999958 0.30800198806688317 0.0 1.0 0.17256660613769295
1.7849999999999957 0.3140016428338802 0.0 1.0 0.17681785416391438
1.7999999999999956 0.3200013561400933 0.0 1.0 0.18107308633774472
1.8149999999999955 0.32600111777039187 0.0 1.0 0.18533208043925112
1.8299999999999954 0.3320009192312587 0.0 1.0 0.18959461824859927
1.8449999999999953 0.33800075344826036 0.0 1.0 0.19386048547632057
1.8599999999999952 0.344000614514042 0.0 1.0 0.19812947126670138
1.8749999999999951 0.3500004974778813 0.0 1.0 0.20240136730893654
1.889999999999995 0.35600039816931156 0.0 1.0 0.20667596676948585
1.904999999999995 0.36200031304953556 0.0 1.0 0.21095306340559902
1.9199999999999948 0.3680002390853392 0.0 1.0 0.21523245114505118
1.9349999999999947 0.37400017364101534 0.0 1.0 0.21951392411493098
1.9499999999999946 0.3800001143844488 0.0 1.0 0.22379727682481995
1.9649999999999945 0.38600005920401675 0.0 1.0 0.22808230422342024
1.9799999999999944 0.3920000061333446 0.0 1.0 0.23236880158461862
1.9949999999999943 0.3979999532812369 0.0 1.0 0.23665656436877738
2.0099999999999945 0.4039998987642865 0.0 1.0 0.24094538821745198
2.0249999999999946 0.40999984063976136 0.0 1.0 0.24523506913120904
2.0399999999999947 0.4159997768363774 0.0 1.0 0.24952540375975882
2.054999999999995 0.42199970508049206 0.0 1.0 0.25381618967529607
2.069999999999995 0.4279996228150875 0.0 1.0 0.2581072255181014
2.084999999999995 0.4339995271086592 0.0 1.0 0.2623983109664461
2.099999999999995 0.43999941455076247 0.0 1.0 0.2666892465497939
2.1149999999999953 0.44599928113049936 0.0 1.0 0.2709798333725256
2.1299999999999955 0.4519991220936149 0.0 1.0 0.2752698728390146
2.1449999999999956 0.45799893177311873 0.0 1.0 0.279559166465557
2.1599999999999957 0.46399870338739785 0.0 1.0 0.28384751582740025
2.174999999999996 0.4699984287986392 0.0 1.0 0.288134722633252
2.189999999999996 0.47599809822296274 0.0 1.0 0.2924205888756957
2.204999999999996 0.481997699881957 0.0 1.0 0.29670491699677315
2.219999999999996 0.4879972195832248 0.0 1.0 0.3009875100287413
2.2349999999999963 0.49399664021503364 0.0 1.0 0.3052681716978305
2.2499999999999964 0.49999594113711937 0.0 1.0 0.3095467064961456
2.2649999999999966 0.5059950974460213 0.0 1.0 0.31382291973133747
2.2799999999999967 0.5119940790888913 0.0 1.0 0.31809661756188007
2.294999999999997 0.5179928497943794 0.0 1.0 0.32236760702367995
2.309999999999997 0.5239913657827638 0.0 1.0 0.3266356960531961
2.324999999999997 0.5299895742097434 0.0 1.0 0.33090069351280704
2.339999999999997 0.5359874112890006 0.0 1.0 0.3351624092247958
2.3549999999999973 0.5419848000274525 0.0 1.0 0.3394206540202685
2.3699999999999974 0.5479816474936761 0.0 1.0 0.34367523980833925
2.3849999999999976 0.5539778415239096 0.0 1.0 0.34792597966980926
2.3999999999999977 0.5599732467507812 0.0 1.0 0.3521726879795043
2.414999999999998 0.565967699816936 0.0 1.0 0.3564151805626533
2.429999999999998 0.5719610036083729 0.0 1.0 0.36065327489229343
2.444999999999998 0.5779529203098097 0.0 1.0 0.36488679033583205
2.459999999999998 0.5839431630459784 0.0 1.0 0.36911554845945355
2.4749999999999983 0.5899313858275212 0.0 1.0 0.37333937339927475
2.4899999999999984 0.5959171714672389 0.0 1.0 0.37755809230770865
2.5049999999999986 0.6019000170709786 0.0 1.0 0.38177153588122353
2.5199999999999987 0.6078793166367629 0.0 1.0 0.3859795389701454
2.534999999999999 0.6138543402154634 0.0 1.0 0.390181941260826
2.549999999999999 0.6198242089966636 0.0 1.0 0.3943785880034871
2.564999999999999 0.6257878655854856 0.0 1.0 0.3985693307323699
2.579999999999999 0.6317440386328461 0.0 1.0 0.4027540278842149
2.5949999999999993 0.6376912008779001 0.0 1.0 0.4069325451610976
2.6099999999999994 0.643627519565907 0.0 1.0 0.41110475539710906
2.6249999999999996 0.6495507981309439 0.0 1.0 0.41527053756509114
2.6399999999999997 0.6554584080013671 0.0 1.0 0.4194297743848605
2.655 0.6613472094267814 0.0 1.0 0.4235823477481183
2.67 0.6672134603811735 0.0 1.0 0.42772813083335787
2.685 0.6730527129262494 0.0 1.0 0.43186697532043133
2.7 0.678859696999011 0.0 1.0 0.4359986915053858
2.7150000000000003 0.6846281925154345 0.0 1.0 0.4401230183482617
2.7300000000000004 0.6903508920727643 0.0 1.0 0.44423957957017624
2.7450000000000006 0.6960192585102312 0.0 1.0 0.44834782090814573
2.7600000000000007 0.7016233842636694 0.0 1.0 0.4524469226739841
2.775000000000001 0.7071518628850908 0.0 1.0 0.45653568110988985
2.790000000000001 0.7125916872431624 0.0 1.0 0.46061235212516494
2.805000000000001 0.7179281935243034 0.0 1.0 0.4646744524831086
2.820000000000001 0.7231450746588887 0.0 1.0 0.4687185172254541
2.8350000000000013 0.7282244902352759 0.0 1.0 0.4727398189820063
2.8500000000000014 0.7331473009132781 0.0 1.0 0.47673206548231023
2.8650000000000015 0.7378934520246738 0.0 1.0 0.4806871059551602
2.8800000000000017 0.7424425216382977 0.0 1.0 0.4845946935779788
2.895000000000002 0.746774431661283 0.0 1.0 0.48844236601591323
2.910000000000002 0.7508702968181233 0.0 1.0 0.49221551348972997
2.925000000000002 0.7547133582109973 0.0 1.0 0.49589769679505935
2.940000000000002 0.7582899209348342 0.0 1.0 0.4994712508929687
2.9550000000000023 0.7615901962185235 0.0 1.0 0.5029181628953736
2.9700000000000024 0.7646089451061153 0.0 1.0 0.5062211542810253
2.9850000000000025 0.767345837221256 0.0 1.0 0.5093648415717281
3.0000000000000027 0.7698054737244451 0.0 1.0 0.5123368161276106
3.015000000000003 0.7719970711432219 0.0 1.0 0.5151284860714919
3.030000000000003 0.7739338511277758 0.0 1.0 0.5177355637366593
3.045000000000003 0.775632218870068 0.0 1.0 0.5201581489570464
3.060000000000003 0.7771108321711884 0.0 1.0 0.5224004316958875
3.0750000000000033 0.7783896621778217 0.0 1.0 0.5244700965815734
3.0900000000000034 0.7794891294803377 0.0 1.0 0.526377544173405
3.1050000000000035 0.7804293726800766 0.0 1.0 0.5281350471697155
3.1200000000000037 0.7812296781534982 0.0 1.0 0.5297559409092213
3.135000000000004 0.7819080752167697 0.0 1.0 0.531253916962777
3.150000000000004 0.7824810831973354 0.0 1.0 0.5326424563438534
3.165000000000004 0.7829635865876793 0.0 1.0 0.5339344116523118
3.180000000000004 0.7833688104237158 0.0 1.0 0.5351417283403843
3.1950000000000043 0.7837083685199293 0.0 1.0 0.5362752843664886
3.2100000000000044 0.7839923603927358 0.0 1.0 0.5373448232425574
3.2250000000000045 0.784229497132287 0.0 1.0 0.53835895579276
3.2400000000000047 0.784427241113641 0.0 1.0 0.5393252088804037
3.255000000000005 0.7845919486639776 0.0 1.0 0.5402501034322531
3.270000000000005 0.7847290083385033 0.0 1.0 0.541139248288522
3.285000000000005 0.7848429702323787 0.0 1.0 0.5419974401217189
3.300000000000005 0.784937663820159 0.0 1.0 0.5428287626112664
3.3150000000000053 0.7850163032756168 0.0 1.0 0.5436366802664494
3.3300000000000054 0.7850815802071276 0.0 1.0 0.5444241240919006
3.3450000000000055 0.7851357443639317 0.0 1.0 0.5451935680168359
3.3600000000000056 0.7851806732263612 0.0 1.0 0.5459470963897969
3.3750000000000058 0.7852179315682966 0.0 1.0 0.5466864632816899
3.390000000000006 0.7852488221334823 0.0 1.0 0.5474131441350416
3.405000000000006 0.7852744285434361 0.0 1.0 0.5481283802447283
3.420000000000006 0.7852956514851295 0.0 1.0 0.5488332167181913
3.4350000000000063 0.7853132391330654 0.0 1.0 0.5495285346436419
3.4500000000000064 0.7853278126571717 0.0 1.0 0.5502150781758022
3.4650000000000065 0.7853398875642146 0.0 1.0 0.5508934772195425
3.4800000000000066 0.7853498915216461 0.0 1.0 0.551564266363136
3.4950000000000068 0.7853581792219502 0.0 1.0 0.5522279006640287
3.510000000000007 0.7853650447639884 0.0 1.0 0.552884768807078
3.525000000000007 0.7853707319558927 0.0 1.0 0.553535204058753
3.540000000000007 0.7853754428813977 0.0 1.0 0.5541794933729788
3.5550000000000073 0.7853793450174984 0.0 1.0 0.5548178849811495
3.5700000000000074 0.7853825771451208 0.0 1.0 0.555450594786695
3.5850000000000075 0.7853852542552162 0.0 1.0 0.5560778118167284
3.6000000000000076 0.7853874716194604 0.0 1.0 0.5566997028554135
3.6150000000000078 0.7853893081667445 0.0 1.0 0.5573164162920744
3.630000000000008 0.7853908292831089 0.0 1.0 0.5579280852056255
3.645000000000008 0.7853920891330756 0.0 1.0 0.558534829713107
3.660000000000008 0.7853931325838373 0.0 1.0 0.5591367586652619
3.6750000000000083 0.7853939968000174 0.0 1.0 0.5597339709392192
3.6900000000000084 0.7853947125652352 0.0 1.0 0.5603265566591571
3.7050000000000085 0.7853953053771665 0.0 1.0 0.5609145984957192
3.7200000000000086 0.7853957963548452 0.0 1.0 0.5614981729517695
3.7350000000000088 0.7853962029903452 0.0 1.0 0.5620773514836171
3.750000000000009 0.7853965397714991 0.0 1.0 0.5626522014215513
3.765000000000009 0.7853968186977567 0.0 1.0 0.5632227867498855
3.780000000000009 0.7853970497074999 0.0 1.0 0.563789168769852
3.7950000000000093 0.7853972410320044 0.0 1.0 0.5643514065870778
3.8100000000000094 0.7853973994886294 0.0 1.0 0.5649095573344852
3.8250000000000095 0.7853975307236662 0.0 1.0 0.5654636760854808
3.8400000000000096 0.785397639413482 0.0 1.0 0.5660138155804574
3.8550000000000098 0.7853977294311228 0.0 1.0 0.5665600260644763
3.87000000000001 0.7853978039843021 0.0 1.0 0.5671023554778265
3.88500000000001 0.7853978657296892 0.0 1.0 0.5676408500104396
3.90000000000001 0.7853979168675675 0.0 1.0 0.568175554824272
3.9150000000000102 0.7853979592202344 0.0 1.0 0.5687065146146916
3.9300000000000104 0.7853979942969328 0.0 1.0 0.569233773693745
3.9450000000000105 0.7853980233476303 0.0 1.0 0.5697573755722213
3.9600000000000106 0.7853980474075597 0.0 1.0 0.5702773624495128
3.9750000000000107 0.7853980673341074 0.0 1.0 0.5707937750751036
3.990000000000011 0.7853980838373671 0.0 1.0 0.5713066529886558
4.0050000000000106 0.7853980975054423 0.0 1.0 0.5718160347937566
4.02000000000001 0.7853981088254037 0.0 1.0 0.5723219582445317
4.03500000000001 0.7853981182006461 0.0 1.0 0.5728244601864718
4.05000000000001 0.7853981259652631 0.0 1.0 0.5733235764833876
4.065000000000009 0.7853981323959529 0.0 1.0 0.5738193420275425
4.080000000000009 0.785398137721878 0.0 1.0 0.5743117908650959
4.095000000000009 0.7853981421328322 0.0 1.0 0.5748009563910883
4.110000000000008 0.7853981457860034 0.0 1.0 0.5752868715177503
4.125000000000008 0.7853981488115753 0.0 1.0 0.5757695687537409
4.140000000000008 0.7853981513173669 0.0 1.0 0.5762490802346458
4.155000000000007 0.7853981533926739 0.0 1.0 0.576725437827487
4.170000000000007 0.7853981551114522 0.0 1.0 0.5771986734082147
4.185000000000007 0.7853981565349515 0.0 1.0 0.5776688192721439
4.200000000000006 0.7853981577138995 0.0 1.0 0.5781359084666108
4.215000000000006 0.7853981586903094 0.0 1.0 0.5785999747608818
4.230000000000006 0.7853981594989762 0.0 1.0 0.5790610520941266
4.245000000000005 0.7853981601687173 0.0 1.0 0.5795191736470676
4.260000000000005 0.7853981607233997 0.0 1.0 0.5799743709651426
4.275000000000005 0.7853981611827903 0.0 1.0 0.5804266735782435
4.2900000000000045 0.7853981615632593 0.0 1.0 0.5808761092725003
4.305000000000004 0.7853981618783652 0.0 1.0 0.5813227048234026
4.320000000000004 0.7853981621393373 0.0 1.0 0.5817664868517775
4.3350000000000035 0.7853981623554755 0.0 1.0 0.5822074825064404
4.350000000000003 0.7853981625344821 0.0 1.0 0.5826457197679809
4.365000000000003 0.785398162682736 0.0 1.0 0.5830812272710291
4.380000000000003 0.7853981628055207 0.0 1.0 0.5835140337194665
4.395000000000002 0.7853981629072113 0.0 1.0 0.5839441671571927
4.410000000000002 0.785398162991432 0.0 1.0 0.5843716543831524
4.425000000000002 0.7853981630611839 0.0 1.0 0.5847965206694458
4.440000000000001 0.7853981631189528 0.0 1.0 0.5852187898150539
4.455000000000001 0.7853981631667971 0.0 1.0 0.5856384844844903
4.470000000000001 0.785398163206422 0.0 1.0 0.5860556267015709
4.485 0.7853981632392396 0.0 1.0 0.5864702383380676
4.5 0.7853981632664192 0.0 1.0 0.5868823414846172
4.515 0.7853981632889294 0.0 1.0 0.5872919586482476
4.529999999999999 0.7853981633075725 0.0 1.0 0.587699112765191
4.544999999999999 0.7853981633230128 0.0 1.0 0.5881038270761673
4.559999999999999 0.7853981633358005 0.0 1.0 0.588506124926821
4.574999999999998 0.7853981633463913 0.0 1.0 0.5889060295141471
4.589999999999998 0.7853981633551628 0.0 1.0 0.5893035636079019
4.604999999999998 0.7853981633624272 0.0 1.0 0.5896987493374818
4.619999999999997 0.7853981633684437 0.0 1.0 0.5900916081259185
4.634999999999997 0.7853981633734266 0.0 1.0 0.5904821607687748
4.649999999999997 0.7853981633775535 0.0 1.0 0.5908704276002145
4.6649999999999965 0.7853981633809712 0.0 1.0 0.5912564286822909
4.679999999999996 0.7853981633838021 0.0 1.0 0.5916401839574938
4.694999999999996 0.7853981633861463 0.0 1.0 0.5920217133139379
4.7099999999999955 0.785398163388088 0.0 1.0 0.5924010365413611
4.724999999999995 0.785398163389696 0.0 1.0 0.5927781732009135
4.739999999999995 0.7853981633910279 0.0 1.0 0.5931531424696689
4.754999999999995 0.7853981633921309 0.0 1.0 0.5935259630268943
4.769999999999994 0.7853981633930442 0.0 1.0 0.5938966530202011
4.784999999999994 0.785398163393801 0.0 1.0 0.5942652301093505
4.799999999999994 0.7853981633944276 0.0 1.0 0.5946317115619919
4.814999999999993 0.7853981633949465 0.0 1.0 0.594996114375478
4.829999999999993 0.7853981633953764 0.0 1.0 0.5953584554055308
4.844999999999993 0.7853981633957323 0.0 1.0 0.5957187514821193
4.859999999999992 0.7853981633960271 0.0 1.0 0.5960770194887054
4.874999999999992 0.7853981633962712 0.0 1.0 0.5964332763793859
4.889999999999992 0.7853981633964735 0.0 1.0 0.5967875391166101
4.904999999999991 0.7853981633966409 0.0 1.0 0.5971398245449128
4.919999999999991 0.7853981633967797 0.0 1.0 0.5974901492569651
4.934999999999991 0.7853981633968945 0.0 1.0 0.5978385295073197
4.94999999999999 0.7853981633969898 0.0 1.0 0.5981849811863992
4.96499999999999 0.7853981633970686 0.0 1.0 0.5985295198355359
4.97999999999999 0.7853981633971338 0.0 1.0 0.5988721606827011
4.9949999999999894 0.7853981633971878 0.0 1.0 0.5992129186840945
5.009999999999989 0.7853981633972326 0.0 1.0 0.5995518085593249
5.024999999999989 0.7853981633972695 0.0 1.0 0.599888844817502
5.0399999999999885 0.7853981633973003 0.0 1.0 0.6002240417853468
5.054999999999988 0.7853981633973257 0.0 1.0 0.6005574136509673
5.069999999999988 0.7853981633973468 0.0 1.0 0.6008889745228788
5.0849999999999875 0.7853981633973642 0.0 1.0 0.6012187384915457
5.099999999999987 0.7853981633973787 0.0 1.0 0.6015467196903176
5.114999999999987 0.7853981633973905 0.0 1.0 0.6018729323638895
5.129999999999987 0.7853981633974005 0.0 1.0 0.6021973909295516
5.144999999999986 0.7853981633974088 0.0 1.0 0.6025201099806409
5.159999999999986 0.7853981633974156 0.0 1.0 0.6028411041908907
5.174999999999986 0.7853981633974212 0.0 1.0 0.6031603881365898
5.189999999999985 0.7853981633974259 0.0 1.0 0.6034779761022252
5.204999999999985 0.7853981633974296 0.0 1.0 0.6037938819349782
5.219999999999985 0.7853981633974328 0.0 1.0 0.6041081189813652
5.234999999999984 0.7853981633974355 0.0 1.0 0.6044207001055991
5.249999999999984 0.7853981633974377 0.0 1.0 0.6047316377638423
5.264999999999984 0.7853981633974396 0.0 1.0 0.6050409440957728
5.279999999999983 0.785398163397441 0.0 1.0 0.6053486310023558
5.294999999999983 0.7853981633974424 0.0 1.0 0.6056547102015458
5.309999999999983 0.7853981633974434 0.0 1.0 0.605959193271106
5.324999999999982 0.7853981633974443 0.0 1.0 0.6062620916852652
5.339999999999982 0.785398163397445 0.0 1.0 0.6065634168394122
5.354999999999982 0.7853981633974456 0.0 1.0 0.6068631800545357
5.3699999999999815 0.7853981633974461 0.0 1.0 0.6071613925636703
5.384999999999981 0.7853981633974464 0.0 1.0 0.6074580654922308
5.399999999999981 0.7853981633974467 0.0 1.0 0.6077532098446509
5.4149999999999805 0.785398163397447 0.0 1.0 0.6080468365065117
5.42999999999998 0.7853981633974472 0.0 1.0 0.608338956268783
5.44499999999998 0.7853981633974474 0.0 1.0 0.6086295798745925
5.4599999999999795 0.7853981633974476 0.0 1.0 0.6089187180777366
5.474999999999979 0.7853981633974477 0.0 1.0 0.6092063816934055
5.489999999999979 0.7853981633974478 0.0 1.0 0.6094925816213723
5.504999999999979 0.7853981633974478 0.0 1.0 0.6097773288292805
5.519999999999978 0.785398163397448 0.0 1.0 0.6100606342961115
5.534999999999978 0.7853981633974481 0.0 1.0 0.6103425089301042
5.549999999999978 0.7853981633974481 0.0 1.0 0.6106229634843117
5.564999999999977 0.7853981633974481 0.0 1.0 0.6109020084912461
5.579999999999977 0.7853981633974481 0.0 1.0 0.61117965422788
5.594999999999977 0.7853981633974482 0.0 1.0 0.6114559107105694
5.609999999999976 0.7853981633974482 0.0 1.0 0.6117307877119851
5.624999999999976 0.7853981633974482 0.0 1.0 0.6120042947909852
5.639999999999976 0.7853981633974483 0.0 1.0 0.612276441329444
5.654999999999975 0.7853981633974483 0.0 1.0 0.6125472365730383
5.669999999999975 0.7853981633974483 0.0 1.0 0.6128166896727499
5.684999999999975 0.7853981633974483 0.0 1.0 0.6130848097213153
5.699999999999974 0.7853981633974483 0.0 1.0 0.613351605778036
5.714999999999974 0.7853981633974483 0.0 1.0 0.6136170868788914
5.729999999999974 0.7853981633974483 0.0 1.0 0.6138812620344717
5.7449999999999735 0.7853981633974483 0.0 1.0 0.6141441402214869
5.759999999999973 0.7853981633974483 0.0 1.0 0.6144057303729712
5.774999999999973 0.7853981633974483 0.0 1.0 0.6146660413702423
5.7899999999999725 0.7853981633974483 0.0 1.0 0.6149250820381541
5.804999999999972 0.7853981633974485 0.0 1.0 0.6151828611439066
5.819999999999972 0.7853981633974485 0.0 1.0 0.6154393873981651
5.8349999999999715 0.7853981633974483 0.0 1.0 0.6156946694563066
5.849999999999971 0.7853981633974483 0.0 1.0 0.6159487159177831
5.864999999999971 0.7853981633974483 0.0 1.0 0.6162015353225527
5.879999999999971 0.7853981633974483 0.0 1.0 0.6164531361447254
5.89499999999997 0.7853981633974483 0.0 1.0 0.6167035267844901
5.90999999999997 0.7853981633974483 0.0 1.0 0.6169527155597861
5.92499999999997 0.7853981633974483 0.0 1.0 0.617200710699216
5.939999999999969 0.7853981633974483 0.0 1.0 0.61744752033753
5.954999999999969 0.7853981633974483 0.0 1.0 0.6176931525144642
5.969999999999969 0.7853981633974485 0.0 1.0 0.6179376151765777
5.984999999999968 0.7853981633974485 0.0 1.0 0.6181809161805939
5.999999999999968 0.7853981633974483 0.0 1.0 0.6184230632965075
6.014999999999968 0.7853981633974483 0.0 1.0 0.6186640642095711
6.029999999999967 0.7853981633974483 0.0 1.0 0.6189039265215316
6.044999999999967 0.7853981633974483 0.0 1.0 0.6191426577523718
6.059999999999967 0.7853981633974483 0.0 1.0 0.6193802653438499
6.074999999999966 0.7853981633974483 0.0 1.0 0.6196167566653558
6.089999999999966 0.7853981633974483 0.0 1.0 0.6198521390212663
6.104999999999966 0.7853981633974485 0.0 1.0 0.6200864196578119
6.1199999999999655 0.7853981633974485 0.0 1.0 0.6203196057672407
6.134999999999965 0.7853981633974485 0.0 1.0 0.6205517044879243
6.149999999999965 0.7853981633974485 0.0 1.0 0.6207827229005192
6.1649999999999645 0.7853981633974485 0.0 1.0 0.621012668021707
6.179999999999964 0.7853981633974483 0.0 1.0 0.6212415467979008
6.194999999999964 0.7853981633974483 0.0 1.0 0.6214693661012621
6.2099999999999635 0.7853981633974483 0.0 1.0 0.6216961327293642
6.224999999999963 0.7853981633974483 0.0 1.0 0.6219218534082317
6.239999999999963 0.7853981633974483 0.0 1.0 0.6221465347970736
6.254999999999963 0.7853981633974483 0.0 1.0 0.622370183492461
6.269999999999962 0.7853981633974483 0.0 1.0 0.6225928060302033
6.284999999999962 0.7853981633974483 0.0 1.0 0.6228144088843489
6.299999999999962 0.7853981633974483 0.0 1.0 0.6230349984640553
6.314999999999961 0.7853981633974483 0.0 1.0 0.623254581109934
6.329999999999961 0.7853981633974483 0.0 1.0 0.6234731630916905
6.344999999999961 0.7853981633974482 0.0 1.0 0.623690750608297
6.35999999999996 0.7853981633974482 0.0 1.0 0.6239073497910541
6.37499999999996 0.7853981633974482 0.0 1.0 0.624122966709059
6.38999999999996 0.7853981633974482 0.0 1.0 0.6243376073761367
6.404999999999959 0.7853981633974485 0.0 1.0 0.6245512777582565
6.419999999999959 0.7853981633974485 0.0 1.0 0.6247639837805378
6.434999999999959 0.7853981633974485 0.0 1.0 0.6249757313331543
6.449999999999958 0.7853981633974485 0.0 1.0 0.6251865262756175
6.464999999999958 0.7853981633974485 0.0 1.0 0.6253963744392139
6.479999999999958 0.7853981633974485 0.0 1.0 0.625605281627693
6.4949999999999575 0.7853981633974485 0.0 1.0 0.6258132536166159
6.509999999999957 0.7853981633974483 0.0 1.0 0.6260202961519332
6.524999999999957 0.7853981633974483 0.0 1.0 0.626226414948296
6.5399999999999565 0.7853981633974483 0.0 1.0 0.6264316156873032
6.554999999999956 0.7853981633974483 0.0 1.0 0.6266359040155687
6.569999999999956 0.7853981633974483 0.0 1.0 0.6268392855423088
6.5849999999999556 0.7853981633974483 0.0 1.0 0.6270417658362833
6.599999999999955 0.7853981633974483 0.0 1.0 0.6272433504222595
6.614999999999955 0.7853981633974483 0.0 1.0 0.6274440447775133
6.629999999999955 0.7853981633974483 0.0 1.0 0.6276438543289705
6.644999999999954 0.7853981633974483 0.0 1.0 0.6278427844513975
6.659999999999954 0.7853981633974483 0.0 1.0 0.6280408404666271
6.674999999999954 0.7853981633974483 0.0 1.0 0.6282380276434268
6.689999999999953 0.7853981633974482 0.0 1.0 0.6284343511974365
6.704999999999953 0.7853981633974482 0.0 1.0 0.6286298162906968
6.719999999999953 0.7853981633974482 0.0 1.0 0.6288244280306492
6.734999999999952 0.7853981633974485 0.0 1.0 0.6290181914688856
6.749999999999952 0.7853981633974485 0.0 1.0 0.629211111600247
6.764999999999952 0.7853981633974485 0.0 1.0 0.6294031933629366
6.779999999999951 0.7853981633974485 0.0 1.0 0.6295944416401501
6.794999999999951 0.7853981633974485 0.0 1.0 0.6297848612633925
6.809999999999951 0.7853981633974485 0.0 1.0 0.629974457017287
6.82499999999995 0.7853981633974485 0.0 1.0 0.6301632336453978
6.83999999999995 0.7853981633974485 0.0 1.0 0.630351195856434
6.85499999999995 0.7853981633974483 0.0 1.0 0.6305383483301779
6.8699999999999495 0.7853981633974483 0.0 1.0 0.6307246957225247
6.884999999999949 0.7853981633974483 0.0 1.0 0.6309102426691491
6.899999999999949 0.7853981633974483 0.0 1.0 0.6310949937875068
6.9149999999999485 0.7853981633974483 0.0 1.0 0.631278953677105
6.929999999999948 0.7853981633974483 0.0 1.0 0.6314621269182472
6.944999999999948 0.7853981633974483 0.0 1.0 0.631644518069684
6.959999999999948 0.7853981633974483 0.0 1.0 0.6318261316657434
6.974999999999947 0.7853981633974482 0.0 1.0 0.6320069722135239
6.989999999999947 0.7853981633974483 0.0 1.0 0.6321870441906161
7.004999999999947 0.7853981633974482 0.0 1.0 0.632366352043631
7.019999999999946 0.7853981633974483 0.0 1.0 0.6325449001875972
7.034999999999946 0.7853981633974482 0.0 1.0 0.6327226930061455
7.049999999999946 0.7853981633974483 0.0 1.0 0.6328997348522829
7.064999999999945 0.7853981633974481 0.0 1.0 0.6330760300495377
7.079999999999945 0.7853981633974485 0.0 1.0 0.6332515828932268
7.094999999999945 0.7853981633974483 0.0 1.0 0.6334263976516051
7.109999999999944 0.7853981633974485 0.0 1.0 0.6336004785666675
7.124999999999944 0.7853981633974483 0.0 1.0 0.6337738298544133
7.139999999999944 0.7853981633974485 0.0 1.0 0.633946455704475
7.154999999999943 0.7853981633974483 0.0 1.0 0.6341183602791371
7.169999999999943 0.7853981633974485 0.0 1.0 0.6342895477119399
7.184999999999943 0.7853981633974483 0.0 1.0 0.634460022106178
7.1999999999999424 0.7853981633974485 0.0 1.0 0.6346297875336663
7.214999999999942 0.7853981633974483 0.0 1.0 0.6347988480340816
7.229999999999942 0.7853981633974485 0.0 1.0 0.6349672076150761
7.2449999999999415 0.7853981633974482 0.0 1.0 0.6351348702531557
7.259999999999941 0.7853981633974485 0.0 1.0 0.6353018398951836
7.274999999999941 0.7853981633974482 0.0 1.0 0.6354681204602314
7.2899999999999405 0.7853981633974485 0.0 1.0 0.6356337158414822
7.30499999999994 0.7853981633974482 0.0 1.0 0.6357986299078962
7.31999999999994 0.7853981633974485 0.0 1.0 0.6359628665054491
7.33499999999994 0.7853981633974482 0.0 1.0 0.6361264294578334
7.349999999999939 0.7853981633974483 0.0 1.0 0.6362893225666302
7.364999999999939 0.7853981633974482 0.0 1.0 0.6364515496110121
7.379999999999939 0.7853981633974483 0.0 1.0 0.6366131143470877
7.394999999999938 0.7853981633974481 0.0 1.0 0.6367740205070055
7.409999999999938 0.7853981633974483 0.0 1.0 0.6369342717979446
7.424999999999938 0.7853981633974483 0.0 1.0 0.6370938719010848
7.439999999999937 0.7853981633974485 0.0 1.0 0.6372528244706522
7.454999999999937 0.7853981633974483 0.0 1.0 0.6374111331331023
7.469999999999937 0.7853981633974485 0.0 1.0 0.6375688014864928
7.484999999999936 0.7853981633974483 0.0 1.0 0.6377258331000901
7.499999999999936 0.7853981633974485 0.0 1.0 0.6378822315142709
