#time 	alpha (deg) 	h/c 	u/uref 	A0 	Cl 	Cd 	Cm 
0.015	0.08726646259971647	0	1	0.0442516909113834	9.702341851686894	0.836494113321225	-2.0501394506784165
0.03	0.08726646259971647	0	1	0.044596751910848526	0.3060474326481739	0.014231505957792672	-0.01480413188695043
0.045	0.08726646259971647	0	1	0.044994653952081944	0.36202984489398216	0.018904490012736724	-0.0649047919857681
0.06	0.08726646259971647	0	1	0.04536653849433313	0.34549830072670495	0.017246221064502666	-0.04787496293479603
0.075	0.08726646259971647	0	1	0.04572723572591196	0.34222399034359074	0.016752519096268244	-0.043014361931702084
0.09	0.08726646259971647	0	1	0.04607679853330938	0.33880309054555224	0.016250823496769796	-0.03818937136730565
0.105	0.08726646259971647	0	1	0.04641675619100357	0.3365625621980666	0.01585648018757914	-0.034508176750581626
0.12	0.08726646259971647	0	1	0.04674813555884955	0.33505808965379397	0.015530134626387354	-0.03153394089398475
0.135	0.08726646259971647	0	1	0.04707174346566572	0.3341045091398554	0.015255215582494151	-0.029085646163070626
0.15000000000000002	0.08726646259971647	0	1	0.047388213433481124	0.3335573256925002	0.015018797856971657	-0.02702729214990792
0.16500000000000004	0.08726646259971647	0	1	0.047698059233442745	0.3333183181562729	0.014812064572946593	-0.025267485533096084
0.18000000000000005	0.08726646259971647	0	1	0.04800170878282921	0.33331826942752674	0.01462877858276839	-0.023742149884947054
0.19500000000000006	0.08726646259971647	0	1	0.04829952667300851	0.3335071977567086	0.014464416118274613	-0.02240510938917233
0.21000000000000008	0.08726646259971647	0	1	0.0485918293949653	0.33384805691457675	0.014315607785029931	-0.021222137875981064
0.2250000000000001	0.08726646259971647	0	1	0.04887889601279689	0.33431277794317826	0.014179786810358225	-0.02016724673189969
0.2400000000000001	0.08726646259971647	0	1	0.04916097576633231	0.3348796281751097	0.014054954152716577	-0.01922025952244238
0.2550000000000001	0.08726646259971647	0	1	0.049438293385485235	0.33553132885467357	0.013939511201847265	-0.018365154881167182
0.27000000000000013	0.08726646259971647	0	1	0.04971105265967242	0.33625369333470934	0.013832138972744285	-0.01758891274937548
0.28500000000000014	0.08726646259971647	0	1	0.049979438814051105	0.33703471086441733	0.013731716935691467	-0.016880730056833684
0.30000000000000016	0.08726646259971647	0	1	0.05024362025669914	0.33786401919270853	0.013637276191613864	-0.016231514947984138
0.31500000000000017	0.08726646259971647	0	1	0.05050375015168953	0.3387326630571385	0.013547977716397624	-0.015633573371265648
0.3300000000000002	0.08726646259971647	0	1	0.05075996806397399	0.3396330043594558	0.013463103782948922	-0.015080406560322779
0.3450000000000002	0.08726646259971647	0	1	0.05101240171135491	0.34055866645145566	0.01338205225280113	-0.014566556842855115
0.3600000000000002	0.08726646259971647	0	1	0.05126116872419893	0.3415044437909604	0.013304327787701544	-0.014087466095303128
0.3750000000000002	0.08726646259971647	0	1	0.051506378271410615	0.3424661580892577	0.01322952842367544	-0.013639334542268046
0.39000000000000024	0.08726646259971647	0	1	0.051748132440167335	0.3434404762515902	0.013157328924794695	-0.013218982400522708
0.40500000000000025	0.08726646259971647	0	1	0.05198652731410738	0.3444247171569952	0.013087463326277683	-0.01282372182733175
0.42000000000000026	0.08726646259971647	0	1	0.05222165375403603	0.3454166734340792	0.013019708960480783	-0.012451246446815124
0.4350000000000003	0.08726646259971647	0	1	0.0524535979282028	0.3464144657702481	0.012953873476281918	-0.012099542637968459
0.4500000000000003	0.08726646259971647	0	1	0.05268244166268386	0.34741643803393907	0.012889785535289782	-0.011766823568309414
0.4650000000000003	0.08726646259971647	0	1	0.05290826268756677	0.34842109334691485	0.012827289150558745	-0.011451484244629717
0.4800000000000003	0.08726646259971647	0	1	0.053131134845013916	0.3494270649317948	0.012766241085790084	-0.01115207382477422
0.49500000000000033	0.08726646259971647	0	1	0.05335112830683639	0.3504331119135054	0.012706510424786644	-0.010867280381104488
0.5100000000000003	0.08726646259971647	0	1	0.05356830982658529	0.3514381286860302	0.012647979297993751	-0.010595922991719388
0.5250000000000004	0.08726646259971647	0	1	0.05378274302934089	0.3524411571292368	0.012590543826133043	-0.010336946531576756
0.5400000000000004	0.08726646259971647	0	1	0.05399448872640169	0.35344139389145107	0.012534114608187891	-0.010089415853864764
0.5550000000000004	0.08726646259971647	0	1	0.05420360523472517	0.3544381891001953	0.01247861644910711	-0.009852507783231813
0.5700000000000004	0.08726646259971647	0	1	0.05441014867909808	0.3554310356048507	0.012423987264142577	-0.009625500465385585
0.5850000000000004	0.08726646259971647	0	1	0.05461417326013805	0.356419551053304	0.01237017637346293	-0.009407760880890249
0.6000000000000004	0.08726646259971647	0	1	0.05481573147787154	0.35740345582951744	0.012317142459824307	-0.009198731603966384
0.6150000000000004	0.08726646259971647	0	1	0.055014874308327105	0.3583825502754565	0.012264851491591997	-0.008997918030194178
0.6300000000000004	0.08726646259971647	0	1	0.055211651333728795	0.3593566926130319	0.012213274735560695	-0.00880487650728846
0.6450000000000005	0.08726646259971647	0	1	0.055406110832528964	0.3603257799340236	0.012162387063326126	-0.008619204186023178
0.6600000000000005	0.08726646259971647	0	1	0.055598299835414776	0.3612897321615872	0.01211216553926522	-0.008440530454198623
0.6750000000000005	0.08726646259971647	0	1	0.05578826415377075	0.36224847904207036	0.012062588291354395	-0.008268509893502968
0.6900000000000005	0.08726646259971647	0	1	0.055976048387939494	0.36320195044664755	0.012013633684611624	-0.00810281679946882
0.7050000000000005	0.08726646259971647	0	1	0.05616169592134737	0.3641500693869749	0.01196527974111114	-0.0079431409701026
0.7200000000000005	0.08726646259971647	0	1	0.05634524890654265	0.36509274768935035	0.011917503797673302	-0.0077891846895005
0.7350000000000005	0.08726646259971647	0	1	0.05652674824915508	0.36602988428686223	0.011870282393549765	-0.007640660846751962
0.7500000000000006	0.08726646259971647	0	1	0.05670623359461917	0.36696136562946813	0.011823591340938785	-0.00749729195889515
0.7650000000000006	0.08726646259971647	0	1	0.05688374332255583	0.3678870682342859	0.011777405976738757	-0.00735881008301931
0.7800000000000006	0.08726646259971647	0	1	0.057059314551853896	0.36880686260948486	0.01173170152617688	-0.007224957304582986
0.7950000000000006	0.08726646259971647	0	1	0.057232983158854986	0.36972061829641856	0.011686453554091428	-0.007095486700920008
0.8100000000000006	0.08726646259971647	0	1	0.05740478380865568	0.37062820904255084	0.011641638417291364	-0.006970163400520902
0.8250000000000006	0.08726646259971647	0	1	0.05757474999908492	0.3715295179212662	0.011597233702056349	-0.0068487656789848386
0.8400000000000006	0.08726646259971647	0	1	0.05774291411488252	0.3724244415508891	0.01155321857426313	-0.006731085772486128
0.8550000000000006	0.08726646259971647	0	1	0.05790930748941762	0.3733128933251324	0.011509574036290972	-0.006616930384885263
0.8700000000000007	0.08726646259971647	0	1	0.05807396047045758	0.37419480529244414	0.011466283061477234	-0.006506120751808461
0.8850000000000007	0.08726646259971647	0	1	0.0582369024870933	0.37507012891057545	0.011423330628034925	-0.006398492350408106
0.9000000000000007	0.08726646259971647	0	1	0.05839816211475171	0.37593883457884497	0.011380703646187571	-0.006293894211922413
0.9150000000000007	0.08726646259971647	0	1	0.05855776713612946	0.3768009103010111	0.011338390811066443	-0.006192187968074247
0.9300000000000007	0.08726646259971647	0	1	0.05871574459641823	0.3776563596824951	0.011296382400498614	-0.006093246702128258
0.9450000000000007	0.08726646259971647	0	1	0.058872120851790125	0.37850519949433603	0.01125467003889772	-0.0059969536856996205
0.9600000000000007	0.08726646259971647	0	1	0.05902692161071504	0.3793474570406948	0.011213246448419964	-0.005903201083881365
0.9750000000000008	0.08726646259971647	0	1	0.059180171968259664	0.38018316755850623	0.01117210520739828	-0.0058118887078619464
0.9900000000000008	0.08726646259971647	0	1	0.05933189643369048	0.3810123717098569	0.01113124052123254	-0.005722922828647791
1.0050000000000008	0.08726646259971647	0	1	0.05948211895271364	0.381835113581958	0.011090647041141204	-0.005636215205119251
1.0200000000000007	0.08726646259971647	0	1	0.05963086292488588	0.38265143885581027	0.011050319700810423	-0.0055516821851009975
1.0350000000000006	0.08726646259971647	0	1	0.05977815121785623	0.38346139361187703	0.0110102536107391	-0.0054692440570707134
1.0500000000000005	0.08726646259971647	0	1	0.05992400617964621	0.3842650235902603	0.010970443993452959	-0.005388824576461858
1.0650000000000004	0.08726646259971647	0	1	0.06006844964967348	0.3850623737004265	0.010930886141158325	-0.005310350584166176
1.0800000000000003	0.08726646259971647	0	1	0.06021150297040587	0.3858534882886954	0.010891575438890872	-0.0052337519171343685
1.0950000000000002	0.08726646259971647	0	1	0.06035318699931736	0.3866384112514267	0.010852507373615213	-0.005158961254978998
1.11	0.08726646259971647	0	1	0.060493522122332485	0.3874171866401755	0.010813677584916633	-0.005085914160464792
1.125	0.08726646259971647	0	1	0.06063252826904623	0.3881898594023575	0.010775081925869491	-0.00501454917817125
1.14	0.08726646259971647	0	1	0.060770224928905076	0.38895647580670395	0.01073671649526143	-0.004944807819024723
1.1549999999999998	0.08726646259971647	0	1	0.060906631168935396	0.3897170841490486	0.010698577692823851	-0.0048766346694664574
1.1699999999999997	0.08726646259971647	0	1	0.061041765651928336	0.3904717350451754	0.010660662237646036	-0.004809977356341759
1.1849999999999996	0.08726646259971647	0	1	0.06117564665491084	0.3912204816950646	0.010622967183533994	-0.004744786520770941
1.1999999999999995	0.08726646259971647	0	1	0.061308292087358544	0.39196337996204267	0.010585489918049314	-0.004681015740526078
1.2149999999999994	0.08726646259971647	0	1	0.061439719508218284	0.39270048809665364	0.010548228131073884	-0.004618621333674972
1.2299999999999993	0.08726646259971647	0	1	0.06156994614145745	0.393431866366788	0.010511179776023918	-0.004557562145118575
1.2449999999999992	0.08726646259971647	0	1	0.061698988890339916	0.39415757678835656	0.010474343040580942	-0.004497799389184232
1.2599999999999991	0.08726646259971647	0	1	0.06182686434885168	0.39487768219879044	0.010437716261899408	-0.004439296247550962
1.274999999999999	0.08726646259971647	0	1	0.06195358881197387	0.39559224603128484	0.010401297903805493	-0.004382017752218794
1.289999999999999	0.08726646259971647	0	1	0.06207917828292365	0.39630133128532097	0.010365086465853619	-0.004325930358874312
1.3049999999999988	0.08726646259971647	0	1	0.06220364847936244	0.39700500030319513	0.010329080463543687	-0.00427100183909917
1.3199999999999987	0.08726646259971647	0	1	0.06232701483731535	0.39770331398922587	0.010293278361425916	-0.00421720095301251
1.3349999999999986	0.08726646259971647	0	1	0.06244929251421253	0.39839633157862914	0.010257678554859852	-0.004164497334388112
1.3499999999999985	0.08726646259971647	0	1	0.06257049639067212	0.3990841102097631	0.010222279335447525	-0.004112861293712905
1.3649999999999984	0.08726646259971647	0	1	0.06269064107204536	0.3997667048852451	0.010187078890574332	-0.004062263767703669
1.3799999999999983	0.08726646259971647	0	1	0.06280974088941833	0.40044416827261975	0.010152075289245596	-0.00401267619956965
1.3949999999999982	0.08726646259971647	0	1	0.06292780990087658	0.4011165508131076	0.010117266494577337	-0.0039640705344083
1.4099999999999981	0.08726646259971647	0	1	0.06304486189333751	0.40178390093897187	0.010082650385247579	-0.003916419252047655
1.424999999999998	0.08726646259971647	0	1	0.06316091038457955	0.4024462651214664	0.010048224761874825	-0.0038696953294295776
1.439999999999998	0.08726646259971647	0	1	0.06327596862623097	0.4031036882308296	0.010013987379837712	-0.003823872323501652
1.4549999999999979	0.08726646259971647	0	1	0.06339004960740574	0.40375621376770576	0.009979935970229097	-0.0037789244029791335
1.4699999999999978	0.08726646259971647	0	1	0.06350316605919515	0.4044038841882841	0.009946068268221111	-0.0037348264176626216
1.4849999999999977	0.08726646259971647	0	1	0.06361533045964776	0.40504674108740674	0.009912382028504814	-0.0036915539145273226
1.4999999999999976	0.08726646259971647	0	1	0.06372655503953703	0.4056848255218521	0.00987887505225123	-0.003649083212495803
1.5149999999999975	0.08726646259971647	0	1	0.06383685178848736	0.40631817817189775	0.009845545199522215	-0.0036073914180742286
1.5299999999999974	0.08726646259971647	0	1	0.06394623246126999	0.40694683944026017	0.009812390395952164	-0.0035664564214637063
1.5449999999999973	0.08726646259971647	0	1	0.06405470858453305	0.4075708496787517	0.009779408650141028	-0.0035262569480155326
1.5599999999999972	0.08726646259971647	0	1	0.06416229146324823	0.4081902491293999	0.009746598046182824	-0.0034867725023735594
1.574999999999997	0.08726646259971647	0	1	0.06426899218708453	0.40880507796335025	0.009713956744700485	-0.00344798335566529
1.589999999999997	0.08726646259971647	0	1	0.06437482163680658	0.40941537636982916	0.009681482988136314	-0.0034098705560822932
1.6049999999999969	0.08726646259971647	0	1	0.06447979048998838	0.41002118435147894	0.009649175080808071	-0.003372415826873909
1.6199999999999968	0.08726646259971647	0	1	0.0645839092269021	0.4106225418793066	0.009617031400190431	-0.0033356016075316
1.6349999999999967	0.08726646259971647	0	1	0.06468718813570472	0.41121948867817426	0.009585050376352811	-0.003299410950683508
1.6499999999999966	0.08726646259971647	0	1	0.06478963731746754	0.4118120642322923	0.009553230490687709	-0.003263827505554411
1.6649999999999965	0.08726646259971647	0	1	0.06489126669122663	0.41240030785908016	0.009521570280521096	-0.0032288355275554813
1.6799999999999964	0.08726646259971647	0	1	0.06499208599854682	0.41298425856162413	0.009490068324670739	-0.0031944197995479014
1.6949999999999963	0.08726646259971647	0	1	0.06509210480825507	0.4135639551461242	0.009458723251974	-0.003160565655961993
1.7099999999999962	0.08726646259971647	0	1	0.06519133252101708	0.41413943619651294	0.009427533737374316	-0.0031272589495810856
1.724999999999996	0.08726646259971647	0	1	0.06528977837403575	0.4147107401594139	0.009396498507489023	-0.003094486060516141
1.739999999999996	0.08726646259971647	0	1	0.0653874514456434	0.41527790533024217	0.009365616337545166	-0.0030622338659803765
1.754999999999996	0.08726646259971647	0	1	0.06548436066020151	0.41584097001134046	0.009334886063043845	-0.003030489777561643
1.7699999999999958	0.08726646259971647	0	1	0.06558051479296538	0.41639997252836286	0.009304306578982909	-0.002999241723147555
1.7849999999999957	0.08726646259971647	0	1	0.06567592247493456	0.41695495125722337	0.009273876839948347	-0.002968478134030526
1.7999999999999956	0.08726646259971647	0	1	0.0657705921977917	0.41750594469765184	0.009243595864144423	-0.002938187951819398
1.8149999999999955	0.08726646259971647	0	1	0.06586453231886913	0.4180529915268414	0.009213462735594202	-0.002908360629108858
1.8299999999999954	0.08726646259971647	0	1	0.06595775106594529	0.41859613057519857	0.009183476599603144	-0.002878986101474307
1.8449999999999953	0.08726646259971647	0	1	0.066050256542021	0.419135400870369	0.009153636664151941	-0.002850054788513683
1.8599999999999952	0.08726646259971647	0	1	0.06614205672986156	0.4196708415975018	0.009123942194097387	-0.0028215575643257256
1.8749999999999951	0.08726646259971647	0	1	0.06623315949641782	0.42020249211275884	0.009094392510076307	-0.002793485751367377
1.889999999999995	0.08726646259971647	0	1	0.06632357259674572	0.42073039180256444	0.009064986974278915	-0.0027658310564526957
1.904999999999995	0.08726646259971647	0	1	0.06641330367785016	0.4212545801256708	0.009035724992230279	-0.0027385855812416646
1.9199999999999948	0.08726646259971647	0	1	0.0665023602820115	0.4217750964754821	0.00900660599923251	-0.0027117417646779877
1.9349999999999947	0.08726646259971647	0	1	0.0665907498496195	0.42229198005440993	0.00897762944822975	-0.0026852923326916305
1.9499999999999946	0.08726646259971647	0	1	0.06667847972173133	0.4228052698404028	0.008948794805930315	-0.0026592302863514272
1.9649999999999945	0.08726646259971647	0	1	0.06676555714193798	0.4233150043791335	0.00892010153422158	-0.00263354882330427
1.9799999999999944	0.08726646259971647	0	1	0.06685198925797163	0.4238212217536009	0.008891549087293851	-0.0026082413301571866
1.9949999999999943	0.08726646259971647	0	1	0.06693778312263032	0.42432395937179407	0.008863136893394165	-0.002583301304125977
2.0099999999999945	0.08726646259971647	0	1	0.06702294569438527	0.4248232538985202	0.008834864349437133	-0.002558722331350597
2.0249999999999946	0.08726646259971647	0	1	0.06710748383776861	0.42531914121973563	0.00880673081862364	-0.002534498077151776
2.0399999999999947	0.08726646259971647	0	1	0.06719140432312125	0.4258116562183733	0.008778735612090416	-0.0025106222007897578
2.054999999999995	0.08726646259971647	0	1	0.06727471382639844	0.42630083282852727	0.00875087799484807	-0.002487088377784988
2.069999999999995	0.08726646259971647	0	1	0.06735741892879422	0.4267867039773806	0.008723157182036635	-0.002463890275593875
2.084999999999995	0.08726646259971647	0	1	0.06743952611627937	0.4272693015530534	0.008695572337508103	-0.0024410215367415516
2.099999999999995	0.08726646259971647	0	1	0.06752104177931774	0.42774865647177635	0.008668122580933545	-0.002418475798417619
2.1149999999999953	0.08726646259971647	0	1	0.06760197221257315	0.4282247986568859	0.008640806987189446	-0.0023962466750268503
2.1299999999999955	0.08726646259971647	0	1	0.06768232361499012	0.4286977571706758	0.008613624598784071	-0.002374327798673586
2.1449999999999956	0.08726646259971647	0	1	0.06776210208999729	0.4291675602365653	0.008586574428566848	-0.002352712814792931
2.1599999999999957	0.08726646259971647	0	1	0.06784131364612571	0.42963423537999385	0.008559655472453534	-0.00233139542292816
2.174999999999996	0.08726646259971647	0	1	0.0679199641977838	0.4300978094602586	0.008532866712457163	-0.0023103693736094026
2.189999999999996	0.08726646259971647	0	1	0.06799805956659172	0.43055830887085644	0.008506207133962159	-0.0022896285304663195
2.204999999999996	0.08726646259971647	0	1	0.06807560548277457	0.4310157595328537	0.008479675724818062	-0.0022691668506015384
2.219999999999996	0.08726646259971647	0	1	0.06815260758721847	0.4314701871446701	0.008453271496274613	-0.0022489784655613135
2.2349999999999963	0.08726646259971647	0	1	0.06822907143336246	0.4319216170920343	0.008426993474301526	-0.0022290576294794378
2.2499999999999964	0.08726646259971647	0	1	0.06830500248984323	0.4323700747490868	0.008400840724456564	-0.0022093988219075143
2.2649999999999966	0.08726646259971647	0	1	0.0683804061429753	0.43281558540644893	0.008374812344231486	-0.0021899967056328517
2.2799999999999967	0.08726646259971647	0	1	0.06845528769946302	0.4332581743730322	0.008348907470371782	-0.0021708461546498855
2.294999999999997	0.08726646259971647	0	1	0.06852965238917179	0.4336978670160155	0.00832312528070854	-0.002151942260023466
2.309999999999997	0.08726646259971647	0	1	0.06860350536795431	0.43413468880706746	0.008297464996462216	-0.0021332803398961065
2.324999999999997	0.08726646259971647	0	1	0.06867685172032549	0.43456866528861704	0.00827192587765601	-0.002114855919759441
2.339999999999997	0.08726646259971647	0	1	0.06874969646214774	0.4349998221122392	0.00824650722480431	-0.0020966647424212246
2.3549999999999973	0.08726646259971647	0	1	0.06882204454315803	0.43542818501030617	0.008221208374875177	-0.0020787027528828502
2.3699999999999974	0.08726646259971647	0	1	0.06889390084937021	0.4358537797839808	0.008196028698767687	-0.0020609660906189004
2.3849999999999976	0.08726646259971647	0	1	0.06896527020529966	0.4362766322716096	0.00817096759720674	-0.0020434510752971565
2.3999999999999977	0.08726646259971647	0	1	0.06903615737599685	0.4366967683138637	0.008146024496498875	-0.0020261541924511918
2.414999999999998	0.08726646259971647	0	1	0.06910656706887355	0.43711421371488457	0.008121198844099963	-0.0020090720789758083
2.429999999999998	0.08726646259971647	0	1	0.06917650393536506	0.43752899422419705	0.00809649010612501	-0.0019922015181250826
2.444999999999998	0.08726646259971647	0	1	0.06924597257210488	0.43794113538446855	0.008071897753530073	-0.001975539383267572
2.459999999999998	0.08726646259971647	0	1	0.0693149775219919	0.4383506625378257	0.00804742126224637	-0.001959082645148649
2.4749999999999983	0.08726646259971647	0	1	0.06938352327498999	0.43875760076449266	0.008023060107614534	-0.001942828353117709
2.4899999999999984	0.08726646259971647	0	1	0.06945161426842858	0.4391619747195212	0.007998813750328682	-0.0019267735764945469
2.5049999999999986	0.08726646259971647	0	1	0.06951925488736752	0.4395638086992897	0.007974681642417804	-0.0019109154358448286
2.5199999999999987	0.08726646259971647	0	1	0.06958644946433688	0.4399631264117338	0.00795066320784672	-0.0018952510170204514
2.534999999999999	0.08726646259971647	0	1	0.06965320227947748	0.4403599511668192	0.007926757859525933	-0.0018797774488022636
2.549999999999999	0.08726646259971647	0	1	0.06971951755991843	0.44075430557169387	0.007902964973650013	-0.0018644917845296446
2.564999999999999	0.08726646259971647	0	1	0.06978539947972338	0.44114621177293184	0.007879283911396123	-0.0018493910969505029
2.579999999999999	0.08726646259971647	0	1	0.06985085215942827	0.44153569128435827	0.007855714004719308	-0.0018344724086947464
2.5949999999999993	0.08726646259971647	0	1	0.0699158796659026	0.44192276511360307	0.007832254567993326	-0.0018197327385227012
2.6099999999999994	0.08726646259971647	0	1	0.06998048601187762	0.44230745360929113	0.007808904885498874	-0.0018051690370357839
2.6249999999999996	0.08726646259971647	0	1	0.07004467515625334	0.4426897767709305	0.007785664238700186	-0.0017907783029795336
2.6399999999999997	0.08726646259971647	0	1	0.07010845100391729	0.44306975402827997	0.007762531887531267	-0.0017765574903911708
2.655	0.08726646259971647	0	1	0.07017181740597023	0.4434474043923692	0.007739507083831764	-0.0017625035614763729
2.67	0.08726646259971647	0	1	0.07023477816023177	0.44382274655636716	0.007716589080140206	-0.0017486135195387913
2.685	0.08726646259971647	0	1	0.07029733701143691	0.4441957987500235	0.00769377711719307	-0.0017348843449455555
2.7	0.08726646259971647	0	1	0.07035949765213424	0.4445665790186356	0.007671070447935614	-0.0017213130979706883
2.7150000000000003	0.08726646259971647	0	1	0.07042126372333063	0.44493510510632744	0.007648468327129756	-0.0017078968661483607
2.7300000000000004	0.08726646259971647	0	1	0.07048263881524951	0.44530139449291434	0.007625970014289177	-0.0016946327722597715
2.7450000000000006	0.08726646259971647	0	1	0.07054362646849764	0.44566546455833417	0.007603574787402732	-0.001681518032778335
2.7600000000000007	0.08726646259971647	0	1	0.07060423017500415	0.44602733248381554	0.007581281933817317	-0.0016685499129719208
2.775000000000001	0.08726646259971647	0	1	0.0706644533790831	0.4463870153012008	0.007559090753963091	-0.0016557257408197947
2.790000000000001	0.08726646259971647	0	1	0.0707242994788475	0.44674453004212084	0.007537000573491118	-0.0016430429604905653
2.805000000000001	0.08726646259971647	0	1	0.07078377182721891	0.4470998935732098	0.007515010728292956	-0.0016304990628216189
2.820000000000001	0.08726646259971647	0	1	0.07084287373325075	0.4474531227330957	0.0074931205756326585	-0.0016180916350484367
2.8350000000000013	0.08726646259971647	0	1	0.0709016084634916	0.447804234359174	0.007471329495589589	-0.001605818367585721
2.8500000000000014	0.08726646259971647	0	1	0.07095997924308738	0.4481532451892819	0.0074496368817800335	-0.0015936770120566178
2.8650000000000015	0.08726646259971647	0	1	0.07101798925714826	0.4485001719851906	0.007428042151238788	-0.0015816654270686054
2.8800000000000017	0.08726646259971647	0	1	0.07107564165188703	0.44884503145177046	0.007406544736619551	-0.0015697815440346404
2.895000000000002	0.08726646259971647	0	1	0.07113293953589941	0.4491878403119247	0.007385144091886668	-0.0015580233944522954
2.910000000000002	0.08726646259971647	0	1	0.07118988598112463	0.4495286151890098	0.007363839681442198	-0.0015463890620468384
2.925000000000002	0.08726646259971647	0	1	0.07124648402405	0.44986737272527183	0.007342630989674304	-0.0015348767278536672
2.940000000000002	0.08726646259971647	0	1	0.07130273666675775	0.450204129533577	0.007321517516054081	-0.0015234846498922401
2.9550000000000023	0.08726646259971647	0	1	0.07135864687769909	0.45053890209948744	0.007300498766125735	-0.0015122111236567063
2.9700000000000024	0.08726646259971647	0	1	0.07141421759283349	0.45087170695060447	0.0072795742655439935	-0.0015010545477477774
2.9850000000000025	0.08726646259971647	0	1	0.0714694517163707	0.45120256050761953	0.007258743546614585	-0.0014900133644424524
3.0000000000000027	0.08726646259971647	0	1	0.07152435212148718	0.4515314790884099	0.0072380061482413965	-0.0014790860606241428
3.015000000000003	0.08726646259971647	0	1	0.07157892165116331	0.45185847897418707	0.007217361621187295	-0.001468271193303257
3.030000000000003	0.08726646259971647	0	1	0.07163316311875823	0.4521835763147477	0.007196809519488999	-0.0014575673518496942
3.045000000000003	0.08726646259971647	0	1	0.0716870793086915	0.45250678718724907	0.007176349405201711	-0.0014469731806865385
3.060000000000003	0.08726646259971647	0	1	0.07174067297692167	0.45282812752504364	0.007155980841953603	-0.00143648735107873
3.0750000000000033	0.08726646259971647	0	1	0.07179394685154775	0.45314761318242464	0.0071357034002750425	-0.001426108586335068
3.0900000000000034	0.08726646259971647	0	1	0.07184690363304216	0.4534652597925998	0.007115516645166409	-0.0014158356059840915
3.1050000000000035	0.08726646259971647	0	1	0.07189954599491931	0.4537810829619497	0.007095420152688485	-0.0014056672020344013
3.1200000000000037	0.08726646259971647	0	1	0.07195187658381402	0.4540950980347516	0.007075413489503794	-0.0013956021465128699
3.135000000000004	0.08726646259971647	0	1	0.07200389801991232	0.4544073202500101	0.007055496226400018	-0.0013856392531506403
3.150000000000004	0.08726646259971647	0	1	0.07205561289716547	0.4547177646610844	0.007035667931253604	-0.0013757773458805537
3.165000000000004	0.08726646259971647	0	1	0.07210702378351856	0.45502644614995247	0.007015928170256716	-0.0013660152643027131
3.180000000000004	0.08726646259971647	0	1	0.07215813322098949	0.4553333793719706	0.006996276503196085	-0.001356351842026194
3.1950000000000043	0.08726646259971647	0	1	0.07220894372592085	0.455638578834437	0.0069767124902781336	-0.0013467859373674461
3.2100000000000044	0.08726646259971647	0	1	0.07225945778910113	0.45594205884785277	0.006957235687932453	-0.0013373164138214965
3.2250000000000045	0.08726646259971647	0	1	0.07230967787573185	0.4562438334649561	0.006937845643683438	-0.001327942115721991
3.2400000000000047	0.08726646259971647	0	1	0.07235960642569832	0.45654391661095906	0.0069185419074706545	-0.0013186619188935865
3.255000000000005	0.08726646259971647	0	1	0.0724092458535439	0.4568423219621835	0.006899324021224708	-0.001309474682184109
3.270000000000005	0.08726646259971647	0	1	0.07245859854857235	0.45713906300027496	0.006880191523684978	-0.001300379267914136
3.285000000000005	0.08726646259971647	0	1	0.07250766687497819	0.457434153024875	0.006861143951554974	-0.001291374545919648
3.300000000000005	0.08726646259971647	0	1	0.07255645317201007	0.4577276051678666	0.0068421808407622894	-0.0012824593978884476
3.3150000000000053	0.08726646259971647	0	1	0.07260495975388949	0.45801943229003667	0.006823301717653128	-0.001273632675640277
3.3300000000000054	0.08726646259971647	0	1	0.07265318891010691	0.45830964713804717	0.006804506112613025	-0.0012648932616316283
3.3450000000000055	0.08726646259971647	0	1	0.07270114290558188	0.4585982622877504	0.006785793555116881	-0.001256240045236811
3.3600000000000056	0.08726646259971647	0	1	0.07274882398070003	0.4588852900912619	0.0067671635692181376	-0.0012476719005504449
3.3750000000000058	0.08726646259971647	0	1	0.07279623435162752	0.4591707427923046	0.00674861568350299	-0.0012391877304257256
3.390000000000006	0.08726646259971647	0	1	0.07284337621037922	0.45945463242285184	0.006730149422134131	-0.0012307864245186086
3.405000000000006	0.08726646259971647	0	1	0.07289025172509944	0.459736970891239	0.006711764312447924	-0.0012224668925659577
3.420000000000006	0.08726646259971647	0	1	0.07293686304032347	0.46001776997467947	0.006693459884203369	-0.00121422806010873
3.4350000000000063	0.08726646259971647	0	1	0.07298321227714395	0.4602970412794494	0.006675235666086958	-0.00120606885149324
3.4500000000000064	0.08726646259971647	0	1	0.0730293015334673	0.4605747962787065	0.0066570911889245535	-0.0011979882035756241
3.4650000000000065	0.08726646259971647	0	1	0.07307513288431054	0.4608510463302914	0.006639025987102046	-0.0011899850714908347
3.4800000000000066	0.08726646259971647	0	1	0.07312070838209275	0.46112580267579356	0.00662103959834915	-0.0011820584270167127
3.4950000000000068	0.08726646259971647	0	1	0.07316603005677198	0.46139907637662825	0.006603131558152266	-0.0011742072323786344
3.510000000000007	0.08726646259971647	0	1	0.07321109991635484	0.4616708784716555	0.006585301413203647	-0.0011664305010457116
3.525000000000007	0.08726646259971647	0	1	0.07325591994699551	0.4619412198075491	0.006567548706595788	-0.0011587272299420426
3.540000000000007	0.08726646259971647	0	1	0.07330049211330268	0.4622101111266989	0.006549872985353207	-0.001151096433041727
3.5550000000000073	0.08726646259971647	0	1	0.07334481835880692	0.46247756313731847	0.006532273806256088	-0.0011435371678803973
3.5700000000000074	0.08726646259971647	0	1	0.07338890060602588	0.4627435863475032	0.006514750721381704	-0.001136048469322014
3.5850000000000075	0.08726646259971647	0	1	0.07343274075696864	0.4630081912509886	0.006497303294007217	-0.001128629421656352
3.6000000000000076	0.08726646259971647	0	1	0.0734763406932498	0.4632713881670369	0.006479931084611069	-0.0011212790948534521
3.6150000000000078	0.08726646259971647	0	1	0.07351970227654539	0.46353318738587246	0.006462633663287802	-0.0011139966008134293
3.630000000000008	0.08726646259971647	0	1	0.07356282734875838	0.4637935990506603	0.0064454105993799055	-0.0011067810462334863
3.645000000000008	0.08726646259971647	0	1	0.07360571773240378	0.46405263325198876	0.006428261469495759	-0.0010996315689184586
3.660000000000008	0.08726646259971647	0	1	0.07364837523084238	0.4643102999681052	0.006411185852170577	-0.0010925473135877486
3.6750000000000083	0.08726646259971647	0	1	0.07369080162856337	0.4645666090882617	0.006394183329751231	-0.0010855274403285035
3.6900000000000084	0.08726646259971647	0	1	0.07373299869151455	0.4648215704360708	0.006377253490235504	-0.0010785711330843415
3.7050000000000085	0.08726646259971647	0	1	0.07377496816725643	0.4650751936987767	0.006360395921041581	-0.0010716775712091013
3.7200000000000086	0.08726646259971647	0	1	0.07381671178535146	0.46532748852860867	0.006343610217612185	-0.00106484596865164
3.7350000000000088	0.08726646259971647	0	1	0.07385823125760219	0.4655784644832577	0.0063268959780822115	-0.001058075549827271
3.750000000000009	0.08726646259971647	0	1	0.07389952827818348	0.4658281309837308	0.006310252799563536	-0.001051365532454628
3.765000000000009	0.08726646259971647	0	1	0.0739406045240601	0.46607649743656054	0.006293680288541367	-0.0010447151749540145
3.780000000000009	0.08726646259971647	0	1	0.07398146165520061	0.4663235731521251	0.0062771780536202346	-0.0010381237435453897
3.7950000000000093	0.08726646259971647	0	1	0.07402210131470363	0.4665693673095554	0.006260745702426053	-0.0010315904977958867
3.8100000000000094	0.08726646259971647	0	1	0.0740625251291722	0.4668138890630212	0.006244382850643791	-0.0010251147317720476
3.8250000000000095	0.08726646259971647	0	1	0.07410273470893791	0.4670571474817695	0.0062280891166488425	-0.0010186957496633238
3.8400000000000096	0.08726646259971647	0	1	0.07414273164826116	0.4672991515418391	0.0062118641206799635	-0.0010123328617181447
3.8550000000000098	0.08726646259971647	0	1	0.074182517525556	0.4675399101383304	0.006195707485786059	-0.001006025388459638
3.87000000000001	0.08726646259971647	0	1	0.07422209390377262	0.46777943215376444	0.006179618843530861	-0.00099977268667302
3.88500000000001	0.08726646259971647	0	1	0.07426146233040523	0.46801772630335237	0.006163597820528617	-0.0009935740879080132
3.90000000000001	0.08726646259971647	0	1	0.07430062433796854	0.4682548013326287	0.006147644055367538	-0.0009874289753949222
3.9150000000000102	0.08726646259971647	0	1	0.0743395814441134	0.46849066586972515	0.006131757185654216	-0.0009813367252604719
3.9300000000000104	0.08726646259971647	0	1	0.07437833515184498	0.468725328469556	0.006115936851750749	-0.0009752967232147763
3.9450000000000105	0.08726646259971647	0	1	0.07441688694984341	0.4689587976595699	0.00610018270055121	-0.0009693083819732256
3.9600000000000106	0.08726646259971647	0	1	0.07445523831265902	0.4691910818903241	0.006084494381047106	-0.0009633711211812962
3.9750000000000107	0.08726646259971647	0	1	0.07449339070085864	0.4694221895172242	0.006068871542664132	-0.0009574843597889257
3.990000000000011	0.08726646259971647	0	1	0.07453134556144862	0.4696521289199032	0.006053313845379486	-0.0009516475624932374
4.0050000000000106	0.08726646259971647	0	1	0.07456910432783934	0.46988090831374973	0.006037820943334764	-0.0009458601652924451
4.02000000000001	0.08726646259971647	0	1	0.07460666842020568	0.47010853591817175	0.0060223924992861624	-0.0009401216413519744
4.03500000000001	0.08726646259971647	0	1	0.07464403924557554	0.4703350198469799	0.006007028174997334	-0.0009344314577692856
4.05000000000001	0.08726646259971647	0	1	0.07468121819813837	0.4705603682037773	0.005991727639359956	-0.0009287891127135873
4.065000000000009	0.08726646259971647	0	1	0.07471820665922473	0.47078458894785813	0.005976490556744617	-0.0009231940826733213
4.080000000000009	0.08726646259971647	0	1	0.07475500599765435	0.4710076900514819	0.005961316600495925	-0.0009176458840942484
4.095000000000009	0.08726646259971647	0	1	0.07479161756970167	0.4712296793434908	0.005946205439345181	-0.0009121440118523989
4.110000000000008	0.08726646259971647	0	1	0.07482804271938283	0.4714505646463145	0.005931156749187247	-0.000906687992884487
4.125000000000008	0.08726646259971647	0	1	0.07486428277844717	0.4716703536554763	0.005916170202606763	-0.0009012773387558142
4.140000000000008	0.08726646259971647	0	1	0.07490033906651708	0.4718890540032931	0.005901245474378418	-0.000895911570520773
4.155000000000007	0.08726646259971647	0	1	0.07493621289117786	0.4721066732401269	0.005886382239800134	-0.0008905902112222629
4.170000000000007	0.08726646259971647	0	1	0.07497190554823391	0.47232321890609275	0.005871580180781995	-0.0008853128135992381
4.185000000000007	0.08726646259971647	0	1	0.075007418321651	0.4725386984010308	0.005856838974581294	-0.0008800789085874482
4.200000000000006	0.08726646259971647	0	1	0.0750427524835738	0.4727531190157642	0.005842158296576548	-0.0008748880174033609
4.215000000000006	0.08726646259971647	0	1	0.07507790929470559	0.4729664880850268	0.005827537833342486	-0.0008697397111522599
4.230000000000006	0.08726646259971647	0	1	0.07511289000413815	0.4731788127582006	0.005812977262807335	-0.0008646335201189079
4.245000000000005	0.08726646259971647	0	1	0.0751476958496703	0.473390100203209	0.00579847627184258	-0.0008595690133152267
4.260000000000005	0.08726646259971647	0	1	0.07518232805776334	0.47360035745552925	0.005784034543148062	-0.0008545457386742674
4.275000000000005	0.08726646259971647	0	1	0.07521678784371612	0.47380959150948787	0.005769651763124842	-0.0008495632583256118
4.2900000000000045	0.08726646259971647	0	1	0.07525107641185223	0.47401780932432597	0.005755327622279198	-0.0008446211504009144
4.305000000000004	0.08726646259971647	0	1	0.07528519495555915	0.4742250177625867	0.005741061809844947	-0.0008397189842013848
4.320000000000004	0.08726646259971647	0	1	0.07531914465746349	0.4744312236474537	0.00572685401868276	-0.0008348563422625723
4.3350000000000035	0.08726646259971647	0	1	0.07535292668956164	0.47463643374525255	0.0057127039436735	-0.0008300328130280578
4.350000000000003	0.08726646259971647	0	1	0.07538654221332826	0.47484065475708054	0.005698611280930348	-0.0008252479871007198
4.365000000000003	0.08726646259971647	0	1	0.0754199923798384	0.47504389332588387	0.005684575728348747	-0.0008205014597498923
4.380000000000003	0.08726646259971647	0	1	0.07545327832998922	0.47524615607991205	0.005670596989243229	-0.0008157928475922133
4.395000000000002	0.08726646259971647	0	1	0.07548640119453369	0.47544744955605656	0.005656674765653583	-0.0008111217581888474
4.410000000000002	0.08726646259971647	0	1	0.07551936209421685	0.4756477802441005	0.005642808762130962	-0.0008064878072729103
4.425000000000002	0.08726646259971647	0	1	0.07555216213985454	0.4758471545647483	0.005628998683784636	-0.0008018906100502414
4.440000000000001	0.08726646259971647	0	1	0.07558480243255328	0.4760455789309446	0.005615244241480279	-0.000797329805072297
4.455000000000001	0.08726646259971647	0	1	0.07561728406374708	0.4762430596735541	0.005601545145345048	-0.0007928050248307877
4.470000000000001	0.08726646259971647	0	1	0.07564960811518115	0.4764396030202916	0.0055879011029816295	-0.0007883158875012033
4.485	0.08726646259971647	0	1	0.07568177565926945	0.4766352152544722	0.005574311833057059	-0.0007838620591723068
4.5	0.08726646259971647	0	1	0.07571378775889726	0.4768299024848093	0.005560777045391575	-0.0007794431632191718
4.515	0.08726646259971647	0	1	0.07574564546765744	0.4770236708273216	0.005547296456687882	-0.0007750588516977334
4.529999999999999	0.08726646259971647	0	1	0.07577734982986148	0.47721652631324357	0.005533869782503177	-0.0007707087690892842
4.544999999999999	0.08726646259971647	0	1	0.07580890188073411	0.47740847496691746	0.0055204967439166155	-0.00076639258252448
4.559999999999999	0.08726646259971647	0	1	0.07584030264627158	0.4775995226659176	0.005507177055465447	-0.0007621099267336431
4.574999999999998	0.08726646259971647	0	1	0.07587155314351368	0.4777896753145451	0.005493910440101592	-0.0007578604720004938
4.589999999999998	0.08726646259971647	0	1	0.07590265438045475	0.47797893869401425	0.00548069661620687	-0.0007536438650702888
4.604999999999998	0.08726646259971647	0	1	0.07593360735627283	0.47816731859574835	0.005467535309072256	-0.0007494597811476624
4.619999999999997	0.08726646259971647	0	1	0.07596441306128743	0.4783548207087192	0.005454426241117923	-0.000745307879347992
4.634999999999997	0.08726646259971647	0	1	0.07599507247703947	0.47854145067029535	0.005441369136300923	-0.0007411878223991991
4.649999999999997	0.08726646259971647	0	1	0.07602558657638221	0.47872721407122376	0.005428363720499166	-0.0007370992783393017
4.6649999999999965	0.08726646259971647	0	1	0.07605595632366477	0.47891211649526017	0.005415409724837131	-0.0007330419356069922
4.679999999999996	0.08726646259971647	0	1	0.07608618267460315	0.47909616338818695	0.0054025068743842955	-0.0007290154512513384
4.694999999999996	0.08726646259971647	0	1	0.07611626657652384	0.47927936021356343	0.005389654901581463	-0.0007250195118726546
4.7099999999999955	0.08726646259971647	0	1	0.07614620896839087	0.47946171236303103	0.0053768535384005195	-0.000721053797987806
4.724999999999995	0.08726646259971647	0	1	0.07617601078095694	0.4796432252083634	0.005364102520785764	-0.0007171180040026567
4.739999999999995	0.08726646259971647	0	1	0.07620567293673021	0.47982390402446456	0.005351401581981087	-0.0007132118076909089
4.754999999999995	0.08726646259971647	0	1	0.07623519635018604	0.48000375409197227	0.005338750461334779	-0.000709334910153644
4.769999999999994	0.08726646259971647	0	1	0.07626458192780267	0.48018278062450725	0.0053261488979314126	-0.0007054870068742172
4.784999999999994	0.08726646259971647	0	1	0.07629383056819578	0.4803609888101131	0.005313596634118581	-0.0007016678035721375
4.799999999999994	0.08726646259971647	0	1	0.07632294316217897	0.4805383837809039	0.005301093412823352	-0.0006978770039944989
4.814999999999993	0.08726646259971647	0	1	0.0763519205929198	0.4807149706535705	0.0052886389809755005	-0.0006941143254524363
4.829999999999993	0.08726646259971647	0	1	0.07638076373599975	0.4808907544899739	0.005276233086031291	-0.0006903794830102162
4.844999999999993	0.08726646259971647	0	1	0.07640947345946843	0.4810657402949491	0.005263875475757809	-0.00068667218837004
4.859999999999992	0.08726646259971647	0	1	0.07643805062410763	0.48123993310540725	0.005251565905802183	-0.0006829921845469935
4.874999999999992	0.08726646259971647	0	1	0.07646649608340023	0.4814133378678961	0.005239304129037052	-0.000679339197379644
4.889999999999992	0.08726646259971647	0	1	0.07649481068358815	0.48158595947602695	0.005227089898806492	-0.0006757129501226841
4.904999999999991	0.08726646259971647	0	1	0.07652299526400114	0.4817578028854283	0.005214922978692825	-0.0006721132083140769
4.919999999999991	0.08726646259971647	0	1	0.07655105065687845	0.48192887290293235	0.0052028031242710646	-0.0006685396966765418
4.934999999999991	0.08726646259971647	0	1	0.0765789776876769	0.48209917439039296	0.005190730100669443	-0.0006649921790383192
4.94999999999999	0.08726646259971647	0	1	0.07660677717505876	0.48226871213299627	0.005178703671085083	-0.0006614704064413144
4.96499999999999	0.08726646259971647	0	1	0.07663444993104067	0.4824374909073559	0.005166723602622873	-0.0006579741436463762
4.97999999999999	0.08726646259971647	0	1	0.07666199676099014	0.48260551541922164	0.005154789660873668	-0.0006545031446436968
4.9949999999999894	0.08726646259971647	0	1	0.0766894184638667	0.4827727904072898	0.005142901618787721	-0.0006510571932429879
5.009999999999989	0.08726646259971647	0	1	0.0767167158320926	0.48293932048973026	0.005131059243396421	-0.0006476360427342763
5.024999999999989	0.08726646259971647	0	1	0.07674388965180975	0.4831051103267575	0.005119262309810482	-0.0006442394796810388
5.0399999999999885	0.08726646259971647	0	1	0.07677094070288595	0.4832701645178606	0.005107510592245783	-0.000640867283433805
5.054999999999988	0.08726646259971647	0	1	0.0767978697589886	0.4834344876311947	0.005095803866546254	-0.0006375192375655156
5.069999999999988	0.08726646259971647	0	1	0.07682467758757514	0.4835980841696711	0.005084141907248943	-0.0006341951166088252
5.0849999999999875	0.08726646259971647	0	1	0.07685136495006877	0.48376095865004476	0.005072524494355211	-0.0006308947170841401
5.099999999999987	0.08726646259971647	0	1	0.076877932601791	0.4839231155024627	0.005060951404629616	-0.0006276178179664343
5.114999999999987	0.08726646259971647	0	1	0.07690438129209802	0.48408455915647997	0.005049422419014772	-0.0006243642144267156
5.129999999999987	0.08726646259971647	0	1	0.0769307117644424	0.48424529401156835	0.005037937320012516	-0.0006211337061671485
5.144999999999986	0.08726646259971647	0	1	0.07695692475625145	0.4844053243605663	0.005026495885125812	-0.0006179260673236268
5.159999999999986	0.08726646259971647	0	1	0.07698302099925503	0.4845646545789043	0.005015097903116335	-0.0006147411207185581
5.174999999999986	0.08726646259971647	0	1	0.07700900121916794	0.48472328885540905	0.005003743150781753	-0.0006115786320362009
5.189999999999985	0.08726646259971647	0	1	0.07703486613599544	0.48488123145265566	0.004992431415457209	-0.0006084384120698904
5.204999999999985	0.08726646259971647	0	1	0.07706061646405526	0.48503848659039145	0.0049811624848147065	-0.0006053202706877241
5.219999999999985	0.08726646259971647	0	1	0.07708625291178788	0.4851950583561338	0.004969936139245554	-0.0006022239815849094
5.234999999999984	0.08726646259971647	0	1	0.0771117761820451	0.48535095090543356	0.004958752169120201	-0.0005991493609533556
5.249999999999984	0.08726646259971647	0	1	0.07713718697201412	0.48550616831053545	0.004947610361640681	-0.0005960962077325534
5.264999999999984	0.08726646259971647	0	1	0.07716248597320419	0.48566071458565474	0.004936510503084128	-0.0005930643133655183
5.279999999999983	0.08726646259971647	0	1	0.07718767387161049	0.4858145937614955	0.00492545238518155	-0.0005900534909382671
5.294999999999983	0.08726646259971647	0	1	0.07721275134767609	0.48596780980105503	0.004914435797807204	-0.0005870635417964351
5.309999999999983	0.08726646259971647	0	1	0.07723771907634752	0.48612036663826114	0.004903460532323052	-0.0005840942705030455
5.324999999999982	0.08726646259971647	0	1	0.07726257772712347	0.4862722681751695	0.0048925263813042325	-0.0005811454835556909
5.339999999999982	0.08726646259971647	0	1	0.07728732796412449	0.4864235182906539	0.004881633139249136	-0.0005782169925019281
5.354999999999982	0.08726646259971647	0	1	0.07731197044611098	0.48657412081872037	0.004870780600682238	-0.0005753086051776859
5.3699999999999815	0.08726646259971647	0	1	0.07733650582654555	0.4867240795668461	0.0048599685617149516	-0.0005724201326775423
5.384999999999981	0.08726646259971647	0	1	0.07736093475368236	0.48687339832740767	0.004849196820975496	-0.0005695513935884078
5.399999999999981	0.08726646259971647	0	1	0.07738525787061912	0.4870220808623334	0.004838465178232075	-0.0005667022076504519
5.4149999999999805	0.08726646259971647	0	1	0.07740947581535751	0.487170130906599	0.004827773434656311	-0.0005638723968920196
5.42999999999998	0.08726646259971647	0	1	0.0774335892207629	0.48731755212593814	0.004817121389179044	-0.0005610617688954717
5.44499999999998	0.08726646259971647	0	1	0.07745759871491835	0.48746434828274593	0.004806508852675383	-0.0005582701816471553
5.4599999999999795	0.08726646259971647	0	1	0.07748150492076393	0.4876105229373245	0.004795935622195019	-0.000555497426009178
5.474999999999979	0.08726646259971647	0	1	0.07750530845656214	0.4877560797930901	0.004785401510724943	-0.0005527433611899107
5.489999999999979	0.08726646259971647	0	1	0.07752900993574009	0.48790102243799577	0.004774906324736247	-0.0005500078129595652
5.504999999999979	0.08726646259971647	0	1	0.07755260996703736	0.4880453544718038	0.00476444987518955	-0.0005472906233887891
5.519999999999978	0.08726646259971647	0	1	0.07757610915454187	0.4881890794605077	0.004754031973527133	-0.0005445916329479313
5.534999999999978	0.08726646259971647	0	1	0.07759950809772785	0.48833220093764	0.004743652431764896	-0.0005419106808644972
5.549999999999978	0.08726646259971647	0	1	0.07762280739155084	0.4884747224289196	0.0047333110645700685	-0.000539247614736443
5.564999999999977	0.08726646259971647	0	1	0.07764600762658068	0.48861664746951117	0.0047230076906551455	-0.0005366022970990315
5.579999999999977	0.08726646259971647	0	1	0.07766910938889895	0.48875797950597155	0.0047127421243136555	-0.00053397456683244
5.594999999999977	0.08726646259971647	0	1	0.07769211326024508	0.4888987220007436	0.004702514184432863	-0.0005313642802568053
5.609999999999976	0.08726646259971647	0	1	0.07771501981810766	0.48903887841077104	0.004692323692546789	-0.0005287713025881465
5.624999999999976	0.08726646259971647	0	1	0.07773782963563156	0.4891784521108667	0.004682170466236202	-0.0005261954777795955
5.639999999999976	0.08726646259971647	0	1	0.077760543281904	0.48931744655333753	0.00467205433282665	-0.0005236366911315506
5.654999999999975	0.08726646259971647	0	1	0.07778316132173288	0.4894558650565796	0.004661975111123241	-0.000521094786195718
5.669999999999975	0.08726646259971647	0	1	0.07780568431582421	0.489593710972032	0.004651932625855927	-0.0005185696304175982
5.684999999999975	0.08726646259971647	0	1	0.07782811282087715	0.4897309876514624	0.0046419267047367666	-0.0005160611021900678
5.699999999999974	0.08726646259971647	0	1	0.07785044738950572	0.48986769837504207	0.004631957172256465	-0.0005135690624617305
5.714999999999974	0.08726646259971647	0	1	0.07787268857026934	0.49000384639698963	0.004622023853660055	-0.0005110933728075101
5.729999999999974	0.08726646259971647	0	1	0.07789483690782416	0.490139434997401	0.004612126579344927	-0.0005086339157379193
5.7449999999999735	0.08726646259971647	0	1	0.07791689294286415	0.49027446739518415	0.004602265177313339	-0.0005061905603557364
5.759999999999973	0.08726646259971647	0	1	0.07793885721216215	0.49040894679015684	0.004592439476827068	-0.000503763178923065
5.774999999999973	0.08726646259971647	0	1	0.07796073024852267	0.4905428763265616	0.004582649305273419	-0.0005013516326332004
5.7899999999999725	0.08726646259971647	0	1	0.077982512581052	0.49067625922707775	0.004572894499635695	-0.0004989558240914574
5.804999999999972	0.08726646259971647	0	1	0.07800420473480722	0.4908090985332511	0.004563174884140368	-0.0004965755953499075
5.819999999999972	0.08726646259971647	0	1	0.07802580723113281	0.49094139739291653	0.004553490295083389	-0.0004942108408785317
5.8349999999999715	0.08726646259971647	0	1	0.07804732058751322	0.4910731588593319	0.004543840563412976	-0.0004918614285999835
5.849999999999971	0.08726646259971647	0	1	0.0780687453176252	0.49120438597408067	0.00453422552194211	-0.0004895272323468878
5.864999999999971	0.08726646259971647	0	1	0.0780900819313982	0.4913350817712548	0.004524645005665955	-0.0004872081335209757
5.879999999999971	0.08726646259971647	0	1	0.0781113309349314	0.4914652492173844	0.004515098846598911	-0.0004849039974037809
5.89499999999997	0.08726646259971647	0	1	0.07813249283062876	0.4915948913026768	0.004505586881634646	-0.00048261470892594255
5.90999999999997	0.08726646259971647	0	1	0.07815356811713847	0.4917240109595499	0.004496108945488783	-0.0004803401405265654
5.92499999999997	0.08726646259971647	0	1	0.07817455728942033	0.4918526111156717	0.004486664875283451	-0.00047808017283349185
5.939999999999969	0.08726646259971647	0	1	0.07819546083862769	0.4919806946159878	0.004477254503852175	-0.00047583466402292655
5.954999999999969	0.08726646259971647	0	1	0.07821627925237701	0.49210826438489025	0.0044678776736723075	-0.00047360351329669027
5.969999999999969	0.08726646259971647	0	1	0.0782370130145597	0.49223532323485686	0.00445853422031868	-0.00047138658544692007
5.984999999999968	0.08726646259971647	0	1	0.07825766260548286	0.49236187400287246	0.004449223984270126	-0.00046918376427593916
5.999999999999968	0.08726646259971647	0	1	0.07827822850184968	0.49248791948358944	0.004439946805090855	-0.0004669949262158234
6.014999999999968	0.08726646259971647	0	1	0.07829871117682302	0.49261346246353005	0.004430702524369827	-0.00046481995347369724
6.029999999999967	0.08726646259971647	0	1	0.0783191111000342	0.4927385056978972	0.004421490983692704	-0.0004626587247584568
6.044999999999967	0.08726646259971647	0	1	0.07833942873769731	0.49286305195468405	0.004412312028397571	-0.0004605111323369264
6.059999999999967	0.08726646259971647	0	1	0.07835966455260338	0.4929871039644146	0.004403165503192814	-0.0004583770620574201
6.074999999999966	0.08726646259971647	0	1	0.07837981900411131	0.49311066441829426	0.0043940512520133646	-0.00045625639250478545
6.089999999999966	0.08726646259971647	0	1	0.07839989254828539	0.4932337360296979	0.004384969123273422	-0.00045414901904024095
6.104999999999966	0.08726646259971647	0	1	0.0784198856379626	0.4933563215056725	0.004375918967315463	-0.0004520548423252548
6.1199999999999655	0.08726646259971647	0	1	0.07843979872266113	0.4934784234802117	0.004366900630671806	-0.0004499737420204324
6.134999999999965	0.08726646259971647	0	1	0.07845963224880458	0.4936000446468719	0.004357913967453761	-0.00044790562883067553
6.149999999999965	0.08726646259971647	0	1	0.07847938665961902	0.49372118762295913	0.004348958827579921	-0.00044585039106531156
6.1649999999999645	0.08726646259971647	0	1	0.07849906239534563	0.49384185508186945	0.004340035068152226	-0.00044380794648169326
6.179999999999964	0.08726646259971647	0	1	0.07851865989305634	0.49396204958801654	0.004331142539204719	-0.00044177817752283767
6.194999999999964	0.08726646259971647	0	1	0.07853817958691973	0.4940817737855679	0.004322281099960711	-0.0004397610054402549
6.2099999999999635	0.08726646259971647	0	1	0.07855762190814115	0.49420103026402284	0.004313450607139543	-0.0004377563374307422
6.224999999999963	0.08726646259971647	0	1	0.07857698728488421	0.49431982155017506	0.004304650914339028	-0.00043576406355875136
6.239999999999963	0.08726646259971647	0	1	0.07859627614259554	0.4944381502784903	0.004295881886627627	-0.0004337841237292557
6.254999999999963	0.08726646259971647	0	1	0.07861548890366071	0.4945560189121388	0.004287143376486419	-0.00043181639808262504
6.269999999999962	0.08726646259971647	0	1	0.07863462598775803	0.49467343003516207	0.004278435249027407	-0.0004298608218651846
6.284999999999962	0.08726646259971647	0	1	0.07865368781168722	0.4947903861346128	0.004269757363110416	-0.00042791729983480996
6.299999999999962	0.08726646259971647	0	1	0.07867267478935121	0.49490688966403096	0.004261109576922037	-0.00042598573130295096
6.314999999999961	0.08726646259971647	0	1	0.07869158733203022	0.4950229431673625	0.004252491758552489	-0.0004240660588165179
6.329999999999961	0.08726646259971647	0	1	0.07871042584802079	0.4951385490135858	0.004243903763143819	-0.0004221581638850932
6.344999999999961	0.08726646259971647	0	1	0.07872919074294801	0.49525370967800575	0.0042353454571972746	-0.0004202619776016027
6.35999999999996	0.08726646259971647	0	1	0.0787478824197361	0.4953684276013466	0.0042268167062816595	-0.00041837742515746685
6.37499999999996	0.08726646259971647	0	1	0.0787665012783257	0.49548270508237946	0.004218317365927357	-0.0004165043837174405
6.38999999999996	0.08726646259971647	0	1	0.07878504771613659	0.4955965445905237	0.0042098473085226545	-0.000414642805298352
6.404999999999959	0.08726646259971647	0	1	0.07880352212765858	0.49570994840200827	0.00420140639189534	-0.000412792573695524
6.419999999999959	0.08726646259971647	0	1	0.07882192490478324	0.49582291890877933	0.004192994486015761	-0.00041095362575439164
6.434999999999959	0.08726646259971647	0	1	0.07884025643653285	0.4959354583671886	0.004184611451286055	-0.00040912585273096894
6.449999999999958	0.08726646259971647	0	1	0.07885851710931752	0.49604756911827924	0.004176257157563749	-0.0004073091866623124
6.464999999999958	0.08726646259971647	0	1	0.07887670730668023	0.4961592533739814	0.004167931465716451	-0.0004055035164329396
6.479999999999958	0.08726646259971647	0	1	0.07889482740955917	0.4962705134328275	0.0041596342462401	-0.0004037087723733347
6.4949999999999575	0.08726646259971647	0	1	0.07891287779620032	0.4963813515347973	0.004151365366653004	-0.00040192486910604344
6.509999999999957	0.08726646259971647	0	1	0.07893085884202904	0.4964917698425734	0.004143124689990112	-0.00040015169813990267
6.524999999999957	0.08726646259971647	0	1	0.0789487709199692	0.4966017706295242	0.004134912090938102	-0.0003983892016855717
6.5399999999999565	0.08726646259971647	0	1	0.07896661440004572	0.4967113559795829	0.004126727429980215	-0.00039663725465981134
6.554999999999956	0.08726646259971647	0	1	0.07898438964982099	0.4968205281354717	0.004118570583433581	-0.0003948958013770864
6.569999999999956	0.08726646259971647	0	1	0.07900209703418166	0.4969292892283522	0.004110441420015105	-0.00039316474917022086
6.5849999999999556	0.08726646259971647	0	1	0.07901973691530716	0.49703764135197775	0.004102339807366441	-0.0003914439974529242
6.599999999999955	0.08726646259971647	0	1	0.07903730965279836	0.49714558663013375	0.004094265617832174	-0.00038973346432985545
6.614999999999955	0.08726646259971647	0	1	0.07905481560374696	0.49725312719237197	0.004086218726273502	-0.0003880330767341857
6.629999999999955	0.08726646259971647	0	1	0.0790722551226521	0.4973602651099699	0.004078199004554389	-0.0003863427451213857
6.644999999999954	0.08726646259971647	0	1	0.07908962856136598	0.49746700240702535	0.004070206322572378	-0.0003846623679519797
6.659999999999954	0.08726646259971647	0	1	0.07910693626937608	0.49757334120212326	0.004062240560376941	-0.0003829918871962298
6.674999999999954	0.08726646259971647	0	1	0.07912417859358574	0.4976792834988069	0.004054301590062696	-0.00038133120580601237
6.689999999999953	0.08726646259971647	0	1	0.07914135587842291	0.4977848313218082	0.004046389287585064	-0.0003796802412388528
6.704999999999953	0.08726646259971647	0	1	0.07915846846592467	0.4978899867079074	0.004038503531881808	-0.0003780389218134854
6.719999999999953	0.08726646259971647	0	1	0.07917551669569949	0.497994751654848	0.004030644200446611	-0.00037640716642918255
6.734999999999952	0.08726646259971647	0	1	0.07919250090485633	0.4980991281067443	0.004022811168128748	-0.00037478487891221067
6.749999999999952	0.08726646259971647	0	1	0.07920942142833494	0.4982031181229395	0.004015004321581597	-0.0003731720141880333
6.764999999999952	0.08726646259971647	0	1	0.07922627859858948	0.49830672360790934	0.004007223535953473	-0.0003715684720387574
6.779999999999951	0.08726646259971647	0	1	0.07924307274575808	0.49840994651324044	0.003999468692394259	-0.00036997417652381604
6.794999999999951	0.08726646259971647	0	1	0.07925980419774563	0.49851278880290906	0.003991739674940015	-0.00036838906231167237
6.809999999999951	0.08726646259971647	0	1	0.07927647328017874	0.49861525239985044	0.003984036365888427	-0.00036681305344955534
6.82499999999995	0.08726646259971647	0	1	0.07929308031650781	0.4987173392476854	0.0039763586511020604	-0.0003652460875761891
6.83999999999995	0.08726646259971647	0	1	0.07930962562786614	0.4988190512091778	0.003968706411270284	-0.00036368807609314977
6.85499999999995	0.08726646259971647	0	1	0.0793261095332502	0.49892039020056345	0.003961079533486109	-0.00036213895693016485
6.8699999999999495	0.08726646259971647	0	1	0.07934253234954564	0.49902135812826737	0.003953477905688327	-0.0003605986695253695
6.884999999999949	0.08726646259971647	0	1	0.07935889439136799	0.4991219568108102	0.003945901409993319	-0.0003590671241502675
6.899999999999949	0.08726646259971647	0	1	0.07937519597142319	0.49922218819705333	0.003938349941432828	-0.00035754428758599246
6.9149999999999485	0.08726646259971647	0	1	0.07939143740009853	0.4993220540445898	0.003930823380230798	-0.0003560300567606302
6.929999999999948	0.08726646259971647	0	1	0.07940761898589496	0.4994215562713122	0.003923321622133331	-0.0003545243968432263
6.944999999999948	0.08726646259971647	0	1	0.07942374103510672	0.4995206966418146	0.003915844551297627	-0.00035302721805384094
6.959999999999948	0.08726646259971647	0	1	0.07943980385215729	0.49961947704140086	0.003908392063932495	-0.00035153848312626467
6.974999999999947	0.08726646259971647	0	1	0.07945580773930243	0.49971789921218995	0.003900964045512448	-0.0003500581037363575
6.989999999999947	0.08726646259971647	0	1	0.07947175299688561	0.4998159649835458	0.0038935603906859947	-0.0003485860309588337
7.004999999999947	0.08726646259971647	0	1	0.07948763992334061	0.49991367616782173	0.0038861809941560937	-0.00034712221418799547
7.019999999999946	0.08726646259971647	0	1	0.07950346881495761	0.500011034460347	0.0038788257421687664	-0.00034566656186016127
7.034999999999946	0.08726646259971647	0	1	0.07951923996629583	0.5001080417104166	0.0038714945358120437	-0.0003442190479108689
7.049999999999946	0.08726646259971647	0	1	0.079534953669835	0.5002046996036599	0.0038641872635804334	-0.0003427795868665089
7.064999999999945	0.08726646259971647	0	1	0.0795506102162874	0.5003010099375332	0.003856903825168345	-0.00034134814197016213
7.079999999999945	0.08726646259971647	0	1	0.07956620989441103	0.5003969744137151	0.003849644113498543	-0.00033992464363941837
7.094999999999945	0.08726646259971647	0	1	0.07958175299108214	0.5004925947456244	0.0038424080240598638	-0.0003385090316409555
7.109999999999944	0.08726646259971647	0	1	0.07959723979136689	0.5005878726588111	0.0038351954548734024	-0.0003371012552360273
7.124999999999944	0.08726646259971647	0	1	0.0796126705785281	0.5006828098640418	0.003828006304134733	-0.000335701262400957
7.139999999999944	0.08726646259971647	0	1	0.0796280456339845	0.50077740803723	0.003820840468502916	-0.0003343089919323449
7.154999999999943	0.08726646259971647	0	1	0.07964336523745383	0.5008716688966333	0.0038136978497141927	-0.00033292440370013497
7.169999999999943	0.08726646259971647	0	1	0.07965862966674624	0.5009655940564284	0.003806578341982822	-0.000331547421130997
7.184999999999943	0.08726646259971647	0	1	0.0796738391980386	0.5010591852278935	0.0037994818493302454	-0.00033017801020300157
7.1999999999999424	0.08726646259971647	0	1	0.07968899410576795	0.5011524440610942	0.0037924082718450575	-0.0003288161170957088
7.214999999999942	0.08726646259971647	0	1	0.0797040946626562	0.5012453721992652	0.0037853575104195014	-0.00032746168948797775
7.229999999999942	0.08726646259971647	0	1	0.07971914113976056	0.5013379712900079	0.003778329467681904	-0.00032611468101053086
7.2449999999999415	0.08726646259971647	0	1	0.07973413380643873	0.5014302429497823	0.003771324044928623	-0.000324775037235581
7.259999999999941	0.08726646259971647	0	1	0.07974907293041597	0.5015221888067576	0.0037643411458089387	-0.00032344271250683805
7.274999999999941	0.08726646259971647	0	1	0.07976395877787375	0.5016138105107174	0.0037573806771057996	-0.0003221176737049735
7.2899999999999405	0.08726646259971647	0	1	0.07977879161321527	0.5017051095974783	0.003750442537113173	-0.0003207998470663225
7.30499999999994	0.08726646259971647	0	1	0.07979357169938237	0.501796087719844	0.0037435266355264687	-0.00031948920896069586
7.31999999999994	0.08726646259971647	0	1	0.07980829929768052	0.5018867464431239	0.003736632875731949	-0.0003181857054662334
7.33499999999994	0.08726646259971647	0	1	0.07982297466788103	0.5019770873606344	0.003729761164812155	-0.0003168892977122051
7.349999999999939	0.08726646259971647	0	1	0.07983759806812642	0.5020671120119081	0.003722911406488595	-0.0003155999299001454
7.364999999999939	0.08726646259971647	0	1	0.07985216975507735	0.5021568219841053	0.003716083509849276	-0.00031431756910538385
7.379999999999939	0.08726646259971647	0	1	0.07986668998385281	0.502246218826352	0.0037092773819175848	-0.00031304217158737395
7.394999999999938	0.08726646259971647	0	1	0.07988115900799116	0.5023353040581255	0.0037024929284282734	-0.0003117736861322971
7.409999999999938	0.08726646259971647	0	1	0.07989557707950194	0.5024240792076784	0.003695730057139933	-0.00031051206928536053
7.424999999999938	0.08726646259971647	0	1	0.07990994444891819	0.5025125458128465	0.0036889886778560463	-0.0003092572855726229
7.439999999999937	0.08726646259971647	0	1	0.07992426136523416	0.5026007053733699	0.003682268698319266	-0.0003080092887392445
7.454999999999937	0.08726646259971647	0	1	0.07993852807584799	0.5026885593525179	0.003675570024414501	-0.00030676802253626286
7.469999999999937	0.08726646259971647	0	1	0.07995274482670325	0.502776109260757	0.003668892567349008	-0.0003055334535982516
7.484999999999936	0.08726646259971647	0	1	0.07996691186229264	0.5028633565989341	0.0036622362386808938	-0.00030430554893493494
7.499999999999936	0.08726646259971647	0	1	0.07998102942538116	0.5029503027397069	0.003655600940227516	-0.0003030842294920127
7.514999999999936	0.08726646259971647	0	1	0.07999509775744637	0.5030369492279128	0.003648986589903376	-0.0003018694881535141
7.529999999999935	0.08726646259971647	0	1	0.08000911709828741	0.5031232974336064	0.0036423930917620015	-0.00030066125331116753
7.544999999999935	0.08726646259971647	0	1	0.0800230876862844	0.5032093488227442	0.0036358203594188607	-0.0002994594951591152
7.559999999999935	0.08726646259971647	0	1	0.08003700975821983	0.5032951047746397	0.003629268300263888	-0.00029826415405406775
7.5749999999999345	0.08726646259971647	0	1	0.08005088354942758	0.5033805667183492	0.00362273682724603	-0.0002970751939397671
7.589999999999934	0.08726646259971647	0	1	0.08006470929377157	0.5034657360619645	0.0036162258527114577	-0.0002958925744689704
7.604999999999934	0.08726646259971647	0	1	0.08007848722352175	0.5035506141486148	0.0036097352846821765	-0.0002947162336882026
7.6199999999999335	0.08726646259971647	0	1	0.08009221756952863	0.5036352023812326	0.003603265037598148	-0.0002935461370467666
7.634999999999933	0.08726646259971647	0	1	0.08010590056114637	0.5037195021177504	0.0035968150232283946	-0.0002923822360830301
7.649999999999933	0.08726646259971647	0	1	0.0801195364262777	0.5038035147213351	0.0035903851550234123	-0.0002912244880103016
7.6649999999999325	0.08726646259971647	0	1	0.08013312539136999	0.5038872415400916	0.0035839753463458857	-0.0002900728477380325
7.679999999999932	0.08726646259971647	0	1	0.08014666768143389	0.5039706839161394	0.003577585511248614	-0.0002889272713274384
7.694999999999932	0.08726646259971647	0	1	0.08016016352005209	0.5040538431814822	0.0035712155641067847	-0.00028778771431726394
7.709999999999932	0.08726646259971647	0	1	0.080173613129408	0.5041367206661991	0.003564865420308247	-0.0002866541348546202
7.724999999999931	0.08726646259971647	0	1	0.08018701673025533	0.5042193176736636	0.003558534994118595	-0.00028552648393407877
7.739999999999931	0.08726646259971647	0	1	0.0802003745420972	0.5043016355685865	0.0035522242062053094	-0.0002844047398251463
7.754999999999931	0.08726646259971647	0	1	0.08021368678293544	0.5043836755970142	0.003545932968145586	-0.00028328883735610153
7.76999999999993	0.08726646259971647	0	1	0.08022695366955271	0.5044654391090231	0.0035396612016266385	-0.0002821787553955203
7.78499999999993	0.08726646259971647	0	1	0.0802401754174104	0.5045469273991672	0.0035334088245922157	-0.00028107445405835203
7.79999999999993	0.08726646259971647	0	1	0.08025335224055	0.5046281417067915	0.0035271757513722565	-0.00027997587486729706
7.814999999999929	0.08726646259971647	0	1	0.08026648435191341	0.5047090833924144	0.0035209619077924206	-0.0002788830100471947
7.829999999999929	0.08726646259971647	0	1	0.08027957196302746	0.5047897536721199	0.003514767208258038	-0.00027779579807108644
7.844999999999929	0.08726646259971647	0	1	0.08029261528428629	0.50487015386729	0.0035085915773191423	-0.00027671422179055154
7.859999999999928	0.08726646259971647	0	1	0.0803056145247708	0.5049502852119822	0.0035024349330032706	-0.000275638232825022
7.874999999999928	0.08726646259971647	0	1	0.08031856989239555	0.5050301489896412	0.0034962971986295527	-0.00027456780520245
7.889999999999928	0.08726646259971647	0	1	0.08033148159381535	0.5051097464332615	0.0034901782941709134	-0.00027350289622732387
7.904999999999927	0.08726646259971647	0	1	0.08034434983455194	0.505189078817648	0.003484078144199494	-0.00027244348265936607
7.919999999999927	0.08726646259971647	0	1	0.08035717481885657	0.5052681473493645	0.0034779966683998118	-0.00027138951756660223
7.934999999999927	0.08726646259971647	0	1	0.080369956749882	0.5053469532962497	0.003471933792727727	-0.00027034098118321995
7.9499999999999265	0.08726646259971647	0	1	0.08038269582954659	0.5054254978593467	0.0034658894383454916	-0.0002692978306307286
7.964999999999926	0.08726646259971647	0	1	0.08039539225867298	0.5055037822876902	0.003459863531525803	-0.00026826004498194193
7.979999999999926	0.08726646259971647	0	1	0.08040804623683871	0.5055818077582285	0.0034538559932997884	-0.0002672275781790693
7.9949999999999255	0.08726646259971647	0	1	0.0804206579624622	0.505659575473954	0.003447866747957204	-0.00026620039764008575
8.009999999999925	0.08726646259971647	0	1	0.08043322763286556	0.5057370866552183	0.003441895722224808	-0.00026517848081125347
8.024999999999926	0.08726646259971647	0	1	0.0804457554441798	0.5058143424736758	0.0034359428395853153	-0.0002641617891277489
8.039999999999926	0.08726646259971647	0	1	0.08045824159141715	0.5058913441221904	0.00343000802632204	-0.00026315029554373215
8.054999999999927	0.08726646259971647	0	1	0.08047068626833666	0.5059680927282254	0.0034240912040798058	-0.00026214395060571226
8.069999999999927	0.08726646259971647	0	1	0.08048308966760585	0.506044589477694	0.0034181923005383447	-0.00026114273108576936
8.084999999999928	0.08726646259971647	0	1	0.08049545198075894	0.506120835530557	0.0034123112420723425	-0.0002601466067106621
8.099999999999929	0.08726646259971647	0	1	0.08050777339815084	0.5061968320184755	0.003406447953594703	-0.00025915553918781447
8.11499999999993	0.08726646259971647	0	1	0.0805200541090476	0.5062725801020109	0.003400602363470888	-0.0002581695047002748
8.12999999999993	0.08726646259971647	0	1	0.08053229430143545	0.506348080852514	0.003394774393381393	-0.00025718844755372476
8.14499999999993	0.08726646259971647	0	1	0.08054449416225007	0.5064233354275639	0.00338896397343965	-0.00025621234904951625
8.15999999999993	0.08726646259971647	0	1	0.08055665387727334	0.5064983449327655	0.0033831710302076393	-0.00025524117307549845
8.174999999999931	0.08726646259971647	0	1	0.08056877363115893	0.506573110474651	0.003377395491299867	-0.0002542748867655021
8.189999999999932	0.08726646259971647	0	1	0.08058085360741107	0.5066476331411536	0.0033716372836984504	-0.0002533134528906156
8.204999999999933	0.08726646259971647	0	1	0.08059289398840573	0.5067219140189915	0.0033658963352544147	-0.00025235683663021917
8.219999999999933	0.08726646259971647	0	1	0.08060489495542263	0.5067959541982957	0.0033601725750616457	-0.000251405007297238
8.234999999999934	0.08726646259971647	0	1	0.08061685668864076	0.5068697547571863	0.0033544659321138245	-0.0002504579321795137
8.249999999999934	0.08726646259971647	0	1	0.08062877936715526	0.5069433167705102	0.0033487763360534467	-0.0002495155799092183
8.264999999999935	0.08726646259971647	0	1	0.08064066316894512	0.5070166412890239	0.003343103715385168	-0.0002485779122651131
8.279999999999935	0.08726646259971647	0	1	0.08065250827095283	0.5070897293861829	0.003337448001489919	-0.00024764490248891177
8.294999999999936	0.08726646259971647	0	1	0.08066431484904411	0.5071625821081047	0.0033318091242899098	-0.0002467165155590424
8.309999999999937	0.08726646259971647	0	1	0.08067608307808935	0.5072352005242866	0.003326187016604691	-0.0002457927279995658
8.324999999999937	0.08726646259971647	0	1	0.0806878131318722	0.5073075856554357	0.003320581607931604	-0.0002448734995563891
8.339999999999938	0.08726646259971647	0	1	0.08069950518321818	0.5073797385652752	0.003314992832348658	-0.0002439588091911915
8.354999999999938	0.08726646259971647	0	1	0.08071115940396678	0.5074516602958054	0.0033094206228804074	-0.0002430486295856595
8.369999999999939	0.08726646259971647	0	1	0.08072277596490847	0.5075233518519916	0.003303864910224129	-0.00024214292112480673
8.38499999999994	0.08726646259971647	0	1	0.08073435503593701	0.50759481429231	0.0032983256305179273	-0.00024124166749127176
8.39999999999994	0.08726646259971647	0	1	0.08074589678599584	0.5076660486432174	0.0032928027179139827	-0.00024034484194557026
8.41499999999994	0.08726646259971647	0	1	0.08075740138307404	0.507737055919637	0.0032872961063763126	-0.00023945241537723637
8.429999999999941	0.08726646259971647	0	1	0.08076886899424736	0.5078078371441334	0.003281805731318102	-0.00023856436391099224
8.444999999999942	0.08726646259971647	0	1	0.08078029978563547	0.5078783933120455	0.0032763315265962947	-0.00023768065521190263
8.459999999999942	0.08726646259971647	0	1	0.08079169392257737	0.507948725483411	0.0032708734323765518	-0.0002368012845126358
8.474999999999943	0.08726646259971647	0	1	0.08080305156934127	0.5080188345881618	0.0032654313783870986	-0.00023592619817975843
8.489999999999943	0.08726646259971647	0	1	0.08081437288950558	0.5080887217069592	0.003260005308101825	-0.00023505540400813117
8.504999999999944	0.08726646259971647	0	1	0.0808256580456877	0.5081583877996795	0.0032545951552636065	-0.00023418886452848176
8.519999999999945	0.08726646259971647	0	1	0.08083690719958198	0.5082278338333163	0.0032492008550369517	-0.00023332654733817306
8.534999999999945	0.08726646259971647	0	1	0.08084812051211408	0.5082970608320216	0.003243822348230091	-0.00023246844485061164
8.549999999999946	0.08726646259971647	0	1	0.08085929814332045	0.5083660697623834	0.0032384595713822184	-0.00023161452905138416
8.564999999999946	0.08726646259971647	0	1	0.08087044025241616	0.5084348616120444	0.003233112463573891	-0.00023076478243484971
8.579999999999947	0.08726646259971647	0	1	0.0808815469976951	0.5085034373196713	0.0032277809604032773	-0.0002299191706135555
8.594999999999947	0.08726646259971647	0	1	0.08089261853667976	0.5085717978795627	0.003222465002986716	-0.00022907768337223678
8.609999999999948	0.08726646259971647	0	1	0.08090365502601046	0.5086399442331184	0.0032171645285776623	-0.00022824029199701763
8.624999999999948	0.08726646259971647	0	1	0.0809146566214913	0.5087078773339792	0.0032118794762202585	-0.00022740697488766862
8.639999999999949	0.08726646259971647	0	1	0.08092562347809992	0.5087755981333453	0.0032066097854560674	-0.0002265777118069355
8.65499999999995	0.08726646259971647	0	1	0.08093655574995598	0.5088431075626448	0.0032013553948412182	-0.00022575247705190667
8.66999999999995	0.08726646259971647	0	1	0.08094745359039761	0.5089104065788179	0.0031961162458314443	-0.00022493125720281037
8.68499999999995	0.08726646259971647	0	1	0.08095831715181742	0.5089774960635716	0.0031908922741367626	-0.00022411401162271074
8.699999999999951	0.08726646259971647	0	1	0.08096914658588071	0.5090443769832546	0.0031856834234870596	-0.0002233007352372135
8.714999999999952	0.08726646259971647	0	1	0.08097994204336702	0.5091110502318641	0.0031804896320600656	-0.00022249139679240152
8.729999999999952	0.08726646259971647	0	1	0.08099070367423904	0.5091775167254659	0.003175310840672775	-0.0002216859759486286
8.744999999999953	0.08726646259971647	0	1	0.0810014316275988	0.5092437773553294	0.0031701469887273834	-0.00022088444493429638
8.759999999999954	0.08726646259971647	0	1	0.08101212605173662	0.5093098330266349	0.003164998017548881	-0.00022008678370171952
8.774999999999954	0.08726646259971647	0	1	0.08102278709416016	0.5093756846505456	0.0031598638696628753	-0.00021929297673075005
8.789999999999955	0.08726646259971647	0	1	0.08103341490146578	0.5094413330777048	0.0031547444831100876	-0.00021850298693350305
8.804999999999955	0.08726646259971647	0	1	0.08104400961951334	0.5095067792253896	0.003149639802393321	-0.00021771680562949453
8.819999999999956	0.08726646259971647	0	1	0.08105457139322537	0.5095720239202376	0.003144549764924308	-0.00021693439075029777
8.834999999999956	0.08726646259971647	0	1	0.08106510036679966	0.5096370680710924	0.0031394743159295427	-0.00021615573470881556
8.849999999999957	0.08726646259971647	0	1	0.08107559668359741	0.5097019125339431	0.0031344133967495177	-0.00021538081127831215
8.864999999999958	0.08726646259971647	0	1	0.0810860604861313	0.5097665581528446	0.003129366948432112	-0.00021460959165635113
8.879999999999958	0.08726646259971647	0	1	0.08109649191613941	0.5098310057962641	0.003124334914838059	-0.0002138420588063844
8.894999999999959	0.08726646259971647	0	1	0.08110689111449607	0.5098952562887242	0.003119317236752732	-0.0002130781805499762
8.90999999999996	0.08726646259971647	0	1	0.08111725822132934	0.5099593104972204	0.0031143138593277067	-0.00021231794348306035
8.92499999999996	0.08726646259971647	0	1	0.08112759337591278	0.5100231692369965	0.003109324723948953	-0.00021156131595299858
8.93999999999996	0.08726646259971647	0	1	0.08113789671675599	0.5100868333543562	0.0031043497753903554	-0.00021080828056136656
8.954999999999961	0.08726646259971647	0	1	0.08114816838157124	0.5101503036752655	0.003099388957352227	-0.00021005881396283512
8.969999999999962	0.08726646259971647	0	1	0.08115840850723362	0.5102135810020801	0.0030944422122168927	-0.0002093128855736225
8.984999999999962	0.08726646259971647	0	1	0.0811686172298641	0.5102766661652431	0.0030895094854876404	-0.00020857047790658674
8.999999999999963	0.08726646259971647	0	1	0.08117879468480281	0.5103395599775279	0.0030845907218139262	-0.00020783156850052686
9.014999999999963	0.08726646259971647	0	1	0.08118894100664216	0.5104022632590298	0.0030796858671449517	-0.00020709613968110022
9.029999999999964	0.08726646259971647	0	1	0.08119905632907407	0.5104647767589657	0.003074794862045524	-0.00020636414797296898
9.044999999999964	0.08726646259971647	0	1	0.08120914078524485	0.5105271013685898	0.003069917659961348	-0.00020563560759064424
9.059999999999965	0.08726646259971647	0	1	0.08121919450723002	0.5105892377527775	0.003065054195525635	-0.00020491044579028984
9.074999999999966	0.08726646259971647	0	1	0.08122921762661815	0.5106511868134592	0.0030602044245073776	-0.0002041886848924026
9.089999999999966	0.08726646259971647	0	1	0.08123921027407804	0.510712949265759	0.003055368287172594	-0.00020347027570649233
9.104999999999967	0.08726646259971647	0	1	0.08124917257964737	0.5107745259383761	0.0030505457342695497	-0.00020275521542632518
9.119999999999967	0.08726646259971647	0	1	0.08125910467254817	0.5108359175766938	0.0030457367099930716	-0.0002020434704221111
9.134999999999968	0.08726646259971647	0	1	0.08126900668123083	0.5108971249372495	0.003040941160205521	-0.0002013350133054948
9.149999999999968	0.08726646259971647	0	1	0.08127887873351379	0.5109581488288367	0.003036159035890426	-0.00020062983906962077
9.164999999999969	0.08726646259971647	0	1	0.08128872095637825	0.5110189899678355	0.003031390280707029	-0.0001999279081579072
9.17999999999997	0.08726646259971647	0	1	0.08129853347621759	0.5110796491683416	0.0030266348473695637	-0.00019922922114483306
9.19499999999997	0.08726646259971647	0	1	0.08130831641857168	0.511140127127074	0.0030218926791024184	-0.00019853373429080552
9.20999999999997	0.08726646259971647	0	1	0.08131806990833663	0.5112004246214173	0.003017163726752606	-0.00019784143732559678
9.224999999999971	0.08726646259971647	0	1	0.0813277940697576	0.5112605424200146	0.003012447940975674	-0.00019715231824887696
9.239999999999972	0.08726646259971647	0	1	0.08133748902630487	0.5113204812331635	0.0030077452680240743	-0.00019646634377894676
9.254999999999972	0.08726646259971647	0	1	0.08134715490079727	0.5113802418161556	0.0030030556586624554	-0.000195783500074169
9.269999999999973	0.08726646259971647	0	1	0.0813567918153204	0.5114398248838479	0.002998379060778378	-0.00019510375913754007
9.284999999999973	0.08726646259971647	0	1	0.08136639989136214	0.511499231201617	0.0029937154272015806	-0.00019442711445835314
9.299999999999974	0.08726646259971647	0	1	0.08137597924971075	0.5115584614863108	0.002989064707143829	-0.00019375354205516926
9.314999999999975	0.08726646259971647	0	1	0.08138553001045529	0.5116175164485331	0.0029844268498986914	-0.00019308301715920145
9.329999999999975	0.08726646259971647	0	1	0.08139505229307108	0.5116763968285934	0.0029798018078999178	-0.00019241552833696636
9.344999999999976	0.08726646259971647	0	1	0.08140454621633564	0.5117351033257023	0.0029751895306139517	-0.00019175104962883014
9.359999999999976	0.08726646259971647	0	1	0.08141401189843443	0.5117936366774011	0.0029705899713813252	-0.00019108957172574574
9.374999999999977	0.08726646259971647	0	1	0.0814234494568467	0.5118519975676004	0.0029660030794891948	-0.00019043106585832272
9.389999999999977	0.08726646259971647	0	1	0.08143285900848685	0.5119101867335264	0.0029614288093834235	-0.0001897755257806058
9.404999999999978	0.08726646259971647	0	1	0.08144224066956786	0.5119682048496853	0.002956867110657929	-0.00018912292220759578
9.419999999999979	0.08726646259971647	0	1	0.08145159455571428	0.5120260526318895	0.0029523179370405245	-0.00018847324365733257
9.43499999999998	0.08726646259971647	0	1	0.08146092078194601	0.5120837307839172	0.0029477812417436494	-0.00018782647547726513
9.44999999999998	0.08726646259971647	0	1	0.08147021946262084	0.5121412399798521	0.0029432569759790944	-0.00018718259288960252
9.46499999999998	0.08726646259971647	0	1	0.08147949071153204	0.5121985809290686	0.002938745094543928	-0.00018654158654638568
9.47999999999998	0.08726646259971647	0	1	0.08148873464181114	0.5122557542949243	0.002934245548807758	-0.00018590343058104208
9.494999999999981	0.08726646259971647	0	1	0.08149795136601619	0.5123127607721539	0.0029297582933938	-0.00018526811299946437
9.509999999999982	0.08726646259971647	0	1	0.08150714099615092	0.5123696010585336	0.002925283283680781	-0.0001846356244808253
9.524999999999983	0.08726646259971647	0	1	0.08151630364356034	0.5124262758029055	0.00292082047136389	-0.0001840059379662565
9.539999999999983	0.08726646259971647	0	1	0.08152543941901502	0.5124827856838026	0.002916369811247585	-0.000183379039616891
9.554999999999984	0.08726646259971647	0	1	0.08153454843268011	0.5125391313617264	0.002911931257102922	-0.00018275491006053217
9.569999999999984	0.08726646259971647	0	1	0.08154363079424445	0.512595313546352	0.0029075047674152685	-0.00018213355062720183
9.584999999999985	0.08726646259971647	0	1	0.08155268661264467	0.5126513328266389	0.002903090290805349	-0.00018151491671925159
9.599999999999985	0.08726646259971647	0	1	0.08156171599638544	0.5127071899201477	0.0028986877875128852	-0.00018089901578465434
9.614999999999986	0.08726646259971647	0	1	0.08157071905336341	0.5127628854663546	0.0028942972114958596	-0.0001802858259908772
9.629999999999987	0.08726646259971647	0	1	0.08157969589085212	0.5128184200929341	0.0028899185162455515	-0.0001796753223066046
9.644999999999987	0.08726646259971647	0	1	0.0815886466156479	0.5128737944836362	0.0028855516605757955	-0.00017906750320054442
9.659999999999988	0.08726646259971647	0	1	0.08159757133394606	0.5129290092657985	0.002881196598909397	-0.0001784623463460535
9.674999999999988	0.08726646259971647	0	1	0.0816064701513888	0.512984065081526	0.0028768532874570638	-0.00017785983661019986
9.689999999999989	0.08726646259971647	0	1	0.08161534317307957	0.5130389625740751	0.0028725216830120665	-0.00017725996073104325
9.70499999999999	0.08726646259971647	0	1	0.08162419050355399	0.5130937023696577	0.002868201741388743	-0.00017666270012911425
9.71999999999999	0.08726646259971647	0	1	0.08163301224684272	0.5131482851158381	0.0028638934207178487	-0.00017606804595434264
9.73499999999999	0.08726646259971647	0	1	0.08164180850643327	0.5132027114395679	0.002859596677814942	-0.00017547598257819247
9.749999999999991	0.08726646259971647	0	1	0.08165057938526377	0.5132569819601647	0.0028553114693230103	-0.0001748864926975408
9.764999999999992	0.08726646259971647	0	1	0.08165932498571807	0.5133110972899442	0.0028510377517733665	-0.00017429955764683343
9.779999999999992	0.08726646259971647	0	1	0.0816680454097437	0.513365058085959	0.002846775485991361	-0.0001737151775999345
9.794999999999993	0.08726646259971647	0	1	0.08167674075869905	0.5134188649367188	0.0028425246273437663	-0.0001731333270441272
9.809999999999993	0.08726646259971647	0	1	0.0816854111334086	0.51347251844868	0.0028382851332491715	-0.0001725539888668288
9.824999999999994	0.08726646259971647	0	1	0.08169405663430576	0.5135260192836603	0.0028340569663050305	-0.00017197716893378853
9.839999999999995	0.08726646259971647	0	1	0.08170267736116492	0.5135793679868031	0.002829840079512952	-0.0001714028285134894
9.854999999999995	0.08726646259971647	0	1	0.08171127341339789	0.513632565222247	0.0028256344365923045	-0.0001708309768659534
9.869999999999996	0.08726646259971647	0	1	0.08171984488982795	0.5136856115554869	0.0028214399931727405	-0.0001702615857464345
9.884999999999996	0.08726646259971647	0	1	0.08172839188884412	0.5137385076116465	0.0028172567104828086	-0.00016969465151469375
9.899999999999997	0.08726646259971647	0	1	0.08173691450833301	0.5137912539831407	0.0028130845473422275	-0.00016913015891244947
9.914999999999997	0.08726646259971647	0	1	0.081745412845671	0.5138438512544025	0.0028089234623338843	-0.00016856809073652917
9.929999999999998	0.08726646259971647	0	1	0.08175388699777555	0.5138963000269107	0.002804773415941153	-0.00016800843772587351
9.944999999999999	0.08726646259971647	0	1	0.08176233706116956	0.513948600925131	0.0028006343710017534	-0.00016745120074178094
9.959999999999999	0.08726646259971647	0	1	0.08177076313170077	0.5140007544514177	0.002796506280303361	-0.00016689633391294266
9.975	0.08726646259971647	0	1	0.08177916530499556	0.5140527612936389	0.002792389113029682	-0.00016634386545041213
9.99	0.08726646259971647	0	1	0.08178754367603745	0.5141046219598194	0.002788282823231271	-0.00016579375403435838
10.005	0.08726646259971647	0	1	0.08179589833949899	0.5141563370921794	0.0027841873769584163	-0.00016524601215400577
10.020000000000001	0.08726646259971647	0	1	0.0818042293894579	0.5142079072105309	0.002780102730104664	-0.0001647006054533537
