0.015	0.2617993877991494	0	1	0.2647648384783769	29.39491414545296	7.420352047611822	-6.348623423987668	0.7968850010955293	0.7968850010955293	-0.01	0	1.3757298238912736	0.10628391747708268	0.269445906414191
0.03	0.2617993877991494	0	1	0.1314656397046926	-52.92316806067561	-14.293144550475859	21.963142335094396	0.9986641336619777	0.7978913787176869	-0.11498276936738441	0	1.1152675749051675	0.10628391747708268	0.00898365742808474
0.045	0.2617993877991494	0	1	0.13252936178388922	1.1774589894858072	0.20124810817172123	-0.27666873434883865	0.9986094830707215	0.7998888284370591	-0.007408823668251748	0	1.1195175071633319	0.10628391747708268	0.013233589686249212
0.06	0.2617993877991494	0	1	0.13374421341619502	1.3118146402703137	0.23514439443241067	-0.400117203625178	0.9985443180042536	0.8018658069760134	-0.02167596206595406	0	1.124070829543773	0.10628391747708268	0.017786912066690305
0.075	0.2617993877991494	0	1	0.1349139788085744	1.3115066380918239	0.23301761107041083	-0.38354445938504894	0.9984786913198297	0.8038224635442563	-0.01693816547729465	0	1.128322222034328	0.10628391747708268	0.02203830455724544
0.09	0.2617993877991494	0	1	0.1360426401838627	1.29213714101747	0.2258382734749425	-0.36143532957747565	0.9984125722537535	0.8057589956021652	-0.015143655894906407	0	1.1323981606741178	0.10628391747708268	0.026114243197035102
0.105	0.2617993877991494	0	1	0.13712480628082618	1.2720620979110238	0.2185362718905716	-0.3408465626416384	0.9983472618346778	0.8076756049815919	-0.013131351799088708	0	1.1362190817252353	0.10628391747708268	0.02993516424815278
0.12	0.2617993877991494	0	1	0.13815795467208913	1.2559133384274257	0.2123591989241145	-0.3243430553038693	0.9982808171994922	0.8095724882726012	-0.011704297995174523	0	1.1398107209130195	0.10628391747708268	0.03352680343593675
0.135	0.2617993877991494	0	1	0.13916509418401785	1.2513912652130144	0.2093306939417218	-0.3152510903698727	0.9982142971023638	0.8114498357479718	-0.010702829976048244	0	1.143242389580852	0.10628391747708268	0.03695847210376924
0.15000000000000002	0.2617993877991494	0	1	0.14014798560710043	1.2496239215200409	0.20707133525443652	-0.3088213159760009	0.9981468974669568	0.8133078370311111	-0.009951717744801617	0	1.1465340841312783	0.10628391747708268	0.04025016665419576
0.16500000000000004	0.2617993877991494	0	1	0.14110856503938465	1.2492826059275994	0.20522247436074043	-0.30374758504048316	0.9980785703977829	0.8151466756294161	-0.009317961347411597	0	1.1496970907062412	0.10628391747708268	0.04341317322915852
0.18000000000000005	0.2617993877991494	0	1	0.14204776967193744	1.2495377590565684	0.20356093606389453	-0.2994393506555368	0.998009328381929	0.8169665330489463	-0.008762587379808572	0	1.1527387969978513	0.10628391747708268	0.046454879520768655
0.19500000000000006	0.2617993877991494	0	1	0.14296651507076574	1.2504653037467994	0.20210614444848515	-0.29556784786469936	0.9979391809082514	0.8187675890990402	-0.00829070544921285	0	1.1536464620664413	0.10628391747708268	0.04736254458935855
0.21000000000000008	0.2617993877991494	0	1	0.14386642176331207	1.230581562825229	0.1950992661374369	-0.2799802125122338	0.997868075884106	0.8205500215871806	-0.007855182308763031	0	1.1563237579684025	0.10628391747708268	0.05003984049131983
0.2250000000000001	0.2617993877991494	0	1	0.1447484235593459	1.232425836946676	0.1939375755713363	-0.27794484036550215	0.9977960054220983	0.8223140062537801	-0.007476258782900779	0	1.1589968638172874	0.10628391747708268	0.052712946340204715
0.2400000000000001	0.2617993877991494	0	1	0.14561331491072332	1.2331124327100809	0.192487981047021	-0.2746351393523682	0.9977229676151059	0.8240597170419512	-0.007140340354909496	0	1.1616053506259867	0.10628391747708268	0.055321433148903976
0.2550000000000001	0.2617993877991494	0	1	0.14646225495374154	1.2344025287122826	0.19122075788639029	-0.2716940262127867	0.9976489234446618	0.8257873259599732	-0.006840832458322342	0	1.1641377781531008	0.10628391747708268	0.057853860676018075
0.27000000000000013	0.2617993877991494	0	1	0.14729627357885608	1.2362167654446303	0.19011319674578137	-0.2691427240669235	0.9975738364743432	0.8274970029292525	-0.006571779292760767	0	1.1665939377755885	0.10628391747708268	0.06031002029850584
0.28500000000000014	0.2617993877991494	0	1	0.14811622452687467	1.238540347195387	0.1891601737272965	-0.26701870519934034	0.9974976786700258	0.8291889158598076	-0.0063279610877709485	0	1.168977130601765	0.10628391747708268	0.06269321312468223
0.30000000000000016	0.2617993877991494	0	1	0.14892275905774177	1.241272767387282	0.18833394659544125	-0.2652752836191137	0.9974204351115701	0.8308632307773861	-0.006104999288602829	0	1.1712910738943783	0.10628391747708268	0.0650071564172955
0.31500000000000017	0.2617993877991494	0	1	0.14971636093607246	1.2443293889314337	0.1876113169800275	-0.2638679010987855	0.9973421031319673	0.8325201119684068	-0.005899415534203535	0	1.1735391805794992	0.10628391747708268	0.0672552631024166
0.3300000000000002	0.2617993877991494	0	1	0.15049740546095566	1.247653352160649	0.18697671514348657	-0.26276269556833853	0.9972626884705039	0.834159722100001	-0.005708583472608314	0	1.175724486024895	0.10628391747708268	0.06944056854781236
0.3450000000000002	0.2617993877991494	0	1	0.15126619405721758	1.2512437596339416	0.18642969022774727	-0.261630858520364	0.9971822030982038	0.8357822223089222	-0.0055515221941575986	0	1.1780615284477627	0.10628391747708268	0.07177761097068011
0.3600000000000002	0.2617993877991494	0	1	0.15202299517906726	1.2330680372657328	0.1800664685993762	-0.2476374709755179	0.9971006615496756	0.8373877722604868	-0.005370810018286667	0	1.18028789641743	0.10628391747708268	0.07400397894034717
0.3750000000000002	0.2617993877991494	0	1	0.15276882556887697	1.2384815677606147	0.18003832176335327	-0.2490263739782179	0.9970179937466037	0.8389765297539269	-0.005211306654924208	0	1.1823725195550714	0.10628391747708268	0.0760886020779887
0.39000000000000024	0.2617993877991494	0	1	0.1535032854326086	1.2402792807831737	0.17905679084061238	-0.24705027470364962	0.9969342831178764	0.8405486510866763	-0.005062443019901206	0	1.18436585990112	0.10628391747708268	0.07808194242403722
0.40500000000000025	0.2617993877991494	0	1	0.1542267300090927	1.2424450683353125	0.17818896965066974	-0.24532003954912293	0.9968495309569381	0.842104291421462	-0.004922167736682476	0	1.1862966207905767	0.10628391747708268	0.08001270331349418
0.42000000000000026	0.2617993877991494	0	1	0.15493947838141314	1.2446658983730603	0.17735064935173495	-0.24364093164449807	0.9967637408876897	0.8436436044016095	-0.0047900555027190215	0	1.1881751044064481	0.10628391747708268	0.08189118692936537
0.4350000000000003	0.2617993877991494	0	1	0.1556418783634811	1.2470951449154821	0.1765825196640559	-0.24216656257782432	0.9966769111875647	0.8451667421510599	-0.0046652979963609864	0	1.1900063947641013	0.10628391747708268	0.08372247728701865
0.4500000000000003	0.2617993877991494	0	1	0.1563342803910483	1.2497399421186979	0.17588606313416974	-0.2409074160059238	0.9965890375431077	0.8466738552500346	-0.0045474011756712	0	1.1917935480568647	0.10628391747708268	0.08550963057978209
0.4650000000000003	0.2617993877991494	0	1	0.15701702901910486	1.2526074157475613	0.1752627554521923	-0.23986980552136028	0.9965001139906258	0.8481650927293062	-0.004435876158639048	0	1.1935388982090376	0.10628391747708268	0.087254980731955
0.4800000000000003	0.2617993877991494	0	1	0.15769045220008612	1.2556936316866187	0.17471112691545126	-0.23905080178642787	0.9964101343286663	0.8496406020762408	-0.004330247812884161	0	1.1952444437901661	0.10628391747708268	0.08896052631308346
0.49500000000000033	0.2617993877991494	0	1	0.1583548775969868	1.259036889923306	0.17424101004345813	-0.23815618053866222	0.9963190900858485	0.8511005292376538	-0.004258796422739853	0	1.1986703838693948	0.10628391747708268	0.0923864663923121
0.5100000000000003	0.2617993877991494	0	1	0.1590099837360624	1.2407545940357199	0.1679898791485238	-0.22403101076768048	0.9962270623635153	0.8525450190706199	-0.004143726840632507	0	1.2004056516597634	0.10628391747708268	0.09412173418268084
0.5250000000000004	0.2617993877991494	0	1	0.15965768338992994	1.2478801965678885	0.16855657515057348	-0.2272856808297791	0.9961338133335711	0.8539742142071663	-0.0040491969575812406	0	1.2020294537405818	0.10628391747708268	0.09574553626349912
0.5400000000000004	0.2617993877991494	0	1	0.16029709981816895	1.2497572269463524	0.16772873711518058	-0.22564978823171203	0.9960394964157647	0.8553882554450356	-0.0039615218670092395	0	1.2036041845347185	0.10628391747708268	0.09732026705763576
0.5550000000000004	0.2617993877991494	0	1	0.16092845124505745	1.2520997579597315	0.16703719606637887	-0.2243595152264176	0.9959441118053698	0.8567872829433512	-0.003877352517542657	0	1.2051411376769479	0.10628391747708268	0.09885722019986513
0.5700000000000004	0.2617993877991494	0	1	0.1615518698087637	1.2543616536697773	0.16633553633096188	-0.22300571634957125	0.9958476717922238	0.8581714355288945	-0.0037972267610297144	0	1.2066460889671196	0.10628391747708268	0.10036217149003683
0.5850000000000004	0.2617993877991494	0	1	0.16216751076067357	1.2567383023461656	0.16567597751499888	-0.22178703308760406	0.995750184764061	0.8595408507499221	-0.0037203957567589724	0	1.2081213531083144	0.10628391747708268	0.1018374356312316
0.6000000000000004	0.2617993877991494	0	1	0.16277552126088396	1.2592284480619866	0.1650580583389936	-0.2207109665736189	0.9956516598423218	0.8608956648731807	-0.0036466136790866367	0	1.2095683643301514	0.10628391747708268	0.1032844468530687
0.6150000000000004	0.2617993877991494	0	1	0.163376043932637	1.26183972496072	0.16448370229550074	-0.2197865848135864	0.995552106378186	0.862236012901446	-0.003575627281543507	0	1.2109881856547284	0.10628391747708268	0.10470426817764569
0.6300000000000004	0.2617993877991494	0	1	0.1639692182575382	1.2645721676750559	0.1639527966226416	-0.21901379888797048	0.9954515337424465	0.8635620285873377	-0.003507242871809842	0	1.2123817377192017	0.10628391747708268	0.106097820242119
0.6450000000000005	0.2617993877991494	0	1	0.16455518259971996	1.2674257491222403	0.16346520797429445	-0.2183914259527098	0.9953499509755849	0.8648738444442076	-0.003441296889315136	0	1.2137498689669328	0.10628391747708268	0.10746595148985019
0.6600000000000005	0.2617993877991494	0	1	0.16513407540380537	1.2704000191270453	0.16302068318993668	-0.21791746156120545	0.9952473665406645	0.8661715917539523	-0.0033776505444184013	0	1.2150933836566338	0.10628391747708268	0.10880946617955121
0.6750000000000005	0.2617993877991494	0	1	0.16570604591224697	1.2735619339112993	0.16263700117290858	-0.21732636608710815	0.9951437864426502	0.8674554005641409	-0.0033547891806203186	0	1.2159074141786976	0.10628391747708268	0.10962349670161496
0.6900000000000005	0.2617993877991494	0	1	0.1662704709853482	1.2556116785645575	0.15660839617875372	-0.20340623610574105	0.9950393598871287	0.868725400402314	-0.003267268009737682	0	1.217057555563011	0.10628391747708268	0.11077363808592833
0.7050000000000005	0.2617993877991494	0	1	0.1668295733894368	1.2626511484574414	0.15728317580691467	-0.2070896990538212	0.9949337043318492	0.8699817183397084	-0.003205636895617877	0	1.2182762979509576	0.10628391747708268	0.11199238047387497
0.7200000000000005	0.2617993877991494	0	1	0.16738218443146158	1.2642510254317612	0.15651048991623887	-0.20559749918064152	0.9948270643523344	0.8712244795045851	-0.0031490030383800986	0	1.2195084495521753	0.10628391747708268	0.1132245320750926
0.7350000000000005	0.2617993877991494	0	1	0.1679284522804182	1.2663498351125626	0.1558813779533359	-0.20450024895105215	0.9947194424685699	0.8724538090064682	-0.0030936368273105624	0	1.2207306639310171	0.10628391747708268	0.11444674645393443
0.7500000000000006	0.2617993877991494	0	1	0.1684684533709894	1.2683425078708916	0.15523367971520727	-0.2033086639607781	0.9946108547221818	0.8736698308025348	-0.003040741729658923	0	1.2219358879191913	0.10628391747708268	0.11565197044210868
0.7650000000000006	0.2617993877991494	0	1	0.16900230860284854	1.27042237523114	0.1546190644864183	-0.20221947989591466	0.9945013080159082	0.8748726677306042	-0.0029896242390623027	0	1.2231221085376311	0.10628391747708268	0.11683819106054842
0.7800000000000006	0.2617993877991494	0	1	0.1695301391602282	1.2725872061210013	0.15403679523163857	-0.20123736532951036	0.9943908085002118	0.8760624414711702	-0.0029402142769064474	0	1.2242890587827313	0.10628391747708268	0.1180051413056486
0.7950000000000006	0.2617993877991494	0	1	0.17005206476158613	1.2748450074189193	0.15348887664448588	-0.2003716285788618	0.9942793618988031	0.8772392725530552	-0.0028923786944409858	0	1.2254370242998358	0.10628391747708268	0.11915310682275326
0.8100000000000006	0.2617993877991494	0	1	0.17056820125779062	1.2771956956804424	0.15297514957435546	-0.19962268579835782	0.9941669740217491	0.8784032803631824	-0.0028460252064856336	0	1.226566459438844	0.10628391747708268	0.12028254196176132
0.8250000000000006	0.2617993877991494	0	1	0.1710786603403226	1.2796386121654333	0.15249530554079946	-0.1989899242491905	0.9940536508680683	0.8795545831593086	-0.0028010705003116026	0	1.2276778576496963	0.10628391747708268	0.12139394017261358
0.8400000000000006	0.2617993877991494	0	1	0.1715835495962628	1.2821724173677478	0.1520488585730801	-0.19847192534762487	0.9939393986588584	0.8806932980833052	-0.002757440430299742	0	1.228771709731816	0.10628391747708268	0.12248779225473344
0.8550000000000006	0.2617993877991494	0	1	0.1720829102860009	1.2848880577129755	0.1516601950763887	-0.19783797018775762	0.9938242385858123	0.8818195412480299	-0.002766225144692872	0	1.228565559217496	0.10628391747708268	0.12228164174041332
0.8700000000000007	0.2617993877991494	0	1	0.17257599812962332	1.2673251362694902	0.14584874699326633	-0.18399180491895595	0.9937083779636088	0.8829334287501509	-0.002688591180594441	0	1.229555048743149	0.10628391747708268	0.12327113126606644
0.8850000000000007	0.2617993877991494	0	1	0.17306545760044334	1.274755353723238	0.1467391966333989	-0.18847162054917324	0.9935912202842142	0.8840350735848886	-0.002642415970214757	0	1.2305962039187206	0.10628391747708268	0.12431228644163798
0.9000000000000007	0.2617993877991494	0	1	0.17354977290425255	1.2761896436153246	0.1460315403900223	-0.18711697125172116	0.9934731467053709	0.8851245865639161	-0.0026024464959772528	0	1.2316265559831252	0.10628391747708268	0.12534263850604258
0.9150000000000007	0.2617993877991494	0	1	0.1740290581030471	1.278160653028206	0.1454760347670307	-0.18621013417448676	0.9933541579916526	0.8862020792916764	-0.0025624143447043183	0	1.2326446592849236	0.10628391747708268	0.1263607418078409
0.9300000000000007	0.2617993877991494	0	1	0.17450333618536878	1.2799825617353722	0.14488895669254592	-0.18516407258774042	0.9932342771290397	0.8872676623805666	-0.0025244410096229943	0	1.2336478790994	0.10628391747708268	0.12736396162231736
0.9450000000000007	0.2617993877991494	0	1	0.1749726864170934	1.2818600889993081	0.14432507277661735	-0.18418992509084878	0.9931135131054043	0.8883214455012712	-0.002487600542285589	0	1.2346360548131154	0.10628391747708268	0.12835213733603268
0.9600000000000007	0.2617993877991494	0	1	0.17543719200045316	1.2837918861001152	0.14378392200154047	-0.18329243290441957	0.9929918734380905	0.889363537315329	-0.002451882528780645	0	1.2356093246736677	0.10628391747708268	0.12932540719658506
0.9750000000000008	0.2617993877991494	0	1	0.17589693777368584	1.285787186271211	0.14326787209388858	-0.18248194192963316	0.9928693646717365	0.8903940454730263	-0.002417172130055648	0	1.2365679903282625	0.10628391747708268	0.13028407285117985
0.9900000000000008	0.2617993877991494	0	1	0.17635200723030064	1.2878465625829258	0.14277697045716384	-0.1817592583125092	0.9927459931243418	0.8914130766175009	-0.002383407817487024	0	1.2375123852580647	0.10628391747708268	0.13122846778098216
1.0050000000000008	0.2617993877991494	0	1	0.17680248187896816	1.2899698547371419	0.1423110697138331	-0.1811240665656958	0.9926217650653627	0.8924207363933966	-0.002350536188966452	0	1.238442847958325	0.10628391747708268	0.1321589304812423
1.0200000000000007	0.2617993877991494	0	1	0.17724844090325134	1.2921561576842981	0.14186982554782535	-0.18057524092594293	0.9924966868279265	0.8934171294568752	-0.002318512203601218	0	1.239359710727462	0.10628391747708268	0.1330757932503794
1.0350000000000006	0.2617993877991494	0	1	0.17768996100865023	1.294404215336188	0.14145280266821147	-0.18011131646381073	0.9923707648780052	0.8944023594864308	-0.0022872954234422326	0	1.24026329657636	0.10628391747708268	0.13397937909927737
1.0500000000000005	0.2617993877991494	0	1	0.17812711634784967	1.2967124802219772	0.14105949108379276	-0.1797305709976777	0.9922440058664133	0.895376529194198	-0.002256848758778579	0	1.2411539182374913	0.10628391747708268	0.13487000076040861
1.0650000000000004	0.2617993877991494	0	1	0.17855980815882877	1.299204779017834	0.14072337394747111	-0.17924499298503122	0.992116467634516	0.8963397405917998	-0.0022955143496660845	0	1.2426993641405426	0.10628391747708268	0.13641544666345995
1.0800000000000003	0.2617993877991494	0	1	0.1789875008916351	1.2825044459834123	0.13525381176601955	-0.16584051934592436	0.9919883417409419	0.8972920959182752	-0.0022183668677150906	0	1.2436692997716357	0.10628391747708268	0.13738538229455297
1.0950000000000002	0.2617993877991494	0	1	0.17941286183375585	1.2896006616690883	0.1361635785255545	-0.17046894356888512	0.9918588490412398	0.8982336934600063	-0.0021814992019364306	0	1.2445682750419675	0.10628391747708268	0.1382843575648848
1.11	0.2617993877991494	0	1	0.17983413401595885	1.290809746852254	0.13550310565413004	-0.1691941665778836	0.991728538265608	0.8991646293955946	-0.002152632349972176	0	1.2454286452867247	0.10628391747708268	0.139144727809642
1.125	0.2617993877991494	0	1	0.1802514197089171	1.2925894269017164	0.1350025628502234	-0.1684152617510337	0.9915974044212612	0.9000850016449009	-0.0021227354071127686	0	1.2462693368192057	0.10628391747708268	0.13998541934212294
1.14	0.2617993877991494	0	1	0.18066470973637203	1.2942220723417244	0.13446974836802486	-0.16749166785335134	0.9914654771358112	0.9009949072764575	-0.002094864329041578	0	1.247095984035483	0.10628391747708268	0.1408120665584003
1.1549999999999998	0.2617993877991494	0	1	0.18107405406958715	1.29589087385635	0.1339536947367286	-0.16661951471833064	0.9913327676753552	0.9018944425961702	-0.002067788956140573	0	1.2479107536113976	0.10628391747708268	0.1416268361343149
1.1699999999999997	0.2617993877991494	0	1	0.18147950686023978	1.2975906406137774	0.1334529462633135	-0.16579976841572294	0.9911992856928736	0.9027837030557391	-0.002041527203580623	0	1.248714505587675	0.10628391747708268	0.14243058811059223
1.1849999999999996	0.2617993877991494	0	1	0.1818811243713646	1.2993289082629695	0.13296945056994716	-0.16504155978144391	0.9910650398008479	0.9036627832479629	-0.0020159521219100616	0	1.2495076791949278	0.10628391747708268	0.14322376171784523
1.1999999999999995	0.2617993877991494	0	1	0.18227896221957185	1.3011061074786678	0.13250325128399115	-0.16434570809267945	0.9909300384405576	0.9045317769092684	-0.0019910072537891407	0	1.2502905644398206	0.10628391747708268	0.14400664696273782
1.2149999999999994	0.2617993877991494	0	1	0.1826730750252221	1.3029224165932072	0.13205432507096546	-0.16371230183630472	0.9907942899995411	0.9053907769271136	-0.0019666468449793784	0	1.2510633974381424	0.10628391747708268	0.14477947996105983
1.2299999999999993	0.2617993877991494	0	1	0.18306351634968115	1.3047775886649335	0.13162253549955333	-0.1631408411481174	0.9906578028391564	0.906239875348037	-0.001942836303861645	0	1.25182639197024	0.10628391747708268	0.14554247449315721
1.2449999999999992	0.2617993877991494	0	1	0.18345033877369596	1.3066712436306558	0.13120771118948352	-0.1626306270639109	0.990520585274231	0.9070791633856641	-0.0019195472356508096	0	1.252579750488301	0.10628391747708268	0.14629583301121823
1.2599999999999991	0.2617993877991494	0	1	0.1838335939882173	1.3086028801495746	0.13080964881773224	-0.16218081035843215	0.9903826455463537	0.9079087314283981	-0.0018967556483195523	0	1.2533236680494486	0.10628391747708268	0.14703975057236596
1.274999999999999	0.2617993877991494	0	1	0.18421333287802147	1.3105718896279517	0.1304281167225732	-0.16179041957780677	0.9902439917975274	0.9087286690467713	-0.0018744407037440398	0	1.2540583338648814	0.10628391747708268	0.14777441638779878
1.289999999999999	0.2617993877991494	0	1	0.18458933820264417	1.3127496142273227	0.1301095997040557	-0.16132824414757618	0.9901047323377874	0.9095390655006785	-0.0019455121497479444	0	1.2555766058157374	0.10628391747708268	0.14929268833865464
1.3049999999999988	0.2617993877991494	0	1	0.1849613487897749	1.2970072055340203	0.12499717071597291	-0.1483753611312532	0.9899649957971729	0.910340010340913	-0.0018606760036870068	0	1.2563157551283892	0.10628391747708268	0.15003183765130662
1.3199999999999987	0.2617993877991494	0	1	0.18533199814881868	1.3037652613223443	0.1259152046619227	-0.15314062854996816	0.9898238080102115	0.9111315880068978	-0.0018272877062331708	0	1.2570239394666904	0.10628391747708268	0.15074002198960768
1.3349999999999986	0.2617993877991494	0	1	0.18569930782769647	1.3048535346648615	0.12532030605814845	-0.15202971574933355	0.9896819327597528	0.911913881072814	-0.0018052468755893826	0	1.2577254417386805	0.10628391747708268	0.15144152426159782
1.3499999999999985	0.2617993877991494	0	1	0.18606338384853421	1.3065038952059953	0.12488209058051952	-0.1514200831742752	0.9895393546366655	0.9126869750047468	-0.0017812301870948637	0	1.258418218066616	0.10628391747708268	0.15213430058953323
1.3649999999999984	0.2617993877991494	0	1	0.18642420202215443	1.308008112913477	0.12441089317897289	-0.15065694135476976	0.9893961085995189	0.9134509545162656	-0.0017595852892514187	0	1.2591028712521573	0.10628391747708268	0.1528189537750745
1.3799999999999983	0.2617993877991494	0	1	0.1867818008434769	1.309534281871091	0.1239517068642875	-0.14992744928418686	0.9892522053279886	0.9142059037047781	-0.001738623615676844	0	1.259779480271413	0.10628391747708268	0.15349556279433038
1.3949999999999982	0.2617993877991494	0	1	0.18713622408592606	1.3110769412689993	0.12350300677861498	-0.1492320238455938	0.9891076530908959	0.9149519059251487	-0.0017183858919322767	0	1.2604482159626493	0.10628391747708268	0.15416429848556662
1.4099999999999981	0.2617993877991494	0	1	0.18748751833103885	1.3126428012472204	0.12306652120631967	-0.148579208363889	0.9889624586161672	0.9156890437774388	-0.0016987143087778122	0	1.261109236597762	0.10628391747708268	0.15482531912067943
1.424999999999998	0.2617993877991494	0	1	0.18783572997263273	1.3142321351967856	0.12264225293130859	-0.147969685840226	0.9888166282616099	0.9164173991049226	-0.001679546665943082	0	1.2617626993683164	0.10628391747708268	0.1554787818912337
1.439999999999998	0.2617993877991494	0	1	0.18818090468303872	1.3158449785152215	0.12223014151834552	-0.1474034466787577	0.9886701682323458	0.9171370529990204	-0.0016608347093401102	0	1.2624087562106472	0.10628391747708268	0.15612483873356442
1.4549999999999979	0.2617993877991494	0	1	0.18852308719899208	1.3174809981467372	0.12183002891610406	-0.1468799661570923	0.9885230846779041	0.9178480858057436	-0.001642544352922508	0	1.2630475540060888	0.10628391747708268	0.15676363652900605
1.4699999999999978	0.2617993877991494	0	1	0.1888623212612955	1.3191397626959922	0.12144173202073677	-0.14639858157520197	0.9883753837295062	0.9185505771327456	-0.001624648896476532	0	1.2636792346151695	0.10628391747708268	0.15739531713808683
1.4849999999999977	0.2617993877991494	0	1	0.18919864957930166	1.3208207565528194	0.12106504658708139	-0.14595854218697477	0.988227071528857	0.9192446058566288	-0.0016071265826030081	0	1.2643039350961534	0.10628391747708268	0.15802001761907059
1.4999999999999976	0.2617993877991494	0	1	0.18953211380222035	1.3225233924806699	0.1206997507114998	-0.14555903383363306	0.9880781542555774	0.9199302501304607	-0.00158995895604948	0	1.2649217879052288	0.10628391747708268	0.1586378704281462
1.5149999999999975	0.2617993877991494	0	1	0.18986275449430545	1.3242470156675397	0.12034560601743877	-0.1451991862637866	0.987928638154357	0.9206075873914855	-0.0015731299002501979	0	1.265532921079537	0.10628391747708268	0.15924900360245425
1.5299999999999974	0.2617993877991494	0	1	0.19019061111743782	1.3259909096612896	0.12000235932743417	-0.14487807880226053	0.9877785295600569	0.9212766943690194	-0.0015566250167342456	0	1.2661374584020546	0.10628391747708268	0.15985354092497192
1.5449999999999973	0.2617993877991494	0	1	0.1905154388061631	1.3279973157641165	0.11973556153716217	-0.14453950904126805	0.987627967913174	0.921937647755809	-0.0016710901212246415	0	1.2661764325767675	0.10628391747708268	0.15989251509968477
1.5599999999999972	0.2617993877991494	0	1	0.19083723794860938	1.3134142861422504	0.11502978426997007	-0.13216679369916728	0.9874769804363295	0.9225905243092628	-0.0015679652255084755	0	1.2667001342231352	0.10628391747708268	0.16041621674605253
1.574999999999997	0.2617993877991494	0	1	0.1911586055671389	1.319823250904391	0.11594852089581245	-0.13701359215409636	0.9873243563013544	0.9232353941191055	-0.0015338528529951806	0	1.2672698600714964	0.10628391747708268	0.1609859425944138
1.589999999999997	0.2617993877991494	0	1	0.19147727528372238	1.3207401005285502	0.11540102677431291	-0.13598116720263623	0.9871711767389821	0.9238723259614076	-0.0015166985467508335	0	1.2678478274708396	0.10628391747708268	0.161563909993757
1.6049999999999969	0.2617993877991494	0	1	0.19179336214213236	1.3222308169779209	0.1150124233752173	-0.1354801976180803	0.9870174101039607	0.9245013931358395	-0.0014962607267001373	0	1.2684245845823845	0.10628391747708268	0.16214066710530184
1.6199999999999968	0.2617993877991494	0	1	0.19210683002177503	1.3235931878229594	0.11459467558291223	-0.13483567633138652	0.9868630973749047	0.9251226682600651	-0.0014788911890248357	0	1.268996632419963	0.10628391747708268	0.1627127149428804
1.6349999999999967	0.2617993877991494	0	1	0.19241770477078735	1.3249694749349623	0.11418586968701899	-0.13421410777481252	0.9867082497588716	0.9257362234884484	-0.0014622040303566828	0	1.2695629646853894	0.10628391747708268	0.16327904720830688
1.6499999999999966	0.2617993877991494	0	1	0.19272601726869268	1.326352067427545	0.11378392039521745	-0.13361345358929635	0.9865528757472951	0.9263421303553736	-0.0014462584018411747	0	1.2701233223544544	0.10628391747708268	0.16383940487737172
1.6649999999999965	0.2617993877991494	0	1	0.19303180069256837	1.3277457085874196	0.11339004618235507	-0.13304064393962398	0.9863969823615186	0.9269404597606045	-0.0014308397441190222	0	1.2706776995598448	0.10628391747708268	0.16439378208276212
1.6799999999999964	0.2617993877991494	0	1	0.1933350877957106	1.3291502550835261	0.11300415644413137	-0.13249610827099315	0.9862405764866407	0.9275312819676246	-0.0014158661806026969	0	1.271226168871758	0.10628391747708268	0.16494225139467544
1.6949999999999963	0.2617993877991494	0	1	0.19363591053248755	1.330565602192614	0.11262617217149742	-0.13197984168476506	0.9860836650703005	0.928114666609604	-0.001401276335873229	0	1.271768825899735	0.10628391747708268	0.1654849084226523
1.7099999999999962	0.2617993877991494	0	1	0.1939343000142197	1.33199147610055	0.11225597043534963	-0.13149148649350945	0.9859262551594157	0.9286906826964763	-0.0013870288328540377	0	1.2723057710830765	0.10628391747708268	0.1660218536059938
1.724999999999996	0.2617993877991494	0	1	0.19423028660052416	1.3334276161403809	0.11189343301266547	-0.13103062796012088	0.9857683538661708	0.9292593986219585	-0.0013730928843277712	0	1.2728371040560846	0.10628391747708268	0.16655318657900192
1.739999999999996	0.2617993877991494	0	1	0.194523900000269	1.3348737668681343	0.11153844403187893	-0.13059682327359287	0.9856099683258903	0.9298208821701215	-0.001359444799035177	0	1.2733629220358358	0.10628391747708268	0.16707900455875313
1.754999999999996	0.2617993877991494	0	1	0.19481516936135032	1.3363296747632607	0.11119088888298892	-0.13018961292526351	0.9854511056577497	0.9303752005214905	-0.001346065664745697	0	1.2738833194978048	0.10628391747708268	0.16759940202072202
1.7699999999999958	0.2617993877991494	0	1	0.19510412334446772	1.3377950816147923	0.1108506522777852	-0.1298085200153916	0.9852917729314223	0.9309224202587235	-0.0013329399695903897	0	1.2743983882355685	0.10628391747708268	0.1681144707584859
1.7849999999999957	0.2617993877991494	0	1	0.19539079018243083	1.3392697195888623	0.11051761679535682	-0.1294530489801347	0.9851319771394397	0.9314626073719295	-0.0013200546986291218	0	1.2749082175183457	0.10628391747708268	0.16862430004126305
1.7999999999999956	0.2617993877991494	0	1	0.19567519772695505	1.3407533088581252	0.11019166214426715	-0.129122685292178	0.9849717251747346	0.9319958272636852	-0.001307398724601387	0	1.2754128942582403	0.10628391747708268	0.1691289767811576
1.8149999999999955	0.2617993877991494	0	1	0.1959573734843945	1.3422455557603972	0.10987266459341088	-0.1288168956891088	0.9848110238130432	0.932522144753802	-0.0012949623804635515	0	1.2759125031628102	0.10628391747708268	0.16962858568572756
1.8299999999999954	0.2617993877991494	0	1	0.19623734464127515	1.3437461520758043	0.10956049672756685	-0.12853512911142495	0.9846498797001167	0.933041624083895	-0.001282737149929434	0	1.27640712686797	0.10628391747708268	0.17012320939088732
1.8449999999999953	0.2617993877991494	0	1	0.19651504823321347	1.3456115387188488	0.10935085166601866	-0.12832910494103061	0.9844883534403831	0.9335543291916104	-0.0014619454737786102	0	1.2765465763241655	0.10628391747708268	0.17026265884708286
1.8599999999999952	0.2617993877991494	0	1	0.19679058470105024	1.3323118761771622	0.10508228888331766	-0.11657058764550039	0.9843264067012525	0.9340603234879785	-0.0013223682797162929	0	1.2770218109026574	0.10628391747708268	0.17073789342557472
1.8749999999999951	0.2617993877991494	0	1	0.1970664392750067	1.338145309549626	0.10593862045163285	-0.12121918072997767	0.9841625789287174	0.9345596622783044	-0.0012853605411518474	0	1.2775161110117055	0.10628391747708268	0.17123219353462293
1.889999999999995	0.2617993877991494	0	1	0.19734010802382676	1.3389748976463633	0.1054587975014866	-0.12034923563181942	0.9839983571848366	0.9350524004861376	-0.0012710219508198454	0	1.2780017577846805	0.10628391747708268	0.1717178403075978
1.904999999999995	0.2617993877991494	0	1	0.19761170428909927	1.3403383690487636	0.10512638189550713	-0.11999263894196957	0.983833695559208	0.9355385996393116	-0.0012521680639540895	0	1.2784824225140856	0.10628391747708268	0.17219850503700293
1.9199999999999948	0.2617993877991494	0	1	0.1978811853297929	1.3415926897339623	0.10476920518629965	-0.11950635228921744	0.9836686417089491	0.936018320663302	-0.0012374470383546598	0	1.2789578934065153	0.10628391747708268	0.17267397592943262
1.9349999999999947	0.2617993877991494	0	1	0.19814857089629861	1.3428562245352906	0.10441895446892643	-0.11903551747086524	0.9835032058033607	0.9364916241645903	-0.001223528108954825	0	1.2794284130252844	0.10628391747708268	0.17314449554820172
1.9499999999999946	0.2617993877991494	0	1	0.19841388686071526	1.344121161379943	0.10407349158912166	-0.1185769381890075	0.9833373939885676	0.9369585702277343	-0.001210483497450454	0	1.27989410173985	0.10628391747708268	0.17361018426276736
1.9649999999999945	0.2617993877991494	0	1	0.1986771613809973	1.3453907720048215	0.10373364185639458	-0.11813607784272569	0.9831712106236625	0.9374192183916823	-0.001198013102790992	0	1.2803550700066353	0.10628391747708268	0.17407115252955263
1.9799999999999944	0.2617993877991494	0	1	0.19893842218327862	1.3466645501873975	0.10339921884674497	-0.11771298627068008	0.9830046599431131	0.9378736276457126	-0.0011860043420856689	0	1.280811414326687	0.10628391747708268	0.17452749684960453
1.9949999999999943	0.2617993877991494	0	1	0.19919769611725593	1.3479421431359715	0.10307007898243886	-0.11730744775918107	0.9828377463504161	0.9383218564351268	-0.001174374727094549	0	1.2812632240940072	0.10628391747708268	0.17497930661692454
2.0099999999999945	0.2617993877991494	0	1	0.19945500908738772	1.3492231351146717	0.10274606375491349	-0.11691901554898572	0.9826704744832444	0.9387639626686696	-0.0011630701633552293	0	1.2817105833803786	0.10628391747708268	0.17542666590329603
2.0249999999999946	0.2617993877991494	0	1	0.19971038611518965	1.3505071711153656	0.10242703272330772	-0.11654724731377952	0.9825028491950256	0.9392000037261059	-0.0011520514744196098	0	1.28215357215325	0.10628391747708268	0.17586965467616725
2.0399999999999947	0.2617993877991494	0	1	0.1999638514123398	1.3517939365371718	0.10211285790054611	-0.11619171902715064	0.9823348755272666	0.9396300364654927	-0.0011412893169474266	0	1.2825922669440821	0.10628391747708268	0.17630834946699941
2.054999999999995	0.2617993877991494	0	1	0.20021542844544393	1.3530831461138055	0.10180342063724696	-0.11585202685551009	0.9821665586849895	0.9400541172301193	-0.0011307608580545718	0	1.2830267412952114	0.10628391747708268	0.1767428238181287
2.069999999999995	0.2617993877991494	0	1	0.20046513999013002	1.3543745327654884	0.10149860851160952	-0.11552778066579417	0.9819979040172059	0.9404723018551588	-0.0011204478116102945	0	1.2834570660760019	0.10628391747708268	0.17717314859891922
2.084999999999995	0.2617993877991494	0	1	0.2007130081773872	1.3556678408834524	0.10119831342587113	-0.115218598944529	0.9818289170008798	0.940884645674077	-0.001110335167730351	0	1.2838833097233597	0.10628391747708268	0.17759939224627697
2.099999999999995	0.2617993877991494	0	1	0.20095905453492072	1.3569628221490453	0.10090243039373262	-0.11492410523091798	0.9816596032267902	0.9412912035248266	-0.0011004103488665646	0	1.2843055384337834	0.10628391747708268	0.17802162095670063
2.1149999999999953	0.2617993877991494	0	1	0.2012033000254696	1.3582592334639956	0.10061085690033456	-0.11464392607667039	0.981489968386143	0.9416920297558439	-0.001090662629430864	0	1.2847238163228865	0.10628391747708268	0.17843989884580383
2.1299999999999955	0.2617993877991494	0	1	0.20144576508322093	1.3595568357678673	0.10032349250394629	-0.11437768987954759	0.9813200182572485	0.9420871782318517	-0.0010810827262869556	0	1.285138205562006	0.10628391747708268	0.1788542880849232
2.1449999999999956	0.2617993877991494	0	1	0.20168646964891992	1.3608553935666363	0.10004023863068173	-0.11412502636651026	0.9811497586919159	0.9424767023394719	-0.0010716625030719224	0	1.2855487664980647	0.10628391747708268	0.17926484902098208
2.1599999999999957	0.2617993877991494	0	1	0.20192543320392814	1.3621546750553224	0.0997609985302648	-0.11388556655944439	0.9809791956014254	0.9428606549926437	-0.0010623947523837728	0	1.2859555577607769	0.10628391747708268	0.17967164028369417
2.174999999999996	0.2617993877991494	0	1	0.20216267480332062	1.3634544522481953	0.09948567723550081	-0.11365894289966533	0.9808083349420486	0.9432390886378464	-0.001053273032401607	0	1.2863586363600066	0.10628391747708268	0.18007471888292384
2.189999999999996	0.2617993877991494	0	1	0.2023982131080243	1.364754501353659	0.09921418158902104	-0.11344478957021972	0.9806371827001477	0.943612055259124	-0.0010442915423258343	0	1.2867580577752673	0.10628391747708268	0.18047414029818457
2.204999999999996	0.2617993877991494	0	1	0.20263206641597825	1.3660546031361132	0.09894642026833952	-0.11324274287143123	0.9804657448768979	0.9439796063829098	-0.001035445025975474	0	1.287153876038816	0.10628391747708268	0.18086995856173324
2.219999999999996	0.2617993877991494	0	1	0.2028648245298933	1.3679091173492988	0.09882939229389023	-0.11327236754658339	0.980293605557122	0.9443417909783367	-0.0013233227628407847	0	1.287798350826441	0.10628391747708268	0.18151443334935827
2.2349999999999963	0.2617993877991494	0	1	0.20309626056613025	1.355911744259241	0.09500355071061661	-0.10203679931835552	0.9801209378701322	0.9446986563267331	-0.001111829050121688	0	1.2882070978464604	0.10628391747708268	0.18192318036937763
2.2499999999999964	0.2617993877991494	0	1	0.20332871245884573	1.3610492448515479	0.09576560068528156	-0.10626481363938187	0.9799459887249533	0.9450502413545719	-0.0010702988655927653	0	1.2886132186744519	0.10628391747708268	0.18232930119736926
2.2649999999999966	0.2617993877991494	0	1	0.20355942629236526	1.3617640014700836	0.09534647983832484	-0.10551908114439222	0.9797708251789841	0.945396586210524	-0.0010565246611572887	0	1.2890099765030194	0.10628391747708268	0.1827260590259368
2.2799999999999967	0.2617993877991494	0	1	0.20378850468647236	1.3629645740480738	0.09506117642270256	-0.10526512733888159	0.9795953895578418	0.9457377406141952	-0.001037249750074279	0	1.2894015603641606	0.10628391747708268	0.18311764288707794
2.294999999999997	0.2617993877991494	0	1	0.20401590226959593	1.3640871507560577	0.0947587525602554	-0.10491276105852844	0.9794197364413123	0.9460737537764733	-0.001023733315709823	0	1.2897887501487035	0.10628391747708268	0.1835048326716208
2.309999999999997	0.2617993877991494	0	1	0.2042416328193295	1.3652186430264839	0.09446247440783406	-0.10457427118566186	0.9792438755327014	0.9464046747378448	-0.001011319190643129	0	1.2901719612433817	0.10628391747708268	0.18388804376629903
2.324999999999997	0.2617993877991494	0	1	0.20446571736384628	1.3663507749511534	0.09417008319356884	-0.10424443153343381	0.9790678106600234	0.9467305521180822	-0.0010000615265259038	0	1.2905513888775033	0.10628391747708268	0.18426747140042074
2.339999999999997	0.2617993877991494	0	1	0.20468817866668665	1.3674846611355902	0.09388183135314698	-0.10392630802212748	0.9788915439205598	0.9470514340826399	-0.0009895235097797201	0	1.2909271577625319	0.10628391747708268	0.1846432402854493
2.3549999999999973	0.2617993877991494	0	1	0.20490903887119072	1.368619249948861	0.09359739216694485	-0.10361934515758535	0.9787150775088758	0.947367368339072	-0.00097953798902584	0	1.2912993618853776	0.10628391747708268	0.1850154444082951
2.3699999999999974	0.2617993877991494	0	1	0.20512831913780355	1.3697538738796118	0.09331654410739337	-0.10332303458556243	0.9785384140260193	0.9476784021440976	-0.0009699851202857212	0	1.2916680809802668	0.10628391747708268	0.18538416350318418
2.3849999999999976	0.2617993877991494	0	1	0.20534603969376214	1.37088798735041	0.09303910047230612	-0.10303683306166861	0.9783615564670369	0.94798458231207	-0.0009607873763864321	0	1.2920333866602254	0.10628391747708268	0.18574946918314278
2.3999999999999977	0.2617993877991494	0	1	0.2055622199720891	1.3720211908071356	0.09276491548534493	-0.10276028561184754	0.9781845081332682	0.9482859552228605	-0.0009518897004728408	0	1.2923953451352943	0.10628391747708268	0.18611142765821156
2.414999999999998	0.2617993877991494	0	1	0.20577687873549347	1.3731531810116773	0.09249387066046222	-0.10249300729132396	0.9780072725517821	0.9485825668288279	-0.0009432517527372133	0	1.2927540185527824	0.10628391747708268	0.18647010107569983
2.429999999999998	0.2617993877991494	0	1	0.20599003417073636	1.3742837212171988	0.09222586657066473	-0.10223466728119453	0.9778298534147029	0.9488744626610154	-0.0009348429104853653	0	1.2931094657698678	0.10628391747708268	0.18682554829278508
2.444999999999998	0.2617993877991494	0	1	0.2062017039574094	1.3754126193660114	0.09196081683326646	-0.10198497313144836	0.9776522545364523	0.9491616878347717	-0.0009266392980724429	0	1.2934617428564041	0.10628391747708268	0.18717782537932148
2.459999999999998	0.2617993877991494	0	1	0.2064119053185054	1.3765397139854025	0.09169864420535673	-0.10174365962593382	0.9774744798238263	0.9494442870549556	-0.0009186218664175791	0	1.293810903453835	0.10628391747708268	0.18752698597675244
2.4749999999999983	0.2617993877991494	0	1	0.20662065505880547	1.3776648649651493	0.09143927801905305	-0.10151048108614648	0.977296533254589	0.9497223046208321	-0.0009107751156209988	0	1.2941569990476576	0.10628391747708268	0.18787308157057483
2.4899999999999984	0.2617993877991494	0	1	0.2068279695952044	1.3787879475243616	0.09118265249223334	-0.10128520616892027	0.9771184188615935	0.9499957844307353	-0.0009030862155765726	0	1.2945000791830839	0.10628391747708268	0.18821616170600125
2.5049999999999986	0.2617993877991494	0	1	0.20703386498154766	1.3799088481717796	0.09092870558755434	-0.10106761432593875	0.9769401407205605	0.950264769986545	-0.0008955443845671915	0	1.2948401916407963	0.10628391747708268	0.1885562741637138
2.5199999999999987	0.2617993877991494	0	1	0.2072383569295059	1.381027461943594	0.09067737822392508	-0.10085749337647128	0.9767617029404339	0.9505293043980098	-0.0008881404398490612	0	1.2951773825832507	0.10628391747708268	0.1888934651061681
2.534999999999999	0.2617993877991494	0	1	0.20744146082639822	1.3821436904288327	0.0904286137067783	-0.10065463781095065	0.9765831096556844	0.9507894303869412	-0.0008808664660143205	0	1.2955116966784392	0.10628391747708268	0.1892277792013567
2.549999999999999	0.2617993877991494	0	1	0.20764319175055715	1.3832574403540228	0.09018235731443391	-0.10045884760601141	0.9764043650201786	0.9510451902912971	-0.0008737155658898511	0	1.2958431772059273	0.10628391747708268	0.1895592597288447
2.564999999999999	0.2617993877991494	0	1	0.20784356448467406	1.3843686225297764	0.08993855598654282	-0.10026992738313113	0.9762254732023251	0.9512966260691695	-0.0008666816704898766	0	1.29617186614867	0.10628391747708268	0.18988794867158737
2.579999999999999	0.2617993877991494	0	1	0.20804259352749882	1.3854771510846655	0.08969715809364415	-0.10008768581976714	0.9760464383812587	0.9515437793026907	-0.0008597593920219056	0	1.296497804273275	0.10628391747708268	0.1902138867961924
2.5949999999999993	0.2617993877991494	0	1	0.2082402931042238	1.3865829429072447	0.08945811326577346	-0.09991193523874825	0.9758672647438303	0.9517866912018651	-0.0008529439088058088	0	1.2968210312007833	0.10628391747708268	0.1905371137237007
2.6099999999999994	0.2617993877991494	0	1	0.2084366771758369	1.3876859172586067	0.08922137226930005	-0.09974249133178427	0.9756879564822035	0.9520254026083372	-0.0008462308742003106	0	1.2971415854696104	0.10628391747708268	0.1908576679925277
2.6249999999999996	0.2617993877991494	0	1	0.20863175944768353	1.3887859955033286	0.0889868869173952	-0.09957917297582292	0.9755085177918813	0.9522599539990999	-0.0008396163438144417	0	1.2974595045919661	0.10628391747708268	0.19117558711488356
2.6399999999999997	0.2617993877991494	0	1	0.2088255533774257	1.389883100951728	0.08875461001174123	-0.09942180212592759	0.9753289528700239	0.9524903854901471	-0.0008330967168018679	0	1.2977748251048142	0.10628391747708268	0.1914909076277316
2.655	0.2617993877991494	0	1	0.20901807218253204	1.3909771587617885	0.08852449530129558	-0.0992702037542469	0.9751492659139543	0.9527167368400755	-0.0008266686881000309	0	1.2980875826162153	0.10628391747708268	0.19180366513913266
2.67	0.2617993877991494	0	1	0.20920932884739124	1.3920680958809053	0.08829649745255319	-0.09912420582035132	0.9749694611197897	0.9529390474536351	-0.000820329209250902	0	1.2983978118477397	0.10628391747708268	0.19211389437065715
2.685	0.2617993877991494	0	1	0.2093993361301077	1.3931558410407983	0.08807057203473229	-0.0989836392737518	0.9747895426811507	0.9531573563852316	-0.0008140754559995712	0	1.2987055466734965	0.10628391747708268	0.19242162919641376
2.7	0.2617993877991494	0	1	0.20958810656901491	1.394240324738158	0.08784667550172831	-0.0988483380575154	0.9746095147879372	0.9533717023423817	-0.0008079048012894892	0	1.2990108201562218	0.10628391747708268	0.19272690267913908
2.7150000000000003	0.2617993877991494	0	1	0.2097756524889244	1.3953214792690911	0.0876247651890345	-0.09871813913810548	0.974429381625152	0.9535821236891214	-0.0008018147925918836	0	1.299313664580784	0.10628391747708268	0.1930297471037013
2.7300000000000004	0.2617993877991494	0	1	0.2099619860071366	1.3963992387301587	0.08740479930219536	-0.09859288252344539	0.9742491473717718	0.95378865844937	-0.0007958031327410704	0	1.299614111485412	0.10628391747708268	0.19333019400832935
2.7450000000000006	0.2617993877991494	0	1	0.21014711903922875	1.3974735390506223	0.08718673691407663	-0.09847241129395365	0.9740688161996456	0.953991344310248	-0.0007898676636392956	0	1.2999121916908907	0.10628391747708268	0.1936282742138081
2.7600000000000007	0.2617993877991494	0	1	0.21033331515147297	1.3994641356180477	0.08721084050019923	-0.09886299280739914	0.9738861815490242	0.9541902075993238	-0.0012751732658311003	0	1.3003994150844365	0.10628391747708268	0.1941154976073539
2.775000000000001	0.2617993877991494	0	1	0.21051893109651248	1.388554266337605	0.08377941260132604	-0.08775526345248891	0.9737028313046934	0.9543852713514367	-0.0009227173387386078	0	1.300718756966163	0.10628391747708268	0.19443483948908014
2.790000000000001	0.2617993877991494	0	1	0.21070628515171747	1.393026487229308	0.08446439059715682	-0.09149652968135208	0.9735164573910031	0.9545765547407596	-0.0008755875691140309	0	1.3010349845556282	0.10628391747708268	0.19475106707854561
2.805000000000001	0.2617993877991494	0	1	0.21089231128600236	1.3936015908607988	0.0841083258569929	-0.09087067604598559	0.9733300974391536	0.9547640804467665	-0.0008588449199040443	0	1.3013456947864162	0.10628391747708268	0.19506177730933344
2.820000000000001	0.2617993877991494	0	1	0.2110770966343627	1.394610696516598	0.08387150866037774	-0.09071376738375833	0.973143682205135	0.9549478856525981	-0.0008362887258571265	0	1.3016524286846274	0.10628391747708268	0.19536851120754473
2.8350000000000013	0.2617993877991494	0	1	0.2112605985162757	1.3955745282960772	0.08362564366973413	-0.09049593646161905	0.9729572723305973	0.9551280071302343	-0.0008222320056876212	0	1.3019557690487364	0.10628391747708268	0.19567185157165382
2.8500000000000014	0.2617993877991494	0	1	0.21144282864663397	1.396550552644313	0.08338610593933465	-0.09029465674089202	0.9727708739288999	0.9553044816172012	-0.0008099048093882822	0	1.3022559696530003	0.10628391747708268	0.19597205217591757
2.8650000000000015	0.2617993877991494	0	1	0.21162380773083306	1.3975308810662996	0.08315073379318472	-0.09010286796361405	0.9725844836140155	0.955477345498931	-0.0007992938972441748	0	1.3025531993967907	0.10628391747708268	0.196269281919708
2.8800000000000017	0.2617993877991494	0	1	0.21180355691329633	1.398514217698136	0.08291913057896655	-0.08992076270795536	0.9723980970807687	0.9556466347605392	-0.0007897216063253835	0	1.3028475760627225	0.10628391747708268	0.1965636585856399
2.895000000000002	0.2617993877991494	0	1	0.21198209595777426	1.3994987185692123	0.08269075632975115	-0.08974692715349951	0.9722117109934966	0.9558123849910816	-0.0007809209389383138	0	1.303139194015743	0.10628391747708268	0.19685527653866045
2.910000000000002	0.2617993877991494	0	1	0.21215944297994332	1.4004831406836808	0.08246523641679188	-0.08958034376116124	0.972025323313879	0.9559746313987769	-0.0007727036623631667	0	1.3034281332135387	0.10628391747708268	0.1971442157364559
2.925000000000002	0.2617993877991494	0	1	0.21233561468504772	1.401466583523355	0.08224229165094377	-0.08942020531276025	0.9718389331041768	0.9561334088267239	-0.0007649484612179032	0	1.3037144640722955	0.10628391747708268	0.19743054659521286
2.940000000000002	0.2617993877991494	0	1	0.21251062664193748	1.402448405932478	0.08202171527321767	-0.08926590404219419	0.9716525402816867	0.9562887517662605	-0.0007575699499961018	0	1.3039982500138687	0.10628391747708268	0.197714332536786
2.9550000000000023	0.2617993877991494	0	1	0.2126844935121968	1.4034281415141137	0.08180334966671321	-0.0891169719036666	0.9714661454100421	0.9564406943679309	-0.0007505061500960099	0	1.3042795490307193	0.10628391747708268	0.1979956315536366
2.9700000000000024	0.2617993877991494	0	1	0.21285722922392006	1.404405444814306	0.0815870714680137	-0.08897304039669304	0.9712797495408486	0.9565892704505177	-0.0007437105334285668	0	1.3045584147242704	0.10628391747708268	0.1982744972471877
2.9850000000000025	0.2617993877991494	0	1	0.21302884710097458	1.4053800550212558	0.08137278149252608	-0.08883381161156682	0.971093354096551	0.956734513508614	-0.0007371472779165056	0	1.3048348970434598	0.10628391747708268	0.1985509795663771
3.0000000000000027	0.2617993877991494	0	1	0.21319935995957545	1.4063517719189964	0.08116039803216135	-0.08869903864618472	0.9709069607837479	0.9568764567191073	-0.0007307882053017497	0	1.305109042834971	0.10628391747708268	0.19882512535788838
3.015000000000003	0.2617993877991494	0	1	0.2133687801814987	1.4073204395857197	0.08094985229160567	-0.0885685121900338	0.9707205715282695	0.9570151329468434	-0.0007246107435478188	0	1.305380896267548	0.10628391747708268	0.1990969787904652
3.030000000000003	0.2617993877991494	0	1	0.21353711977057238	1.4082859351568415	0.08074108522704687	-0.08844205123684408	0.9705341884257861	0.9571505747496674	-0.000718596524081732	0	1.3056504991678433	0.10628391747708268	0.19936658169076066
3.045000000000003	0.2617993877991494	0	1	0.21370439039704833	1.4092481609087675	0.08053404530752512	-0.08831949653472512	0.9703478137036285	0.957282814382977	-0.0007127303905139099	0	1.3059178912918186	0.10628391747708268	0.19963397381473588
3.060000000000003	0.2617993877991494	0	1	0.21387060343304287	1.4102070385497376	0.08032868689184408	-0.08820070587302903	0.9701614496908284	0.9574118838038929	-0.0007069996820336349	0	1.3061831105478494	0.10628391747708268	0.19989919307076687
3.0750000000000033	0.2617993877991494	0	1	0.2140357699812596	1.4111625050353278	0.08012496903217659	-0.08808555063418083	0.969975098794307	0.95753781467512	-0.0007013937051612395	0	1.3064461931827893	0.10628391747708268	0.20016227570570666
3.0900000000000034	0.2617993877991494	0	1	0.21419990089856517	1.412114509463792	0.07992285458090737	-0.08797391323513595	0.9697887634797604	0.9576606383685563	-0.0006959033376021174	0	1.3067071739390739	0.10628391747708268	0.20042325646199127
3.1050000000000035	0.2617993877991494	0	1	0.2143630068155319	1.4130630107134003	0.0797223095071728	-0.08786568519082147	0.9696024462562094	0.9577803859686944	-0.0006905207265891051	0	1.3069660861887915	0.10628391747708268	0.20068216871170894
3.1200000000000037	0.2617993877991494	0	1	0.21452509815276602	1.4140079755766222	0.0795233023551859	-0.08776076561078769	0.9694161496634733	0.95789708827585	-0.0006852390559950295	0	1.3072229620491598	0.10628391747708268	0.20093904457207717
3.135000000000004	0.2617993877991494	0	1	0.2146861851346214	1.414949377362112	0.07932580383494903	-0.08765906005583166	0.9692298762620234	0.9580107758092448	-0.0006800523642785207	0	1.3074778324827865	0.10628391747708268	0.20119391500570388
3.150000000000004	0.2617993877991494	0	1	0.2148462778007582	1.415887194754479	0.07912978648783359	-0.08756047962535084	0.9690436286248121	0.9581214788099688	-0.0006749554005375633	0	1.3077307273853376	0.10628391747708268	0.20144680990825486
3.165000000000004	0.2617993877991494	0	1	0.215005386015902	1.416821410860331	0.07893522440691192	-0.08746494021491244	0.968857409330762	0.9582292272438392	-0.0006699435095031894	0	1.3079816756626617	0.10628391747708268	0.201697758185579
3.180000000000004	0.2617993877991494	0	1	0.21516351947809104	1.4177520125016445	0.0787420930276222	-0.08737236194617122	0.9686712209596652	0.9583340508041732	-0.0006650125387753153	0	1.3082307052990179	0.10628391747708268	0.20194678782193526
3.1950000000000043	0.2617993877991494	0	1	0.21532068772564983	1.4186789895706808	0.07855036893834488	-0.08728266867633518	0.9684850660882819	0.9584359789144891	-0.0006601587633426138	0	1.3084778434177247	0.10628391747708268	0.20219392594064206
3.2100000000000044	0.2617993877991494	0	1	0.21547690014309073	1.4196023345640456	0.07836002974185713	-0.0871957876224963	0.9682989472874576	0.9585350407311457	-0.0006553788236775469	0	1.3087231163353177	0.10628391747708268	0.20243919885823497
3.2250000000000045	0.2617993877991494	0	1	0.21563216596612528	1.4205220421311067	0.0781710539230191	-0.08711164902389301	0.9681128671200967	0.958631265145932	-0.0006506696745956496	0	1.3089665496101106	0.10628391747708268	0.20268263213302798
3.2400000000000047	0.2617993877991494	0	1	0.21578649428594174	1.421438108762725	0.07798342075601605	-0.0870301858862291	0.9679268281398402	0.9587246807886142	-0.0006460285427343477	0	1.3092081680859153	0.10628391747708268	0.20292425060883262
3.255000000000005	0.2617993877991494	0	1	0.21593989405289502	1.4223505324936923	0.07779711021683444	-0.08695133375067415	0.9677408328903108	0.9588153160294465	-0.0006414528909876018	0	1.3094479959315506	0.10628391747708268	0.20316407845446793
3.270000000000005	0.2617993877991494	0	1	0.2160923740797364	1.4232593126957627	0.07761210292122589	-0.08687503051465074	0.9675548839047927	0.9589031989816523	-0.0006369403886055323	0	1.3096860566766901	0.10628391747708268	0.20340213919960745
3.285000000000005	0.2617993877991494	0	1	0.21624394304449818	1.4241644499067851	0.07742838007324032	-0.08680121627881594	0.9673689837062296	0.9589883575038789	-0.0006324888859379469	0	1.3099223732445047	0.10628391747708268	0.20363845576742207
3.300000000000005	0.2617993877991494	0	1	0.2163946094931367	1.4250659456624788	0.07724592341507974	-0.08672983320408557	0.9671831348074291	0.9590708192026286	-0.0006280963930088226	0	1.3101569679815093	0.10628391747708268	0.20387305050442664
3.3150000000000053	0.2617993877991494	0	1	0.2165443818420171	1.4259638024413008	0.07706471520763603	-0.08666082542186411	0.9669973397113769	0.9591506114346682	-0.0006237610612750858	0	1.3103898626849544	0.10628391747708268	0.2041059452078718
3.3300000000000054	0.2617993877991494	0	1	0.2166932683803157	1.4268580235491488	0.0768847381950778	-0.08659413892542679	0.9668116009115784	0.9592277613094178	-0.0006194811680326237	0	1.310621078628067	0.10628391747708268	0.2043371611509843
3.3450000000000055	0.2617993877991494	0	1	0.21684127727238994	1.4277486130916892	0.07670597559294978	-0.08652972150173904	0.9666259208923638	0.9593022956913196	-0.000615255103047417	0	1.3108506365833938	0.10628391747708268	0.20456671910631116
3.3600000000000056	0.2617993877991494	0	1	0.21698841656016202	1.428635575932093	0.07652841107226382	-0.0864675226613046	0.9664403021291026	0.9593742412021847	-0.0006110813570420913	0	1.311078556844475	0.10628391747708268	0.20479463936739237
3.3750000000000058	0.2617993877991494	0	1	0.21713469416553477	1.4295189176654326	0.0763520287479077	-0.08640749357842402	0.9662547470882998	0.9594436242235193	-0.0006069585117506112	0	1.311304859246031	0.10628391747708268	0.20502094176894828
3.390000000000006	0.2617993877991494	0	1	0.217280117892854	1.4303986446197356	0.0761768131740076	-0.08634958704555279	0.9660692582275552	0.9595104708988261	-0.0006028852312832732	0	1.3115295631828279	0.10628391747708268	0.20524564570574522
3.405000000000006	0.2617993877991494	0	1	0.21742469543141232	1.4312747638203835	0.07600274932929624	-0.08629375741583285	0.9658838379953875	0.9595748071358848	-0.0005988602545969328	0	1.311752687627354	0.10628391747708268	0.20546877015027132
3.420000000000006	0.2617993877991494	0	1	0.2175684343579814	1.4321472830092943	0.07582982261702331	-0.08623996057097792	0.965698488830941	0.9596366586090042	-0.0005948823888923651	0	1.31197425114642	0.10628391747708268	0.20569033366933742
3.4350000000000063	0.2617993877991494	0	1	0.2177113421393522	1.433016210617239	0.07565801885223256	-0.08618815387287951	0.965513213163595	0.9596960507612508	-0.0005909505037905106	0	1.3121942719167763	0.10628391747708268	0.2059103544396936
3.4500000000000064	0.2617993877991494	0	1	0.21785342613485625	1.4338815557493487	0.07548732425257143	-0.08613829612341643	0.9653280134125131	0.9597530088066502	-0.0005870635261637694	0	1.3124127677398238	0.10628391747708268	0.20612885026274125
3.4650000000000065	0.2617993877991494	0	1	0.21799469359883916	1.4347433281593502	0.07531772542616322	-0.08609034752231277	0.96514289198617	0.9598075577323619	-0.0005832204355207059	0	1.3126297560554856	0.10628391747708268	0.2063458385784029
3.4800000000000066	0.2617993877991494	0	1	0.21813515168306027	1.4356015382497218	0.0751492093665847	-0.08604426963794955	0.964957851281893	0.9598597223008283	-0.0005794202598603641	0	1.3128452539552882	0.10628391747708268	0.20656133647820552
3.4950000000000068	0.2617993877991494	0	1	0.2182748074389947	1.4364561970001493	0.07498176342885654	-0.0860000253511269	0.9647728936854494	0.9599095270518974	-0.0005756620719277059	0	1.3130592781947064	0.10628391747708268	0.2067753607176238
3.510000000000007	0.2617993877991494	0	1	0.21841366782002092	1.4373073159756027	0.0748153753270484	-0.08595757883314373	0.9645880215707123	0.9599569963049209	-0.0005719449858215508	0	1.3132718452048102	0.10628391747708268	0.2069879277277276
3.525000000000007	0.2617993877991494	0	1	0.218551739683484	1.4381549072352051	0.0746500331056068	-0.0859168954848733	0.9644032372994171	0.9600021541608295	-0.0005682681539081635	0	1.3134829711032547	0.10628391747708268	0.20719905362617205
3.540000000000007	0.2617993877991494	0	1	0.21868902979263602	1.438998983353535	0.07448572514111662	-0.08587794192274288	0.9642185432210164	0.960045024504183	-0.0005646307640176764	0	1.3136926717046569	0.10628391747708268	0.2074087542275742
3.5550000000000073	0.2617993877991494	0	1	0.21882554481846211	1.4398395573351648	0.07432244011574002	-0.08584068592184194	0.964033941672628	0.9600856310052029	-0.0005610320368936352	0	1.3139009625303952	0.10628391747708268	0.20761704505331263
3.5700000000000074	0.2617993877991494	0	1	0.21896129134140985	1.4406766426152484	0.07416016701394623	-0.08580509639436841	0.9638494349790518	0.9601239971217804	-0.0005574712238832582	0	1.3141078588178798	0.10628391747708268	0.20782394134079715
3.5850000000000075	0.2617993877991494	0	1	0.2190962758530465	1.4415102530156185	0.0739988951074892	-0.08577114334985077	0.963665025452832	0.9601601461014683	-0.000553947604853763	0	1.314313375529331	0.10628391747708268	0.20802945805224848
3.6000000000000076	0.2617993877991494	0	1	0.21923050475767367	1.4423404027347324	0.07383861394953961	-0.08573879786881551	0.9634807153943237	0.9601941009834517	-0.0005504604863214543	0	1.3145175273601182	0.10628391747708268	0.2082336098830354
3.6150000000000078	0.2617993877991494	0	1	0.21936398437392918	1.4431671063340232	0.07367931336785455	-0.08570803207450084	0.9632965070917278	0.9602258846005002	-0.0005470091997823118	0	1.3147203287466962	0.10628391747708268	0.20843641126961357
3.630000000000008	0.2617993877991494	0	1	0.21949672093640235	1.4439903787356843	0.0735209834609376	-0.08567881910872359	0.9631124028210504	0.9602555195809007	-0.0005435931002294074	0	1.314921793874187	0.10628391747708268	0.20863787639710438
3.645000000000008	0.2617993877991494	0	1	0.2196287205972926	1.4448102352184231	0.07336361459349788	-0.08565113310640642	0.9629284048459567	0.9602830283503702	-0.0005402115648377995	0	1.3151219366836475	0.10628391747708268	0.20883801920656478
3.660000000000008	0.2617993877991494	0	1	0.219759989428115	1.445626691436083	0.07320719739786596	-0.08562494917937441	0.9627445154174961	0.9603084331339465	-0.0005368639917999007	0	1.3153207708790506	0.10628391747708268	0.20903685340196804
3.6750000000000083	0.2617993877991494	0	1	0.21989053342146764	1.4464397634230828	0.0730517227716691	-0.08560024339474143	0.9625607367736904	0.9603317559578587	-0.0005335497992841612	0	1.3155183099340189	0.10628391747708268	0.20923439245693615
3.6900000000000084	0.2617993877991494	0	1	0.22002035849284837	1.4472494675957712	0.07289718187423422	-0.0855769927521268	0.9623770711389874	0.9603530186513715	-0.0005302684244962962	0	1.3157145670983192	0.10628391747708268	0.20943064962123648
3.7050000000000085	0.2617993877991494	0	1	0.22014947048251096	1.4480558207835859	0.07274356613083233	-0.08555517517379779	0.9621935207235973	0.9603722428486077	-0.0005270193228176301	0	1.3159095554041476	0.10628391747708268	0.2096256379270648
3.7200000000000086	0.2617993877991494	0	1	0.22027787515733552	1.4488588401962816	0.0725908672197153	-0.08553476946967234	0.9620100877227467	0.9603894499903443	-0.0005238019670027681	0	1.316103287672196	0.10628391747708268	0.2098193701951135
3.7350000000000088	0.2617993877991494	0	1	0.22040557821269532	1.4496585434516132	0.0724390770753306	-0.08551575532811291	0.961826774315869	0.960404661325783	-0.0005206158464186217	0	1.3162957765175212	0.10628391747708268	0.2100118590404384
3.750000000000009	0.2617993877991494	0	1	0.22053258527429656	1.450454948554887	0.07228818787868274	-0.08549811328809069	0.9616435826657738	0.9604178979142952	-0.0005174604663194624	0	1.316487034355204	0.10628391747708268	0.21020311687812132
3.765000000000009	0.2617993877991494	0	1	0.2206589018999762	1.4512480738925275	0.07213819205153854	-0.08548182471795764	0.9614605149178086	0.9604291806271414	-0.0005143353471517619	0	1.316677073405812	0.10628391747708268	0.21039315592872931
3.780000000000009	0.2617993877991494	0	1	0.2207845335814513	1.4520379382039255	0.07198908224492101	-0.08546687178594778	0.9612775731990306	0.9604385301491648	-0.0005112400238905247	0	1.3168659057006604	0.10628391747708268	0.21058198822357785
3.7950000000000093	0.2617993877991494	0	1	0.22090948574602254	1.452824560592059	0.07184085133809426	-0.08545323744680389	0.9610947596173873	0.9604459669804603	-0.0005081740454154449	0	1.3170535430868873	0.10628391747708268	0.21076962560980453
3.8100000000000094	0.2617993877991494	0	1	0.22103376375823522	1.4536079604994658	0.07169349242835726	-0.08544090541433573	0.9609120762608959	0.9604515114380184	-0.0005051369739282899	0	1.3172399972323439	0.10628391747708268	0.21095607975526126
3.8250000000000095	0.2617993877991494	0	1	0.221157372921517	1.4543881576985114	0.07154699882470611	-0.08542986013955235	0.9607295251968035	0.9604551836573447	-0.0005021283844199669	0	1.3174252796303219	0.10628391747708268	0.21114136215323917
3.8400000000000096	0.2617993877991494	0	1	0.22128031847980287	1.455165172279959	0.07140136404105107	-0.08542008678794995	0.9605471084707077	0.9604570035940548	-0.0004991478641854724	0	1.3176094016041273	0.10628391747708268	0.21132548412704458
3.8550000000000098	0.2617993877991494	0	1	0.22140260561915948	1.4559390246831239	0.07125658180055111	-0.08541157123354068	0.9603648281056243	0.9604569910254439	-0.0004961950123900202	0	1.3177923743115159	0.10628391747708268	0.21150845683443312
3.87000000000001	0.2617993877991494	0	1	0.22152423946941613	1.4567097356559797	0.0711126460211316	-0.08540430002432563	0.9601826861009836	0.9604551655520316	-0.0004932694396699866	0	1.3179742087490058	0.10628391747708268	0.2116902912719231
3.88500000000001	0.2617993877991494	0	1	0.2216452251058022	1.4574773262783902	0.07096955081787387	-0.08539826037367816	0.9600006844315664	0.9604515465990805	-0.0004903707677726518	0	1.3181549157560741	0.10628391747708268	0.21187099827899153
3.90000000000001	0.2617993877991494	0	1	0.22176556755058216	1.458241817976421	0.07082729050299391	-0.08539344014866826	0.9598188250463815	0.9604461534180899	-0.0004874986292112342	0	1.3183345060192448	0.10628391747708268	0.2120505885421622
3.9150000000000102	0.2617993877991494	0	1	0.22188527177467784	1.4590032324717137	0.07068585956843365	-0.0853898278324717	0.9596371098675074	0.9604390050882619	-0.0004846526669351121	0	1.3185129900760706	0.10628391747708268	0.21222907259898802
3.9300000000000104	0.2617993877991494	0	1	0.22200434269926336	1.459761591843746	0.07054525269875228	-0.08538741253367063	0.9594555407889193	0.9604301205179422	-0.00048183253400330215	0	1.3186903783190114	0.10628391747708268	0.21240646084192874
3.9450000000000105	0.2617993877991494	0	1	0.2221227851973153	1.4605169184574887	0.07040546474805759	-0.08538618394141546	0.9592741196753269	0.9604195184460348	-0.0004790378932585307	0	1.3188666809992025	0.10628391747708268	0.21258276352211972
3.9600000000000106	0.2617993877991494	0	1	0.2222406040951108	1.4612692349868044	0.07026649074271757	-0.08538613232037155	0.9590928483610424	0.960407217443391	-0.0004762684169997495	0	1.3190419082301195	0.10628391747708268	0.2127579907530368
3.9750000000000107	0.2617993877991494	0	1	0.22235780417365822	1.462018564398513	0.07012832587370438	-0.08538724849036886	0.9589117286488944	0.9603932359141737	-0.00047352378665346524	0	1.319216069991131	0.10628391747708268	0.21293215251404837
3.990000000000011	0.2617993877991494	0	1	0.22247439017005774	1.4627649299237535	0.06999096548571665	-0.085389523801366	0.9587307623092081	0.9603775920971978	-0.00047080369244419275	0	1.319389176130943	0.10628391747708268	0.21310525865386046
4.0050000000000106	0.2617993877991494	0	1	0.22259036677878608	1.463508355052209	0.06985440507262636	-0.08539295011828026	0.9585499510788547	0.9603603040672469	-0.00046810783306712586	0	1.3195612363709346	0.10628391747708268	0.21327731889385187
4.02000000000001	0.2617993877991494	0	1	0.22270573865290252	1.4642488635039963	0.06971864026714908	-0.08539751979714699	0.9583692966603786	0.9603413897363686	-0.00046543591536145606	0	1.3197322603083832	0.10628391747708268	0.2134483428313006
4.03500000000001	0.2617993877991494	0	1	0.222820510405174	1.4649864792255525	0.06958366683716022	-0.08540322567154814	0.9581888007212158	0.9603208668551482	-0.00046278765398719533	0	1.319902257419583	0.10628391747708268	0.21361833994250026
4.05000000000001	0.2617993877991494	0	1	0.22293468660911783	1.4657212263539128	0.06944948067376344	-0.08541006102657352	0.9580084648930017	0.9602987530139623	-0.00046016277110031534	0	1.3200712370628538	0.10628391747708268	0.2137873195857712
4.065000000000009	0.2617993877991494	0	1	0.22304827179995612	1.466453129197165	0.06931607778393223	-0.0854180195798719	0.9578282907709872	0.9602750656442139	-0.000457560996030372	0	1.3202392084814418	0.10628391747708268	0.21395529100435906
4.080000000000009	0.2617993877991494	0	1	0.2231612704754813	1.4671822122361624	0.0691834542890909	-0.0854270954720616	0.9576482799135674	0.96024982201955	-0.0004549820649510141	0	1.320406180806311	0.10628391747708268	0.2141222633292284
4.095000000000009	0.2617993877991494	0	1	0.22327368709681994	1.4679085000581664	0.06905160640573621	-0.08543728322988975	0.9574684338419426	0.9602230392570626	-0.0004524257205476838	0	1.3205721630588196	0.10628391747708268	0.2142882455817371
4.110000000000008	0.2617993877991494	0	1	0.22338552608909307	1.468632017370883	0.0689205304478882	-0.08544857776298666	0.9572887540399269	0.9601947343184756	-0.00044989171167397263	0	1.3207371641532812	0.10628391747708268	0.21445324667619853
4.125000000000008	0.2617993877991494	0	1	0.22349679184196097	1.469352788939937	0.06879022280934971	-0.08546097433017075	0.9571092419539218	0.9601649240113183	-0.00044737979299539664	0	1.3209011928994057	0.10628391747708268	0.21461727542232295
4.140000000000008	0.2617993877991494	0	1	0.22360748871004216	1.470070839581236	0.06866067996102793	-0.08547446852898849	0.9569298989930823	0.9601336249900886	-0.0004448897246214466	0	1.3210642580046115	0.10628391747708268	0.2147803405275288
4.155000000000007	0.2617993877991494	0	1	0.22371762101319853	1.4707861941098248	0.06853189843697688	-0.08548905626835294	0.9567507265296902	0.9601008537574071	-0.0004424212717172037	0	1.3212263680762055	0.10628391747708268	0.2149424505991228
4.170000000000007	0.2617993877991494	0	1	0.2238271930366755	1.4714988772997355	0.06840387482380067	-0.08550473374662794	0.9565717258997596	0.9600666266651635	-0.00043997420410083426	0	1.3213875316234223	0.10628391747708268	0.21510361414633958
4.185000000000007	0.2617993877991494	0	1	0.22393620903109146	1.472208913853822	0.06827660575316225	-0.08552149743457113	0.956392898403895	0.960030959915661	-0.0004375482958230107	0	1.3215477570593177	0.10628391747708268	0.2152638395822351
4.200000000000006	0.2617993877991494	0	1	0.22404467321226967	1.4729163283457265	0.06815008788727933	-0.08553934404778286	0.956214245308415	0.9599938695627572	-0.00043514332473146343	0	1.3217070527025094	0.10628391747708268	0.2154231352254269
4.215000000000006	0.2617993877991494	0	1	0.2241525897609105	1.4736211451685501	0.06802431790667701	-0.08555827052254747	0.9560357678467523	0.9599553715130071	-0.0004327590720247911	0	1.3218654267787584	0.10628391747708268	0.2155815093016757
4.230000000000006	0.2617993877991494	0	1	0.22425996282211025	1.474323388514134	0.06789929250658622	-0.0855782740047004	0.9558574672211334	0.9599154815268103	-0.00043039532180192064	0	1.3220228874223934	0.10628391747708268	0.21573896994531075
4.245000000000005	0.2617993877991494	0	1	0.2243667965047323	1.4750230822860195	0.06777500837600264	-0.08559935181179282	0.9556793446045284	0.959874215219564	-0.00042805186061189976	0	1.3221794426775744	0.10628391747708268	0.21589552520049182
4.260000000000005	0.2617993877991494	0	1	0.22447309488064418	1.4757202500917663	0.0676514621983968	-0.08562150142773389	0.9555014011428551	0.959831588062826	-0.000425728477018893	0	1.3223351004993962	0.10628391747708268	0.2160511830223134
4.275000000000005	0.2617993877991494	0	1	0.2245788619838492	1.4764149151743247	0.06752865063640595	-0.0856447204723465	0.9553236379574019	0.959787615385489	-0.000423424961186558	0	1.3224898687548465	0.10628391747708268	0.2162059512777639
4.2900000000000045	0.2617993877991494	0	1	0.22468410180953183	1.47710710038351	0.06740657032752201	-0.08566900668688866	0.9551460561474345	0.9597423123749673	-0.0004211411045002815	0	1.322643755223623	0.10628391747708268	0.21635983774654036
4.305000000000004	0.2617993877991494	0	1	0.224788818313059	1.4777968281764609	0.06728521788767727	-0.08569435793054479	0.9549686567929188	0.9596956940784	-0.0004188766992343765	0	1.322796767598826	0.10628391747708268	0.2165128501217432
4.320000000000004	0.2617993877991494	0	1	0.22489301540897455	1.4784841205378076	0.06716458989333846	-0.08572077214317189	0.9547914409573078	0.9596477754038681	-0.0004166315382783292	0	1.3229489134875485	0.10628391747708268	0.21666499601046588
4.3350000000000035	0.2617993877991494	0	1	0.22499669697003175	1.4791689990393364	0.0670446829008694	-0.08574824736362066	0.954614409690301	0.9595985711216275	-0.00041440541493485683	0	1.3231002004113877	0.10628391747708268	0.2168162829343051
4.350000000000003	0.2617993877991494	0	1	0.22509986682631047	1.4798514848013695	0.06692549343931192	-0.08577678170645649	0.9544375640305041	0.9595480958653568	-0.0004121981227949741	0	1.3232506358068967	0.10628391747708268	0.21696671832981412
4.365000000000003	0.2617993877991494	0	1	0.22520252876446994	1.4805315985095306	0.06680701801761135	-0.08580637335954239	0.9542609050078986	0.9594963641334189	-0.000410009455700633	0	1.323400227026017	0.10628391747708268	0.2171163095489344
4.380000000000003	0.2617993877991494	0	1	0.22530468652717905	1.481209360463407	0.06668925313986795	-0.08583702059299664	0.9540844336460316	0.9594433902901313	-0.0004078392077974645	0	1.3235489813365127	0.10628391747708268	0.2172650638594299
4.395000000000002	0.2617993877991494	0	1	0.22540634381277	1.481884790608212	0.06657219531537667	-0.08586872175939919	0.953908150963848	0.9593891885670461	-0.0004056871736765854	0	1.3236969059224404	0.10628391747708268	0.21741298844535778
4.410000000000002	0.2617993877991494	0	1	0.22550750427514865	1.4825579085766276	0.06645584107063784	-0.0859014752966185	0.9537320579770926	0.9593337730642318	-0.00040355314860242167	0	1.3238440078846863	0.10628391747708268	0.21756009040760363
4.425000000000002	0.2617993877991494	0	1	0.22560817152398657	1.483228733749642	0.06634018696562621	-0.08593527973699373	0.9535561556992221	0.9592771577515541	-0.00040143692881692726	0	1.3239902942415889	0.10628391747708268	0.21770637676450613
4.440000000000001	0.2617993877991494	0	1	0.22570834912521096	1.4838972853367964	0.0662252296143776	-0.08597013372343858	0.9533804451417951	0.9592193564699507	-0.00039933831190757296	0	1.3241357719296762	0.10628391747708268	0.2178518544525936
4.455000000000001	0.2617993877991494	0	1	0.2258080406017901	1.4845635824157715	0.06611096569380326	-0.08600603600838308	0.9532049273143184	0.9591603829326951	-0.00039725709721955097	0	1.324280447804531	0.10628391747708268	0.21799653032744828
4.470000000000001	0.2617993877991494	0	1	0.22590724943480212	1.485227644030244	0.06599739196727283	-0.08604298547635444	0.953029603223569	0.9591002507266422	-0.0003951930862956279	0	1.3244243286417876	0.10628391747708268	0.21814041116470506
4.485	0.2617993877991494	0	1	0.2260059790647597	1.4858894892313237	0.06588450529231343	-0.08608098114394908	0.9528544738724156	0.9590389733134536	-0.0003931460833169668	0	1.3245674211382719	0.10628391747708268	0.2182835036611893
4.5	0.2617993877991494	0	1	0.2261042328931519	1.4865491371381507	0.06577230263278849	-0.08612002216845435	0.9526795402582111	0.9589765640307963	-0.0003911158955293072	0	1.3247097319132697	0.10628391747708268	0.21842581443618705
4.515	0.2617993877991494	0	1	0.22620201428415324	1.4872066069901027	0.06566078106831902	-0.08616010785434737	0.9525048033708181	0.958913036093512	-0.0003891023336286052	0	1.3248512675099149	0.10628391747708268	0.21856735003283234
4.529999999999999	0.2617993877991494	0	1	0.22629932656644855	1.487861918190202	0.06554993780098767	-0.08620123765771638	0.952330264190372	0.958848402594753	-0.00038710521209613444	0	1.3249920343966832	0.10628391747708268	0.21870811691960065
4.544999999999999	0.2617993877991494	0	1	0.22639617303511572	1.488515090292001	0.06543977014670943	-0.08624341116938676	0.9521559236848601	0.9587826765070847	-0.0003851243494630783	0	1.3251320389689631	0.10628391747708268	0.21884812149188052
4.559999999999999	0.2617993877991494	0	1	0.2264925569535134	1.4891661430635326	0.06533027554721782	-0.08628662813127494	0.9519817828076315	0.9587158706835518	-0.00038315956850807904	0	1.325271287550688	0.10628391747708268	0.21898737007360547
4.574999999999998	0.2617993877991494	0	1	0.2265884815551211	1.4898150964332133	0.06522145155054193	-0.0863308884063459	0.9518078424949105	0.9586479978587097	-0.00038121069637191276	0	1.3254097863959982	0.10628391747708268	0.21912586891891556
4.589999999999998	0.2617993877991494	0	1	0.2266839500452933	1.4904619705273747	0.06511329581627162	-0.08637619198752908	0.9516341036634093	0.9585790706496212	-0.0003792775646049059	0	1.3255475416909144	0.10628391747708268	0.21926362421383175
4.604999999999998	0.2617993877991494	0	1	0.2267789656028888	1.4911067856158706	0.06500580609654183	-0.08642253897058426	0.9514605672080931	0.9585091015568202	-0.0003773600091385143	0	1.325684559554999	0.10628391747708268	0.21940064207791649
4.619999999999997	0.2617993877991494	0	1	0.22687353138175131	1.491749562092084	0.06489898022665858	-0.0864699295421727	0.9512872340001657	0.9584381029652446	-0.00037545787020041357	0	1.3258208460429848	0.10628391747708268	0.2195369285659022
4.634999999999997	0.2617993877991494	0	1	0.22696765051202183	1.492390320459291	0.0647928161179091	-0.0865183639715252	0.9511141048853049	0.9583660871451414	-0.000373570992172238	0	1.325956407146355	0.10628391747708268	0.21967248966927244
4.649999999999997	0.2617993877991494	0	1	0.22706132610127483	1.4930290812625695	0.06468731173628911	-0.08656784258059348	0.95094118068218	0.9582930662529467	-0.00037169922340386	0	1.326091248794863	0.10628391747708268	0.2198073313177805
4.6649999999999965	0.2617993877991494	0	1	0.22715456123546873	1.49366586508262	0.06458246509835691	-0.08661836574016378	0.9507684621812681	0.9582190523321434	-0.00036984241599262484	0	1.3262253768579766	0.10628391747708268	0.21994145938089385
4.679999999999996	0.2617993877991494	0	1	0.22724735897971846	1.4943006924802376	0.06447827425437896	-0.08666993384613463	0.9505959501439742	0.9581440573140999	-0.0003680004255330154	0	1.326358797146243	0.10628391747708268	0.22007487966916037
4.694999999999996	0.2617993877991494	0	1	0.22733972237888658	1.4949335839523143	0.06437473727509474	-0.08672254730094812	0.9504236453020584	0.9580680930188937	-0.0003661731108472462	0	1.3264915154125654	0.10628391747708268	0.22020759793548272
4.7099999999999955	0.2617993877991494	0	1	0.22743165445800656	1.495564559904697	0.06427185224348575	-0.08677620650203947	0.9502515483573619	0.9579911711561229	-0.00036436033370091	0	1.326623537353387	0.10628391747708268	0.2203396198763044
4.724999999999995	0.2617993877991494	0	1	0.22752315822254263	1.4961936406002216	0.0641696172403724	-0.08683091182038005	0.9500796599818241	0.957913303325707	-0.00036256195851139635	0	1.3267548686097799	0.10628391747708268	0.22047095113269716
4.739999999999995	0.2617993877991494	0	1	0.2276142366585025	1.4968208461370966	0.0640680303385725	-0.08688666359143482	0.949907980817775	0.9578345010186827	-0.0003607778520521016	0	1.32688551476844	0.10628391747708268	0.2206015972913573
4.754999999999995	0.2617993877991494	0	1	0.22770489273241018	1.4974461963998238	0.06396708959011316	-0.0869434620949871	0.9497365114784881	0.9577547756179956	-0.00035900788315984013	0	1.3270154813625847	0.10628391747708268	0.22073156388550205
4.769999999999994	0.2617993877991494	0	1	0.22779512939115776	1.4980697110425751	0.06386679302249487	-0.08700130754814377	0.94956525254897	0.95767413839929	-0.00035725192244800806	0	1.3271447738727573	0.10628391747708268	0.22086085639567463
4.784999999999994	0.2617993877991494	0	1	0.22788494956174835	1.4986914094483808	0.0637671386287948	-0.08706020008833916	0.9493942045869637	0.9575926005317008	-0.0003555098420316417	0	1.3272733977275408	0.10628391747708268	0.22098948025045823
4.799999999999994	0.2617993877991494	0	1	0.2279743561509503	1.4993113106891214	0.06366812435824842	-0.08712013975646594	0.9492233681241383	0.9575101730786475	-0.00035378151526855624	0	1.327401358304186	0.10628391747708268	0.2211174408271033
4.814999999999993	0.2617993877991494	0	1	0.2280633520448786	1.4999294335400908	0.06356974812166905	-0.08718112650203566	0.9490527436674322	0.9574268669986339	-0.0003520668165205111	0	1.3275286609291592	0.10628391747708268	0.22124474345207665
4.829999999999993	0.2617993877991494	0	1	0.22815194010852324	1.5005457964176248	0.06347200777640999	-0.0872431601565717	0.9488823317005187	0.9573426931460526	-0.0003503656209381683	0	1.3276553108786182	0.10628391747708268	0.22137139340153558
4.844999999999993	0.2617993877991494	0	1	0.22824012318524567	1.5011604174014808	0.06337490113413097	-0.08730624044113	0.9487121326853512	0.9572576622719979	-0.00034867780427530725	0	1.3277813133788228	0.10628391747708268	0.2214973959017401
4.859999999999992	0.2617993877991494	0	1	0.2283279040962625	1.5017733142093217	0.06327842595577032	-0.08737036695388849	0.9485421470637617	0.9571717850250847	-0.00034700324273157515	0	1.327906673606493	0.10628391747708268	0.22162275612941038
4.874999999999992	0.2617993877991494	0	1	0.22841528564013378	1.5023845041693322	0.06318257994600268	-0.08743553915643713	0.9483723752590646	0.9570850719522767	-0.0003453418128276306	0	1.328031396689119	0.10628391747708268	0.2217474792120365
4.889999999999992	0.2617993877991494	0	1	0.22850227059227535	1.5029940042704455	0.0630873607684227	-0.0875017563913336	0.9482028176776399	0.9569975334997207	-0.0003436933913123286	0	1.3281554877052402	0.10628391747708268	0.22187157022815748
4.904999999999991	0.2617993877991494	0	1	0.22858886170450848	1.5036018311075625	0.06299276603248077	-0.08756901785631904	0.948033474710463	0.9569091800135898	-0.00034205785509891496	0	1.3282789516846936	0.10628391747708268	0.22199503420761083
4.919999999999991	0.2617993877991494	0	1	0.2286750617046597	1.504208000934862	0.06289879330923304	-0.08763732262236833	0.9478643467345557	0.9568200217409314	-0.00034043508123099496	0	1.3284017936088515	0.10628391747708268	0.2221178761317687
4.934999999999991	0.2617993877991494	0	1	0.2287608732962167	1.5048125296293575	0.06280544012287509	-0.08770666961480474	0.9476954341143421	0.9567300688305216	-0.0003388249468715371	0	1.3285240184108436	0.10628391747708268	0.2222401009337609
4.94999999999999	0.2617993877991494	0	1	0.22884629915804972	1.5054154327382379	0.06271270396452983	-0.08777705762846606	0.9475267372028919	0.9566393313337241	-0.0003372273293129244	0	1.3286456309757826	0.10628391747708268	0.2223617134987
4.96499999999999	0.2617993877991494	0	1	0.228931341944194	1.5060167254713643	0.06262058229115697	-0.08784848532041865	0.9473582563430515	0.9565478192053519	-0.00033564210600416376	0	1.328766636140986	0.10628391747708268	0.22248271866390323
4.97999999999999	0.2617993877991494	0	1	0.2290160042837006	1.506616422705266	0.06252907252733975	-0.08792095120731383	0.9471899918684528	0.9564555423045313	-0.0003340691545892719	0	1.3288870386962082	0.10628391747708268	0.22260312121912548
4.9949999999999894	0.2617993877991494	0	1	0.22910028878054559	1.5072145390140907	0.062438172074116616	-0.08799445367385214	0.9470219441044083	0.9563625103955671	-0.00033250835295621007	0	1.3290068433838786	0.10628391747708268	0.22272292590679596
5.009999999999989	0.2617993877991494	0	1	0.22918419801360224	1.507811088650306	0.06234787830415994	-0.08806899096076674	0.946854113368688	0.9562687331488067	-0.00033095957929209446	0	1.3291260548993544	0.10628391747708268	0.22284213742227182
5.024999999999989	0.2617993877991494	0	1	0.22926773453666557	1.5084060856015644	0.06225818857720394	-0.08814456118400255	0.9466864999721907	0.9561742201415034	-0.0003294227121445061	0	1.329244677891181	0.10628391747708268	0.22296076041409837
5.0399999999999885	0.2617993877991494	0	1	0.22935090087853363	1.5089995435265375	0.06216910022286992	-0.08822116230452552	0.9465191042195036	0.9560789808586778	-0.00032789763048423595	0	1.3293627169613709	0.10628391747708268	0.2230787994842882
5.054999999999988	0.2617993877991494	0	1	0.22943369954313558	1.5095914758669935	0.06208061057057279	-0.08829879217017342	0.9463519264093602	0.955983024693974	-0.00032638421377711123	0	1.3294801766656947	0.10628391747708268	0.22319625918861208
5.069999999999988	0.2617993877991494	0	1	0.2295161330097114	1.5101818957584245	0.06199271692529268	-0.0883774484752511	0.9461849668349968	0.9558863609505128	-0.00032488234205106886	0	1.3295970615139923	0.10628391747708268	0.22331314403690955
5.0849999999999875	0.2617993877991494	0	1	0.22959820373303602	1.5107708160842916	0.06190541658169063	-0.08845712877879715	0.946018225784407	0.9557889988417394	-0.00032339189597331596	0	1.3297133759704993	0.10628391747708268	0.2234294584934166
5.099999999999987	0.2617993877991494	0	1	0.22967991414368683	1.5113582494993014	0.06181870682979401	-0.08853783051028823	0.9458517035405022	0.9556909474922635	-0.0003219127569254294	0	1.3298291244541927	0.10628391747708268	0.22354520697711008
5.114999999999987	0.2617993877991494	0	1	0.22976126664835467	1.511944208425053	0.0617325849531441	-0.08861955096400903	0.9456854003811722	0.9555922159386935	-0.0003204448070791402	0	1.3299443113391576	0.10628391747708268	0.22366039386207484
5.129999999999987	0.2617993877991494	0	1	0.2298422636301908	1.5125287050380185	0.06164704822477762	-0.08870228729048672	0.945519316579264	0.955492813130462	-0.00031898792947337204	0	1.3300589409549715	0.10628391747708268	0.22377502347788888
5.144999999999986	0.2617993877991494	0	1	0.22992290744918922	1.5131117513095285	0.0615620939170316	-0.08878603650913551	0.9453534524024723	0.9553927479306425	-0.0003175420080881852	0	1.3301730175871125	0.10628391747708268	0.22388910011002974
5.159999999999986	0.2617993877991494	0	1	0.2300032004425975	1.5136933589873307	0.061477719295604194	-0.08887079549730516	0.9451878081131599	0.9552920291167565	-0.00031610692791448394	0	1.3302865454773802	0.10628391747708268	0.2240026280002977
5.174999999999986	0.2617993877991494	0	1	0.23008314492534981	1.514273539641391	0.0613939216307573	-0.08895656100568211	0.9450223839681133	0.95519066538157	-0.00031468257502007327	0	1.3303995288243406	0.10628391747708268	0.2241156113472581
5.189999999999985	0.2617993877991494	0	1	0.2301627431905191	1.5148523046141291	0.06131069818284929	-0.0890433296349034	0.94485718021825	0.955088665333881	-0.00031326883660556603	0	1.3305119717837823	0.10628391747708268	0.22422805430669956
5.204999999999985	0.2617993877991494	0	1	0.23024199750977725	1.5154296650806578	0.06122804621731598	-0.08913109785732284	0.9446921971082858	0.9549860374992938	-0.00031186560105585606	0	1.3306238784691864	0.10628391747708268	0.22433996099210368
5.219999999999985	0.2617993877991494	0	1	0.23032091013385939	1.516005632009321	0.061145962992917635	-0.08921986199836841	0.9445274348763802	0.9548827903209839	-0.0003104727579773936	0	1.3307352529522107	0.10628391747708268	0.22445133547512805
5.234999999999984	0.2617993877991494	0	1	0.23039948329302548	1.5165802161800075	0.06106444576547154	-0.08930961824172137	0.9443628937537728	0.954778932160451	-0.00030909019822941344	0	1.3308460992631774	0.10628391747708268	0.22456218178609483
5.249999999999984	0.2617993877991494	0	1	0.23047771919750856	1.517153428197549	0.060983491790301436	-0.08940036263285547	0.9441985739644254	0.954674471298261	-0.00030771781394142895	0	1.3309564213915657	0.10628391747708268	0.22467250391448312
5.264999999999984	0.2617993877991494	0	1	0.23055562003795022	1.5177252784449746	0.060903098308605685	-0.08949209105822913	0.9440344757246816	0.9545694159347775	-0.0003063554985194019	0	1.3310662232865071	0.10628391747708268	0.22478230580942452
5.279999999999983	0.2617993877991494	0	1	0.230633187985812	1.518295777144988	0.060823262562891	-0.08958479926900592	0.9438705992429577	0.954463774190882	-0.00030500314664379377	0	1.331175508857278	0.10628391747708268	0.22489159138019554
5.294999999999983	0.2617993877991494	0	1	0.23071042519375898	1.5188649343120708	0.06074398178317908	-0.08967848286040443	0.9437069447194788	0.9543575541086851	-0.0003036606542529794	0	1.331284281973785	0.10628391747708268	0.22500036449670216
5.309999999999983	0.2617993877991494	0	1	0.2307873337960149	1.519432759747588	0.060665253184816526	-0.08977313726880913	0.9435435123460635	0.9542507636522267	-0.0003023279185195595	0	1.3313925464670422	0.10628391747708268	0.2251086289899595
5.324999999999982	0.2617993877991494	0	1	0.230863915908682	1.5199992630452421	0.06058707396915991	-0.08986875777337698	0.9433803023059694	0.95414341070817	-0.0003010048378172718	0	1.33150030612964	0.10628391747708268	0.22521638865255736
5.339999999999982	0.2617993877991494	0	1	0.23094017363002575	1.5205644535959466	0.0605094413242066	-0.08996533949759755	0.9432173147738029	0.9540355030864844	-0.0002996913116802038	0	1.3316075647161956	0.10628391747708268	0.2253236472391129
5.354999999999982	0.2617993877991494	0	1	0.23101610904072473	1.5211283405557843	0.060432352415436486	-0.0900628773959339	0.9430545499154961	0.9539270485211229	-0.0002983872407561252	0	1.33171432594379	0.10628391747708268	0.22543040846670745
5.3699999999999815	0.2617993877991494	0	1	0.23109172420408602	1.5216909328543353	0.06035580438757038	-0.09016136625706332	0.9428920078883472	0.9538180546706925	-0.0002970925267568538	0	1.3318205934923915	0.10628391747708268	0.22553667601530886
5.384999999999981	0.2617993877991494	0	1	0.2311641981669211	1.5211768777996764	0.06000014199810483	-0.08965578375898862	0.9427357676530927	0.9537085594373196	0.0002798044044231712	0	1.3317285606256157	0.10628391747708268	0.2254446431485331
5.399999999999981	0.2617993877991494	0	1	0.23123648764507024	1.5351661929509028	0.06353113259706783	-0.10216615052227453	0.9425795115275484	0.9535985990041533	-0.00017457614303361017	0	1.331808320588837	0.10628391747708268	0.2255244031117543
5.4149999999999805	0.2617993877991494	0	1	0.23130474603531867	1.5303174007033946	0.06202652998970326	-0.09623766882103021	0.9424315799266321	0.953488219439891	-0.0001909200468426321	0	1.3318816071992092	0.10628391747708268	0.22559768972212657
5.42999999999998	0.2617993877991494	0	1	0.23137325727891214	1.5320075589041444	0.06227321214906861	-0.09751836615734803	0.9422827172389588	0.9533774615828063	-0.00019522295467166087	0	1.3319623025799907	0.10628391747708268	0.22567838510290797
5.44499999999998	0.2617993877991494	0	1	0.23144153414508453	1.532471016675272	0.06219184555961965	-0.09750238079482419	0.9421339808400686	0.9532663252061904	-0.00021058889751915852	0	1.3320444392093143	0.10628391747708268	0.22576052173223154
5.4599999999999795	0.2617993877991494	0	1	0.23150965489709316	1.5330665197443167	0.06214626994817485	-0.0976577680263751	0.9419852025486841	0.953154814494162	-0.00021651389806307938	0	1.3321275484104789	0.10628391747708268	0.22584363093339624
5.474999999999979	0.2617993877991494	0	1	0.2315775968997481	1.5336015917218846	0.06208498003079105	-0.09775582726425193	0.9418364336408658	0.953042933010324	-0.00022175003138671565	0	1.332211138123542	0.10628391747708268	0.22592722064645923
5.489999999999979	0.2617993877991494	0	1	0.23164535095110703	1.5341289090207575	0.06202211861495788	-0.09785166114974256	0.9416876963736849	0.9529306846482931	-0.00022536144570109892	0	1.3322950402773366	0.10628391747708268	0.22601112280025398
5.504999999999979	0.2617993877991494	0	1	0.23171290728792865	1.5346462040390216	0.06195710802694804	-0.09794057418149259	0.9415390144530325	0.9528180734916316	-0.0002281285803229161	0	1.332379149284776	0.10628391747708268	0.22609523180769353
5.519999999999978	0.2617993877991494	0	1	0.23178025867582464	1.5351576834813239	0.06189109778563384	-0.09802641027043273	0.9413904062210858	0.9527051037923957	-0.00023023523310076985	0	1.3324633983870935	0.10628391747708268	0.2261794809100109
5.534999999999978	0.2617993877991494	0	1	0.23184739948713493	1.5356645872235224	0.06182443762795875	-0.0981100639692771	0.9412418866282065	0.9525917799259235	-0.00023185978351214766	0	1.3325477372305476	0.10628391747708268	0.2262638197534651
5.549999999999978	0.2617993877991494	0	1	0.2319143254089761	1.5361679284501937	0.061757412600233874	-0.09819238079520679	0.9410934678359378	0.9524781063588673	-0.00023311074598445823	0	1.3326321255198792	0.10628391747708268	0.22634820804279646
5.564999999999977	0.2617993877991494	0	1	0.23198103310416415	1.5366683404245514	0.06169020301773448	-0.09827387754688809	0.9409451599347868	0.9523640876241157	-0.00023406730557937942	0	1.3327165295236632	0.10628391747708268	0.22643261204658052
5.579999999999977	0.2617993877991494	0	1	0.2320475199806636	1.5371662836693027	0.061622940670301274	-0.09835493431657612	0.9407969714312033	0.9522497283019556	-0.00023478682329404599	0	1.3328009203529827	0.10628391747708268	0.2265170028759001
5.594999999999977	0.2617993877991494	0	1	0.23211378402106667	1.5376620965485697	0.061555722887344955	-0.09843582945976147	0.940648909608033	0.9521350330056374	-0.00023531247076834263	0	1.332885272890301	0.10628391747708268	0.2266013554132182
5.609999999999976	0.2617993877991494	0	1	0.23217982365942452	1.538156036855309	0.061488624050659024	-0.09851677455293803	0.9405009807845128	0.9520200063701684	-0.00023567738273874976	0	1.3329695650729754	0.10628391747708268	0.22668564759589271
5.624999999999976	0.2617993877991494	0	1	0.2322456376903885	1.5386483050987187	0.06142170210679482	-0.09859793339661002	0.9403531905077881	0.9519046530434633	-0.00023590749720743887	0	1.3330537773727043	0.10628391747708268	0.22676985989562162
5.639999999999976	0.2617993877991494	0	1	0.23231122520118197	1.5391390602550545	0.0613550029914956	-0.09867943511566915	0.9402055436960302	0.9517889776792473	-0.0002360234476504409	0	1.3331378924002655	0.10628391747708268	0.22685397492318293
5.654999999999975	0.2617993877991494	0	1	0.23237658551975143	1.5396284304200887	0.06128856363948265	-0.09876138299588487	0.9400580447472979	0.9516729849312828	-0.00023604188227079265	0	1.3332218945955718	0.10628391747708268	0.22693797711848915
5.669999999999975	0.2617993877991494	0	1	0.23244171817459286	1.540116520270876	0.0612224141042666	-0.09884386069943267	0.9399106976236994	0.9515566794486139	-0.00023597640140164512	0	1.333305769979153	0.10628391747708268	0.2270218525020703
5.684999999999975	0.2617993877991494	0	1	0.23250662286314366	1.5406034164500306	0.06115657909560229	-0.09892693673795033	0.9397635059174717	0.9514400658716043	-0.00023583823844489684	0	1.333389505949412	0.10628391747708268	0.2271055884723294
5.699999999999974	0.2617993877991494	0	1	0.23257129942655327	1.5410891914873626	0.061091079105900226	-0.09901066774134426	0.9396164729035956	0.9513231488286068	-0.00023563676336384407	0	1.3334730911148844	0.10628391747708268	0.22718917363780178
5.714999999999974	0.2617993877991494	0	1	0.2326357478292873	1.5415739067482312	0.06102593126135142	-0.0990951009045552	0.9394696015822487	0.9512059329331372	-0.00023537986103775132	0	1.333556515153806	0.10628391747708268	0.22727259767672342
5.729999999999974	0.2617993877991494	0	1	0.23269996814243812	1.5420576146392273	0.06096114996294372	-0.09918027582890976	0.9393228947134606	0.9510884227814603	-0.0002350742196816226	0	1.3336397686953312	0.10628391747708268	0.2273558512182486
5.7449999999999735	0.2617993877991494	0	1	0.23276396052991902	1.5425403603201793	0.06089674738655354	-0.09926622594303702	0.9391763548457226	0.9509706229505155	-0.00023472555357615242	0	1.333722843218156	0.10628391747708268	0.22743892574107336
5.759999999999973	0.2617993877991494	0	1	0.23282772523693177	1.5430221830062496	0.06083273386639099	-0.09935297959530867	0.9390299843398457	0.9508525379961222	-0.00023433877709737815	0	1.3338057309633122	0.10628391747708268	0.22752181348622963
5.774999999999973	0.2617993877991494	0	1	0.23289126258023887	1.5435031170069273	0.06076911820253911	-0.09944056091880252	0.9388837853890439	0.9507341724514238	-0.00023391814215988107	0	1.3338884248586087	0.10628391747708268	0.22760450738152607
5.7899999999999725	0.2617993877991494	0	1	0.23295457293989263	1.5439831925582226	0.06070590790871916	-0.09952899052098861	0.9387377600359879	0.9506155308255296	-0.00023346734783348755	0	1.3339709184527564	0.10628391747708268	0.2276870009756737
5.804999999999972	0.2617993877991494	0	1	0.23301765675214725	1.5444624364447745	0.060643109400219775	-0.09961828601826103	0.9385919101873956	0.9504966176023298	-0.0002329896285587581	0	1.3340532058576038	0.10628391747708268	0.22776928838052107
5.819999999999972	0.2617993877991494	0	1	0.23308051450334022	1.5449408725571432	0.06058072816155835	-0.09970846249034375	0.9384462376266214	0.9503774372394558	-0.00023248782573365742	0	1.334135281697223	0.10628391747708268	0.22785136422014038
5.8349999999999715	0.2617993877991494	0	1	0.23314314672457653	1.5454185222997676	0.060518768871724804	-0.09979953283188943	0.9383007440245761	0.9502579941673687	-0.00023196444625709104	0	1.3342171410628234	0.10628391747708268	0.2279332235857407
5.849999999999971	0.2617993877991494	0	1	0.23320555398708256	1.545895404941949	0.06045723551215626	-0.09989150804784046	0.9381554309492741	0.9501382927885584	-0.00023142171074578633	0	1.334298779472654	0.10628391747708268	0.2280148619955713
5.864999999999971	0.2617993877991494	0	1	0.23326773689812333	1.546371537927254	0.060396131461884106	-0.09998439750559766	0.93801029987422	0.9500183374768403	-0.00023086159351687837	0	1.334380192836208	0.10628391747708268	0.22809627535912527
5.879999999999971	0.2617993877991494	0	1	0.233329696097394	1.5468469370767766	0.06033545956282349	-0.10007820912292013	0.9378653521858166	0.949898132576736	-0.0002302858559454017	0	1.334461377422145	0.10628391747708268	0.22817745994506228
5.89499999999997	0.2617993877991494	0	1	0.23339143225382078	1.5473216168221215	0.06027522219180237	-0.10017294955097901	0.9377205891899469	0.9497776824029326	-0.00022969607446034833	0	1.3345423298294603	0.10628391747708268	0.2282584123523777
5.90999999999997	0.2617993877991494	0	1	0.23345294606270625	1.5477955903456548	0.060215421306712036	-0.1002686243058703	0.9375760121178413	0.9496569912398062	-0.0002290936641683156	0	1.3346230469614837	0.10628391747708268	0.22833912948440108
5.92499999999997	0.2617993877991494	0	1	0.23351423824317852	1.548268869735649	0.060156058495743125	-0.10036523789486904	0.9374316221313335	0.9495360633410078	-0.00022847989889182628	0	1.33470352600237	0.10628391747708268	0.22841960852528748
5.939999999999969	0.2617993877991494	0	1	0.23357530953590216	1.548741466116041	0.06009713501903435	-0.1004627939231109	0.9372874203275823	0.9494149029291015	-0.00022785592824820896	0	1.334783764395788	0.10628391747708268	0.22849984691870548
5.954999999999969	0.2617993877991494	0	1	0.23363616070101642	1.549213389720712	0.0600386518347788	-0.1005612951699498	0.9371434077433325	0.9492935141952518	-0.0002272227922749464	0	1.3348637598255504	0.10628391747708268	0.22857984234846762
5.969999999999969	0.2617993877991494	0	1	0.2336967925162782	1.5496846500044263	0.05998060963453955	-0.10066074367378855	0.9369995853587577	0.9491719012989542	-0.00022658143400691675	0	1.3349435101979712	0.10628391747708268	0.22865959272088857
5.984999999999968	0.2617993877991494	0	1	0.23375720577538261	1.5501552557086302	0.059923008865940985	-0.10076114079323707	0.9368559541009484	0.9490500683678047	-0.00022593271034025258	0	1.3350230136257664	0.10628391747708268	0.22873909614868382
5.999999999999968	0.2617993877991494	0	1	0.23381740128644551	1.5506252149317468	0.059865849756079614	-0.10086248726546025	0.9367125148470655	0.9489280194973045	-0.00022527740144929705	0	1.3351022684133278	0.10628391747708268	0.22881835093624506
