0.015	0.15707963267948966	0	1	0.15716147718534126	18.111963911841634	2.711525787268673	-3.830415136424881	0.9964826511540112	0.9964826511540112	-0.010000000000000002	0	1.2635242574019647	0.10628391747708268	0.15724033992488207
0.03	0.15707963267948966	0	1	0.0786872531627806	-31.523347463591943	-5.032196178901003	12.798204872769158	0.9998173797288625	0.9964992831821651	-0.07527206679621884	0	1.1098676046721947	0.10628391747708268	0.0035836871951120137
0.045	0.15707963267948966	0	1	0.08023609946354751	0.9532400901244394	0.11002409344014298	-0.20274968717282613	0.9998063104290456	0.9965322435860778	-0.00218552769164435	0	1.114179902523909	0.10628391747708268	0.007895985046826374
0.06	0.15707963267948966	0	1	0.08102344089408915	0.6987575058163447	0.06891031476323578	-0.1475493258710619	0.9998004754100915	0.9965647919932032	-0.013843792842161093	0	1.1171294171749278	0.10628391747708268	0.0108454996978451
0.075	0.15707963267948966	0	1	0.08174200769063185	0.6684961361612678	0.06337335662139029	-0.1143910272192029	0.9997950929009973	0.9965969607357603	-0.011359646567884137	0	1.1197994853760416	0.10628391747708268	0.013515567898959023
0.09	0.15707963267948966	0	1	0.08249224871947694	0.6771794189223629	0.06396481877427987	-0.11136767694270769	0.999789116846967	0.9966287528768027	-0.0099063986791613	0	1.1224584928297394	0.10628391747708268	0.016174575352656796
0.105	0.15707963267948966	0	1	0.08320531038827383	0.6619718875486627	0.060804554094712165	-0.09860132931163092	0.9997834729896741	0.9966601708748632	-0.008903101680590973	0	1.1249608600424197	0.10628391747708268	0.01867694256533701
0.12	0.15707963267948966	0	1	0.08388172234801608	0.6548603280282915	0.05895921842857747	-0.090290209657756	0.9997777776137681	0.9966912198443514	-0.008395762861392623	0	1.1272856664809245	0.10628391747708268	0.021001749003841837
0.135	0.15707963267948966	0	1	0.08455410081710435	0.6577340279561309	0.0586939105555447	-0.0849936099761488	0.9997720734870189	0.996721903157849	-0.007554919469112037	0	1.1295646522135003	0.10628391747708268	0.02328073473641776
0.15000000000000002	0.15707963267948966	0	1	0.08521366637277739	0.6577066308758854	0.05797725455273679	-0.08101020346967895	0.9997663357977865	0.9967522242428732	-0.006964613027290195	0	1.1317631914864854	0.10628391747708268	0.025479274009402746
0.16500000000000004	0.15707963267948966	0	1	0.08586058236521496	0.657745510114774	0.05727938030425744	-0.0773823182596585	0.9997605678487832	0.9967821863861774	-0.006542097463485136	0	1.1338845904827157	0.10628391747708268	0.0276006730056331
0.18000000000000005	0.15707963267948966	0	1	0.08649550497337388	0.6581645353199994	0.05664959011227441	-0.0742082138826193	0.9997547683993144	0.9968117928520139	-0.006172047920355984	0	1.1359338941402897	0.10628391747708268	0.029649976663207116
0.19500000000000006	0.15707963267948966	0	1	0.08711883108275771	0.6587864768527363	0.05605966429949213	-0.07137880461057312	0.9997489382388983	0.9968410468699352	-0.005849393501282397	0	1.1379149800404977	0.10628391747708268	0.03163106256341514
0.21000000000000008	0.15707963267948966	0	1	0.08773087707991495	0.6595287491749638	0.055496445352424074	-0.06879842313605232	0.9997430787310885	0.9968699516480787	-0.00556310545769078	0	1.1398312292835495	0.10628391747708268	0.03354731180646685
0.2250000000000001	0.15707963267948966	0	1	0.08833203330189615	0.6604283401477985	0.054965616410636485	-0.06645588560188986	0.9997371903652198	0.9968985103718672	-0.0053071959271202285	0	1.1416861626425923	0.10628391747708268	0.03540224516550958
0.2400000000000001	0.15707963267948966	0	1	0.08892273888559955	0.6615098592910431	0.054470828288145944	-0.06433998610852402	0.9997312729213342	0.9969267261963594	-0.005077315567328682	0	1.1434833417197985	0.10628391747708268	0.03719942424271574
0.2550000000000001	0.15707963267948966	0	1	0.08950344899767082	0.6627778735387357	0.05401252162198746	-0.062433719994242014	0.9997253257466941	0.9969546022408738	-0.0048697562140469774	0	1.1452262357461935	0.10628391747708268	0.038942318269110855
0.27000000000000013	0.15707963267948966	0	1	0.09007462350767055	0.6642297453712072	0.05358997320255834	-0.060719705916206436	0.999719347849307	0.9969821415855042	-0.004681488818108146	0	1.1469181731702145	0.10628391747708268	0.04063425569313173
0.28500000000000014	0.15707963267948966	0	1	0.09063672272902966	0.6658603823864367	0.05320205354073297	-0.05918177235738618	0.9997133379304886	0.9970093472682967	-0.004510035973067513	0	1.148562325084754	0.10628391747708268	0.04227840760767152
0.30000000000000016	0.15707963267948966	0	1	0.09119019447192679	0.6676582146675638	0.0528466052957396	-0.057802956563504246	0.9997072945192088	0.9970362222832868	-0.004353281359513859	0	1.1501616647341788	0.10628391747708268	0.04387774725709617
0.31500000000000017	0.15707963267948966	0	1	0.09173545094582482	0.6696003131184788	0.0525196980054661	-0.056563311665786195	0.9997012162386527	0.9970627695805514	-0.004209322389183828	0	1.1517188995454322	0.10628391747708268	0.0454349820683494
0.3300000000000002	0.15707963267948966	0	1	0.0922728466470441	0.6716533054214102	0.052215800815695095	-0.05544023893405648	0.999695102093704	0.9970889920690184	-0.004076421488850947	0	1.1532364136211013	0.10628391747708268	0.04695249614401865
0.3450000000000002	0.15707963267948966	0	1	0.09280266902254877	0.6737801820646804	0.05192887383824975	-0.054411213870268274	0.9996889516401614	0.9971148926215169	-0.0039530348814802545	0	1.154716256922741	0.10628391747708268	0.0484323394456583
0.3600000000000002	0.15707963267948966	0	1	0.09332514457686537	0.6759481299697839	0.051653604200053514	-0.053456802244950974	0.9996827649836033	0.9971404740806136	-0.0038378536010118484	0	1.1561601849067678	0.10628391747708268	0.04987626742968515
0.3750000000000002	0.15707963267948966	0	1	0.09384045442212831	0.6781330607291992	0.051386106949736665	-0.0525622297337227	0.9996765426559843	0.9971657392637678	-0.0037298116759516896	0	1.1575697251373311	0.10628391747708268	0.05128580766024841
0.39000000000000024	0.15707963267948966	0	1	0.09434874972426618	0.6803200630062376	0.051123979845578114	-0.05171729250287388	0.9996702854728362	0.9971906909671123	-0.0036280608659213644	0	1.1589462408262479	0.10628391747708268	0.05266232334916514
0.40500000000000025	0.15707963267948966	0	1	0.09485017193858167	0.6825022248226076	0.050866093522624375	-0.05091563774119012	0.9996639943088039	0.9972153319673674	-0.003531920037742585	0	1.1602909955291905	0.10628391747708268	0.054007078052107756
0.42000000000000026	0.15707963267948966	0	1	0.09534485218004406	0.6846753637897205	0.05061175804625897	-0.05015251063489431	0.9996576701141305	0.9972396650227043	-0.003440848813373351	0	1.161605168385775	0.10628391747708268	0.05532125090869248
0.4350000000000003	0.15707963267948966	0	1	0.09583292271989412	0.6868400279388581	0.05036102623843377	-0.04942541905657765	0.9996513137729011	0.9972636928729752	-0.0033543975073026004	0	1.162889886916055	0.10628391747708268	0.056605969438972475
0.4500000000000003	0.15707963267948966	0	1	0.096314517880928	0.6889975175005618	0.05011406256828384	-0.048732475305481214	0.999644926086818	0.9972874182391562	-0.0032721916107860283	0	1.1641462350052234	0.10628391747708268	0.05786231752814081
0.4650000000000003	0.15707963267948966	0	1	0.096789774976792	0.6911497450250382	0.0498711198887705	-0.04807227874056008	0.9996385077571145	0.9973108438226251	-0.003193912029133124	0	1.165375258768485	0.10628391747708268	0.05909134129140215
0.4800000000000003	0.15707963267948966	0	1	0.09725883443122722	0.6932988210836006	0.04963247369095189	-0.04744371192961174	0.9996320593764974	0.9973339723043169	-0.0031192831248003255	0	1.166577969678102	0.10628391747708268	0.06029405220101944
0.49500000000000033	0.15707963267948966	0	1	0.09772183940355869	0.6954468041609904	0.04939838297437922	-0.04684581000066097	0.9996255814278956	0.9973568063438406	-0.003048063525780404	0	1.1677553460886252	0.10628391747708268	0.0614714286115425
0.5100000000000003	0.15707963267948966	0	1	0.09817893501391803	0.6975954995315604	0.04916905938994099	-0.04627765722223126	0.9996190742895189	0.9973793485786246	-0.0029800385273163785	0	1.1689083335230217	0.10628391747708268	0.06262441604593898
0.5250000000000004	0.15707963267948966	0	1	0.09863026716418764	0.6997462563965209	0.04894463664180206	-0.04573828896127184	0.999612538246985	0.9974016016231562	-0.0029150134854404658	0	1.1700378437505439	0.10628391747708268	0.06375392627346133
0.5400000000000004	0.15707963267948966	0	1	0.09907598097801547	0.7018997743447202	0.048725141885837174	-0.045226602204929654	0.9996059735128858	0.9974235680683854	-0.0028528081381387045	0	1.171144752747362	0.10628391747708268	0.06486083527027932
0.5550000000000004	0.15707963267948966	0	1	0.09951621898711988	0.7040559676887537	0.048510476666412984	-0.044741292685005395	0.9995993802525589	0.9974452504813618	-0.00279325219339088	0	1.1722298979212984	0.10628391747708268	0.0659459804442157
0.5700000000000004	0.15707963267948966	0	1	0.09995111930154682	0.7062139407825822	0.048300415508036904	-0.044280838212812194	0.9995927586128919	0.9974666514051455	-0.002736182580077794	0	1.173294075287023	0.10628391747708268	0.0670101578099402
0.5850000000000004	0.15707963267948966	0	1	0.10038081404884079	0.7083720976460551	0.04809462549046005	-0.04384353600898607	0.9995861087497798	0.997487773358999	-0.0026814424855300875	0	1.174338037393557	0.10628391747708268	0.06805411991647446
0.6000000000000004	0.15707963267948966	0	1	0.10080542831397582	0.7105283619890816	0.04789270271085529	-0.04342758345324958	0.9995794308501241	0.9975086188388238	-0.002628881856728664	0	1.175362492630357	0.10628391747708268	0.06907857515327438
0.6150000000000004	0.15707963267948966	0	1	0.10122507967501967	0.7126804444650588	0.04769421548502867	-0.04303117676985501	0.9995727251459874	0.9975291903177715	-0.00257835867124325	0	1.1763681061294753	0.10628391747708268	0.07008418865239271
0.6300000000000004	0.15707963267948966	0	1	0.10163987827085215	0.7148260816812388	0.047498742393324925	-0.04265259792204471	0.9995659919209076	0.9975494902469515	-0.0025297401938090555	0	1.1773555020243434	0.10628391747708268	0.07107158454726062
0.6450000000000005	0.15707963267948966	0	1	0.10204992722758117	0.7169631960268664	0.04730589730868999	-0.042290270033010745	0.9995592315103096	0.9975695210561639	-0.0024829036595439484	0	1.1783252665226431	0.10628391747708268	0.07204134904556041
0.6600000000000005	0.15707963267948966	0	1	0.10245532324864878	0.7190899637511422	0.04711533965802421	-0.041942776746854184	0.9995524442986545	0.9975892851546143	-0.002437736220118161	0	1.179277951206206	0.10628391747708268	0.0729940337291232
0.6750000000000005	0.15707963267948966	0	1	0.10285615722987144	0.7212048178388384	0.04692677429818842	-0.041608856120907416	0.9995456307153976	0.9976087849315861	-0.0023941343423198396	0	1.1802140761480684	0.10628391747708268	0.07393015867098572
0.6900000000000005	0.15707963267948966	0	1	0.10325251484888023	0.7233064255297523	0.04673994738418946	-0.04128738465629261	0.9995387912305701	0.9976280227570643	-0.002352003008491895	0	1.1811341327016327	0.10628391747708268	0.07485021522455013
0.7050000000000005	0.15707963267948966	0	1	0.10364447714801554	0.7253936745825778	0.04655464360729605	-0.040977364842311945	0.9995319263496808	0.9976470009823063	-0.002311255017822977	0	1.1820385860272224	0.10628391747708268	0.07575466855013978
0.7200000000000005	0.15707963267948966	0	1	0.10403212115248386	0.7274656802843256	0.04637068664966572	-0.04067792111303761	0.9995250366071837	0.997665721940348	-0.00227181051431656	0	1.1829278775003225	0.10628391747708268	0.0766439600232397
0.7350000000000005	0.15707963267948966	0	1	0.10441552054438831	0.7295218058734456	0.046187941666495855	-0.040388301765634314	0.9995181225580599	0.9976841879464318	-0.002233596693610615	0	1.1838024271019942	0.10628391747708268	0.07751850962491152
0.7500000000000006	0.15707963267948966	0	1	0.10479474637204039	0.7315616788942043	0.046006317053167184	-0.04010788048214928	0.9995111847677737	0.9977024012983372	-0.0021965475486220645	0	1.1846626357895707	0.10628391747708268	0.07837871831248802
0.7650000000000006	0.15707963267948966	0	1	0.10516986773951661	0.733585187795415	0.045825763086153395	-0.039836151655818275	0.9995042238015543	0.997720364276606	-0.0021606035185372336	0	1.1855088877553752	0.10628391747708268	0.0792249702782925
0.7800000000000006	0.15707963267948966	0	1	0.10554095240944228	0.7355924526598799	0.04564626656090584	-0.039572717186266176	0.9994972402142922	0.9977380791446606	-0.002125710971085682	0	1.1863415524439156	0.10628391747708268	0.08005763496683288
0.7950000000000006	0.15707963267948966	0	1	0.10590806726359624	0.7375837733667727	0.045467842028042105	-0.03931726578613003	0.9994902345422624	0.9977555481488304	-0.0020918215249394897	0	1.1871609862172134	0.10628391747708268	0.08087706874013074
0.8100000000000006	0.15707963267948966	0	1	0.10627127859250474	0.7395595649233714	0.04529052121420428	-0.039069548150103064	0.9994832072974883	0.9977727735183086	-0.002058891273828403	0	1.1879675336127533	0.10628391747708268	0.08168361613567067
0.8250000000000006	0.15707963267948966	0	1	0.10663065221555339	0.7415202920334729	0.04511434254277562	-0.038829352183834875	0.999476158965025	0.9977897574650676	-0.0020268799958271895	0	1.188761528202381	0.10628391747708268	0.08247761072529827
0.8400000000000006	0.15707963267948966	0	1	0.10698625345845286	0.7434664128145968	0.04493934229353605	-0.03859648170322552	0.999469090002936	0.9978065021837623	-0.0019957504255997236	0	1.1895432931131946	0.10628391747708268	0.0832593756361119
0.8550000000000006	0.15707963267948966	0	1	0.10733814703038196	0.7453983380166435	0.04476554835422712	-0.03837074077019619	0.9994620008443703	0.9978230098516438	-0.00196546764533609	0	1.19031314130305	0.10628391747708268	0.08402922382596746
0.8700000000000007	0.15707963267948966	0	1	0.10768639684766226	0.7473164080089236	0.04459297686197883	-0.038151924417481956	0.9994548919009629	0.997839282628502	-0.001935998621633264	0	1.1910713756920155	0.10628391747708268	0.08478745821493275
0.8850000000000007	0.15707963267948966	0	1	0.10803106584583642	0.7492208860540217	0.04442163144393216	-0.037939815222247	0.9994477635667927	0.9978553226566443	-0.0019073118879554714	0	1.1918182892405063	0.10628391747708268	0.08553437176342354
0.9000000000000007	0.15707963267948966	0	1	0.10837221581054776	0.7511119636401083	0.04425150434563804	-0.03773418423905315	0.999440616222277	0.9978711320609155	-0.001879377350416367	0	1.1925541650411668	0.10628391747708268	0.08627024756408427
0.9150000000000007	0.15707963267948966	0	1	0.10870990724341861	0.7529897726770486	0.04408257860136011	-0.037534794483783704	0.9994334502376266	0.9978867129487515	-0.0018521661814608452	0	1.1932792764621893	0.10628391747708268	0.0869953589851067
0.9300000000000007	0.15707963267948966	0	1	0.10904419926586803	0.7548543995646906	0.04391483045044006	-0.037341405224858217	0.9994262659757309	0.9979020674102664	-0.0018256507626448338	0	1.1939938873518015	0.10628391747708268	0.08770996987471881
0.9450000000000007	0.15707963267948966	0	1	0.10937514955431167	0.7567058970379161	0.04374823135899149	-0.0371537756149201	0.9994190637945458	0.9979171975183636	-0.0017998046432250326	0	1.1946982522927085	0.10628391747708268	0.08841433481562586
0.9600000000000007	0.15707963267948966	0	1	0.10970281429585199	0.7585442921607151	0.043582749403351315	-0.03697166707005334	0.9994118440491687	0.9979321053288679	-0.001774602492880333	0	1.1953926168844013	0.10628391747708268	0.08910869940731864
0.9750000000000008	0.15707963267948966	0	1	0.1100272481541814	0.7603695900719475	0.043418349966130046	-0.03679484418955915	0.9994046070937896	0.9979467928806771	-0.0017500200403430585	0	1.1960772180305042	0.10628391747708268	0.08979330055342155
0.9900000000000008	0.15707963267948966	0	1	0.1103485042395068	0.7621817751281814	0.04325499601386476	-0.03662307475585806	0.9993973532836397	0.9979612621959313	-0.001726034001376986	0	1.196752284215184	0.10628391747708268	0.09046836673810152
1.0050000000000008	0.15707963267948966	0	1	0.11066663408170446	0.7639808112274672	0.04309264823981816	-0.03645612938988697	0.9993900829769482	0.9979755152801995	-0.0017026220063684659	0	1.1974180357630562	0.10628391747708268	0.09113411828597343
1.0200000000000007	0.15707963267948966	0	1	0.11098168761057149	0.7657666434726058	0.04293126540826653	-0.03629378161409302	0.9993827965368111	0.9979895541226834	-0.001679762539304818	0	1.1980746850869055	0.10628391747708268	0.09179076760982287
1.0350000000000006	0.15707963267948966	0	1	0.11129371314957184	0.7675392017542523	0.04277080498295173	-0.03613580850172986	0.9993754943328043	0.9980033806964372	-0.001657434896720662	0	1.1987224369339426	0.10628391747708268	0.0924385194568599
1.0500000000000005	0.15707963267948966	0	1	0.11160275742943003	0.769298407004703	0.04261122414924605	-0.03598199222425862	0.9993681767421667	0.9980169969585986	-0.0016356191697495836	0	1.1993614886429798	0.10628391747708268	0.09307757116589713
1.0650000000000004	0.15707963267948966	0	1	0.11190886562573646	0.7710441792210826	0.04245248108084139	-0.03583212220083831	0.9993608441504106	0.9980304048506259	-0.0016142962465419007	0	1.1999920304223546	0.10628391747708268	0.09370811294527191
1.0800000000000003	0.15707963267948966	0	1	0.11221208142138427	0.7727764461677196	0.04229453627651396	-0.035685997504976204	0.9993534969512944	0.998043606298537	-0.0015934478282689838	0	1.2006142456532378	0.10628391747708268	0.0943303281761551
1.0950000000000002	0.15707963267948966	0	1	0.11251244709130623	0.7744951515374972	0.04213735377672326	-0.0355434291290102	0.9993461355461675	0.998056603213141	-0.001573056450309074	0	1.201228311217217	0.10628391747708268	0.0949443937401345
1.11	0.15707963267948966	0	1	0.11281000360453933	0.7762002617863838	0.04198090214220915	-0.035404241855109236	0.9993387603427696	0.99806939749026	-0.0015531055010352816	0	1.201834397842444	0.10628391747708268	0.09555048036536135
1.125	0.15707963267948966	0	1	0.11310479073754433	0.7778917710711504	0.0418251551126845	-0.035268275531490076	0.999331371753599	0.9980819910109329	-0.0015335792329652348	0	1.2024326704600952	0.10628391747708268	0.09614875298301252
1.14	0.15707963267948966	0	1	0.11339684719287715	0.7795697040596157	0.04167009191741458	-0.03513538565455027	0.9993239701939787	0.9980943856416005	-0.0015144627638008432	0	1.2030232885624654	0.10628391747708268	0.09673937108538269
1.1549999999999998	0.15707963267948966	0	1	0.11368621071826299	0.7812341172414478	0.041515697344277944	-0.03500544348065002	0.9993165560799337	0.9981065832342679	-0.0014957420670898337	0	1.2036064065549925	0.10628391747708268	0.09732248907790977
1.1699999999999997	0.15707963267948966	0	1	0.11397291822228495	0.7828850987697069	0.04136196157767781	-0.03487833564888505	0.9993091298259775	0.9981185856266452	-0.0014774039532770018	0	1.204182174096048	0.10628391747708268	0.09789825661896542
1.1849999999999996	0.15707963267948966	0	1	0.11425700588379252	0.7845227672182382	0.041208879870693924	-0.034753963447948226	0.9993016918428861	0.998130394642262	-0.0014594360421420695	0	1.2047507364196575	0.10628391747708268	0.09846681894257471
1.1999999999999995	0.15707963267948966	0	1	0.11453850925258101	0.7861472693846265	0.04105645207584083	-0.034632241773530435	0.9992942425355384	0.9981420120905621	-0.0014418267271983042	0	1.205312234637129	0.10628391747708268	0.09902831716004644
1.2149999999999994	0.15707963267948966	0	1	0.11481746333893868	0.7877587773116533	0.04090468206563945	-0.03451309785345809	0.999286782300902	0.9981534397669733	-0.001424565132219912	0	1.2058668060139168	0.10628391747708268	0.09958288853683413
1.2299999999999993	0.15707963267948966	0	1	0.11509390268953867	0.7893574840519335	0.04075357697176575	-0.03439646956521868	0.9992793115262522	0.9981646794529611	-0.0014076410598486226	0	1.2064145842181733	0.10628391747708268	0.10013066674109061
1.2449999999999992	0.15707963267948966	0	1	0.11536786144712438	0.7909435987923095	0.04060314634458034	-0.03428230360437591	0.9992718305877237	0.9981757329160622	-0.0013910449325990964	0	1.2069556995377317	0.10628391747708268	0.10067178206064908
1.2599999999999991	0.15707963267948966	0	1	0.11563937339173552	0.7925173409247915	0.04045340117135636	-0.03417055334042336	0.9992643398492845	0.9981866019099086	-0.0013747677270973516	0	1.2074902790629327	0.10628391747708268	0.10120636158585013
1.274999999999999	0.15707963267948966	0	1	0.11590847196199368	0.7940789335510747	0.040304352833016865	-0.034061176540087654	0.9992568396622121	0.9981972881742411	-0.0013588009034729656	0	1.2080184468339663	0.10628391747708268	0.10173452935688355
1.289999999999999	0.15707963267948966	0	1	0.11617519025621793	0.7956285967747956	0.040156012056319954	-0.033954133067052236	0.9992493303651164	0.9982077934349223	-0.0013431363327590072	0	1.2085403239532087	0.10628391747708268	0.10225640647612597
1.3049999999999988	0.15707963267948966	0	1	0.11643956101474112	0.7971665414898371	0.040008387972140236	-0.03384938279379359	0.9992418122845097	0.9982181194039507	-0.0013277662259813716	0	1.2090560286652001	0.10628391747708268	0.10277211118811741
1.3199999999999987	0.15707963267948966	0	1	0.11670161658647768	0.7986929638138295	0.0398614872993838	-0.033746883730703926	0.9992342857358735	0.998228267779484	-0.001312683068862532	0	1.2095656764090856	0.10628391747708268	0.10328175893200298
1.3349999999999986	0.15707963267948966	0	1	0.11696138888423113	0.8002080411366205	0.039715313801813173	-0.03364659070878488	0.9992267510251215	0.9982382402458748	-0.0012978795658218666	0	1.2100693798501263	0.10628391747708268	0.10378546237304356
1.3499999999999985	0.15707963267948966	0	1	0.11721890933413193	0.8017119297518087	0.03956986800493317	-0.03354845456534412	0.999219208450323	0.9982480384737202	-0.0012833485958884951	0	1.210567248897929	0.10628391747708268	0.10428333142084649
1.3649999999999984	0.15707963267948966	0	1	0.11747420882478302	0.8032047643569676	0.03942514720995227	-0.03345242192934444	0.9992116583035329	0.9982576641199311	-0.001269083181871062	0	1.211059390719159	0.10628391747708268	0.10477547324207621
1.3799999999999983	0.15707963267948966	0	1	0.1177273176611523	0.8046866591065448	0.039281145747203525	-0.033358435485286914	0.9992041008725777	0.9982671188278162	-0.0012550764725504774	0	1.2115459097516825	0.10628391747708268	0.10526199227459997
1.3949999999999982	0.15707963267948966	0	1	0.11797826552710979	0.806157710193515	0.03913785545925616	-0.03326643473118065	0.9991965364426689	0.998276404227184	-0.0012413217363730186	0	1.2120269077255765	0.10628391747708268	0.10574299024849379
1.4099999999999981	0.15707963267948966	0	1	0.11822708145901685	0.8076179989146481	0.038995266244352636	-0.033176356851608434	0.9991889652977547	0.998285521934458	-0.0012278123640552421	0	1.2125024836944789	0.10628391747708268	0.10621856621739621
1.424999999999998	0.15707963267948966	0	1	0.11847379383120832	0.8090675955652061	0.03885336671341934	-0.033088137887708285	0.9991813877215598	0.9982944735528021	-0.0012145418772112372	0	1.21297273407879	0.10628391747708268	0.1066888166017073
1.439999999999998	0.15707963267948966	0	1	0.118718430352831	0.8105065629205045	0.038712144764392026	-0.03300171374812021	0.9991738039983085	0.998303260672254	-0.0012015039399487612	0	1.2134377527204683	0.10628391747708268	0.10715383524338566
1.4549999999999979	0.15707963267948966	0	1	0.11896101807450027	0.8119349593796996	0.03857158808787635	-0.032917021122026366	0.9991662144131529	0.9983118848698628	-0.001188692371039699	0	1.2138976309479161	0.10628391747708268	0.1076137134708334
1.4699999999999978	0.15707963267948966	0	1	0.11920158340268704	0.8133528416562038	0.03843168458879541	-0.032833998266159924	0.9991586192523566	0.998320347709829	-0.0011761011548607077	0	1.2143524576487152	0.10628391747708268	0.10806854017163266
1.4849999999999977	0.15707963267948966	0	1	0.11944015211964595	0.8147602666786189	0.03829242267396521	-0.032752585536322223	0.9991510188032849	0.9983286507436426	-0.0011637244500857977	0	1.2148023193477908	0.10628391747708268	0.10851840187070813
1.4999999999999976	0.15707963267948966	0	1	0.11967674940693103	0.8161572930333705	0.03815379146092504	-0.032672725789789234	0.9991434133542539	0.9983367955102201	-0.0011515565958618093	0	1.215247300288777	0.10628391747708268	0.10896338281169426
1.5149999999999975	0.15707963267948966	0	1	0.11991139987099456	0.8175439817614809	0.038015780880553254	-0.03259436457081415	0.9991358031942807	0.998344783536038	-0.0011395921156139655	0	1.2156874825168185	0.10628391747708268	0.1094035650397358
1.5299999999999974	0.15707963267948966	0	1	0.12014412756985884	0.818920397216687	0.037878381786999676	-0.032517450346830325	0.9991281886127632	0.9983526163352614	-0.001127825718999313	0	1.2161229459615457	0.10628391747708268	0.10983902848446297
1.5449999999999973	0.15707963267948966	0	1	0.1203749560402959	0.8202866071205475	0.03774158593889704	-0.03244193443645569	0.9991205698991039	0.9983602954098691	-0.0011162523024139401	0	1.2165537685194276	0.10628391747708268	0.11026985104234507
1.5599999999999972	0.15707963267948966	0	1	0.12060390832525278	0.8216426832778186	0.03760538608402293	-0.03236777120452844	0.9991129473422882	0.9983678222497726	-0.001104866948631823	0	1.2169800261350292	0.10628391747708268	0.11069610865794656
1.574999999999997	0.15707963267948966	0	1	0.12083100700141451	0.8229887015321	0.03746977592268809	-0.03229491795242997	0.9991053212304165	0.9983751983329292	-0.0010936649256270473	0	1.217401792880867	0.10628391747708268	0.11111787540378419
1.589999999999997	0.15707963267948966	0	1	0.12105627420679918	0.8243247422068103	0.03733475014722629	-0.032223335001728685	0.999097691850197	0.9983824251254502	-0.0010826416848238732	0	1.217819141035595	0.10628391747708268	0.1115352235585123
1.6049999999999969	0.15707963267948966	0	1	0.12127973166818191	0.8256508901719516	0.03720030442178038	-0.032152985631967244	0.9990900594864014	0.9983895040817018	-0.0010717928585214506	0	1.2182321411601773	0.10628391747708268	0.11194822368309461
1.6199999999999968	0.15707963267948966	0	1	0.12150140072798786	0.8269672347645908	0.03706643533906136	-0.03208383597021685	0.9990824244212997	0.9983964366444005	-0.001061114256373261	0	1.2186408621715898	0.10628391747708268	0.11235694469450724
1.6349999999999967	0.15707963267948966	0	1	0.12172130237014635	0.8282738698874049	0.036933140406266246	-0.032015854968543936	0.9990747869340909	0.9984032242447003	-0.0010506018607027612	0	1.2190453714134926	0.10628391747708268	0.11276145393640985
1.6499999999999966	0.15707963267948966	0	1	0.12193945724430708	0.8295708934346486	0.036800417926393145	-0.03194901413440967	0.999067147300353	0.9984098683022753	-0.0010402518204361594	0	1.2194457347232535	0.10628391747708268	0.11316181724617076
1.6649999999999965	0.15707963267948966	0	1	0.12215588568781661	0.8308584069487095	0.036668266918982007	-0.03188328737668416	0.9990595057915354	0.9984163702253951	-0.0010300604437617827	0	1.2198420164947492	0.10628391747708268	0.1135580990176665
1.6799999999999964	0.15707963267948966	0	1	0.12237060774496147	0.8321365147690618	0.03653668696419038	-0.03181865067049002	0.9990518626745187	0.9984227314109949	-0.0010200241895513666	0	1.220234279736498	0.10628391747708268	0.11395036225941546
1.6949999999999963	0.15707963267948966	0	1	0.12258364318314925	0.8334053233488641	0.03640567807772885	-0.03175508180626986	0.9990442182112551	0.998428953244741	-0.001010139657938234	0	1.2206225861248758	0.10628391747708268	0.11433866864779316
1.7099999999999962	0.15707963267948966	0	1	0.12279501150591889	0.8346649403339482	0.03627524055271018	-0.031692560054781965	0.999036572658503	0.9984350371010927	-0.0010004035803443917	0	1.2210069960523973	0.10628391747708268	0.11472307857531465
1.724999999999996	0.15707963267948966	0	1	0.12300473196286742	0.8359154737594416	0.0361453748246089	-0.03163106588375094	0.9990289262676558	0.9984409843433613	-0.000990812809403411	0	1.2213875686712565	0.10628391747708268	0.11510365119417378
1.739999999999996	0.15707963267948966	0	1	0.12321282355674366	0.8371570312308214	0.036016081337906944	-0.031570580667501194	0.9990212792846648	0.998446796323767	-0.0009813643090867711	0	1.2217643619324814	0.10628391747708268	0.11548044445539872
1.754999999999996	0.15707963267948966	0	1	0.12341930504806345	0.8383897191927088	0.035887360430289506	-0.0315110864270911	0.9990136319500449	0.9984524743834957	-0.00097205514532063	0	1.2221374326211647	0.10628391747708268	0.11585351514408204
1.7699999999999958	0.15707963267948966	0	1	0.12362419495764998	0.8396136424248996	0.03575921225590123	-0.03145256565452469	0.9990059844989572	0.9984580198527543	-0.0009628824772752943	0	1.2225068363882723	0.10628391747708268	0.11622291891118956
1.7849999999999957	0.15707963267948966	0	1	0.12382751156751211	0.8408289035958791	0.035631636720166865	-0.03139500115227528	0.9989983371613524	0.9984634340508282	-0.0009538435494092193	0	1.2228726277795312	0.10628391747708268	0.11658871030244859
1.7999999999999956	0.15707963267948966	0	1	0.1240292729204507	0.8420356027505277	0.03550463340606684	-0.03133837583887713	0.9989906901621676	0.9984687182861385	-0.000944935684317966	0	1.2232348602618672	0.10628391747708268	0.11695094278478463
1.8149999999999955	0.15707963267948966	0	1	0.12422949681875294	0.8432338372488822	0.03537820157318701	-0.031282672727341955	0.9989830437215613	0.9984738738563016	-0.000936156276431083	0	1.223593586247815	0.10628391747708268	0.11730966877073216
1.8299999999999954	0.15707963267948966	0	1	0.12442820082229601	0.8444237013897292	0.035252340107693445	-0.031227874770861336	0.9989753980551801	0.9984789020481907	-0.0009275027864513273	0	1.223948857118278	0.10628391747708268	0.11766493964119522
1.8449999999999953	0.15707963267948966	0	1	0.12462540224634033	0.8456052864982554	0.03512704754621712	-0.031173964887691405	0.9989677533744423	0.9984838041379989	-0.0009189727366062074	0	1.2243007232439684	0.10628391747708268	0.11801680576688584
1.8599999999999952	0.15707963267948966	0	1	0.12482111815925566	0.8467786808451353	0.03500232207307152	-0.031120925913148783	0.9989601098868345	0.9984885813913049	-0.0009105637065586408	0	1.2246492340058077	0.10628391747708268	0.11836531652872499
1.8749999999999951	0.15707963267948966	0	1	0.12501536538037739	0.8479439696492668	0.0348781615304376	-0.031068740580303112	0.9989524677962089	0.9984932350631415	-0.0009022733299848666	0	1.2249944378145239	0.10628391747708268	0.11871052033744134
1.889999999999995	0.15707963267948966	0	1	0.12520816047814962	0.8491012351907822	0.03475456344548286	-0.031017391541017916	0.9989448273030784	0.9984977663980649	-0.0008940992917204996	0	1.225336382129647	0.10628391747708268	0.11905246465256435
1.904999999999995	0.15707963267948966	0	1	0.12539951976866195	0.8502505569477913	0.03463152506053292	-0.030966861393853577	0.9989371886049018	0.9985021766302279	-0.0008860393253944456	0	1.2256751134780401	0.10628391747708268	0.11939119600095746
1.9199999999999948	0.15707963267948966	0	1	0.12558945931464696	0.8513920117252022	0.0345090433611695	-0.030917132707362998	0.9989295518963568	0.9985064669834542	-0.0008780912114656009	0	1.2260106774720856	0.10628391747708268	0.11972675999500294
1.9349999999999947	0.15707963267948966	0	1	0.12577799492496383	0.8525256737273829	0.0343871150945675	-0.030868188020539845	0.9989219173695989	0.9985106386713147	-0.0008702527755828131	0	1.2263431188275875	0.10628391747708268	0.12005920135050488
1.9499999999999946	0.15707963267948966	0	1	0.12596514215456783	0.853651614834798	0.03426573681926641	-0.03082000992513588	0.9989142852145036	0.9985146928972057	-0.0008625218872154324	0	1.226672481381438	0.10628391747708268	0.1203885639043553
1.9649999999999945	0.15707963267948966	0	1	0.12615091630494457	0.8547699046934386	0.034144904924446204	-0.03077258107400577	0.9989066556188945	0.9985186308544286	-0.0008548964584577848	0	1.2269988081090648	0.10628391747708268	0.1207148906319821
1.9799999999999944	0.15707963267948966	0	1	0.12633533242499106	0.8558806108135293	0.034024615649850765	-0.030725884193901695	0.998899028768753	0.9985224537262707	-0.0008473744430136858	0	1.2273221411416806	0.10628391747708268	0.12103822366459797
1.9949999999999943	0.15707963267948966	0	1	0.12651840531232714	0.8569837987768388	0.033904865122111674	-0.030679902142042668	0.9988914048484141	0.998526162686088	-0.0008399538353384014	0	1.2276425217833453	0.10628391747708268	0.12135860430626265
2.0099999999999945	0.15707963267948966	0	1	0.12670014951504222	0.8580795323587874	0.033785649376763066	-0.030634617928279432	0.9988837840407419	0.998529758897388	-0.0008326326699211224	0	1.2279599905278726	0.10628391747708268	0.12167607305079003
2.0249999999999946	0.15707963267948966	0	1	0.1268805793338999	0.8591678736478403	0.03366696437897215	-0.030590014735040468	0.9988761665272878	0.9985332435139146	-0.000825409020741148	0	1.2282745870756218	0.10628391747708268	0.12199066959853919
2.0399999999999947	0.15707963267948966	0	1	0.12705970882503514	0.8602488832555537	0.03354880605771114	-0.03054607597167231	0.9988685524884254	0.9985366176797317	-0.000818281000908055	0	1.2285863503502243	0.10628391747708268	0.12230243287314169
2.054999999999995	0.15707963267948966	0	1	0.1272375518031915	0.8613226205323742	0.03343117033984214	-0.030502785328809574	0.9988609421034605	0.9985398825293093	-0.0008112467624803031	0	1.2288953185153078	0.10628391747708268	0.12261140103822515
2.069999999999995	0.15707963267948966	0	1	0.12741412184553444	0.8623891436297119	0.03331405315879091	-0.0304601267691162	0.9988533355507129	0.9985430391876083	-0.0008043044964489119	0	1.2292015289912686	0.10628391747708268	0.12291761151418598
2.084999999999995	0.15707963267948966	0	1	0.12758943229606717	0.8634485098154457	0.0331974505022488	-0.030418084617457455	0.9988457330075686	0.9985460887701662	-0.0007974524328978849	0	1.2295050184721406	0.10628391747708268	0.12322110099505781
2.099999999999995	0.15707963267948966	0	1	0.12776349627064426	0.8645007756222358	0.03308135843228183	-0.0303766435832669	0.9988381346505001	0.9985490323831804	-0.0007906888412421729	0	1.2298058229425763	0.10628391747708268	0.12352190546549367
2.1149999999999953	0.15707963267948966	0	1	0.12793632666255286	0.8655459971555943	0.03296577312967547	-0.030335788846795934	0.9988305406550552	0.9985518711235934	-0.0007840120305434048	0	1.2301039776949474	0.10628391747708268	0.12382006021786467
2.1299999999999955	0.15707963267948966	0	1	0.12810793614859467	0.8665842301381003	0.032850690895523144	-0.03029550604114299	0.9988229511958164	0.9985546060791747	-0.0007774203497913934	0	1.2303995173465223	0.10628391747708268	0.12411559986943956
2.1449999999999956	0.15707963267948966	0	1	0.12827833719558013	0.8676155301485214	0.03273610818286013	-0.030255781314323466	0.9988153664463342	0.998557238328602	-0.0007709121881551759	0	1.2306924758566802	0.10628391747708268	0.12440855837959754
2.1599999999999957	0.15707963267948966	0	1	0.12844754206712383	0.8686399527308004	0.03262202160703927	-0.030216601342375943	0.9988077865790366	0.9985597689415415	-0.0007644859751014618	0	1.2309828865440822	0.10628391747708268	0.12469896906699948
2.174999999999996	0.15707963267948966	0	1	0.12861556283062434	0.8696575536074772	0.032508427972190834	-0.030177953387667142	0.9988002117651218	0.9985621989787258	-0.0007581401803873022	0	1.231270782103723	0.10628391747708268	0.12498686462664041
2.189999999999996	0.15707963267948966	0	1	0.12878241136431326	0.8706683885501595	0.03239532424309664	-0.03013982522375634	0.9987926421744371	0.9985645294920292	-0.0007518733138633332	0	1.2315561946237847	0.10628391747708268	0.12527227714670214
2.204999999999996	0.15707963267948966	0	1	0.12894809936427162	0.8716725136049173	0.03228270757318065	-0.030102205205397733	0.998785077975349	0.9985667615245427	-0.0007456839251655518	0	1.2318391556022172	0.10628391747708268	0.12555523812513453
2.219999999999996	0.15707963267948966	0	1	0.12911263835133344	0.8726699850762537	0.0321705752942987	-0.03006508224485104	0.9987775193346092	0.9985688961106456	-0.0007395706032236606	0	1.2321196959629948	0.10628391747708268	0.12583577848591215
2.2349999999999963	0.15707963267948966	0	1	0.12927603967782003	0.873660859457785	0.032058924898222846	-0.030028445768952552	0.9987699664172176	0.9985709342760751	-0.0007335319756752397	0	1.2323978460720093	0.10628391747708268	0.12611392859492662
2.2499999999999964	0.15707963267948966	0	1	0.12943831453407909	0.874645193566657	0.031947754050577495	-0.02999228575873779	0.9987624193862848	0.998572877037995	-0.0007275667082207655	0	1.2326736357525885	0.10628391747708268	0.1263897182755058
2.2649999999999966	0.15707963267948966	0	1	0.12959947395482455	0.8756230443900974	0.031837060559377114	-0.029956592674434415	0.9987548784028955	0.9985747254050604	-0.0007216735039116957	0	1.2329470943006466	0.10628391747708268	0.126663176823564
2.2799999999999967	0.15707963267948966	0	1	0.12975952882529243	0.8765944691818243	0.03172684238331383	-0.029921357480081408	0.9987473436259691	0.9985764803774828	-0.0007158511024746725	0	1.233218250499488	0.10628391747708268	0.12693433302240525
2.294999999999997	0.15707963267948966	0	1	0.12991848988723662	0.8775595254587168	0.03161709762438902	-0.02988657162769459	0.9987398152121226	0.9985781429470907	-0.0007100982796292276	0	1.2334871326342927	0.10628391747708268	0.12720321515721003
2.309999999999997	0.15707963267948966	0	1	0.13007636774478576	0.8785182710646189	0.03150782453128913	-0.029852227067833147	0.9987322933155279	0.9985797140973901	-0.0007044138464431578	0	1.2337537685063138	0.10628391747708268	0.12746985102923117
2.324999999999997	0.15707963267948966	0	1	0.13023317287016914	0.8794707640276308	0.03139902147015575	-0.029818316177606292	0.9987247780877697	0.9985811948036222	-0.0006987966486805153	0	1.234018185446797	0.10628391747708268	0.12773426796971443
2.339999999999997	0.15707963267948966	0	1	0.13038891560929736	0.8804170627467898	0.03129068694765591	-0.029784831821027632	0.9987172696777007	0.9985825860328189	-0.0006932455661669794	0	1.2342804103306229	0.10628391747708268	0.1279964928535403
2.3549999999999973	0.15707963267948966	0	1	0.13054360618716163	0.8813572258911541	0.031182819588696398	-0.029751767296076165	0.9987097682312982	0.9985838887438567	-0.0006877595120584128	0	1.234540469589644	0.10628391747708268	0.1282565521125613
2.3699999999999974	0.15707963267948966	0	1	0.13069725471299096	0.8822913124558636	0.031075418139300454	-0.029719116347021353	0.9987022738915249	0.9985851038875088	-0.0006823374320460261	0	1.2347983892256713	0.10628391747708268	0.1285144717485886
2.3849999999999976	0.15707963267948966	0	1	0.13084987118508948	0.8832193816125705	0.03096848143735137	-0.029686873097788762	0.9986947867981981	0.9985862324064946	-0.0006769783034052609	0	1.235054194823046	0.10628391747708268	0.1287702773459633
2.3999999999999977	0.15707963267948966	0	1	0.13100146549527297	0.8841414927635738	0.030862008416175507	-0.02965503207030635	0.9986873070878722	0.9985872752355284	-0.0006716811339200345	0	1.2353079115607242	0.10628391747708268	0.12902399408364149
2.414999999999998	0.15707963267948966	0	1	0.13115204743282197	0.8850577054173436	0.030755998080557415	-0.02962358813522988	0.9986798348937382	0.9985882333013659	-0.0006664449606175243	0	1.2355595642238026	0.10628391747708268	0.1292756467467201
2.429999999999998	0.15707963267948966	0	1	0.13130162668788137	0.8859680789953231	0.030650449472717084	-0.029592536438677583	0.9986723703455472	0.9985891075228495	-0.0006612688483536907	0	1.235809177214419	0.10628391747708268	0.12952525973733645
2.444999999999998	0.15707963267948966	0	1	0.13145021285425332	0.8868726728181962	0.030545361667655674	-0.029561872403741602	0.9986649135695583	0.9985898988109524	-0.0006561518882707096	0	1.2360567745619702	0.10628391747708268	0.1297728570848875
2.459999999999998	0.15707963267948966	0	1	0.1315978154315474	0.8877715458160523	0.03044073372578525	-0.029531591624223724	0.9986574646885171	0.9985906080688226	-0.0006510931961068007	0	1.2363023799326092	0.10628391747708268	0.1300184624555265
2.4749999999999983	0.15707963267948966	0	1	0.13174444382667685	0.8886647565264033	0.030336564692191148	-0.0295016898752854	0.9986500238216647	0.9985912361918252	-0.00064609191045454	0	1.2365460166380011	0.10628391747708268	0.1302620991609185
2.4899999999999984	0.15707963267948966	0	1	0.13189010735470294	0.8895523627454593	0.030232853542025123	-0.029472162986854185	0.9986425910847776	0.9985917840675858	-0.0006411471909225705	0	1.2367877076433231	0.10628391747708268	0.1305037901662405
2.5049999999999986	0.15707963267948966	0	1	0.13203481523905714	0.8904344216011593	0.03012959919370456	-0.029443006886131304	0.9986351665902418	0.9985922525760326	-0.0006362582163311827	0	1.2370274755745254	0.10628391747708268	0.13074355809744276
2.5199999999999987	0.15707963267948966	0	1	0.13217857661118226	0.891310989149674	0.03002680044758453	-0.029414217449724483	0.9986277504471557	0.9985926425894405	-0.0006314241828621768	0	1.2372653427248734	0.10628391747708268	0.13098142524779083
2.534999999999999	0.15707963267948966	0	1	0.1323214005096541	0.892182120403221	0.029924455993793675	-0.02938579052743084	0.9986203427614627	0.9985929549724749	-0.0006266443023294619	0	1.237501331060814	0.10628391747708268	0.13121741358373132
2.549999999999999	0.15707963267948966	0	1	0.1324632958788612	0.8930478691503545	0.029822564387928616	-0.0293577218817973	0.9986129436361094	0.998593190582237	-0.000621917800493143	0	1.2377354622272174	0.10628391747708268	0.13145154475013468
2.564999999999999	0.15707963267948966	0	1	0.13260427156732893	0.8939082878337065	0.029721124036435148	-0.02933000714883147	0.9986055531712256	0.9985933502683095	-0.000617243915521936	0	1.2379677575520625	0.10628391747708268	0.13168384007497977
2.579999999999999	0.15707963267948966	0	1	0.1327443363257906	0.8947634275123474	0.029620133195810167	-0.029302641830061985	0.9985981714643218	0.9985934348728055	-0.0006126218966096881	0	1.238198238050641	0.10628391747708268	0.13191432057355854
2.5949999999999993	0.15707963267948966	0	1	0.1328834988051056	0.8956133377318471	0.029519589957437267	-0.029275621245094016	0.9985907986104988	0.9985934452304167	-0.0006080510027601953	0	1.238426924429364	0.10628391747708268	0.13214300695228123
2.6099999999999994	0.15707963267948966	0	1	0.1330217675541317	0.8964580665514371	0.02941949225737761	-0.029248940543961422	0.9985834347026642	0.9985933821684649	-0.0006035305017833393	0	1.238653837089252	0.10628391747708268	0.13236991961216923
2.6249999999999996	0.15707963267948966	0	1	0.13315915101764783	0.8972976606283619	0.029319837895128806	-0.029222594739381373	0.9985760798317508	0.9985932465069548	-0.0005990596694850572	0	1.2388789961292017	0.10628391747708268	0.1325950786521191
2.6399999999999997	0.15707963267948966	0	1	0.13329565753441727	0.8981321650156451	0.029220624506750198	-0.029196578621758805	0.9985687340869315	0.9985930390586274	-0.0005946377890343615	0	1.2391024213490993	0.10628391747708268	0.13281850387201674
2.655	0.15707963267948966	0	1	0.13343129533546474	0.8989616234697896	0.0291218496183841	-0.029170886875435523	0.9985613975558266	0.9985927606290168	-0.0005902641505705635	0	1.2393241322528556	0.10628391747708268	0.13304021477577307
2.67	0.15707963267948966	0	1	0.13356607254262567	0.899786078260371	0.029023510620413306	-0.029145513993879053	0.9985540703247008	0.9985924120165067	-0.000585938050911495	0	1.239544148051424	0.10628391747708268	0.1332602305743413
2.685	0.15707963267948966	0	1	0.13369999716740855	0.9006055704646804	0.02892560481789891	-0.029120454387058445	0.9985467524786442	0.9985919940123894	-0.0005816587934795995	0	1.2397624876658464	0.10628391747708268	0.13347857018876366
2.7	0.15707963267948966	0	1	0.13383307711019557	0.9014201399709593	0.02882812943427275	-0.029095702371266928	0.9985394441017397	0.9985915074009253	-0.0005774256882966729	0	1.2399791697303704	0.10628391747708268	0.1336952522532878
2.7150000000000003	0.15707963267948966	0	1	0.13396532015979154	0.9022298254579153	0.028731081610661985	-0.029071252148727127	0.998532145277211	0.9985909529594037	-0.000573238052101825	0	1.240194212595658	0.10628391747708268	0.13391029511857536
2.7300000000000004	0.15707963267948966	0	1	0.13409673399332184	0.9030346646485136	0.028634458448037317	-0.02904709789634895	0.9985248560875539	0.998590331458204	-0.0005690952085660305	0	1.2404076343321082	0.10628391747708268	0.13412371685502547
2.7450000000000006	0.15707963267948966	0	1	0.1342273261764713	0.903834694330598	0.02853825701182454	-0.029023233761161202	0.9985175766146486	0.998589643660858	-0.0005649964885329706	0	1.2406194527333048	0.10628391747708268	0.13433553525622216
2.7600000000000007	0.15707963267948966	0	1	0.13435710416404933	0.9046299504784547	0.028442474351918504	-0.028999653896067682	0.9985103069398543	0.9985888903241128	-0.0005609412303328392	0	1.2408296853195948	0.10628391747708268	0.1345457678425121
2.775000000000001	0.15707963267948966	0	1	0.13448607530086745	0.9054204683055713	0.028347107511234898	-0.02897635246811127	0.9985030471440853	0.9985880721979924	-0.0005569287801128665	0	1.2410383493418002	0.10628391747708268	0.13475443186471764
2.790000000000001	0.15707963267948966	0	1	0.13461424682291154	0.9062062823254103	0.028252153534993468	-0.028953323670021243	0.99849579730787	0.9985871900258615	-0.0005529584922020215	0	1.241245461785068	0.10628391747708268	0.13496154430798527
2.805000000000001	0.15707963267948966	0	1	0.13474162585879323	0.9069874265693361	0.02815760950437854	-0.028930561794532888	0.9984885575113914	0.9985862445444879	-0.0005490297295028607	0	1.2414510393728522	0.10628391747708268	0.13516712189576963
2.820000000000001	0.15707963267948966	0	1	0.1348682194314673	0.9077639345024651	0.02806347252186188	-0.02890806118795937	0.9984813278345128	0.9985852364841041	-0.0005451418638681284	0	1.2416550985710373	0.10628391747708268	0.13537118109395452
2.8350000000000013	0.15707963267948966	0	1	0.1349940344602036	0.9085358392249792	0.027969739741261504	-0.02888581631768955	0.9984741083567834	0.9985841665684704	-0.0005412942765314854	0	1.2418576555921947	0.10628391747708268	0.13557373811511217
2.8500000000000014	0.15707963267948966	0	1	0.13511907776280185	0.9093031734706372	0.02787640836522233	-0.02886382175840534	0.9984668991574295	0.998583035514935	-0.0005374863585140328	0	1.2420587263999812	0.10628391747708268	0.13577480892289856
2.8650000000000015	0.15707963267948966	0	1	0.13524335605804508	0.9100659697728217	0.02778347566877805	-0.028842072244933223	0.9984597003153277	0.9985818440344953	-0.0005337175110696869	0	1.2422583267136744	0.10628391747708268	0.13597440923659168
2.8800000000000017	0.15707963267948966	0	1	0.13536687596838173	0.910824260459404	0.027690938995363013	-0.02882056265638937	0.9984525119089609	0.9985805928318567	-0.0005299871461152396	0	1.2424564720128528	0.10628391747708268	0.1361725545357702
2.895000000000002	0.15707963267948966	0	1	0.13548964402283148	0.9115780778727671	0.027598795788054978	-0.02879928808988916	0.998445334016358	0.9985792826054917	-0.0005262946866967106	0	1.2426531775422187	0.10628391747708268	0.13636926006513603
2.910000000000002	0.15707963267948966	0	1	0.13561166666010657	0.9123274541839258	0.02750704355611018	-0.028778243771823166	0.9984381667150158	0.9985779140476961	-0.0005226395674146347	0	1.2428484583165649	0.10628391747708268	0.13656454083948225
2.925000000000002	0.15707963267948966	0	1	0.13573295023193538	0.9130724218279302	0.027415679939503862	-0.028757425217158978	0.9984310100818045	0.9985764878446458	-0.0005190212349200382	0	1.2430423291258836	0.10628391747708268	0.1367584116488009
2.940000000000002	0.15707963267948966	0	1	0.13585350100657367	0.9138130132870084	0.02732470266978919	-0.028736828128156852	0.9984238641928573	0.99857500467645	-0.0005154391483085954	0	1.2432348045406116	0.10628391747708268	0.13695088706352906
2.9550000000000023	0.15707963267948966	0	1	0.1359733251724794	0.9145492612637214	0.02723410959239611	-0.028716448449197324	0.9984167291234447	0.9985734652172038	-0.0005118927795699618	0	1.2434258989170044	0.10628391747708268	0.1371419814399218
2.9700000000000024	0.15707963267948966	0	1	0.13609242884212003	0.9152811988343438	0.02714389868551842	-0.028696282414289648	0.9984096049478354	0.9985718701350393	-0.0005083816139662983	0	1.2436156264026192	0.10628391747708268	0.13733170892553648
2.9850000000000025	0.15707963267948966	0	1	0.13621081805586976	0.916008859372266	0.02705406804236994	-0.02867632650376001	0.9984024917391455	0.9985702200921736	-0.0005049051503465452	0	1.2438040009418878	0.10628391747708268	0.13752008346480524
3.0000000000000027	0.15707963267948966	0	1	0.13632849878594455	0.9167322766192071	0.026964615876735987	-0.0286565774615376	0.9983953895691807	0.9985685157449555	-0.0005014629014089919	0	1.2439910362817477	0.10628391747708268	0.1377071188046649
3.015000000000003	0.15707963267948966	0	1	0.13644547694030634	0.9174514848218469	0.02687554053888984	-0.028637032340747035	0.998388298508273	0.9985667577439103	-0.0004980543938540262	0	1.2441767459772854	0.10628391747708268	0.1378928285002028
3.030000000000003	0.15707963267948966	0	1	0.13656175836645387	0.9181665185907892	0.026786840487679625	-0.028617688441234086	0.9983812186251194	0.9985649467337823	-0.0004946791683840133	0	1.2443611433973465	0.10628391747708268	0.13807722592026378
3.045000000000003	0.15707963267948966	0	1	0.1366773488550014	0.9188774129439217	0.026698514292143247	-0.028598543324390338	0.9983741499866275	0.9985630833535745	-0.0004913367795706993	0	1.244544241730035	0.10628391747708268	0.13826032425295226
3.060000000000003	0.15707963267948966	0	1	0.13679225414293325	0.9195842032514396	0.026610560618068754	-0.02857959479302809	0.9983670926577766	0.9985611682365886	-0.00048802679550333537	0	1.2447260539880343	0.10628391747708268	0.13844213651095166
3.0750000000000033	0.15707963267948966	0	1	0.13690647991641247	0.9202869251360345	0.0265229782081899	-0.028560840858259894	0.9983600467014994	0.9985592020104607	-0.00048474879722122416	0	1.2449065930136523	0.10628391747708268	0.13862267553656954
3.0900000000000034	0.15707963267948966	0	1	0.13702003181302372	0.920985614405225	0.02643576586842368	-0.0285422797243982	0.9983530121785975	0.9985571852971974	-0.0004815023779103305	0	1.2450858714834985	0.10628391747708268	0.13880195400641587
3.1050000000000035	0.15707963267948966	0	1	0.13713291542334502	0.9216803067708642	0.026348922421540744	-0.028523909693669563	0.998345989147694	0.9985551187132106	-0.0004782871418501117	0	1.245263901912706	0.10628391747708268	0.13897998443562334
3.1200000000000037	0.15707963267948966	0	1	0.13724513629177917	0.9223710377880748	0.02626244669685872	-0.028505729162422947	0.9983389776652302	0.9985530028693511	-0.0004751027031889875	0	1.2454406966586171	0.10628391747708268	0.13915677918153446
3.135000000000004	0.15707963267948966	0	1	0.1373566999166268	0.9230578425682923	0.026176337485466133	-0.02848773652922353	0.9983319777855096	0.9985508383709425	-0.0004719486845506872	0	1.2456162679238965	0.10628391747708268	0.13933235044681377
3.150000000000004	0.15707963267948966	0	1	0.13746761174945413	0.9237407556969899	0.026090593529087935	-0.028469930184231853	0.9983249895607871	0.9985486258178154	-0.00046882471563351014	0	1.245790627759065	0.10628391747708268	0.1395067102819822
3.165000000000004	0.15707963267948966	0	1	0.13757787719388692	0.9244198109696953	0.026005213481171505	-0.028452308422693244	0.998318013041395	0.9985463658043426	-0.00046573043185901315	0	1.2459637880645102	0.10628391747708268	0.13967987058742753
3.180000000000004	0.15707963267948966	0	1	0.13768750160402798	0.9250950413602574	0.025920195905417165	-0.02843486944517307	0.9983110482758958	0.9985440589194746	-0.00046266547324933026	0	1.2461357605920758	0.10628391747708268	0.13985184311499316
3.1950000000000043	0.15707963267948966	0	1	0.1377964902827417	0.9257664788488154	0.02583553925232468	-0.028417611293760425	0.9983040953112461	0.9985417057467769	-0.00045962948357472304	0	1.2463065569463725	0.10628391747708268	0.14002263946928978
3.2100000000000044	0.15707963267948966	0	1	0.13790484848005263	0.9264341546508364	0.025751241899067245	-0.028400531939934387	0.9982971541929565	0.9985393068644686	-0.00045662210989123387	0	1.2464761885859725	0.10628391747708268	0.14019227110888982
3.2250000000000045	0.15707963267948966	0	1	0.13801258139187142	0.9270980990624493	0.025667302128020805	-0.028383629211437087	0.998290224965233	0.9985368628454615	-0.00045364300237374784	0	1.2466446668246411	0.10628391747708268	0.14036074934755854
3.2400000000000047	0.15707963267948966	0	1	0.13811969415918687	0.9277583417291609	0.025583718171532946	-0.028366900882921105	0.9982833076710902	0.998534374257401	-0.00045069181449711935	0	1.246812002832721	0.10628391747708268	0.14052808535563824
3.255000000000005	0.15707963267948966	0	1	0.13822619186777657	0.9284149117135102	0.025500488223930348	-0.02835034468387587	0.9982764023524326	0.9985318416627067	-0.0004477682033663666	0	1.2469782076387377	0.10628391747708268	0.14069429016165513
3.270000000000005	0.15707963267948966	0	1	0.13833207954839866	0.9290678376144611	0.025417610460867712	-0.028333958327967278	0.9982695090501055	0.9985292656186137	-0.0004448718301486704	0	1.2471432921312424	0.10628391747708268	0.14085937465415982
3.285000000000005	0.15707963267948966	0	1	0.13843736217735927	0.9297171477463231	0.025335083067430722	-0.028317739569441364	0.9982626278039206	0.9985266466772138	-0.000442002360474892	0	1.247307267060849	0.10628391747708268	0.14102334958376625
3.300000000000005	0.15707963267948966	0	1	0.13854204467731224	0.9303628701018498	0.025252904231633844	-0.02830168617814851	0.9982557586526659	0.9985239853854964	-0.0004391594647167969	0	1.247470143042404	0.10628391747708268	0.1411862255653214
3.3150000000000053	0.15707963267948966	0	1	0.13864613191813327	0.9310050324778293	0.02517107216350621	-0.028285795984868623	0.99824890163411	0.9985212822853891	-0.0004363428181340525	0	1.2476319305571988	0.10628391747708268	0.14134801308011605
3.3300000000000054	0.15707963267948966	0	1	0.13874962871773872	0.9316436623897886	0.02508958508085879	-0.028270066847195	0.9982420567850078	0.998518537913798	-0.0004335521008259894	0	1.2477926399551442	0.10628391747708268	0.14150872247806165
3.3450000000000055	0.15707963267948966	0	1	0.13885253984274437	0.9322787871275988	0.02500844121763493	-0.028254496675520796	0.9982352241411172	0.9985157528026477	-0.00043078699756240817	0	1.2479522814568402	0.10628391747708268	0.14166836397975752
3.3600000000000056	0.15707963267948966	0	1	0.13895487000891338	0.9329104336161874	0.024927638801751847	-0.028239083383323028	0.9982284037372283	0.9985129274789211	-0.00042804719747774117	0	1.2481108651554906	0.10628391747708268	0.14182694767840806
3.3750000000000058	0.15707963267948966	0	1	0.13905662388138287	0.9335386284042478	0.02484717605359435	-0.02822382488928282	0.9982215956072064	0.9985100624646988	-0.0004253323937304743	0	1.2482684010186529	0.10628391747708268	0.1419844835415703
3.390000000000006	0.15707963267948966	0	1	0.13915780607469985	0.9341633976375104	0.024767051182391087	-0.028208719112399507	0.9982147997840484	0.9985071582771995	-0.00042264228314331536	0	1.2484248988898172	0.10628391747708268	0.14214098141273462
3.405000000000006	0.15707963267948966	0	1	0.13925842115272646	0.9347847669664243	0.024687262372424648	-0.028193763939070603	0.9982080162999484	0.9985042154288196	-0.0004199765658823692	0	1.2485803684898509	0.10628391747708268	0.14229645101276814
3.420000000000006	0.15707963267948966	0	1	0.13935847362849163	0.9354027615700016	0.02460780778772856	-0.028178957233926157	0.9982012451863658	0.9985012344271742	-0.00041733494522475854	0	1.24873481941834	0.10628391747708268	0.14245090194125754
3.4350000000000063	0.15707963267948966	0	1	0.13945796796407206	0.9360174061899998	0.024528685578361742	-0.028164296851862204	0.9981944864740934	0.9984982157751365	-0.0004147171274215746	0	1.2488882611548842	0.10628391747708268	0.14260434367780156
3.4500000000000064	0.15707963267948966	0	1	0.13955690857058117	0.9366287250880221	0.024449893874276166	-0.028149780616440325	0.9981877401933171	0.9984951599708802	-0.00041212282166649413	0	1.2490407030603852	0.10628391747708268	0.14275678558330243
3.4650000000000065	0.15707963267948966	0	1	0.1396552998083282	0.93723674212453	0.024371430798182978	-0.02813540634448259	0.9981810063736652	0.9984920675079191	-0.00040955174018751265	0	1.249192154378384	0.10628391747708268	0.14290823690130122
3.4800000000000066	0.15707963267948966	0	1	0.13975314598719332	0.9378414807976648	0.02429329447166012	-0.02812117185274949	0.9981742850442418	0.9984889388751487	-0.00040700359841915176	0	1.249342624236476	0.10628391747708268	0.14305870675939342
3.4950000000000068	0.15707963267948966	0	1	0.1398504513672387	0.9384429643704546	0.024215483034828206	-0.028107074998815738	0.9981675762336433	0.9984857745568873	-0.0004044781152561038	0	1.2494921216478334	0.10628391747708268	0.1432082041707507
3.510000000000007	0.15707963267948966	0	1	0.13994722015955552	0.9390412158365006	0.02413799464001222	-0.028093113657060124	0.998160879969959	0.9984825750329158	-0.0004019750133329805	0	1.2496406555128423	0.10628391747708268	0.14335673803575957
3.525000000000007	0.15707963267948966	0	1	0.1400434565273246	0.9396362581060789	0.024060827479918875	-0.028079285783104143	0.9981541962807539	0.9984793407785183	-0.000399494019342432	0	1.2497882346208609	0.10628391747708268	0.14350431714377826
3.540000000000007	0.15707963267948966	0	1	0.14013916458705347	0.9402281139047919	0.023983979769957225	-0.028065589364417467	0.998147525193039	0.9984760722645212	-0.00039703486430518346	0	1.249934867652082	0.10628391747708268	0.1436509501749994
3.5550000000000073	0.15707963267948966	0	1	0.14023434840993915	0.9408168060103512	0.02390744978387306	-0.028052022507474874	0.9981408667332304	0.9984727699573319	-0.00039459728384422254	0	1.2500805631794798	0.10628391747708268	0.14379664570239714
3.5700000000000074	0.15707963267948966	0	1	0.14032901202330272	0.9414023570718345	0.023831235823109587	-0.028038583359866774	0.9981342209271014	0.9984694343189765	-0.0003921810183499773	0	1.2502253296708172	0.10628391747708268	0.14394141219373457
3.5850000000000075	0.15707963267948966	0	1	0.1404231594120388	0.9419847898576802	0.023755336254029327	-0.0280252702055625	0.9981275877997313	0.9984660658071371	-0.0003897858131373147	0	1.2503691754906816	0.10628391747708268	0.14408525801359884
3.6000000000000076	0.15707963267948966	0	1	0.14051679452002666	0.9425641269562789	0.023679749458487984	-0.028012081343307023	0.9981209673754554	0.9984626648751873	-0.00038741141845700765	0	1.2505121089025177	0.10628391747708268	0.14422819142543508
3.6150000000000078	0.15707963267948966	0	1	0.14060992125146063	0.9431403911271193	0.023604473887574043	-0.02799901522654607	0.998114359677818	0.9984592319722281	-0.00038505758952102527	0	1.250654138070635	0.10628391747708268	0.1443702205935525
3.630000000000008	0.15707963267948966	0	1	0.1407025434720598	0.9437136049572014	0.02352950800551444	-0.02798607032718867	0.9981077647295328	0.9984557675431216	-0.0003827240863626239	0	1.2507952710621544	0.10628391747708268	0.14451135358507172
3.645000000000008	0.15707963267948966	0	1	0.14079466501013715	0.9442837911079142	0.02345485032733792	-0.027973245236305552	0.9981011825524507	0.9984522720285255	-0.00038041067373091993	0	1.2509355158488837	0.10628391747708268	0.144651598371801
3.660000000000008	0.15707963267948966	0	1	0.1408862896575124	0.9448509720075952	0.023380499369010183	-0.027960538544046988	0.9980946131675389	0.9984487458649257	-0.0003781171208563999	0	1.2510748803091052	0.10628391747708268	0.14479096283202247
3.6750000000000083	0.15707963267948966	0	1	0.14097742117026443	0.9454151700803555	0.023306453682781225	-0.02794794893415474	0.9980880565948681	0.9984451894846692	-0.00037584320126280823	0	1.2512133722292607	0.10628391747708268	0.1449294547521781
3.6900000000000084	0.15707963267948966	0	1	0.14106806326933488	0.9459764075113293	0.02323271181936583	-0.02793547509323704	0.9980815128536111	0.9984416033159964	-0.00037358869248793104	0	1.2513509993055405	0.10628391747708268	0.14506708182845793
3.7050000000000085	0.15707963267948966	0	1	0.1411582196409938	0.9465347063626758	0.023159272345916804	-0.027923115759912343	0.9980749819620506	0.9984379877830727	-0.00037135337586129765	0	1.2514877691453703	0.10628391747708268	0.1452038516682877
3.7200000000000086	0.15707963267948966	0	1	0.14124789393719156	0.9470900884473485	0.023086133825827818	-0.02791086967660655	0.9980684639375932	0.998434343306021	-0.00036913703624436294	0	1.2516236892688073	0.10628391747708268	0.14533977179172455
3.7350000000000088	0.15707963267948966	0	1	0.14133708977582124	0.9476425753489235	0.02301329482182407	-0.027898735599014155	0.9980619587967914	0.9984306703009522	-0.0003669394618191792	0	1.2517587671098531	0.10628391747708268	0.14547484963277046
3.750000000000009	0.15707963267948966	0	1	0.14142581074091837	0.9481921884679806	0.022940753903364114	-0.027886712315372274	0.9980554665553684	0.9984269691799981	-0.00036476044389288604	0	1.2518930100176964	0.10628391747708268	0.14560909254061377
3.765000000000009	0.15707963267948966	0	1	0.14151406038282607	0.9487389488426167	0.022868509618324012	-0.027874798574640987	0.9980489872282456	0.9984232403513416	-0.00036259977671639754	0	1.2520264252578974	0.10628391747708268	0.14574250778081482
3.780000000000009	0.15707963267948966	0	1	0.14160184221834834	0.9492828773491543	0.022796560524914578	-0.02786299316584438	0.9980425208295718	0.9984194842192489	-0.0003604572573774699	0	1.2521590200135277	0.10628391747708268	0.14587510253644512
3.7950000000000093	0.15707963267948966	0	1	0.14168915973091165	0.949823994549221	0.02272490516756767	-0.02785129485542307	0.9980360673727497	0.998415701184101	-0.0003583326856736949	0	1.2522908013862768	0.10628391747708268	0.14600688390919414
3.8100000000000094	0.15707963267948966	0	1	0.14177601637075185	0.9503623208548785	0.022653542103146213	-0.02783970245116375	0.9980296268704624	0.9984118916424244	-0.0003562258640616917	0	1.252421776397537	0.10628391747708268	0.14613785892045433
3.8250000000000095	0.15707963267948966	0	1	0.14186241555513288	0.950897876331515	0.022582469869718125	-0.027828214721070103	0.9980231993346953	0.9984080559869232	-0.00035413659758166065	0	1.2525519519894721	0.10628391747708268	0.14626803451238954
3.8400000000000096	0.15707963267948966	0	1	0.14194836066860364	0.9514306809206248	0.022511687021758847	-0.027816830479831512	0.9980167847767569	0.9984041946065095	-0.0003520646938535241	0	1.252681335026078	0.10628391747708268	0.14639741754899518
3.8550000000000098	0.15707963267948966	0	1	0.14203385506329008	0.9519607542656934	0.022441192102422736	-0.027805548516737295	0.998010383207295	0.9984003078863354	-0.00035000996302594396	0	1.252809932294233	0.10628391747708268	0.14652601481715025
3.87000000000001	0.15707963267948966	0	1	0.1421189020592197	0.9524881159122055	0.02237098367500448	-0.027794367673243968	0.9980039946363104	0.998396396207823	-0.00034797221778546815	0	1.2529377505047479	0.10628391747708268	0.1466538330276652
3.88500000000001	0.15707963267948966	0	1	0.1422035049446673	0.9530127851417244	0.022301060296398584	-0.027783286774621947	0.9979976190731699	0.9983924599486955	-0.0003459512733130088	0	1.2530647962934025	0.10628391747708268	0.1467808788163198
3.90000000000001	0.15707963267948966	0	1	0.14228766697651601	0.9535347810801809	0.022231420533955548	-0.02777230467146694	0.9979912565266156	0.9983884994830081	-0.00034394694728067705	0	1.2531910762219765	0.10628391747708268	0.1469071587448939
3.9150000000000102	0.15707963267948966	0	1	0.14237139138062152	0.9540541226661592	0.022162062960151274	-0.027761420225662	0.9979849070047749	0.9983845151811777	-0.00034195905981153184	0	1.253316596779267	0.10628391747708268	0.14703267930218436
3.9300000000000104	0.15707963267948966	0	1	0.14245468135217162	0.9545708286927842	0.022092986158915973	-0.027750632326058743	0.9979785705151699	0.9983805074100135	-0.00033998743344875804	0	1.2534413643820876	0.10628391747708268	0.14715744690500504
3.9450000000000105	0.15707963267948966	0	1	0.14253754005603378	0.9550849177427099	0.022024188715047854	-0.027739939861770868	0.9979722470647273	0.9983764765327469	-0.00033803189310251374	0	1.2535653853762527	0.10628391747708268	0.14728146789917004
3.9600000000000106	0.15707963267948966	0	1	0.1426199706270861	0.9555964082085688	0.021955669217186224	-0.027729341729802136	0.9979659366597889	0.9983724229090607	-0.0003360922660047557	0	1.2536886660375375	0.10628391747708268	0.14740474856045485
3.9750000000000107	0.15707963267948966	0	1	0.14270197617052782	0.956105318375368	0.021887426270627564	-0.02771883686759282	0.9979596393061236	0.9983683468951193	-0.0003341683816559542	0	1.2538112125726184	0.10628391747708268	0.14752729509553575
3.990000000000011	0.15707963267948966	0	1	0.14278355976216933	0.9566116662828771	0.021819458475327208	-0.02770842419771639	0.9979533550089401	0.9983642488435979	-0.0003322600717528504	0	1.253933031119988	0.10628391747708268	0.14764911364290545
4.0050000000000106	0.15707963267948966	0	1	0.1428647244487046	0.957115469793451	0.02175176443646537	-0.027698102654652803	0.997947083772901	0.9983601291037113	-0.00033036717014340563	0	1.2540541277508506	0.10628391747708268	0.1477702102737679
4.02000000000001	0.15707963267948966	0	1	0.14294547324796616	0.9576167466232299	0.02168434276923878	-0.027687871196862987	0.9979408256021375	0.9983559880212437	-0.0003284895127681486	0	1.2541745084699936	0.10628391747708268	0.14789059099291088
4.03500000000001	0.15707963267948966	0	1	0.1430258091491698	0.958115514279621	0.02161719208882326	-0.027677728781291305	0.9979345805002647	0.998351825938577	-0.00032662693760130665	0	1.2542941792166427	0.10628391747708268	0.1480102617395599
4.05000000000001	0.15707963267948966	0	1	0.14310573511315205	0.9586117900805801	0.02155031101329924	-0.02766767437040416	0.9979283484703978	0.9983476431947197	-0.00032477928461187126	0	1.2544131458652974	0.10628391747708268	0.14812922838821482
4.065000000000009	0.15707963267948966	0	1	0.14318525407260704	0.9591055911632902	0.021483698164895565	-0.027657706934837354	0.997922129515166	0.998343440125336	-0.00032294639572227847	0	1.254531414226556	0.10628391747708268	0.14824749674947343
4.080000000000009	0.15707963267948966	0	1	0.1432643689323256	0.9595969345351381	0.02141735217792229	-0.027647825472760748	0.9979159236367287	0.9983392170627737	-0.00032112811478164063	0	1.2546489900479239	0.10628391747708268	0.1483650725708412
4.095000000000009	0.15707963267948966	0	1	0.1433430825694437	0.9600858369314599	0.021351271676078476	-0.027638028951873284	0.9979097308367882	0.9983349743360932	-0.00031932428752674884	0	1.2547658790146166	0.10628391747708268	0.1484819615375338
4.110000000000008	0.15707963267948966	0	1	0.14342139783370197	0.9605723150263383	0.021285455305651624	-0.027628316392331497	0.9979035511166028	0.9983307122710949	-0.0003175347615915869	0	1.2548820867503543	0.10628391747708268	0.14859816927327169
4.125000000000008	0.15707963267948966	0	1	0.14349931754772155	0.961056385262517	0.021219901708357608	-0.02761868679731851	0.9978973844769972	0.9983264311903486	-0.0003157593864699792	0	1.2549976188181537	0.10628391747708268	0.14871370134107115
4.140000000000008	0.15707963267948966	0	1	0.1435768445072963	0.9615380639325257	0.021154609533933444	-0.027609139183947057	0.9978912309183715	0.9983221314132197	-0.00031399801353217116	0	1.255112480721114	0.10628391747708268	0.14882856324403132
4.155000000000007	0.15707963267948966	0	1	0.14365398148170483	0.9620173672284831	0.021089577447728075	-0.027599672601486592	0.9978850904407089	0.9983178132558982	-0.00031225049602243247	0	1.2552266779032033	0.10628391747708268	0.14894276042612067
4.170000000000007	0.15707963267948966	0	1	0.14373073121404212	0.9624943111439013	0.021024804114812168	-0.027590286090469148	0.9978789630435805	0.9983134770314259	-0.00031051668905523506	0	1.255340215750046	0.10628391747708268	0.14905629827296332
4.185000000000007	0.15707963267948966	0	1	0.1438070964215701	0.9629689115608434	0.020960288213405037	-0.027580978715808172	0.9978728487261478	0.9983091230497231	-0.00030879644963843886	0	1.2554530995897075	0.10628391747708268	0.14916918211262492
4.200000000000006	0.15707963267948966	0	1	0.1438830797960865	0.9634411842423447	0.02089602843325855	-0.027571749562065328	0.9978667474871652	0.9983047516176162	-0.0003070896366746054	0	1.2555653346934825	0.10628391747708268	0.14928141721639987
4.215000000000006	0.15707963267948966	0	1	0.14395868400430906	0.9639111448323412	0.020832023475197137	-0.02756259773176996	0.9978606593249781	0.998300363038864	-0.0003053961109736522	0	1.25567692627668	0.10628391747708268	0.14939300879959747
4.230000000000006	0.15707963267948966	0	1	0.14403391168827415	0.9643788088581299	0.020768272051027353	-0.027553522344821214	0.9978545842375213	0.9982959576141847	-0.000303715735261246	0	1.2557878794994122	0.10628391747708268	0.1495039620223296
4.245000000000005	0.15707963267948966	0	1	0.14410876546574394	0.9648441917724135	0.020704772889696105	-0.027544522553786425	0.9978485222223151	0.9982915356412813	-0.00030204837418885353	0	1.2558981994673777	0.10628391747708268	0.14961428199029506
4.260000000000005	0.15707963267948966	0	1	0.14418324793062076	0.9653073088154139	0.02064152471493272	-0.027535597487439504	0.997842473276461	0.9982870974148679	-0.00030039389432362046	0	1.256007891232645	0.10628391747708268	0.1497239737555622
4.275000000000005	0.15707963267948966	0	1	0.14425736165336234	0.9657681752934231	0.020578526288841603	-0.027526746360797386	0.9978364373966361	0.9982826432266954	-0.0002987521641762051	0	1.256116959794429	0.10628391747708268	0.14983304231734645
4.2900000000000045	0.15707963267948966	0	1	0.1443311091813967	0.9662268062857929	0.020515776364964017	-0.02751796835693834	0.9978304145790866	0.9982781733655763	-0.000297123054153681	0	1.2562254100998658	0.10628391747708268	0.14994149262278303
4.305000000000004	0.15707963267948966	0	1	0.1444044930395302	0.9666832168584749	0.02045327372157746	-0.02750926271135581	0.997824404819623	0.9982736881174101	-0.0002955064365855104	0	1.2563332470447734	0.10628391747708268	0.15004932956769088
4.320000000000004	0.15707963267948966	0	1	0.14447751573034717	0.9671374219719323	0.020391017146599466	-0.027500628674293207	0.9978184081136136	0.9982691877652075	-0.0002939021856819392	0	1.25644047547441	0.10628391747708268	0.15015655799732738
4.3350000000000035	0.15707963267948966	0	1	0.14455017973459752	0.967589436416943	0.020329005426925645	-0.027492065484379546	0.997812424455979	0.9982646725891146	-0.00029231017751724184	0	1.256547100184215	0.10628391747708268	0.1502631827071324
4.350000000000003	0.15707963267948966	0	1	0.14462248751157009	0.9680392750108742	0.02026723737904476	-0.02748357244640887	0.9978064538411878	0.9982601428664377	-0.0002907302900181512	0	1.2566531259205431	0.10628391747708268	0.15036920844346044
4.365000000000003	0.15707963267948966	0	1	0.14469444149945065	0.9684869523934106	0.02020571181623737	-0.027475148849161052	0.9978004962632525	0.9982555988716665	-0.0002891624029063855	0	1.256758557381381	0.10628391747708268	0.1504746399042984
4.380000000000003	0.15707963267948966	0	1	0.1447660441156619	0.9689324831517366	0.020144427567983486	-0.02746679401496423	0.9977945517157263	0.9982510408764971	-0.00028760639768818586	0	1.2568633992170524	0.10628391747708268	0.15057948173996968
4.395000000000002	0.15707963267948966	0	1	0.1448372977571866	0.9693758817552299	0.020083383469227306	-0.027458507273157573	0.9977886201917013	0.9982464691498562	-0.0002860621576016161	0	1.256967656030906	0.10628391747708268	0.15068373855382336
4.410000000000002	0.15707963267948966	0	1	0.14490820480087135	0.9698171626123095	0.020022578369020605	-0.02745028798246499	0.9977827016838078	0.9982418839579235	-0.00028452956758501084	0	1.2570713323799902	0.10628391747708268	0.1507874149029076
4.425000000000002	0.15707963267948966	0	1	0.14497876760371076	0.9702563399913445	0.01996201111766857	-0.02744213549907966	0.9977767961842141	0.9982372855641545	-0.00028300851422579314	0	1.2571744327757077	0.10628391747708268	0.15089051529862518
4.440000000000001	0.15707963267948966	0	1	0.14504898850311304	0.9706934280789808	0.01990168057567049	-0.027434049199739654	0.9977709036846288	0.9982326742293031	-0.00028149888572308573	0	1.2572769616844575	0.10628391747708268	0.1509930442073747
4.455000000000001	0.15707963267948966	0	1	0.14511886981714242	0.9711284409427157	0.019841585607534767	-0.027426028466625074	0.9977650241763033	0.9982280502114438	-0.0002800005718325386	0	1.257378923528254	0.10628391747708268	0.15109500605117127
4.470000000000001	0.15707963267948966	0	1	0.14518841384474146	0.9715613925893753	0.019781725090816882	-0.027418072710646998	0.9977591576500365	0.9982234137659938	-0.0002785134638216454	0	1.257480322685333	0.10628391747708268	0.1511964052082503
4.485	0.15707963267948966	0	1	0.1452576228659281	0.9719922968409791	0.01972209789627824	-0.027410181321896123	0.9977533040961813	0.9982187651457354	-0.00027703745440327857	0	1.2575811634907328	0.10628391747708268	0.15129724601365022
4.5	0.15707963267948966	0	1	0.14532649914196985	0.9724211674413309	0.019662702904627655	-0.027402353712347536	0.9977474635046525	0.9982141046008373	-0.0002755724376925255	0	1.2576814502368596	0.10628391747708268	0.15139753275977696
4.515	0.15707963267948966	0	1	0.14539504491553035	0.9728480180081408	0.019603538998845593	-0.027394589296977013	0.9977416358649365	0.9982094323788764	-0.00027411830913646264	0	1.257781187174027	0.10628391747708268	0.15149726969694444
4.529999999999999	0.15707963267948966	0	1	0.1454632624107911	0.9732728620827341	0.019544605072008336	-0.027386887513935206	0.997735821166104	0.9982047487248598	-0.00027267496545661004	0	1.2578803785109778	0.10628391747708268	0.15159646103389512
4.544999999999999	0.15707963267948966	0	1	0.14553115383354503	0.9736957130122866	0.019485900008636314	-0.027379247777922357	0.9977300193968238	0.9982000538812456	-0.00027124230457255537	0	1.25797902841538	0.10628391747708268	0.15169511093829724
4.559999999999999	0.15707963267948966	0	1	0.14559872137126484	0.9741165839798651	0.019427422689497098	-0.027371669492613163	0.9977242305453792	0.9981953480879648	-0.000269820225546385	0	1.2580771410143012	0.10628391747708268	0.15179322353721858
4.574999999999998	0.15707963267948966	0	1	0.14566596719314537	0.9745354881327295	0.019369172012017433	-0.02736415210239605	0.9977184545996861	0.9981906315824431	-0.00026840862852047794	0	1.2581747203946605	0.10628391747708268	0.15189080291757776
4.589999999999998	0.15707963267948966	0	1	0.14573289345012433	0.9749524384107923	0.01931114686324334	-0.02735669502430108	0.9977126915473137	0.9981859045996213	-0.000267007414633889	0	1.258271770603657	0.10628391747708268	0.15198785312657434
4.604999999999998	0.15707963267948966	0	1	0.14579950227488264	0.9753674475794605	0.019253346125206683	-0.02734929766151389	0.997706941375506	0.9981811673719773	-0.00026561648597386915	0	1.2583682956491788	0.10628391747708268	0.15208437817209625
4.619999999999997	0.15707963267948966	0	1	0.1458657957818291	0.9757805282552259	0.019195768679171138	-0.027341959413925553	0.9977012040712052	0.9981764201295473	-0.0002642357455158589	0	1.258464299500191	0.10628391747708268	0.15218038202310835
4.634999999999997	0.15707963267948966	0	1	0.14593177606707405	0.9761916929660277	0.019138413415403926	-0.02733467970244687	0.997695479621076	0.9981716630999475	-0.0002628650970730545	0	1.2585597860871052	0.10628391747708268	0.15227586861002262
4.649999999999997	0.15707963267948966	0	1	0.14599744520839655	0.976600954002183	0.01908127920978761	-0.027327457909513724	0.9976897680115299	0.9981668965083954	-0.00026150444523703254	0	1.2586547593021353	0.10628391747708268	0.15237084182505278
4.6649999999999965	0.15707963267948966	0	1	0.14606280526521156	0.9770083235271195	0.01902436494157883	-0.027320293423204318	0.9976840692287503	0.9981621205777309	-0.00026015369535659213	0	1.258749222999639	0.10628391747708268	0.1524653055225565
4.679999999999996	0.15707963267948966	0	1	0.1461278582785412	0.9774138135595072	0.01896766949078968	-0.027313185629825702	0.997678383258717	0.9981573355284383	-0.0002588127534979532	0	1.2588431809964489	0.10628391747708268	0.15255926351936624
4.694999999999996	0.15707963267948966	0	1	0.14619260627099578	0.9778174359314671	0.018911191731760396	-0.027306133896738177	0.9976727100872296	0.9981525415786675	-0.0002574815264238135	0	1.2589366370721955	0.10628391747708268	0.15265271959511284
4.7099999999999955	0.15707963267948966	0	1	0.14625705124677113	0.9782192023512949	0.01885493054325363	-0.027299137596749165	0.9976670496999295	0.9981477389442559	-0.0002561599215871646	0	1.2590295949696275	0.10628391747708268	0.15274567749254483
4.724999999999995	0.15707963267948966	0	1	0.14632119519166378	0.9786191243366358	0.018798884797995574	-0.027292196080592863	0.9976614020823207	0.9981429278387495	-0.00025484784712025594	0	1.2591220583949279	0.10628391747708268	0.15283814091784526
4.739999999999995	0.15707963267948966	0	1	0.14638504007311057	0.9790172133582101	0.018743053385517933	-0.02728530873334866	0.9976557672197879	0.9981381084734249	-0.00025354521185381453	0	1.2592140310180324	0.10628391747708268	0.1529301135409498
4.754999999999995	0.15707963267948966	0	1	0.1464485878402538	0.9794134806409834	0.018687435180694684	-0.027278474893880984	0.9976501450976125	0.9981332810573103	-0.0002522519253073934	0	1.2593055164729503	0.10628391747708268	0.1530215989958677
4.769999999999994	0.15707963267948966	0	1	0.14651184042403506	0.9798079373211692	0.018632029068582717	-0.027271693916299272	0.9976445357009858	0.998128445797207	-0.00025096789773503323	0	1.25939651835809	0.10628391747708268	0.15311260088100734
4.784999999999994	0.15707963267948966	0	1	0.14657479973731863	0.9802005944785366	0.018576833949454336	-0.02726496518151997	0.9976389390150197	0.9981236028977115	-0.0002496930401411665	0	1.259487040236593	0.10628391747708268	0.15320312275951034
4.799999999999994	0.15707963267948966	0	1	0.14663746767504562	0.9805914629870459	0.018521848714997735	-0.027258288036157294	0.9976333550247537	0.9981187525612353	-0.00024842726430110597	0	1.259577085636675	0.10628391747708268	0.15329316815959235
4.814999999999993	0.15707963267948966	0	1	0.1466998461144172	0.9809805536851349	0.01846707227508762	-0.0272516618591151	0.9976277837151604	0.998113894988027	-0.00024717048281900386	0	1.259666658051977	0.10628391747708268	0.15338274057489448
4.829999999999993	0.15707963267948966	0	1	0.14676193691510833	0.9813678772880905	0.01841250354364718	-0.027245086025045592	0.9976222250711466	0.9981090303761929	-0.0002459226091461896	0	1.2597557609419276	0.10628391747708268	0.1534718434648449
4.844999999999993	0.15707963267948966	0	1	0.14682374191950748	0.9817534444105388	0.018358141441900566	-0.02723855991186418	0.9976166790775525	0.9981041589217176	-0.0002446835576302822	0	1.2598443977321128	0.10628391747708268	0.15356048025503002
4.859999999999992	0.15707963267948966	0	1	0.14688526295298376	0.9821372656633691	0.018303984913359855	-0.027232082937968756	0.9976111457191478	0.998099280818484	-0.0002434532435584066	0	1.2599325718146612	0.10628391747708268	0.15364865433757866
4.874999999999992	0.15707963267948966	0	1	0.1469465018241757	0.9825193514905904	0.0182500328975794	-0.02722565449562987	0.997605624980626	0.9980943962582944	-0.00024223158318177108	0	1.2600202865486372	0.10628391747708268	0.15373636907155458
4.889999999999992	0.15707963267948966	0	1	0.14700746032530082	0.9828997123465819	0.0181962843577807	-0.027219274020390354	0.9976001168465956	0.9980895054308899	-0.00024101849377532864	0	1.2601075452604433	0.10628391747708268	0.15382362778336062
4.904999999999991	0.15707963267948966	0	1	0.14706814023248316	0.983278358613578	0.018142738267298897	-0.027212940956743842	0.9975946213015697	0.9980846085239697	-0.00023981389365697518	0	1.260194351244234	0.10628391747708268	0.15391043376715136
4.919999999999991	0.15707963267948966	0	1	0.14712854330609412	0.9836553005775795	0.0180893936052548	-0.027206654747262252	0.9975891383299543	0.9980797057232111	-0.00023861770222477615	0	1.260280707762338	0.10628391747708268	0.15399679028525531
4.934999999999991	0.15707963267948966	0	1	0.14718867129110474	0.9840305485372921	0.018036249373272417	-0.027200414874886628	0.9975836679160343	0.9980747972122878	-0.00023742983999668703	0	1.2603666180456863	0.10628391747708268	0.1540827005686037
4.94999999999999	0.15707963267948966	0	1	0.14724852591744547	0.9844041127483997	0.017983304586099286	-0.027194220839567466	0.9975782100439589	0.9980698831728888	-0.00023625022862450572	0	1.260452085294249	0.10628391747708268	0.1541681678171662
4.96499999999999	0.15707963267948966	0	1	0.14730810890037102	0.9847760034095133	0.0179305582688149	-0.027188072151609358	0.9975727646977256	0.9980649637847372	-0.00023507879091920963	0	1.2605371126774747	0.10628391747708268	0.15425319520039216
4.97999999999999	0.15707963267948966	0	1	0.14736742194082486	0.9851462306476203	0.017878009453957983	-0.027181968324938858	0.9975673318611648	0.9980600392256076	-0.000233915450868353	0	1.2606217033347367	0.10628391747708268	0.154337785857654
4.9949999999999894	0.15707963267948966	0	1	0.14742646672580362	0.985514804623411	0.017825657197638206	-0.02717590891832072	0.9975619115179224	0.9980551096713436	-0.00023276013365492593	0	1.260705860375777	0.10628391747708268	0.15442194289869446
5.009999999999989	0.15707963267948966	0	1	0.14748524492871548	0.985881735489012	0.01777350057227936	-0.027169893517757445	0.9975565036514438	0.9980501752958759	-0.00023161276565546957	0	1.2607895868811565	0.10628391747708268	0.15450566940407376
5.024999999999989	0.15707963267948966	0	1	0.14754375820973045	0.9862470332734496	0.01772153864792922	-0.027163921690081402	0.997551108244957	0.9980452362712384	-0.00023047327443724425	0	1.2608728859026985	0.10628391747708268	0.15458896842561579
5.0399999999999885	0.15707963267948966	0	1	0.14760200821612054	0.9866107080630951	0.017669770520305994	-0.027157993054514756	0.9975457252814576	0.9980402927675852	-0.00022934158877364414	0	1.260955760463935	0.10628391747708268	0.1546718429868523
5.054999999999988	0.15707963267948966	0	1	0.14765999658258575	0.9869727698690564	0.017618195289286043	-0.027152107229283167	0.9975403547436933	0.9980353449532071	-0.0002282176386137072	0	1.261038213560545	0.10628391747708268	0.1547542960834623
5.069999999999988	0.15707963267948966	0	1	0.1477177249315639	0.9873332286998752	0.01756681206993707	-0.02714626386035874	0.9975349966141503	0.9980303929945473	-0.00022710135508158727	0	1.26112024816079	0.10628391747708268	0.15483633068370728
5.0849999999999875	0.15707963267948966	0	1	0.14777519487352084	0.9876920945001462	0.01751561998234971	-0.02714046259676188	0.997529650875041	0.9980254370562173	-0.0002259926704464069	0	1.2612018672059393	0.10628391747708268	0.15491794972885656
5.099999999999987	0.15707963267948966	0	1	0.14783240800721825	0.9880493771996555	0.01746461815901354	-0.027134703110176118	0.9975243175082928	0.9980204773010121	-0.00022489151810112682	0	1.261283073610688	0.10628391747708268	0.15499915613360535
5.114999999999987	0.15707963267948966	0	1	0.1478893659199567	0.9884050867097044	0.01741380574387283	-0.02712898509358212	0.9975189964955403	0.9980155138899258	-0.000223797832527723	0	1.2613638702635632	0.10628391747708268	0.15507995278648048
5.129999999999987	0.15707963267948966	0	1	0.1479460701877902	0.9887592328074419	0.017363181873696093	-0.027123308215318866	0.997513687818118	0.9980105469821661	-0.00022271154924760443	0	1.2614442600273168	0.10628391747708268	0.15516034255023406
5.144999999999986	0.15707963267948966	0	1	0.1480025223757099	0.989111825404777	0.017312745720413664	-0.027117672226952338	0.9975083914570569	0.9980055767351695	-0.00022163260480238608	0	1.261524245739303	0.10628391747708268	0.1552403282622203
5.159999999999986	0.15707963267948966	0	1	0.14805872403779483	0.9894628741049148	0.01726249642068589	-0.027112076786664774	0.997503107393084	0.9980006033046159	-0.00022056093665201917	0	1.261603830211841	0.10628391747708268	0.15531991273475834
5.174999999999986	0.15707963267948966	0	1	0.14811467671732723	0.9898123886847876	0.017212433152184514	-0.027106521652717278	0.997497835606624	0.9979956268444423	-0.00021949648318129832	0	1.2616830162325563	0.10628391747708268	0.1553990987554737
5.189999999999985	0.15707963267948966	0	1	0.1481703819468724	0.9901603787097676	0.01716255507250608	-0.02710100653030871	0.9974925760778048	0.9979906475068584	-0.00021843918357493763	0	1.2617618065647034	0.10628391747708268	0.15547788908762064
5.204999999999985	0.15707963267948966	0	1	0.14822584124832258	0.990506853696779	0.01711286134501039	-0.027095531137674822	0.997487328786467	0.9979856654423599	-0.00021738897779255848	0	1.2618402039474677	0.10628391747708268	0.1555562864703851
5.219999999999985	0.15707963267948966	0	1	0.14828105613290785	0.9908518231366279	0.017063351142422023	-0.027090095215859283	0.9974820937121744	0.9979806807997429	-0.0002163458064895789	0	1.2619182110962475	0.10628391747708268	0.1556342936191649
5.234999999999984	0.15707963267948966	0	1	0.14833602810117472	0.9911952963311556	0.017014023621163055	-0.027084698464555565	0.9974768708342303	0.9979756937261186	-0.00021530961093802582	0	1.2619958307029115	0.10628391747708268	0.155711913225829
5.249999999999984	0.15707963267948966	0	1	0.14839075864294002	0.9915372824932019	0.01696487793735721	-0.027079340582804402	0.9974716601316934	0.9979707043669273	-0.00021428033298186546	0	1.26207306543604	0.10628391747708268	0.1557891479589573
5.264999999999984	0.15707963267948966	0	1	0.14844524923722313	0.9918777908734364	0.016915913267128824	-0.027074021320281864	0.9974664615833979	0.9979657128659524	-0.00021325791497878	0	1.262149917941144	0.10628391747708268	0.15586600046406127
5.279999999999983	0.15707963267948966	0	1	0.14849950135216555	0.992216830419088	0.01686712875278623	-0.027068740341401037	0.997461275167974	0.9979607193653351	-0.0002122422997169338	0	1.2622263908408724	0.10628391747708268	0.1559424733637897
5.294999999999983	0.15707963267948966	0	1	0.1485535164449429	0.9925544100949913	0.016818523553918885	-0.027063497353774647	0.9974561008638687	0.9979557240055891	-0.0002112334304185843	0	1.2623024867352015	0.10628391747708268	0.15601856925811877
5.309999999999983	0.15707963267948966	0	1	0.14860729596167851	0.9928905386774404	0.016770096814992586	-0.02705829202583317	0.997450938649368	0.9979507269256139	-0.00021023125066676796	0	1.2623782082016164	0.10628391747708268	0.1560942907245337
5.324999999999982	0.15707963267948966	0	1	0.14866084133736357	0.9932252249243415	0.01672184769253135	-0.027053124054540002	0.9974457885026164	0.997945728262711	-0.00020923570441152938	0	1.2624535577952836	0.10628391747708268	0.15616964031820102
5.339999999999982	0.15707963267948966	0	1	0.1487141539957915	0.9935584773999079	0.016673775327556845	-0.027047993094873875	0.997440650401638	0.9979407281525972	-0.00020824673593016285	0	1.2625285380492202	0.10628391747708268	0.15624462057213745
5.354999999999982	0.15707963267948966	0	1	0.1487672353495092	0.99389030459159	0.016625878864281213	-0.027042898805919653	0.9974355243243523	0.9979357267294195	-0.00020726428984312875	0	1.2626031514744593	0.10628391747708268	0.1563192339973766
5.3699999999999815	0.15707963267948966	0	1	0.14882008679978997	0.994220714935748	0.016578157454304326	-0.027037840860318445	0.997430410248592	0.9979307241257709	-0.00020628831111077102	0	1.2626774005602186	0.10628391747708268	0.1563934830831359
5.384999999999981	0.15707963267948966	0	1	0.14887270973662897	0.9945497167072028	0.016530610239207988	-0.027032818899274016	0.9974253081521149	0.997925720472703	-0.00020531874503371678	0	1.2627512877740688	0.10628391747708268	0.1564673702969862
5.399999999999981	0.15707963267948966	0	1	0.14892510553876134	0.9948773181701406	0.016483236374501054	-0.027027832591938583	0.9974202180126162	0.9979207158997425	-0.00020435553728496013	0	1.262824815562107	0.10628391747708268	0.1565408980850242
5.4149999999999805	0.15707963267948966	0	1	0.14897727557370372	0.9952035274069833	0.016436035002514282	-0.027022881566114234	0.9974151398077372	0.9979157105349049	-0.00020339863390488914	0	1.2628979863491334	0.10628391747708268	0.15661406887205082
5.42999999999998	0.15707963267948966	0	1	0.1490292211978145	0.9955283525445051	0.01638900528817594	-0.027017965497716522	0.9974100735150724	0.9979107045047092	-0.00020244798134844876	0	1.2629708025388346	0.10628391747708268	0.15668688506175188
5.44499999999998	0.15707963267948966	0	1	0.14908094375637446	0.9958518015135667	0.016342146380880718	-0.027013084013938562	0.9974050191121745	0.9979056979341924	-0.00020150352647053146	0	1.2630432665139695	0.10628391747708268	0.15675934903688685
5.4599999999999795	0.15707963267948966	0	1	0.14913244458368005	0.996173882268525	0.016295457449138295	-0.02700823678017183	0.9973999765765582	0.9979006909469237	-0.00020056521657947814	0	1.26311538063656	0.10628391747708268	0.1568314631594774
5.474999999999979	0.15707963267948966	0	1	0.14918372500315236	0.9964946026948214	0.016248937665804347	-0.02700342346237747	0.9973949458857019	0.9978956836650191	-0.0001996329994285536	0	1.2631871472480884	0.10628391747708268	0.1569032297710057
5.489999999999979	0.15707963267948966	0	1	0.14923478632745282	0.9968139705818326	0.016202586203633296	-0.02699864371566693	0.9973899270170488	0.997890676209155	-0.00019870682324006487	0	1.263258568669693	0.10628391747708268	0.15697465119261042
5.504999999999979	0.15707963267948966	0	1	0.14928562985860813	0.9971319936699508	0.016156402242569617	-0.026993897202560388	0.997384919948007	0.9978856686985825	-0.00019778663672137244	0	1.2633296472023718	0.10628391747708268	0.15704572972528907
5.519999999999978	0.15707963267948966	0	1	0.14933625688813892	0.9974486796455331	0.016110384968774594	-0.02698918359051929	0.9973799246559496	0.9978806612511413	-0.00019687238907169357	0	1.2634003851271831	0.10628391747708268	0.15711646765010054
5.534999999999978	0.15707963267948966	0	1	0.14938666869719164	0.9977640361866459	0.016064533581689966	-0.026984502569817458	0.9973749411182127	0.9978756539832732	-0.00019596402999474694	0	1.263470784705452	0.10628391747708268	0.15718686722836928
5.549999999999978	0.15707963267948966	0	1	0.14943686655667213	0.9980780708830047	0.016018847281172532	-0.026979853821197646	0.9973699693120947	0.9978706470100354	-0.00019506150969660573	0	1.2635408481789736	0.10628391747708268	0.15725693070189092
5.564999999999977	0.15707963267948966	0	1	0.14948685172737852	0.9983907912585473	0.01597332527088427	-0.026975237024569543	0.9973650092148545	0.9978656404451146	-0.0001941647788976108	0	1.2636105777702191	0.10628391747708268	0.15732666029313652
5.579999999999977	0.15707963267948966	0	1	0.1495366254601342	0.9987022047877823	0.015927966760695106	-0.02697065186524431	0.9973600608037105	0.9978606344008396	-0.00019327378883315983	0	1.2636799756825408	0.10628391747708268	0.15739605820545802
5.594999999999977	0.15707963267948966	0	1	0.1495861889959185	0.9990123189480188	0.015882770974771837	-0.026966098054544686	0.9973551240558381	0.9978556289881947	-0.00019238849125787437	0	1.2637490441003747	0.10628391747708268	0.15746512662329204
5.609999999999976	0.15707963267948966	0	1	0.1496355435659959	0.9993211411083438	0.015837737133812757	-0.026961575285182945	0.9973501989483687	0.9978506243168324	-0.00019150883843498866	0	1.263817785189446	0.10628391747708268	0.15753386771236347
5.624999999999976	0.15707963267948966	0	1	0.14968469039204277	0.9996286786266537	0.0157928644702377	-0.026957083269789836	0.9973452854583881	0.9978456204950865	-0.00019063478314926182	0	1.26388620109697	0.10628391747708268	0.15760228361988743
5.639999999999976	0.15707963267948966	0	1	0.1497336306862712	0.9999349387906228	0.015748152218664963	-0.026952621717089672	0.9973403835629345	0.9978406176299847	-0.00018976627869358623	0	1.2639542939518524	0.10628391747708268	0.15767037647476984
5.654999999999975	0.15707963267948966	0	1	0.14978236565155112	1.000239928862487	0.015703599622833547	-0.02694819034956468	0.9973354932389982	0.9978356158272608	-0.00018890327887367662	0	1.2640220658648893	0.10628391747708268	0.15773814838780656
5.669999999999975	0.15707963267948966	0	1	0.1498308964815284	1.0005436560495844	0.01565920593077222	-0.02694378889146791	0.997330614463519	0.9978306151913676	-0.000188045737999295	0	1.2640895189289636	0.10628391747708268	0.15780560145188102
5.684999999999975	0.15707963267948966	0	1	0.14987922436074108	1.000846127519522	0.015614970397039879	-0.026939417074642612	0.9973257472133861	0.9978256158254887	-0.00018719361088365767	0	1.2641566552192411	0.10628391747708268	0.15787273774215851
5.699999999999974	0.15707963267948966	0	1	0.14992735046473366	1.0011473503333663	0.015570892271985048	-0.02693507461161467	0.9973208914654365	0.9978206178315507	-0.00018634685283336246	0	1.2642234767933649	0.10628391747708268	0.15793955931628215
5.714999999999974	0.15707963267948966	0	1	0.14997527596016644	1.0014473316097112	0.015526970827580588	-0.026930761260938726	0.9973160471964544	0.9978156213102356	-0.0001855054196589517	0	1.2642899856916443	0.10628391747708268	0.15800606821456162
5.729999999999974	0.15707963267948966	0	1	0.1500230020049252	1.0017460783463958	0.01548320532903455	-0.02692647675570072	0.9973112143831703	0.997810626360992	-0.0001846692676468458	0	1.2643561839372477	0.10628391747708268	0.15807226646016503
5.7449999999999735	0.15707963267948966	0	1	0.150070529748227	1.0020435975397648	0.015439595053533123	-0.02692222085098784	0.9973063930022598	0.9978056330820475	-0.00018383835357511897	0	1.2644220735363882	0.10628391747708268	0.15813815605930553
5.759999999999973	0.15707963267948966	0	1	0.1501178603307241	1.0023398960658303	0.01539613927127556	-0.026917993276148067	0.9973015830303434	0.9978006415704195	-0.00018301263469219445	0	1.2644876564785092	0.10628391747708268	0.1582037390014267
5.774999999999973	0.15707963267948966	0	1	0.15016499488460688	1.0026349808298796	0.01535283726902803	-0.026913793794331693	0.9972967844439862	0.9977956519219275	-0.0001821920687292932	0	1.2645529347364697	0.10628391747708268	0.15826901725938694
5.7899999999999725	0.15707963267948966	0	1	0.1502119345337041	1.0029288587070997	0.01530968834058094	-0.026909622178525355	0.9972919972196961	0.9977906642312041	-0.0001813766138819697	0	1.2646179102667225	0.10628391747708268	0.15833399278963997
5.804999999999972	0.15707963267948966	0	1	0.15025868039358325	1.0032215364239847	0.015266691767827412	-0.026905478163922004	0.997287221333924	0.9977856785917062	-0.0001805662288025459	0	1.2646825850094987	0.10628391747708268	0.1583986675324161
5.819999999999972	0.15707963267948966	0	1	0.15030523357164893	1.0035130207750362	0.015223846854949263	-0.02690136153422485	0.9972824567630632	0.997780695095726	-0.00017976087261767067	0	1.2647469608889819	0.10628391747708268	0.15846304341189926
5.8349999999999715	0.15707963267948966	0	1	0.15035159516724095	1.0038033184743422	0.015181152904773093	-0.0268972720620925	0.9972777034834478	0.9977757138344024	-0.00017896050489922216	0	1.2648110398134866	0.10628391747708268	0.15852712233640393
5.849999999999971	0.15707963267948966	0	1	0.15039776627173254	1.0040924361636971	0.015138609219919441	-0.026893209512091162	0.9972729614713531	0.9977707348977318	-0.0001781650856726757	0	1.2648748236756329	0.10628391747708268	0.15859090619855012
5.864999999999971	0.15707963267948966	0	1	0.15044374796862747	1.0043803804877744	0.015096215114572986	-0.026889173670458684	0.9972682307029934	0.9977657583745785	-0.0001773745754172348	0	1.2649383143525197	0.10628391747708268	0.15865439687543706
5.879999999999971	0.15707963267948966	0	1	0.15048954133365794	1.0046671580056854	0.015053969900336639	-0.026885164309462844	0.9972635111545217	0.9977607843526857	-0.00017658893505235497	0	1.2650015137058979	0.10628391747708268	0.15871759622881518
5.89499999999997	0.15707963267948966	0	1	0.1505351474348816	1.0049527753034142	0.015011872903902213	-0.026881181232041352	0.997258802802028	0.9977558129186858	-0.00017580812594883034	0	1.2650644235823396	0.10628391747708268	0.15878050610525696
5.90999999999997	0.15707963267948966	0	1	0.15058056733277989	1.005237238808302	0.014969923437527427	-0.026877224197386827	0.9972541056215385	0.9977508441581112	-0.00017503210990468807	0	1.2651270458134103	0.10628391747708268	0.15884312833632766
5.92499999999997	0.15707963267948966	0	1	0.15062580208035456	1.0055205551031214	0.014928120848642173	-0.026873293046147384	0.9972494195890135	0.9977458781554045	-0.00017426084917838449	0	1.2651893822158353	0.10628391747708268	0.15890546473875258
5.939999999999969	0.15707963267948966	0	1	0.15067085272322503	1.005802730523711	0.014886464455980158	-0.02686938753938251	0.9972447446803462	0.9977409149939279	-0.00017349430643495643	0	1.2652514345916681	0.10628391747708268	0.1589675171145854
5.954999999999969	0.15707963267948966	0	1	0.15071572029972463	1.0060837714583983	0.014844953596864136	-0.026865507477939036	0.9972400808713612	0.9977359547559748	-0.0001727324447933601	0	1.2653132047284565	0.10628391747708268	0.15902928725137389
5.969999999999969	0.15707963267948966	0	1	0.15076040584099562	1.0063636843259005	0.014803587623568482	-0.026861652693357368	0.9972354281378127	0.997730997522778	-0.00017197522779804976	0	1.2653746943994069	0.10628391747708268	0.1590907769223242
5.984999999999968	0.15707963267948966	0	1	0.15080491037108282	1.00664247543429	0.01476236588084645	-0.026857822991313982	0.9972307864553831	0.9977260433745211	-0.0001712226194088734	0	1.2654359053635476	0.10628391747708268	0.15915198788646492
5.999999999999968	0.15707963267948966	0	1	0.15084923490702457	1.0069201510105077	0.014721287710473846	-0.02685401816319868	0.9972261557996811	0.9977210923903471	-0.0001704745840078379	0	1.26549683936589	0.10628391747708268	0.1592129218888075
