0.015	0.05235987755982988	0	1	0.026085805439032654	5.836349699101393	0.3015887449994182	-1.2305903020931548	0.999974856010632	0.999974856010632	-0.03683609044969975	0	1.1069479335636085	0.10628391747708268	0.0006640160865259023
0.03	0.05235987755982988	0	1	0.026872688708535628	0.4475296172170878	0.018910458365764795	-0.11503524579738769	0.9999740870018052	0.9999748521751844	-0.00023913660214907535	0	1.109029470915822	0.10628391747708268	0.0027455534387392437
0.045	0.05235987755982988	0	1	0.027212803767655513	0.29146736571811194	0.010615842698834293	-0.0779957420844211	0.999973752633286	0.9999748428939121	-0.005916167223172902	0	1.1103042401312646	0.10628391747708268	0.004020322654182034
0.06	0.05235987755982988	0	1	0.027525713783127882	0.27344740949011054	0.009563689273060633	-0.0608108974694091	0.9999734412082705	0.9999748304923989	-0.0049067581896907395	0	1.1114458787257164	0.10628391747708268	0.00516196124863385
0.075	0.05235987755982988	0	1	0.027833171257058666	0.2731957315676582	0.009443409655205962	-0.05773639157371954	0.9999731316185397	0.9999748151247057	-0.004221575153494827	0	1.1125465378136556	0.10628391747708268	0.006262620336572959
0.09	0.05235987755982988	0	1	0.02813383490309646	0.27227134484590465	0.009289090810493806	-0.054883689198343445	0.9999728253815947	0.9999747968461763	-0.003835377521464322	0	1.113602863572902	0.10628391747708268	0.007318946095819498
0.105	0.05235987755982988	0	1	0.02842786334202832	0.2714703282852366	0.009142473838895522	-0.05231861138306824	0.9999725225263358	0.9999747757192791	-0.003507198428664804	0	1.1146170813047918	0.10628391747708268	0.008333163827709055
0.12	0.05235987755982988	0	1	0.028715843375894255	0.2711250683375983	0.009020839987595227	-0.050260018719886085	0.9999722226283106	0.9999747518038871	-0.0032438402621205666	0	1.1155930915241836	0.10628391747708268	0.009309174047100943
0.135	0.05235987755982988	0	1	0.02899819117440876	0.2710712327548305	0.008915490863466206	-0.048536475069152166	0.9999719254172081	0.999974725155823	-0.0030269096971818304	0	1.1165339380516224	0.10628391747708268	0.010250020574539795
0.15000000000000002	0.05235987755982988	0	1	0.02927525779320473	0.2712417842743328	0.008822843901585484	-0.04706924681713355	0.9999716306735316	0.9999746958279181	-0.002843462976654936	0	1.1174422626242513	0.10628391747708268	0.011158345147168685
0.16500000000000004	0.05235987755982988	0	1	0.029547337813166395	0.271584561655372	0.008740111157394079	-0.0458025903752026	0.9999713382230836	0.9999746638705197	-0.002685659485480796	0	1.118320357263112	0.10628391747708268	0.012036439786029331
0.18000000000000005	0.05235987755982988	0	1	0.02981468086441632	0.27205962270809525	0.008665156913070269	-0.0446948041383757	0.9999710479277016	0.9999746293319205	-0.002547937514794771	0	1.1191702249940008	0.10628391747708268	0.012886307516918208
0.19500000000000006	0.05235987755982988	0	1	0.030077503219774756	0.2726381172220243	0.008596435145207486	-0.04371558471053988	0.9999707596751002	0.9999745922586873	-0.002426300874530501	0	1.1199936393857908	0.10628391747708268	0.013709721908708153
0.21000000000000008	0.05235987755982988	0	1	0.030335995847111497	0.273298746680415	0.008532801599950346	-0.04284229844386138	0.9999704733718409	0.9999745526959	-0.002317802102785735	0	1.1207921877336053	0.10628391747708268	0.014508270256522758
0.2250000000000001	0.05235987755982988	0	1	0.030590330255185698	0.2740255725752587	0.008473397206465842	-0.04205769572804751	0.9999701889382182	0.9999745106873288	-0.0022202088444368963	0	1.1215673035803957	0.10628391747708268	0.0152833861033131
0.2400000000000001	0.05235987755982988	0	1	0.030840662773004034	0.27480651333405115	0.008417568051733475	-0.04134839628831607	0.9999699063045164	0.9999744662755652	-0.0021317948977009307	0	1.1223202915029689	0.10628391747708268	0.016036374025886296
0.2550000000000001	0.05235987755982988	0	1	0.03108713765086765	0.2756322604169404	0.00836480768583113	-0.04070383304459051	0.9999696254083221	0.9999744195021195	-0.0020512007322305804	0	1.1230523460516528	0.10628391747708268	0.016768428574570213
0.27000000000000013	0.05235987755982988	0	1	0.03132988923457126	0.27649547530643276	0.00831471444247266	-0.04011550122073391	0.999969346192696	0.9999743704074955	-0.0019773376869099725	0	1.1237645661716242	0.10628391747708268	0.01748064869454149
0.28500000000000014	0.05235987755982988	0	1	0.0315690433905664	0.27739018200526017	0.008266959252780341	-0.039576413707816546	0.9999690686050696	0.9999743190312489	-0.0019093206010405912	0	1.124457966100081	0.10628391747708268	0.018174048622998408
0.30000000000000016	0.05235987755982988	0	1	0.031804718351628965	0.27831131935088194	0.008221262032181303	-0.039080707330079165	0.9999687925967273	0.9999742654120382	-0.0018464195985897576	0	1.1251334836238311	0.10628391747708268	0.018849566146748504
0.31500000000000017	0.05235987755982988	0	1	0.032037025168485514	0.2792544375407439	0.008177375761465412	-0.03862336633579718	0.9999685181226954	0.999974209587671	-0.001788025229908077	0	1.1257919865385424	0.10628391747708268	0.019508069061459733
0.3300000000000002	0.05235987755982988	0	1	0.03226606795731145	0.2802155223301126	0.008135077327284196	-0.038200037358554484	0.9999682451418429	0.9999741515951506	-0.0017336231061510698	0	1.1264342780609577	0.10628391747708268	0.02015036058387519
0.3450000000000002	0.05235987755982988	0	1	0.03249194410754558	0.28119091995288975	0.008094163647298005	-0.03780691177588421	0.999967973617009	0.9999740914707225	-0.0016827752888307268	0	1.1270611017698393	0.10628391747708268	0.020777184292756688
0.3600000000000002	0.05235987755982988	0	1	0.032714744561361524	0.28217732665603873	0.008054451143032632	-0.037440652207135154	0.9999677035150267	0.9999740292499216	-0.0016351064264547945	0	1.1276731464189516	0.10628391747708268	0.021389228941868902
0.3750000000000002	0.05235987755982988	0	1	0.03293455421214802	0.28317180664250674	0.008015776642465043	-0.03709834324429705	0.9999674348065785	0.9999739649676188	-0.0015902931713730483	0	1.1282710507384095	0.10628391747708268	0.02198713326132683
0.39000000000000024	0.05235987755982988	0	1	0.03315145241382544	0.28417180948855525	0.007977998197586302	-0.03677745174705165	0.999967167465886	0.9999738986580635	-0.0015480558456348577	0	1.1288554081741902	0.10628391747708268	0.02257149069710762
0.40500000000000025	0.05235987755982988	0	1	0.03336551355811139	0.28517517075140153	0.007940994979983903	-0.03647578844297601	0.9999669014702817	0.9999738303549237	-0.0015081516717969895	0	1.1294267714328656	0.10628391747708268	0.023142853955782885
0.42000000000000026	0.05235987755982988	0	1	0.033576807665181424	0.28618009090657165	0.007904666022078542	-0.036191467763474296	0.9999666367997249	0.9999737600913197	-0.001470369141206607	0	1.1299856566905087	0.10628391747708268	0.02370173921342609
0.4350000000000003	0.05235987755982988	0	1	0.03378540093923903	0.2871850963718311	0.007868928021864036	-0.03592286648090109	0.9999663734363251	0.9999736878998536	-0.0014345232633868287	0	1.1305325473638992	0.10628391747708268	0.024248629886816548
0.4500000000000003	0.05235987755982988	0	1	0.03399135625610435	0.2881889899413805	0.00783371261023761	-0.03566858315886561	0.999966111363916	0.9999736138126339	-0.0014004515414504095	0	1.1310678973991273	0.10628391747708268	0.02478397992204457
0.4650000000000003	0.05235987755982988	0	1	0.03419473356770874	0.28919079855178853	0.00779896350429332	-0.035427400669339915	0.9999658505677063	0.9999735378612954	-0.0013680105712787927	0	1.1315921340859223	0.10628391747708268	0.025308216608839727
0.4800000000000003	0.05235987755982988	0	1	0.03439559022355443	0.29018972483344435	0.0077646338866814175	-0.03519825349435564	0.9999655910340127	0.9999734600770164	-0.001337073185940031	0	1.1321056604443467	0.10628391747708268	0.02582174296726412
0.49500000000000033	0.05235987755982988	0	1	0.03459398121959799	0.2911851061684744	0.007730684203289353	-0.03498020054389278	0.9999653327500684	0.9999733804905337	-0.0013075260758802893	0	1.1326088572512136	0.10628391747708268	0.026324939774131074
0.5100000000000003	0.05235987755982988	0	1	0.03478995939036317	0.29217638303683957	0.0076970804672321985	-0.03477240358199093	0.999965075703889	0.999973299132155	-0.0012792678188443165	0	1.1331020847789819	0.10628391747708268	0.0268181673018992
0.5250000000000004	0.05235987755982988	0	1	0.03498357556118522	0.29316307642821887	0.007663793051242881	-0.03457411069821554	0.9999648198841814	0.9999732160317705	-0.0012522072558235693	0	1.1335856843143028	0.10628391747708268	0.02730176683722017
0.5400000000000004	0.05235987755982988	0	1	0.03517487867558889	0.29414477296225455	0.007630795891526345	-0.034384643941287686	0.9999645652802743	0.9999731312188639	-0.001226262152851407	0	1.134059979511474	0.10628391747708268	0.027776062034391348
0.5550000000000004	0.05235987755982988	0	1	0.03536391590921357	0.29512111581564154	0.007598065998897481	-0.03420339012399503	0.9999643118820605	0.9999730447225219	-0.0012013580937094662	0	1.134525277621701	0.10628391747708268	0.028241360144618238
0.5700000000000004	0.05235987755982988	0	1	0.03555073277757314	0.2960917993278231	0.007565583162746034	-0.034029793799947715	0.999964059679939	0.9999729565714441	-0.001177427555460882	0	1.1349818706252417	0.10628391747708268	0.028697953148159015
0.5850000000000004	0.05235987755982988	0	1	0.03573537324114088	0.2970565655783151	0.007533329757004674	-0.03386335163423187	0.9999638086647549	0.9999728667939511	-0.0011544091266945603	0	1.135430036282059	0.10628391747708268	0.0291461188049764
0.6000000000000004	0.05235987755982988	0	1	0.0359178798083252	0.2980152016006149	0.007501290578037074	-0.0337036075696086	0.9999635588277354	0.9999727754179923	-0.001132246836655156	0	1.135870039108444	0.10628391747708268	0.029586121631361408
0.6150000000000004	0.05235987755982988	0	1	0.03609829363506966	0.29896753628614037	0.007469452665538157	-0.033550148359427545	0.9999633101604237	0.9999726824711537	-0.0011108895713206118	0	1.136302131282285	0.10628391747708268	0.030018213805202268
0.6300000000000004	0.05235987755982988	0	1	0.03627665461902445	0.29991343672631876	0.007437805094321114	-0.03340259931825176	0.9999630626546155	0.9999725879806634	-0.0010902905593243276	0	1.1367265534777193	0.10628391747708268	0.030442636000636635
0.6450000000000005	0.05235987755982988	0	1	0.03645300148626396	0.3008528040087241	0.007406338738917025	-0.033260620247266025	0.9999628163022992	0.9999724919733983	-0.0010704069159155627	0	1.1371435356299775	0.10628391747708268	0.03085961815289476
0.6600000000000005	0.05235987755982988	0	1	0.036627371869054584	0.30178556853834887	0.0073750460155894045	-0.033123901512634044	0.9999625710956042	0.9999723944758887	-0.001051199236877462	0	1.1375532976323723	0.10628391747708268	0.031269380155289725
0.6750000000000005	0.05235987755982988	0	1	0.03679980237391058	0.3027116852635778	0.007343920622210743	-0.03299216037757722	0.9999623270267577	0.9999722955143233	-0.0010326312366641228	0	1.1379560499688415	0.10628391747708268	0.03167213249175877
0.6900000000000005	0.05235987755982988	0	1	0.036970328639881665	0.303631129066246	0.007312957289825277	-0.03286513764457371	0.9999620840880528	0.9999721951145529	-0.0010146694262570318	0	1.138351994286659	0.10628391747708268	0.03206807680957623
0.7050000000000005	0.05235987755982988	0	1	0.03713898538756639	0.30454389050751085	0.007282151555911496	-0.0327425946424885	0.9999618422718244	0.9999720933020948	-0.0009972828268488903	0	1.1387413239146817	0.10628391747708268	0.03245740643759917
0.7200000000000005	0.05235987755982988	0	1	0.037305806459693835	0.30544997196045187	0.0072514995607498075	-0.03262431053613654	0.9999616015704368	0.9999719901021362	-0.0009804427157335829	0	1.1391242243327229	0.10628391747708268	0.03284030685564014
0.7350000000000005	0.05235987755982988	0	1	0.03747082485428375	0.30634938433146214	0.007220997877169266	-0.03251008000978158	0.9999613619762772	0.9999718855395379	-0.0009641224009913458	0	1.1395008735974836	0.10628391747708268	0.03321695612040097
0.7500000000000006	0.05235987755982988	0	1	0.0376340727514351	0.3072421442062008	0.007190643364708682	-0.03239971123681752	0.9999611234817585	0.9999717796388374	-0.0009482970217488614	0	1.1398714427300887	0.10628391747708268	0.033587525253005984
0.7650000000000006	0.05235987755982988	0	1	0.037795581534764956	0.30812827146384847	0.007160433050117097	-0.032293024134457435	0.9999608860793274	0.9999716724242533	-0.0009329433711385971	0	1.1402360960697855	0.10628391747708268	0.033952178592702914
0.7800000000000006	0.05235987755982988	0	1	0.037955381808473944	0.30900778736830325	0.007130364034279352	-0.03218984889137416	0.9999606497614781	0.9999715639196879	-0.000918039739433008	0	1.1405949915979414	0.10628391747708268	0.0343110741208588
0.7950000000000006	0.05235987755982988	0	1	0.03811350341098309	0.30988071299977993	0.007100433418039778	-0.03209002470085718	0.9999604145207693	0.9999714541487313	-0.0009035657752089183	0	1.1409482812361138	0.10628391747708268	0.03466436375903107
0.8100000000000006	0.05235987755982988	0	1	0.038269975426077386	0.3107470681221387	0.007070638251534787	-0.031993398724978986	0.9999601803498445	0.9999713431346654	-0.0008895023627789103	0	1.1412961111217212	0.10628391747708268	0.03501219364463868
0.8250000000000006	0.05235987755982988	0	1	0.0384248261924968	0.3116068704630655	0.00704097550543068	-0.03189982526960408	0.9999599472414541	0.9999712309004677	-0.000875831514383127	0	1.141638621864648	0.10628391747708268	0.03535470438756536
0.8400000000000006	0.05235987755982988	0	1	0.038578083312917864	0.31246013535452694	0.0070114420608887	-0.03180916513950773	0.9999597151884771	0.9999711174688155	-0.000862536275828482	0	1.141975948787931	0.10628391747708268	0.035692031310848346
0.8550000000000006	0.05235987755982988	0	1	0.038729773663244	0.31330687576727484	0.006982034719601689	-0.03172128517846654	0.9999594841839426	0.9999710028620906	-0.0008496006443557226	0	1.1423082221554688	0.10628391747708268	0.03602430467838604
0.8700000000000007	0.05235987755982988	0	1	0.0388799234030516	0.3141471027493197	0.0069527502340161265	-0.03163605799167089	0.9999592542210474	0.9999708871023832	-0.0008370094975099839	0	1.1426355673893822	0.10628391747708268	0.0363516499122995
0.8850000000000007	0.05235987755982988	0	1	0.039028557987914644	0.3149808260792288	0.006923585347469546	-0.031553361771208426	0.9999590252931709	0.9999707702114975	-0.0008247485317305616	0	1.1429581052792726	0.10628391747708268	0.03667418780218987
0.9000000000000007	0.05235987755982988	0	1	0.039175702184148155	0.315808055252667	0.006894536850170892	-0.03147308026923582	0.9999587973938859	0.999970652210955	-0.0008128042093403787	0	1.1432759521851306	0.10628391747708268	0.03699203470804795
0.9150000000000007	0.05235987755982988	0	1	0.03932138008628616	0.31662880054525294	0.006865601637384568	-0.03139510281717266	0.9999585705169629	0.999970533122001	-0.00080116371251741	0	1.1435892202351101	0.10628391747708268	0.03730530275802754
0.9300000000000007	0.05235987755982988	0	1	0.039465615137358516	0.3174430741559184	0.006836776769984117	-0.03131932439424316	0.9999583446563693	0.9999704129656077	-0.0007898149028671247	0	1.1438980175188085	0.10628391747708268	0.03761410004172578
0.9450000000000007	0.05235987755982988	0	1	0.03960843015177911	0.31825089130373807	0.006808059530790268	-0.03124564569802463	0.9999581198062643	0.9999702917624799	-0.0007787462852393787	0	1.1442024482761592	0.10628391747708268	0.037918530799076554
0.9600000000000007	0.05235987755982988	0	1	0.039749847340428406	0.31905227113108975	0.006779447469172374	-0.03117397316236419	0.9999578959609873	0.999970169533059	-0.0007679469745636196	0	1.144502613081582	0.10628391747708268	0.0382186956044994
0.9750000000000008	0.05235987755982988	0	1	0.039889888337331376	0.3198472374792653	0.0067509384376671245	-0.03110421895215993	0.9999576731150435	0.9999700462975275	-0.000757406664672642	0	1.1447986090226832	0.10628391747708268	0.03851469154560048
0.9900000000000008	0.05235987755982988	0	1	0.040028574227211594	0.3206358193275565	0.006722530610020325	-0.03103630085513084	0.9999574512630862	0.9999699220758135	-0.0007471155982798623	0	1.1450905298725937	0.10628391747708268	0.03880661239551105
1.0050000000000008	0.05235987755982988	0	1	0.04016592557315331	0.32141805097380716	0.006694222485131945	-0.030970142102958922	0.999957230399897	0.9999697968875938	-0.0007370645375618722	0	1.1453784662549682	0.10628391747708268	0.03909454877788547
1.0200000000000007	0.05235987755982988	0	1	0.040301962443623135	0.3221939719435867	0.006666012876624513	-0.030905671116889136	0.9999570105203665	0.9999696707522984	-0.0007272447350135834	0	1.1456625058007268	0.10628391747708268	0.03937858832364409
1.0350000000000006	0.05235987755982988	0	1	0.040436704438182855	0.32296362668004414	0.006637900891125202	-0.030842821197150084	0.9999567916194742	0.9999695436891131	-0.0007176479044733276	0	1.1459427332958003	0.10628391747708268	0.03965881581871757
1.0500000000000005	0.05235987755982988	0	1	0.040570170711349995	0.3237270639412512	0.0066098858917324425	-0.030781530124801722	0.9999565736922715	0.9999694157169836	-0.0007082661923770401	0	1.146219230819374	0.10628391747708268	0.039935313342291244
1.0650000000000004	0.05235987755982988	0	1	0.04070237999421745	0.3244843361240589	0.006581967458379008	-0.030721739759095642	0.9999563567338664	0.9999692868546182	-0.0006990921494570933	0	1.1464920778724104	0.10628391747708268	0.040208160395327736
1.0800000000000003	0.05235987755982988	0	1	0.04083335061360976	0.325235498515042	0.006554145345273649	-0.0306633956264619	0.9999561407394105	0.9999691571204903	-0.0006901187031456102	0	1.1467613514965154	0.10628391747708268	0.040477434019432754
1.0950000000000002	0.05235987755982988	0	1	0.0409631005087193	0.3259806084209752	0.00652641943299692	-0.03060644647786282	0.9999559257040905	0.9999690265328414	-0.0006813391309928244	0	1.1470271263834806	0.10628391747708268	0.04074320890639789
1.11	0.05235987755982988	0	1	0.04109164724531702	0.32671972441576524	0.006498789687657099	-0.030550843903646697	0.9999557116231217	0.999968895109684	-0.0006727470354285235	0	1.147289474976069	0.10628391747708268	0.04100555749898616
1.125	0.05235987755982988	0	1	0.04121900802776157	0.32745290561627927	0.006471256122436727	-0.030496541967033136	0.9999554984917447	0.9999687628688038	-0.0006643363201235587	0	1.1475484675607925	0.10628391747708268	0.04126455008370981
1.14	0.05235987755982988	0	1	0.04134519970913125	0.3281802110703511	0.006443818765757649	-0.030443496885393558	0.9999552863052253	0.9999686298277621	-0.0006561011681905693	0	1.1478041723535612	0.10628391747708268	0.0415202548764785
1.1549999999999998	0.05235987755982988	0	1	0.0414702387998715	0.3289016992959829	0.006416477637931408	-0.030391666771593846	0.9999550750588553	0.9999684960038988	-0.0006480360223753186	0	1.1480566555791487	0.10628391747708268	0.04177273810206607
1.1699999999999997	0.05235987755982988	0	1	0.041594141475382866	0.3296174279684566	0.006389232735922451	-0.03034101143185341	0.9999548647479548	0.9999683614143344	-0.0006401355673133364	0	1.1483059815454404	0.10628391747708268	0.0420220640683578
1.1849999999999996	0.05235987755982988	0	1	0.04171692358297466	0.3303274536932467	0.006362084022762447	-0.03029149219414613	0.9999546553678762	0.9999682260759726	-0.0006323947138409583	0	1.1485522127133825	0.10628391747708268	0.042268295236299776
1.1999999999999995	0.05235987755982988	0	1	0.04183860064857492	0.33103183205739795	0.006335031431518659	-0.03024307184285783	0.9999544469140065	0.9999680900055029	-0.000624808585289483	0	1.1487954097634676	0.10628391747708268	0.04251149228638485
1.2149999999999994	0.05235987755982988	0	1	0.04195918788352831	0.3317306176225816	0.006308074865997911	-0.03019571452700235	0.9999542393817707	0.999967953219403	-0.0006173725055656769	0	1.1490356316594696	0.10628391747708268	0.04275171418238691
1.2299999999999993	0.05235987755982988	0	1	0.042078700191733105	0.3324238641709547	0.006281214214361784	-0.03014938576611735	0.9999540327666332	0.9999678157339413	-0.0006100819888442031	0	1.1492729357099885	0.10628391747708268	0.04298901823290574
1.2449999999999992	0.05235987755982988	0	1	0.04219715217727631	0.33311162488786084	0.006254449359010216	-0.030104052430668743	0.9999538270640977	0.9999676775651795	-0.0006029327305691927	0	1.1495073776282076	0.10628391747708268	0.043223460151124965
1.2599999999999991	0.05235987755982988	0	1	0.04231455815263334	0.333793952652323	0.006227780191656235	-0.03005968276650055	0.9999536222697071	0.9999675387289748	-0.0005959205995237275	0	1.1497390115901125	0.10628391747708268	0.043455094113029835
1.274999999999999	0.05235987755982988	0	1	0.04243093214741045	0.33447090028287946	0.006201206625612091	-0.030016246405122366	0.9999534183790401	0.9999673992409825	-0.0005890416306698677	0	1.1499678902912702	0.10628391747708268	0.04368397281418759
1.289999999999999	0.05235987755982988	0	1	0.04254628791753427	0.33514252079931983	0.0061747286085104425	-0.029973714385634714	0.9999532153877081	0.9999672591166584	-0.000582292018523065	0	1.1501940650021583	0.10628391747708268	0.04391014752507556
1.3049999999999988	0.05235987755982988	0	1	0.04266063895473577	0.33580886755131706	0.00614834612773295	-0.02993205913093148	0.9999530132913503	0.9999671183712607	-0.0005756681108295485	0	1.1504175856219352	0.10628391747708268	0.04413366814485256
1.3199999999999987	0.05235987755982988	0	1	0.042773998496140525	0.3364699943947578	0.006122059218124429	-0.02989125445071116	0.9999528120856285	0.9999669770198529	-0.0005691664023969416	0	1.150638500730495	0.10628391747708268	0.04435458325341234
1.3349999999999986	0.05235987755982988	0	1	0.04288637953376017	0.33712595570945736	0.006095867961293595	-0.029851275490370685	0.9999526117662205	0.9999668350773052	-0.0005627835289281468	0	1.1508568576386138	0.10628391747708268	0.04457294016153123
1.3499999999999985	0.05235987755982988	0	1	0.042997794823683086	0.3377768064043595	0.0060697724842716	-0.02981209868361316	0.9999524123288156	0.9999666925582971	-0.0005565162608084189	0	1.151072702436006	0.10628391747708268	0.044788784958923224
1.3649999999999984	0.05235987755982988	0	1	0.04310825689477943	0.33842260181006045	0.0060437729523861086	-0.02977370166885543	0.9999522137691084	0.999966549477319	-0.0005503614967958267	0	1.1512860800371205	0.10628391747708268	0.04500216256003783
1.3799999999999983	0.05235987755982988	0	1	0.043217778056766694	0.33906339756255005	0.006017869561887806	-0.029736063209804906	0.9999520160827945	0.9999664058486744	-0.0005443162576358308	0	1.1514970342245587	0.10628391747708268	0.04521311674747609
1.3949999999999982	0.05235987755982988	0	1	0.04332637040751811	0.3396992494272873	0.0059920625297363184	-0.02969916309912478	0.9999518192655671	0.9999662616864815	-0.0005383776796244968	0	1.1517056076900316	0.10628391747708268	0.045421690212948854
1.4099999999999981	0.05235987755982988	0	1	0.04343404583953947	0.34033021307003675	0.005966352080933442	-0.029662982046576525	0.9999516233131142	0.9999661170046754	-0.0005325430081800298	0	1.1519118420728374	0.10628391747708268	0.04562792459575467
1.424999999999998	0.05235987755982988	0	1	0.04354081604558091	0.3409563438457134	0.005940738437166665	-0.029627501578555003	0.9999514282211172	0.9999659718170094	-0.0005268095914967855	0	1.1521157779958922	0.10628391747708268	0.0458318605188095
1.439999999999998	0.05235987755982988	0	1	0.04364669252339326	0.34157769655040265	0.005915221803894685	-0.02959270392606596	0.9999512339852513	0.999965826137057	-0.0005211748743473743	0	1.1523174550993935	0.10628391747708268	0.04603353762231085
1.4549999999999979	0.05235987755982988	0	1	0.043751686579673744	0.34219432522891857	0.005889802360701147	-0.029558571936427563	0.9999510406011869	0.9999656799782135	-0.0005156363921194258	0	1.1525169120722456	0.10628391747708268	0.046232994595163016
1.4699999999999978	0.05235987755982988	0	1	0.04385580933327974	0.3428062829478883	0.005864480250165335	-0.029525088971961135	0.9999508480645911	0.999965533353698	-0.0005101917651445029	0	1.1527141866814115	0.10628391747708268	0.04643026920432878
1.4849999999999977	0.05235987755982988	0	1	0.04395907171781346	0.34341362164136635	0.005839255570809282	-0.02949223883695599	0.9999506563711323	0.9999653862765548	-0.0005048386933950655	0	1.1529093157993822	0.10628391747708268	0.0466253983222996
1.4999999999999976	0.05235987755982988	0	1	0.04406148448370167	0.34401639197719447	0.005814128371345888	-0.029460005711556405	0.9999504655164834	0.9999652387596555	-0.0004995749515891305	0	1.1531023354299805	0.10628391747708268	0.046818417952897956
1.5149999999999975	0.05235987755982988	0	1	0.04416305819990411	0.3446146432503212	0.005789098646485502	-0.029428374094375098	0.9999502754963271	0.9999650908157004	-0.0004943983847437863	0	1.153293280732716	0.10628391747708268	0.04700936325563338
1.5299999999999974	0.05235987755982988	0	1	0.044263803255391095	0.34520842334494284	0.005764166336421121	-0.02939732876987603	0.9999500863063605	0.9999649424572207	-0.0004893069042009745	0	1.1534821860459195	0.10628391747708268	0.047198268568836896
1.5449999999999973	0.05235987755982988	0	1	0.04436372986052621	0.34579777873674145	0.005739331328414287	-0.029366854788920177	0.9999498979423008	0.9999647936965801	-0.0004842984841272465	0	1.1536690849088702	0.10628391747708268	0.047385167431787584
1.5599999999999972	0.05235987755982988	0	1	0.04446284804848195	0.3463827544857042	0.005714593457817092	-0.029336937442880046	0.9999497103998897	0.9999646445459769	-0.00047937115847503965	0	1.1538540100831152	0.10628391747708268	0.04757009260603259
1.574999999999997	0.05235987755982988	0	1	0.04456116767680013	0.34696339436016777	0.005689952515839213	-0.029307562287038794	0.9999495236748981	0.9999644950174458	-0.00047452301839303636	0	1.1540369935731587	0.10628391747708268	0.04775307609607608
1.589999999999997	0.05235987755982988	0	1	0.04465869842918883	0.347539740892256	0.005665408253535554	-0.02927871513467432	0.9999493377631301	0.9999643451228596	-0.00046975221002311954	0	1.1542180666466684	0.10628391747708268	0.047934149169585785
1.6049999999999969	0.05235987755982988	0	1	0.044755449817623257	0.3481118355199743	0.005640960390112526	-0.02925038208369024	0.9999491526604268	0.9999641948739317	-0.00046505693265994964	0	1.1543972598543162	0.10628391747708268	0.04811334237723348
1.6199999999999968	0.05235987755982988	0	1	0.04485143118479395	0.34867971871370435	0.005616608620168115	-0.029222549535983907	0.9999489683626678	0.9999640442822176	-0.0004604354371956086	0	1.1545746030493362	0.10628391747708268	0.04829068557225357
1.6349999999999967	0.05235987755982988	0	1	0.044946651706917834	0.34924343015873766	0.005592352623609525	-0.02919520423854822	0.9999487848657737	0.9999638933591172	-0.0004558860248022989	0	1.1547501254068524	0.10628391747708268	0.04846620792976977
1.6499999999999966	0.05235987755982988	0	1	0.045041120396905214	0.34980300882628207	0.005568192069468757	-0.029168333280756575	0.9999486021657065	0.9999637421158762	-0.0004514070457736709	0	1.1549238554429928	0.10628391747708268	0.048639937965910096
1.6649999999999965	0.05235987755982988	0	1	0.0451348461078534	0.3503584931921441	0.005544126627215283	-0.029141924150907682	0.9999484202584695	0.9999635905635889	-0.00044699689849537854	0	1.155095821033787	0.10628391747708268	0.048811903556704284
1.6799999999999964	0.05235987755982988	0	1	0.0452278375368218	0.35090992129254356	0.005520155969315276	-0.029115964729840446	0.9999482391401069	0.9999634387131993	-0.00044265402845327734	0	1.1552660494338198	0.10628391747708268	0.04898213195673721
1.6949999999999963	0.05235987755982988	0	1	0.04532010322882902	0.35145733089165526	0.005496279779461235	-0.029090443330601144	0.999948058806702	0.9999632865755035	-0.00043837692727579546	0	1.1554345672945971	0.10628391747708268	0.049150649817514436
1.7099999999999962	0.05235987755982988	0	1	0.045411651581007406	0.35200075951556137	0.005472497753651828	-0.029065348687480973	0.9999478792543758	0.9999631341611512	-0.00043416413173851605	0	1.1556014006825732	0.10628391747708268	0.04931748320549049
1.724999999999996	0.05235987755982988	0	1	0.04550249084684619	0.3525402445394526	0.005448809603953371	-0.029040669968452084	0.9999477004792838	0.9999629814806482	-0.00043001422273841717	0	1.1557665750967858	0.10628391747708268	0.04948265761970317
1.739999999999996	0.05235987755982988	0	1	0.045592629140457745	0.353075823258943	0.005425215061357862	-0.02901639678367659	0.9999475224776146	0.9999628285443571	-0.00042592582420368703	0	1.1559301154860444	0.10628391747708268	0.049646198008961695
1.754999999999996	0.05235987755982988	0	1	0.045682074440806374	0.3536075328639896	0.0054017138735017785	-0.028992519157821972	0.9999473452455864	0.9999626753624999	-0.00042189760193554326	0	1.1560920462656237	0.10628391747708268	0.04980812878854093
1.7699999999999958	0.05235987755982988	0	1	0.045770834595848305	0.3541354104889094	0.0053783058063692196	-0.028969027534509542	0.9999471687794445	0.9999625219451594	-0.0004179282624009411	0	1.1562523913334257	0.10628391747708268	0.04996847385634314
1.7849999999999957	0.05235987755982988	0	1	0.04585891732654141	0.3546594931987947	0.005354990642683922	-0.02894591275745972	0.9999469930754586	0.9999623683022809	-0.00041401655146403824	0	1.1564111740855818	0.10628391747708268	0.050127256608499225
1.7999999999999956	0.05235987755982988	0	1	0.04594633023069493	0.3551798179697588	0.005331768180019385	-0.02892316605071239	0.9999468181299207	0.9999622144436733	-0.00041016125308485665	0	1.156568417431476	0.10628391747708268	0.050284499954393484
1.8149999999999955	0.05235987755982988	0	1	0.04603308078664002	0.35569642167458715	0.005308638229247252	-0.028900779002163715	0.999946643939142	0.9999620603790117	-0.0004063611879968126	0	1.1567241438081894	0.10628391747708268	0.05044022633110672
1.8299999999999954	0.05235987755982988	0	1	0.04611917635671369	0.3562093410364039	0.005285600611371193	-0.028878743535331285	0.9999464704994512	0.999961906117838	-0.00040261521237810473	0	1.1568783751943663	0.10628391747708268	0.050594457717283554
1.8449999999999953	0.05235987755982988	0	1	0.04620462419055591	0.3567186126421993	0.005262655157562213	-0.02885705190537123	0.9999462978071927	0.9999617516695626	-0.0003989222165413917	0	1.1570311331235212	0.10628391747708268	0.05074721564643852
1.8599999999999952	0.05235987755982988	0	1	0.04628943142822802	0.35722427286338254	0.005239801704383314	-0.02883569665870954	0.9999461258587243	0.9999615970434662	-0.0003952811236397327	0	1.1571824386968055	0.10628391747708268	0.05089852121972273
1.8749999999999951	0.05235987755982988	0	1	0.04637360510316362	0.35772635789325485	0.005217040095199325	-0.028814670639088668	0.9999459546504164	0.999961442248701	-0.0003916908884241701	0	1.157332312595258	0.10628391747708268	0.05104839511817532
1.889999999999995	0.05235987755982988	0	1	0.04645715214496529	0.35822490366361637	0.005194370175304358	-0.02879396694599337	0.9999457841786498	0.9999612872942917	-0.00038815049602833443	0	1.1574807750915703	0.10628391747708268	0.05119685761448774
1.904999999999995	0.05235987755982988	0	1	0.04654007938205982	0.35871994587884026	0.005171791793251919	-0.028773578939651843	0.9999456144398152	0.9999611321891376	-0.00038465896081473915	0	1.1576278460613891	0.10628391747708268	0.051343928584306434
1.9199999999999948	0.05235987755982988	0	1	0.046622393544219314	0.3592115199616691	0.005149304797602523	-0.028753500211424022	0.9999454454303117	0.9999609769420137	-0.00038121532524944133	0	1.1577735449941782	0.10628391747708268	0.05148962751709543
1.9349999999999947	0.05235987755982988	0	1	0.046704101264953196	0.359699661074538	0.005126909037672229	-0.0287337245844714	0.999945277146546	0.9999608215615713	-0.00037781865882295076	0	1.1579178910036603	0.10628391747708268	0.05163397352657768
1.9499999999999946	0.05235987755982988	0	1	0.04678520908376619	0.360184404049993	0.005104604359564259	-0.028714246079167425	0.9999451095849317	0.9999606660563405	-0.00037446805698525937	0	1.158060902837847	0.10628391747708268	0.051776985360764256
1.9649999999999945	0.05235987755982988	0	1	0.04686572344827389	0.36066578342609945	0.005082390607756683	-0.028695058920893992	0.9999449427418885	0.9999605104347306	-0.00037116264010789087	0	1.1582025988886606	0.10628391747708268	0.051918681411578016
1.9799999999999944	0.05235987755982988	0	1	0.046945650716159346	0.3611438333659357	0.0050602676206805055	-0.028676157503155792	0.9999447766138421	0.9999603547050315	-0.00036790155243283316	0	1.1583429972011516	0.10628391747708268	0.05205907972406893
1.9949999999999943	0.05235987755982988	0	1	0.04702499715695201	0.3616185876921592	0.005038235232406358	-0.028657536397445522	0.999944611197224	0.9999601988754155	-0.00036468396103066616	0	1.1584821154822997	0.10628391747708268	0.05219819800521716
2.0099999999999945	0.05235987755982988	0	1	0.04710376895360798	0.3620900797585069	0.005016293265877528	-0.02863919030002284	0.9999444464884717	0.9999600429539377	-0.00036150905472680353	0	1.1586199711093996	0.10628391747708268	0.052336053632316956
2.0249999999999946	0.05235987755982988	0	1	0.0471819722038744	0.3625583424790457	0.004994441534514539	-0.02862111404232051	0.9999442824840293	0.9999598869485379	-0.00035837604303666943	0	1.158756581138019	0.10628391747708268	0.05247266366093632
2.0399999999999947	0.05235987755982988	0	1	0.0472596129214248	0.3630234082197062	0.004972679836716462	-0.028603302548052253	0.9999441191803491	0.9999597308670413	-0.0003552841550747576	0	1.1588919623095342	0.10628391747708268	0.052608044832451475
2.054999999999995	0.05235987755982988	0	1	0.04733669703676454	0.36348530882065344	0.00495100795733564	-0.028585750842777664	0.9999439565738919	0.9999595747171601	-0.0003522326384881562	0	1.1590261310582457	0.10628391747708268	0.05274221358116311
2.069999999999995	0.05235987755982988	0	1	0.0474132303979162	0.3639440754404274	0.004929425659924399	-0.028568453993364856	0.9999437946611298	0.9999594185064948	-0.00034922075839411966	0	1.1591591035180955	0.10628391747708268	0.05287518604101279
2.084999999999995	0.05235987755982988	0	1	0.047489218770910085	0.3643997385844339	0.004907932688742608	-0.028551407120066437	0.9999436334385483	0.999959262242535	-0.0003462477963932017	0	1.1592908955290095	0.10628391747708268	0.053006978051926806
2.099999999999995	0.05235987755982988	0	1	0.047564667840119965	0.36485232805287593	0.004886528766620277	-0.028534605375935357	0.9999434729026485	0.9999591059326608	-0.00034331304963713575	0	1.1594215226429123	0.10628391747708268	0.05313760516582972
2.1149999999999953	0.05235987755982988	0	1	0.04763958320849693	0.3653018728945674	0.004865213593175087	-0.028518043927194904	0.9999433130499501	0.9999589495841446	-0.000340415830006553	0	1.1595510001294616	0.10628391747708268	0.05326708265237879
2.1299999999999955	0.05235987755982988	0	1	0.04771397039776457	0.36574840144744075	0.004843986847582938	-0.028501717966024735	0.9999431538769937	0.9999587932041513	-0.00033755546341599104	0	1.1596793429815622	0.10628391747708268	0.05339542550447958
2.1449999999999956	0.05235987755982988	0	1	0.04778783484864284	0.3661919412933063	0.004822848186824165	-0.028485622687305846	0.9999429953803444	0.9999586367997407	-0.00033473128924535293	0	1.1598065659207277	0.10628391747708268	0.05352264844364509
2.1599999999999957	0.05235987755982988	0	1	0.04786118192116798	0.36663251938391006	0.004801797252836158	-0.028469753330812995	0.9999428375565931	0.999958480377868	-0.0003319426599354761	0	1.1599326834023456	0.10628391747708268	0.053648765925262985
2.174999999999996	0.05235987755982988	0	1	0.04793401689516875	0.3670701619666793	0.004780833669060397	-0.028454105142064662	0.9999426804023595	0.9999583239453858	-0.0003291889406993898	0	1.1600577096209097	0.10628391747708268	0.053773792143826944
2.189999999999996	0.05235987755982988	0	1	0.0480063449709484	0.3675048947539531	0.004759957049611619	-0.028438673427530956	0.999942523914293	0.9999581675090444	-0.00032646950939557387	0	1.1601816585152644	0.10628391747708268	0.053897741038181804
2.204999999999996	0.05235987755982988	0	1	0.04807817127020495	0.3679367429951145	0.004739167003199204	-0.028423453570013947	0.999942368089074	0.9999580110754943	-0.00032378375648668125	0	1.160304543773899	0.10628391747708268	0.054020626296816344
2.219999999999996	0.05235987755982988	0	1	0.04814950083720704	0.3683657314791302	0.00471846313323062	-0.028408441015651015	0.9999422129234147	0.9999578546512868	-0.0003211310850854428	0	1.1604263788403095	0.10628391747708268	0.05414246136322697
2.2349999999999963	0.05235987755982988	0	1	0.04822033864022274	0.36879188471423385	0.004697845047028089	-0.028393631330631577	0.9999420584140579	0.9999576982428754	-0.00031851091107118273	0	1.1605471769184406	0.10628391747708268	0.05426325944135789
2.2499999999999964	0.05235987755982988	0	1	0.048290689573182326	0.36921522696156706	0.00467731235723131	-0.02837902020049464	0.9999419045577773	0.9999575418566171	-0.00031592266320595007	0	1.160666950978193	0.10628391747708268	0.05438303350111035
2.2649999999999966	0.05235987755982988	0	1	0.04836055845754181	0.3696357823049651	0.004656864684953426	-0.02836460344458623	0.9999417513513755	0.9999573854987739	-0.0003133657832590318	0	1.1607857137609852	0.10628391747708268	0.054501796283902434
2.2799999999999967	0.05235987755982988	0	1	0.04842995004430219	0.3700535747444162	0.004636501664063153	-0.02835037704113628	0.9999415987916823	0.9999572291755134	-0.00031083972609580933	0	1.1609034777853324	0.10628391747708268	0.0546195603082497
2.294999999999997	0.05235987755982988	0	1	0.04849886901613343	0.37046862821090715	0.004616222941263116	-0.028336337122887943	0.999941446875553	0.9999570728929109	-0.00030834395970827047	0	1.161020255352415	0.10628391747708268	0.054736337875332275
2.309999999999997	0.05235987755982988	0	1	0.04856731998954986	0.37088096659768094	0.0045960281769766576	-0.02832247998095174	0.9999412955998659	0.9999569166569496	-0.00030587796518546397	0	1.161136058551594	0.10628391747708268	0.054852141074511265
2.324999999999997	0.05235987755982988	0	1	0.04863530751708515	0.37129061380739636	0.004575917047048423	-0.028308802076720943	0.9999411449615198	0.9999567604735228	-0.0003034412366103404	0	1.1612508992658397	0.10628391747708268	0.05496698178875695
2.339999999999997	0.05235987755982988	0	1	0.04870283608942203	0.37169759375684647	0.004555889242228734	-0.028295300038656955	0.9999409949574318	0.9999566043484338	-0.0003010332808797373	0	1.1613647891770396	0.10628391747708268	0.055080871699957006
2.3549999999999973	0.05235987755982988	0	1	0.04876991013743837	0.37210193031057714	0.004535944463964294	-0.02828197063242541	0.9999408455845356	0.9999564482873978	-0.00029865361745463713	0	1.1614777397711586	0.10628391747708268	0.05519382229407605
2.3699999999999974	0.05235987755982988	0	1	0.04883653403414158	0.3725036473471521	0.004516082427190933	-0.028268810784615867	0.9999406968397782	0.9999562922960428	-0.00029630177806533293	0	1.1615897623432287	0.10628391747708268	0.055305844866146044
2.3849999999999976	0.05235987755982988	0	1	0.048902712096472484	0.37290276869551714	0.004496302856381711	-0.028255817556015687	0.9999405487201191	0.9999561363799103	-0.0002939773063505048	0	1.161700868002156	0.10628391747708268	0.05541695052507348
2.3999999999999977	0.05235987755982988	0	1	0.048968448586968444	0.3732993180953124	0.0044766054829205836	-0.028242988124978708	0.9999404012225283	0.9999559805444567	-0.00029167975747297094	0	1.1618110676753384	0.10628391747708268	0.055527150198255805
2.414999999999998	0.05235987755982988	0	1	0.04903374771528189	0.3736933192159626	0.0044569900456304205	-0.028230319794396663	0.9999402543439846	0.9999558247950535	-0.00028940869771281553	0	1.1619203721130864	0.10628391747708268	0.05563645463600369
2.429999999999998	0.05235987755982988	0	1	0.04909861363955814	0.37408479559740976	0.00443745628726722	-0.028217809967905825	0.9999401080814754	0.9999556691369895	-0.00028716370403809367	0	1.1620287918928556	0.10628391747708268	0.05574487441577302
2.444999999999998	0.05235987755982988	0	1	0.04916305046767792	0.37447377061770215	0.004418003952492226	-0.028205456136776084	0.9999399624319946	0.9999555135754703	-0.00028494436367982885	0	1.162136337423293	0.10628391747708268	0.055852419946210305
2.459999999999998	0.05235987755982988	0	1	0.04922706225837446	0.37486026750204804	0.004398632788082422	-0.028193255883137036	0.9999398173925429	0.9999553581156201	-0.00028275027370920885	0	1.1622430189481028	0.10628391747708268	0.05595910147102008
2.4749999999999983	0.05235987755982988	0	1	0.049290653022235974	0.37524430925403707	0.004379342539121662	-0.028181206852356942	0.9999396729601272	0.9999552027624821	-0.0002805810406159657	0	1.1623488465497456	0.10628391747708268	0.05606492907266287
2.4899999999999984	0.05235987755982988	0	1	0.04935382672260436	0.3756259186953815	0.004360132950932613	-0.02816930676818127	0.9999395291317599	0.9999550475210198	-0.0002784362799120089	0	1.1624538301529754	0.10628391747708268	0.05616991267589287
2.5049999999999986	0.05235987755982988	0	1	0.04941658727638161	0.3760051183814241	0.004341003764545322	-0.02815755339863678	0.9999393859044594	0.9999548923961176	-0.0002763156157338376	0	1.1625579795282284	0.10628391747708268	0.056274062051145726
2.5199999999999987	0.05235987755982988	0	1	0.049478938554754825	0.3763819306428463	0.004321954718820867	-0.02814594457166344	0.9999392432752499	0.9999547373925814	-0.00027421868047968465	0	1.1626613042948684	0.10628391747708268	0.05637738681778581
2.534999999999999	0.05235987755982988	0	1	0.04954088438384969	0.376756377550603	0.004302985548587063	-0.028134478160282715	0.9999391012411615	0.9999545825151401	-0.0002721451144500589	0	1.1627638139243044	0.10628391747708268	0.056479896447221734
2.549999999999999	0.05235987755982988	0	1	0.04960242854532162	0.3771284808782781	0.004284095982669619	-0.02812315206663086	0.999938959799231	0.9999544277684458	-0.00027009456551247573	0	1.1628655177429823	0.10628391747708268	0.05658160026589959
2.564999999999999	0.05235987755982988	0	1	0.04966357477689318	0.3774982621639834	0.004265285747165571	-0.028111964245227362	0.9999388189465016	0.9999542731570745	-0.00026806668879142837	0	1.162966424935264	0.10628391747708268	0.056682507458181465
2.579999999999999	0.05235987755982988	0	1	0.049724326772844996	0.37786574261206546	0.004246554560342987	-0.028100912662847366	0.9999386786800243	0.9999541186855281	-0.00026606114635830915	0	1.1630665445462	0.10628391747708268	0.056782627069117374
2.5949999999999993	0.05235987755982988	0	1	0.049784688184467206	0.3782309431807541	0.00422790213730289	-0.028089995331805395	0.9999385389968574	0.9999539643582337	-0.00026407760696356387	0	1.1631658854842	0.10628391747708268	0.05688196800711721
2.6099999999999994	0.05235987755982988	0	1	0.049844662620477445	0.37859388449978315	0.0042093281857443765	-0.028079210275975826	0.9999383998940681	0.9999538101795455	-0.0002621157457607601	0	1.1632644565236128	0.10628391747708268	0.05698053904653009
2.6249999999999996	0.05235987755982988	0	1	0.04990425364741105	0.37895458690506884	0.004190832407875256	-0.028068555543007544	0.9999382613687325	0.999953656153745	-0.00026017524406842185	0	1.1633622663072192	0.10628391747708268	0.057078348830136585
2.6399999999999997	0.05235987755982988	0	1	0.049963464789988844	0.37931307044252827	0.004172414500713005	-0.02805802920427424	0.9999381234179366	0.9999535022850423	-0.00025825578913672503	0	1.163459323348643	0.10628391747708268	0.05717540587156038
2.655	0.05235987755982988	0	1	0.05002229953146731	0.3796693548634604	0.004154074155948293	-0.028047629351431437	0.9999379860387771	0.9999533485775765	-0.00025635707393245047	0	1.1635556360346875	0.10628391747708268	0.05727171855760492
2.67	0.05235987755982988	0	1	0.05008076131397629	0.38002345960525086	0.004135811059041226	-0.028037354087095918	0.9999378492283616	0.9999531950354166	-0.0002544787969397319	0	1.1636512126276035	0.10628391747708268	0.05736729515052084
2.685	0.05235987755982988	0	1	0.050138853538848074	0.38037540382467055	0.00411762489107332	-0.02802720153623002	0.9999377129838098	0.9999530416625626	-0.00025262066197994515	0	1.1637460612672912	0.10628391747708268	0.057462143790208586
2.7	0.05235987755982988	0	1	0.050196579566943116	0.3807252063748685	0.004099515327645013	-0.028017169835190182	0.9999375773022542	0.9999528884629459	-0.00025078237803879337	0	1.1638401899734456	0.10628391747708268	0.057556272496363026
2.7150000000000003	0.05235987755982988	0	1	0.05025394271897571	0.3810728858152801	0.0040814820394924935	-0.028007257133708233	0.9999374421808404	0.9999527354404307	-0.0002489636591153171	0	1.163933606647646	0.10628391747708268	0.05764968917056325
2.7300000000000004	0.05235987755982988	0	1	0.0503109462758437	0.38141846043863287	0.004063524693992401	-0.02799746160353246	0.9999373076167279	0.999952582598814	-0.00024716422408253483	0	1.1640263190753957	0.10628391747708268	0.057742401598313065
2.7450000000000006	0.05235987755982988	0	1	0.050367593478965564	0.3817619482609545	0.004045642954717425	-0.02798778143237703	0.9999371736070913	0.9999524299418269	-0.00024538379655795464	0	1.1641183349281194	0.10628391747708268	0.057834417451036804
2.7600000000000007	0.05235987755982988	0	1	0.05042388753062747	0.3821033669923898	0.00402783647997423	-0.02797821481021748	0.9999370401491199	0.9999522774731355	-0.00024362210478792604	0	1.164209661765116	0.10628391747708268	0.05792574428803336
2.775000000000001	0.05235987755982988	0	1	0.05047983159434304	0.38244273413153324	0.004010104927801166	-0.02796875996432418	0.9999369072400188	0.9999521251963415	-0.0002418788815524967	0	1.1643003070354756	0.10628391747708268	0.05801638955839304
2.790000000000001	0.05235987755982988	0	1	0.05053542879522714	0.38278006688844884	0.003992447951973486	-0.02795941512655676	0.9999367748770094	0.9999519731149827	-0.00024015386406104884	0	1.1643902780799622	0.10628391747708268	0.058106360602879555
2.805000000000001	0.05235987755982988	0	1	0.05059068222038547	0.38311538223228836	0.003974865204523052	-0.02795017854986188	0.9999366430573293	0.9999518212325348	-0.00023844679387686533	0	1.1644795821328633	0.10628391747708268	0.05819566465578057
2.820000000000001	0.05235987755982988	0	1	0.05064559491932011	0.38344869691698524	0.003957356337093602	-0.027941048516078346	0.9999365117782335	0.9999516695524109	-0.00023675741684006974	0	1.1645682263238106	0.10628391747708268	0.058284308846728056
2.8350000000000013	0.05235987755982988	0	1	0.05070016990435167	0.38378002743678413	0.003939920998602849	-0.027932023316014905	0.9999363810369939	0.9999515180779632	-0.0002350854829938915	0	1.1646562176795743	0.10628391747708268	0.05837230020249168
2.8500000000000014	0.05235987755982988	0	1	0.05075441015105728	0.38410939008202893	0.0039225588381435715	-0.027923101269152473	0.9999362508308998	0.9999513668124834	-0.00023343074652895795	0	1.1647435631258276	0.10628391747708268	0.05845964564874486
2.8650000000000015	0.05235987755982988	0	1	0.05080831859872455	0.38443680093436045	0.0039052695046937133	-0.027914280719411957	0.9999361211572583	0.9999512157592036	-0.00023179296572034585	0	1.1648302694888892	0.10628391747708268	0.058546352011806614
2.8800000000000017	0.05235987755982988	0	1	0.05086189815081975	0.3847622758748433	0.0038880526474897904	-0.027905560036074972	0.9999359920133938	0.999951064921297	-0.00023017190287434605	0	1.164916343497441	0.10628391747708268	0.05863242602035844
2.895000000000002	0.05235987755982988	0	1	0.050915151675469374	0.38508583059006957	0.003870907916280461	-0.027896937613934716	0.999935863396649	0.9999509143018789	-0.00022856732427704448	0	1.1650017917842204	0.10628391747708268	0.05871787430713764
2.910000000000002	0.05235987755982988	0	1	0.0509680820059534	0.3854074805720703	0.003853834961242801	-0.027888411871049405	0.999935735304384	0.9999507639040067	-0.0002269790001442507	0	1.1650866208876896	0.10628391747708268	0.058802703410606824
2.925000000000002	0.05235987755982988	0	1	0.05102069194120872	0.38572724113118934	0.003836833433566337	-0.027879981251679446	0.9999356077339765	0.999950613730682	-0.00022540670457412408	0	1.1651708372536829	0.10628391747708268	0.05888691977660028
2.940000000000002	0.05235987755982988	0	1	0.051072984246340804	0.38604512744237235	0.0038199029877777624	-0.027871644242485265	0.9999354806828223	0.9999504637848496	-0.00022385021550165425	0	1.1652544472370292	0.10628391747708268	0.05897052975994662
2.9550000000000023	0.05235987755982988	0	1	0.051124961653141225	0.3863611544587828	0.003803043277103839	-0.027863399336384653	0.9999353541483343	0.9999503140694002	-0.000222309314642787	0	1.1653374571031503	0.10628391747708268	0.059053539626067526
2.9700000000000024	0.05235987755982988	0	1	0.05117662686061015	0.3866753370158088	0.003786253958804029	-0.027855245071695456	0.999935228127943	0.9999501645871691	-0.0002207837874588476	0	1.1654198730296357	0.10628391747708268	0.05913595555255295
2.9850000000000025	0.05235987755982988	0	1	0.05122798253548008	0.38698768980579	0.0037695346927220444	-0.02784718002029961	0.9999351026190958	0.9999500153409386	-0.0002192734230983381	0	1.1655017011077935	0.10628391747708268	0.05921778363071079
3.0000000000000027	0.05235987755982988	0	1	0.05127903131274046	0.3872982273184111	0.0037528851380327563	-0.027839202762298426	0.9999349776192573	0.9999498663334377	-0.00021777801434535969	0	1.1655829473441752	0.10628391747708268	0.059299029867092484
3.015000000000003	0.05235987755982988	0	1	0.051329775796160125	0.38760696394682287	0.003736304958671055	-0.02783131192624797	0.9999348531259087	0.9999497175673432	-0.0002162973575784884	0	1.1656636176620752	0.10628391747708268	0.05937970018499241
3.030000000000003	0.05235987755982988	0	1	0.05138021855880652	0.3879139139364701	0.003719793820514749	-0.027823506167310903	0.9999347291365478	0.9999495690452802	-0.00021483125270709493	0	1.1657437179030044	0.10628391747708268	0.05945980042592169
3.045000000000003	0.05235987755982988	0	1	0.051430362143559706	0.3882190913615896	0.0037033513900163496	-0.02781578415641956	0.9999346056486884	0.999949420769823	-0.00021337950311921085	0	1.1658232538281381	0.10628391747708268	0.059539336351055384
3.060000000000003	0.05235987755982988	0	1	0.05148020906362023	0.388522510209484	0.0036869773384826283	-0.027808144612086236	0.9999344826598605	0.9999492727434952	-0.0002119419156327226	0	1.165902231119736	0.10628391747708268	0.059618313642653416
3.0750000000000033	0.05235987755982988	0	1	0.051529761803010055	0.3888241842978283	0.0036706713376039	-0.027800586266292674	0.99993436016761	0.9999491249687715	-0.00021051830042751542	0	1.1659806553825376	0.10628391747708268	0.05969673790545491
3.0900000000000034	0.05235987755982988	0	1	0.05157902281706521	0.389124127341119	0.003654433062800541	-0.027793107889363153	0.9999342381694976	0.9999489774480772	-0.00020910847099844083	0	1.1660585321451282	0.10628391747708268	0.05977461466804559
3.1050000000000035	0.05235987755982988	0	1	0.05162799453292034	0.38942235290363736	0.0036382621906230726	-0.027785708270034345	0.9999341166630998	0.9999488301837892	-0.00020771224408999646	0	1.1661358668612816	0.10628391747708268	0.059851949384198924
3.1200000000000037	0.05235987755982988	0	1	0.05167667934998527	0.38971887444320485	0.0036221584009115577	-0.02777838623142015	0.9999339956460082	0.999948683178237	-0.00020632943964496553	0	1.1662126649112747	0.10628391747708268	0.05992874743419197
3.135000000000004	0.05235987755982988	0	1	0.051725079640412695	0.39001370527496987	0.003606121374765684	-0.02777114061541635	0.9999338751158282	0.9999485364337027	-0.0002049598807420152	0	1.1662889316031775	0.10628391747708268	0.06000501412609477
3.150000000000004	0.05235987755982988	0	1	0.05177319774955797	0.39030685859628944	0.0035901507957180473	-0.02776397029125254	0.9999337550701805	0.9999483899524223	-0.00020360339354340146	0	1.1663646721741177	0.10628391747708268	0.060080754697034944
3.165000000000004	0.05235987755982988	0	1	0.051821035996431224	0.3905983475095491	0.0035742463508004786	-0.027756874163250143	0.9999336355066994	0.9999482437365855	-0.00020225980723897685	0	1.1664398917915213	0.10628391747708268	0.060155974314438726
3.180000000000004	0.05235987755982988	0	1	0.0518685966741416	0.39088818497076133	0.003558407727722007	-0.02774985114927137	0.9999335164230336	0.9999480977883373	-0.00020092895398661628	0	1.16651459555433	0.10628391747708268	0.06023067807724729
3.1950000000000043	0.05235987755982988	0	1	0.05191588205033425	0.39117638382608233	0.0035426346166555767	-0.027742900193913976	0.9999333978168452	0.9999479521097775	-0.00019961066886510007	0	1.166588788494193	0.10628391747708268	0.060304871017110344
3.2100000000000044	0.05235987755982988	0	1	0.05196289436762026	0.39146295680964877	0.003526926709998556	-0.027736020266442056	0.9999332796858094	0.9999478067029621	-0.00019830478981756986	0	1.1666624755766397	0.10628391747708268	0.060378558099557014
3.2250000000000045	0.05235987755982988	0	1	0.05200963584399965	0.3917479165552596	0.0035112837028600727	-0.027729210364216418	0.999933162027615	0.9999476615699037	-0.00019701115760183127	0	1.1667356617022275	0.10628391747708268	0.06045174422514478
3.2400000000000047	0.05235987755982988	0	1	0.05205610867327722	0.39203127555454753	0.0034957052907451	-0.027722469494990836	0.9999330448399635	0.9999475167125715	-0.00019572961573511175	0	1.1668083517076695	0.10628391747708268	0.060524434230586836
3.255000000000005	0.05235987755982988	0	1	0.05210231502547138	0.39231304623276797	0.0034801911734039827	-0.027715796705715036	0.9999329281205691	0.9999473721328926	-0.00019446001045201006	0	1.1668805503669404	0.10628391747708268	0.06059663288985762
3.270000000000005	0.05235987755982988	0	1	0.05214825704721612	0.3925932408672493	0.0034647410504374497	-0.02770919104919476	0.9999328118671582	0.9999472278327525	-0.00019320219064410465	0	1.1669522623923607	0.10628391747708268	0.06066834491527808
3.285000000000005	0.05235987755982988	0	1	0.05219393686215534	0.3928718716591938	0.0034493546249402436	-0.027702651611380427	0.9999326960774695	0.9999470838139947	-0.00019195600782143788	0	1.1670234924356626	0.10628391747708268	0.060739574958579956
3.300000000000005	0.05235987755982988	0	1	0.05223935657132974	0.39314895068959443	0.003434031601073261	-0.027696177492890037	0.9999325807492536	0.9999469400784223	-0.00019072131605528771	0	1.1670942450890323	0.10628391747708268	0.060810327611949516
3.3150000000000053	0.05235987755982988	0	1	0.052284518253556185	0.39342448995891316	0.003418771686027451	-0.02768976782367045	0.9999324658802726	0.9999467966277984	-0.00018949797193614258	0	1.1671645248861342	0.10628391747708268	0.06088060740905145
3.3300000000000054	0.05235987755982988	0	1	0.0523294239657987	0.3936985013387093	0.0034035745873757413	-0.027683421742891907	0.9999323514683003	0.9999466534638459	-0.00018828583451891025	0	1.167234336303115	0.10628391747708268	0.06095041882603231
3.3450000000000055	0.05235987755982988	0	1	0.0523740757435316	0.3939709966205382	0.0033884400155249836	-0.027677138417315603	0.9999322375111211	0.9999465105882488	-0.00018708476528194742	0	1.1673036837595872	0.10628391747708268	0.06101976628250445
3.3600000000000056	0.05235987755982988	0	1	0.05241847560109434	0.3942419874714806	0.0033733676812773804	-0.02767091702279085	0.9999321240065312	0.9999463680026519	-0.00018589462807312455	0	1.1673725716195924	0.10628391747708268	0.061088654142509836
3.3750000000000058	0.05235987755982988	0	1	0.052462625532037684	0.3945114854959266	0.0033583572989633013	-0.02766475676777799	0.9999320109523366	0.9999462257086623	-0.00018471528906965172	0	1.1674410041925478	0.10628391747708268	0.06115708671546514
3.390000000000006	0.05235987755982988	0	1	0.05250652750946188	0.3947795021852317	0.003343408583700521	-0.027658656872575522	0.9999318983463548	0.999946083707849	-0.00018354661672338187	0	1.1675089857341698	0.10628391747708268	0.06122506825708721
3.405000000000006	0.05235987755982988	0	1	0.052550183486346	0.3950460489300941	0.0033285212519437064	-0.027652616573369385	0.9999317861864127	0.9999459420017437	-0.00018238848171951065	0	1.167576520447382	0.10628391747708268	0.06129260297029939
3.420000000000006	0.05235987755982988	0	1	0.05259359539586929	0.3953111370117761	0.0033136950209279453	-0.027646635117937877	0.9999316744703479	0.9999458005918416	-0.00018124075692821034	0	1.1676436124832024	0.10628391747708268	0.06135969500611973
3.4350000000000063	0.05235987755982988	0	1	0.052636765151724385	0.39557477765066046	0.0032989296111200113	-0.027640711784023952	0.9999315631960081	0.9999456594796011	-0.00018010331736355653	0	1.1677102659416134	0.10628391747708268	0.06142634846453069
3.4500000000000064	0.05235987755982988	0	1	0.05267969464842213	0.39583698194984973	0.0032842247431722413	-0.027634845856275927	0.9999314523612503	0.9999455186664452	-0.0001789760401318892	0	1.1677764848724133	0.10628391747708268	0.061492567395330495
3.4650000000000065	0.05235987755982988	0	1	0.052722385761588914	0.39609776092271215	0.003269580139278503	-0.02762903663635186	0.9999313419639414	0.999945378153761	-0.00017785880439355557	0	1.1678422732760496	0.10628391747708268	0.06155835579896707
3.4800000000000066	0.05235987755982988	0	1	0.05276484034825612	0.39635712548589386	0.0032549955227232884	-0.02762328343941725	0.9999312320019579	0.9999452379429012	-0.00017675149131647516	0	1.1679076351044373	0.10628391747708268	0.061623717627354635
3.4950000000000068	0.05235987755982988	0	1	0.05280706024714175	0.3966150864868349	0.003240470619242028	-0.02761758560428536	0.9999311224731854	0.9999450980351833	-0.00017565398403630603	0	1.1679725742617555	0.10628391747708268	0.061688656784672856
3.510000000000007	0.05235987755982988	0	1	0.052849047278924595	0.39687165464523294	0.0032260051538745005	-0.02761194246958611	0.9999310133755188	0.999944958431891	-0.00017456616760782882	0	1.1680370946052316	0.10628391747708268	0.061753177128149025
3.525000000000007	0.05235987755982988	0	1	0.0528908032465106	0.3971268406090257	0.003211598853822901	-0.027606353395199703	0.999930904706862	0.9999448191342746	-0.00017348792897088936	0	1.1681011999459066	0.10628391747708268	0.0618172824688239
3.540000000000007	0.05235987755982988	0	1	0.05293232993529135	0.3973806549376476	0.0031972514475017595	-0.027600817755002376	0.999930796465128	0.9999446801435506	-0.00017241915690360674	0	1.1681648940493832	0.10628391747708268	0.061880976572300454
3.5550000000000073	0.05235987755982988	0	1	0.0529736291133944	0.39763310809664887	0.0031829626641868523	-0.027595334934110722	0.9999306886482382	0.9999445414609032	-0.00017135974198145037	0	1.1682281806365589	0.10628391747708268	0.061944263159476244
3.5700000000000074	0.05235987755982988	0	1	0.053014702531925334	0.39788421045799194	0.0031687322339651186	-0.02758990432842549	0.9999305812541234	0.9999444030874838	-0.00017030957653619953	0	1.1682910633843422	0.10628391747708268	0.06200714590725959
3.5850000000000075	0.05235987755982988	0	1	0.05305555192520084	0.39813397230000913	0.003154559887671049	-0.027584525344069293	0.9999304742807223	0.9999442650244119	-0.00016926855461407212	0	1.168353545926351	0.10628391747708268	0.06206962844926842
3.6000000000000076	0.05235987755982988	0	1	0.05309617901097279	0.39838240382070855	0.0031404453575267395	-0.027579197402138763	0.9999303677259831	0.9999441272727755	-0.0001682365719343338	0	1.1684156318535963	0.10628391747708268	0.062131714376513617
3.6150000000000078	0.05235987755982988	0	1	0.05313658549064267	0.398629515122282	0.0031263883762774475	-0.02757391993212489	0.9999302615878617	0.9999439898336312	-0.00016721352584546205	0	1.1684773247151474	0.10628391747708268	0.062193407238064755
3.630000000000008	0.05235987755982988	0	1	0.05317677304946604	0.39887531621045647	0.00311238867710998	-0.02756869237123533	0.999930155864323	0.9999438527080051	-0.00016619931528306567	0	1.1685386280187826	0.10628391747708268	0.062254710541699954
3.645000000000008	0.05235987755982988	0	1	0.05321674335674657	0.39911981698453397	0.003098445993088443	-0.02756351416008194	0.99993005055334	0.9999437158968927	-0.00016519384072671936	0	1.1685995452316211	0.10628391747708268	0.06231562775453844
3.660000000000008	0.05235987755982988	0	1	0.05325649806601982	0.39936302729749784	0.003084560060267215	-0.02755838476608503	0.9999299456528947	0.9999435794012593	-0.0001641970041607408	0	1.1686600797807396	0.10628391747708268	0.062376162303656946
3.6750000000000083	0.05235987755982988	0	1	0.05329603881522588	0.3996049568522427	0.003070730612221559	-0.02755330364216556	0.9999298411609772	0.9999434432220409	-0.00016320870902065816	0	1.1687202350537713	0.10628391747708268	0.062436317576688716
3.6900000000000084	0.05235987755982988	0	1	0.05333536722687191	0.39984561528639073	0.003056957384466815	-0.027548270259983666	0.9999297370755864	0.9999433073601438	-0.0001622288601620366	0	1.1687800143994898	0.10628391747708268	0.06249609692240707
3.7050000000000085	0.05235987755982988	0	1	0.05337448490818327	0.40008501213684095	0.003043240112580895	-0.02754328409567502	0.9999296333947296	0.999943171816446	-0.00016125736380908026	0	1.1688394211283737	0.10628391747708268	0.06255550365129113
3.7200000000000086	0.05235987755982988	0	1	0.05341339345124492	0.4003231568464745	0.003029578532541311	-0.02753834463226947	0.9999295301164233	0.9999430365917965	-0.00016029412751498672	0	1.1688984585131592	0.10628391747708268	0.06261454103607654
3.7350000000000088	0.05235987755982988	0	1	0.05345209443313288	0.40056005872873807	0.0030159723788598727	-0.02753345134547384	0.9999294272386923	0.9999429016870162	-0.00015933906011684698	0	1.1689571297893728	0.10628391747708268	0.06267321231229012
3.750000000000009	0.05235987755982988	0	1	0.05349058941603606	0.40079572704872823	0.003002421388828353	-0.02752860373549906	0.9999293247595705	0.9999427671028985	-0.0001583920717025485	0	1.1690154381558513	0.10628391747708268	0.06273152067876865
3.765000000000009	0.05235987755982988	0	1	0.0535288799473696	0.4010301709269692	0.0029889252974761166	-0.027523801288824548	0.9999292226771013	0.9999426328402091	-0.00015745307355823331	0	1.1690733867752459	0.10628391747708268	0.06278946929816324
3.780000000000009	0.05235987755982988	0	1	0.05356696755988062	0.4012633993959165	0.0029754838405359335	-0.027519043500298206	0.9999291209893368	0.9999424988996869	-0.00015652197814058813	0	1.1691309787745119	0.10628391747708268	0.06284706129742917
3.7950000000000093	0.05235987755982988	0	1	0.053604853771747084	0.40149542139754835	0.00296209675432561	-0.027514329871960834	0.999929019694339	0.9999423652820439	-0.00015559869903546236	0	1.169188217245385	0.10628391747708268	0.06290429976830221
3.8100000000000094	0.05235987755982988	0	1	0.05364254008667077	0.4017262457506216	0.0029487637740427362	-0.02750965989985233	0.9999289187901792	0.999942231987966	-0.0001546831509209794	0	1.1692451052448445	0.10628391747708268	0.06296118776776173
3.8250000000000095	0.05235987755982988	0	1	0.05368002799396571	0.40195588118678766	0.002935484635670213	-0.027505033088015156	0.9999288182749387	0.9999420990181128	-0.00015377524953909206	0	1.1693016457955645	0.10628391747708268	0.06301772831848187
3.8400000000000096	0.05235987755982988	0	1	0.053717318968643	0.40218433630679445	0.0029222590736949494	-0.027500448930888186	0.9999287181467087	0.9999419663731186	-0.00015287491165903608	0	1.1693578418863537	0.10628391747708268	0.063073924409271
3.8550000000000098	0.05235987755982988	0	1	0.05375441447149318	0.4024116196572496	0.0029090868251456237	-0.027495906943330317	0.9999286184035907	0.9999418340535925	-0.00015198205505724413	0	1.1694136964725834	0.10628391747708268	0.06312977899550073
3.87000000000001	0.05235987755982988	0	1	0.053791315949167195	0.40263773964541705	0.002895967625141903	-0.02749140662659024	0.9999285190436964	0.9999417020601183	-0.0001510965984801469	0	1.1694692124766077	0.10628391747708268	0.06318529499952497
3.88500000000001	0.05235987755982988	0	1	0.05382802483425744	0.4028627045896045	0.0028829012095487987	-0.027486947487848357	0.9999284200651485	0.9999415703932556	-0.00015021846162962716	0	1.169524392788173	0.10628391747708268	0.0632404753110905
3.90000000000001	0.05235987755982988	0	1	0.05386454254537898	0.40308652269536777	0.002869887313741954	-0.02748252903040131	0.9999283214660799	0.9999414390535398	-0.00014934756513631907	0	1.169579240264821	0.10628391747708268	0.06329532278773833
3.9150000000000102	0.05235987755982988	0	1	0.05390087048725299	0.403309202101045	0.0028569256750039518	-0.027478150771221697	0.9999282232446349	0.9999413080414823	-0.00014848383054582757	0	1.1696337577322815	0.10628391747708268	0.06334984025519877
3.9300000000000104	0.05235987755982988	0	1	0.053937010050792565	0.4035307508121842	0.0028440160290951824	-0.02747381221457641	0.9999281253989688	0.999941177357571	-0.00014762718029418003	0	1.1696879479848619	0.10628391747708268	0.06340403050777928
3.9450000000000105	0.05235987755982988	0	1	0.05397296261319177	0.40375117675683236	0.0028311581131555616	-0.02746951287339195	0.9999280279272479	0.9999410470022708	-0.00014677753770210136	0	1.169741813785829	0.10628391747708268	0.06345789630874632
3.9600000000000106	0.05235987755982988	0	1	0.05400872953801889	0.4039704877646151	0.0028183516646085142	-0.027465252260459753	0.9999279308276503	0.9999409169760236	-0.00014593482695721081	0	1.1697953578677849	0.10628391747708268	0.06351144039070232
3.9750000000000107	0.05235987755982988	0	1	0.05404431217531415	0.4041886915878132	0.0028055964222618926	-0.02746102989623067	0.9999278340983653	0.999940787279249	-0.0001450989731067985	0	1.1698485829330405	0.10628391747708268	0.06356466545595775
3.990000000000011	0.05235987755982988	0	1	0.05407971186169274	0.4044057958539141	0.002792892123813024	-0.027456845289498398	0.999927737737594	0.9999406579123444	-0.00014426990204527307	0	1.169901491653982	0.10628391747708268	0.0636175741768993
4.0050000000000106	0.05235987755982988	0	1	0.05411492992045309	0.40462180816357085	0.002780238510969771	-0.027452697975528646	0.999927641743549	0.9999405288756853	-0.00014344754051716097	0	1.169954086673437	0.10628391747708268	0.06367016919635447
4.02000000000001	0.05235987755982988	0	1	0.054149967661691306	0.4048367359726065	0.0027676353232486683	-0.02744858746882736	0.9999275461144547	0.9999404001696259	-0.00014263181609773014	0	1.1700063706050359	0.10628391747708268	0.06372245312795331
4.03500000000001	0.05235987755982988	0	1	0.05418482638242132	0.40505058669772087	0.002755082303491939	-0.02744451330430153	0.9999274508485473	0.9999402717944993	-0.00014182265720504787	0	1.1700583460335703	0.10628391747708268	0.06377442855648752
4.05000000000001	0.05235987755982988	0	1	0.05421950736670176	0.405263367665593	0.002742579195171683	-0.027440475016502677	0.9999273559440749	0.9999401437506176	-0.00014101999308637863	0	1.1701100155153503	0.10628391747708268	0.06382609803826764
4.065000000000009	0.05235987755982988	0	1	0.054254011885768616	0.40547508610599825	0.002730125741995812	-0.02743647213628097	0.9999272613992972	0.9999400160382724	-0.00014022375382175722	0	1.1701613815785605	0.10628391747708268	0.06387746410147793
4.080000000000009	0.05235987755982988	0	1	0.05428834119817452	0.40568574920610234	0.002717721690714655	-0.027432504211572804	0.9999271672124856	0.9999398886577355	-0.00013943387032706734	0	1.1702124467236128	0.10628391747708268	0.06392852924653017
4.095000000000009	0.05235987755982988	0	1	0.054322496549934464	0.40589536406341453	0.002705366788611118	-0.027428570788154756	0.9999270733819235	0.9999397616092585	-0.00013865027434824175	0	1.1702632134234991	0.10628391747708268	0.06397929594641645
4.110000000000008	0.05235987755982988	0	1	0.05435647917467713	0.4061039377401727	0.002693060786301788	-0.027424671430466976	0.9999269799059056	0.9999396348930735	-0.0001378728984707205	0	1.1703136841241428	0.10628391747708268	0.0640297666470602
4.125000000000008	0.05235987755982988	0	1	0.05439029029380309	0.4063114771667147	0.00268080343261818	-0.027420805682756306	0.999926886782738	0.9999395085093935	-0.0001371016761111117	0	1.17036386124475	0.10628391747708268	0.06407994376766737
4.140000000000008	0.05235987755982988	0	1	0.054423931116647686	0.4065179892931759	0.0026685944824978054	-0.02741697312835216	0.9999267940107387	0.9999393824584126	-0.00013633654153672869	0	1.1704137471781586	0.10628391747708268	0.06412982970107595
4.155000000000007	0.05235987755982988	0	1	0.05445740284065028	0.40672348096010474	0.0026564336901392094	-0.027413173337857942	0.9999267015882364	0.9999392567403063	-0.00013557742984872162	0	1.1704633442911883	0.10628391747708268	0.06417942681410561
4.170000000000007	0.05235987755982988	0	1	0.05449070665152821	0.4069279589616812	0.0026443208122465325	-0.0274094058934785	0.9999266095135712	0.9999391313552316	-0.0001348242770006006	0	1.1705126549249893	0.10628391747708268	0.06422873744790664
4.185000000000007	0.05235987755982988	0	1	0.054523843723455125	0.40713143004676333	0.002632255608011849	-0.027405670388756267	0.999926517785094	0.9999390063033275	-0.00013407701979461077	0	1.1705616813953903	0.10628391747708268	0.06427776391830765
4.200000000000006	0.05235987755982988	0	1	0.05455681521924397	0.4073339009121981	0.0026202378386878736	-0.027401966425286348	0.9999264264011664	0.9999388815847157	-0.0001333355958856834	0	1.1706104259932462	0.10628391747708268	0.06432650851616355
4.215000000000006	0.05235987755982988	0	1	0.05458962229053336	0.4075353782048791	0.0026082672676157985	-0.027398293612882357	0.9999263353601604	0.9999387571994998	-0.00013259994378413234	0	1.1706588909847848	0.10628391747708268	0.06437497350770226
4.230000000000006	0.05235987755982988	0	1	0.054622266077976815	0.4077358684980619	0.002596343658901025	-0.027394651559593673	0.9999262446604584	0.9999386331477665	-0.00013187000285576564	0	1.1707070786119536	0.10628391747708268	0.06442316113487083
4.245000000000005	0.05235987755982988	0	1	0.05465474771143445	0.4079353783788222	0.002584466781911054	-0.02739103990566108	0.9999261543004528	0.9999385094295858	-0.00013114571333144856	0	1.1707549910927624	0.10628391747708268	0.0644710736156797
4.260000000000005	0.05235987755982988	0	1	0.05468706831016632	0.40813391434453	0.002572636405762125	-0.027387458282013485	0.9999260642785457	0.9999383860450107	-0.00013042701629407917	0	1.1708026306216295	0.10628391747708268	0.06451871314454678
4.275000000000005	0.05235987755982988	0	1	0.054719228983026745	0.4083314828638508	0.0025608523024268255	-0.027383906333814993	0.9999259745931487	0.9999382629940782	-0.00012971385369012366	0	1.170849999369722	0.10628391747708268	0.06456608189263915
4.2900000000000045	0.05235987755982988	0	1	0.05475123082865863	0.40852809038607774	0.002549114247132809	-0.027380383723610086	0.9999258852426827	0.9999381402768086	-0.00012900616832420048	0	1.1708970994852959	0.10628391747708268	0.0646131820082133
4.305000000000004	0.05235987755982988	0	1	0.05478307493568722	0.4087237432830923	0.0025374220152302174	-0.02737689010787978	0.9999257962255773	0.999938017893207	-0.00012830390385297559	0	1.1709439330940352	0.10628391747708268	0.06466001561695245
4.320000000000004	0.05235987755982988	0	1	0.05481476238291279	0.4089184479330561	0.0025257753864867324	-0.02737342516962163	0.9999257075402713	0.9999378958432624	-0.00012760700479063633	0	1.1709905022993852	0.10628391747708268	0.06470658482230253
4.3350000000000035	0.05235987755982988	0	1	0.05484629423950113	0.4091122106598665	0.0025141741418241124	-0.027369988593970496	0.9999256191852114	0.9999377741269486	-0.00012691541649418293	0	1.1710368091828869	0.10628391747708268	0.06475289170580432
4.350000000000003	0.05235987755982988	0	1	0.054877671565171274	0.40930503774391647	0.0025026180637927192	-0.027366580072023677	0.9999255311588527	0.9999376527442243	-0.00012622908516375617	0	1.1710828558045052	0.10628391747708268	0.06479893832742258
4.365000000000003	0.05235987755982988	0	1	0.05490889541038011	0.40949693544163424	0.0024911069375073563	-0.02736319930815664	0.9999254434596582	0.9999375316950331	-0.00012554795783412847	0	1.171128644202955	0.10628391747708268	0.06484472672587219
4.380000000000003	0.05235987755982988	0	1	0.0549399668165026	0.40968790997837917	0.0024796405501890523	-0.02735984601685196	0.9999253560860983	0.999937410979304	-0.00012487198236564852	0	1.1711741763960222	0.10628391747708268	0.06489025891893943
4.395000000000002	0.05235987755982988	0	1	0.054970886816007536	0.4098779675450457	0.00246821869090336	-0.027356519921021588	0.999925269036651	0.9999372905969515	-0.00012420110743458973	0	1.1712194543808825	0.10628391747708268	0.06493553690379976
4.410000000000002	0.05235987755982988	0	1	0.05500165643262778	0.4100671142960192	0.002456841150372556	-0.027353220750892224	0.9999251823098014	0.999937170547876	-0.00012353528252164982	0	1.1712644801344132	0.10628391747708268	0.06498056265733063
4.425000000000002	0.05235987755982988	0	1	0.05503227668152432	0.4102553563627266	0.0024455077216086404	-0.02734994824910252	0.9999250959040412	0.9999370508319635	-0.00012287445790084455	0	1.1713092556135014	0.10628391747708268	0.06502533813641882
4.440000000000001	0.05235987755982988	0	1	0.055062748569443674	0.4104426998301341	0.0024342181986082914	-0.027346702161185572	0.9999250098178692	0.9999369314490866	-0.000122218584622268	0	1.1713537827553457	0.10628391747708268	0.06506986527826299
4.455000000000001	0.05235987755982988	0	1	0.05509307309486709	0.4106291507419074	0.0024229723765549598	-0.02734348223743499	0.9999249240497903	0.9999368123991039	-0.00012156761449828061	0	1.1713980634777519	0.10628391747708268	0.06511414600066934
4.470000000000001	0.05235987755982988	0	1	0.0551232512481517	0.4108147151380242	0.0024117700537265377	-0.027340288247634195	0.9999248385983159	0.9999366936818608	-0.0001209215000882177	0	1.171442099679424	0.10628391747708268	0.06515818220234129
4.485	0.05235987755982988	0	1	0.05515328401166152	0.4109993989749102	0.0024006110272527803	-0.027337119949429733	0.9999247534619634	0.9999365752971893	-0.00012028019467048368	0	1.171485893240244	0.10628391747708268	0.0652019757631615
4.5	0.05235987755982988	0	1	0.055183172359888386	0.4111832082295938	0.0023894950985230354	-0.02733397712946194	0.9999246686392564	0.9999364572449084	-0.00011964365223396746	0	1.171529446021549	0.10628391747708268	0.0652455285444664
4.515	0.05235987755982988	0	1	0.05521291725956148	0.4113661487865759	0.0023784220672139027	-0.027330859558692005	0.9999245841287242	0.9999363395248243	-0.00011901182743857462	0	1.1715727598663952	0.10628391747708268	0.06528884238931255
4.529999999999999	0.05235987755982988	0	1	0.05524251966974424	0.41154822651269685	0.002367391735177568	-0.027327767022092657	0.999924499928902	0.9999362221367304	-0.00011838467560436871	0	1.171615836599816	0.10628391747708268	0.06533191912273338
4.544999999999999	0.05235987755982988	0	1	0.055271980541918946	0.4117294472202908	0.0023564039044836026	-0.02732469930420875	0.9999244160383309	0.9999361050804076	-0.00011776215267471898	0	1.1716586780290696	0.10628391747708268	0.06537476055198703
4.559999999999999	0.05235987755982988	0	1	0.05530130082005776	0.4119098167108013	0.0023454583796864124	-0.027321656206589714	0.9999243324555577	0.9999359883556249	-0.00011714421519398938	0	1.171701285943877	0.10628391747708268	0.06541736846679433
4.574999999999998	0.05235987755982988	0	1	0.0553304814406805	0.4120893406647367	0.0023345549620485233	-0.02731863750451588	0.9999242491791349	0.9999358719621385	-0.00011653082026734435	0	1.1717436621166486	0.10628391747708268	0.06545974463956593
4.589999999999998	0.05235987755982988	0	1	0.0553595233328993	0.4122680247715712	0.0023236934563475517	-0.027315642998567025	0.9999241662076211	0.9999357558996932	-0.00011592192554602612	0	1.1717858083027026	0.10628391747708268	0.0655018908256199
4.604999999999998	0.05235987755982988	0	1	0.05538842741845083	0.4124458746484273	0.0023128736666219382	-0.027312672482725987	0.9999240835395811	0.9999356401680217	-0.0001153174891818537	0	1.171827726240471	0.10628391747708268	0.0655438087633883
4.619999999999997	0.05235987755982988	0	1	0.05541719461171729	0.41262289584742423	0.0023020953965709468	-0.027309725747513534	0.9999240011735852	0.9999355247668453	-0.00011471746980396763	0	1.1718694176516973	0.10628391747708268	0.06558550017461454
4.634999999999997	0.05235987755982988	0	1	0.05544582581973716	0.41279909386110003	0.0022913584498605137	-0.02730680258233086	0.9999239191082105	0.9999354096958738	-0.00011412182648925224	0	1.1719108842416226	0.10628391747708268	0.06562696676454002
4.649999999999997	0.05235987755982988	0	1	0.05547432194220824	0.41297447413245514	0.00228066263067633	-0.027303902779580027	0.9999238373420405	0.9999352949548057	-0.0001135305187352661	0	1.1719521276991658	0.10628391747708268	0.06566821022208313
4.6649999999999965	0.05235987755982988	0	1	0.05550268387148417	0.41314904201900043	0.002270007741870698	-0.027301026120555433	0.9999237558736651	0.9999351805433286	-0.00011294350643291091	0	1.1719931496970917	0.10628391747708268	0.06570923222000896
4.679999999999996	0.05235987755982988	0	1	0.05553091249256791	0.4133228028553635	0.0022593935882764156	-0.02729817240020756	0.9999236747016815	0.9999350664611192	-0.00011236074985066056	0	1.1720339518921759	0.10628391747708268	0.06575003441509315
4.694999999999996	0.05235987755982988	0	1	0.05555900868310315	0.41349576186103154	0.0022488199719058084	-0.02729534139064481	0.9999235938246938	0.9999349527078433	-0.00011178220960661202	0	1.1720745359253615	0.10628391747708268	0.06579061844827878
4.7099999999999955	0.05235987755982988	0	1	0.05558697331336725	0.41366792422515636	0.0022382866964278554	-0.027292532874498943	0.999923513241313	0.9999348392831562	-0.0001112078466650821	0	1.1721149034219118	0.10628391747708268	0.06583098594482915
4.724999999999995	0.05235987755982988	0	1	0.05561480724626703	0.4138392950681392	0.002227793565185373	-0.02728974662954956	0.9999234329501582	0.9999347261867031	-0.00011063762231741428	0	1.1721550559915594	0.10628391747708268	0.0658711385144767
4.739999999999995	0.05235987755982988	0	1	0.0556425113373402	0.4140098794497101	0.00221734038164461	-0.02728698243161997	0.9999233529498558	0.9999346134181187	-0.00011007149817783135	0	1.1721949952286526	0.10628391747708268	0.06591107775156983
4.754999999999995	0.05235987755982988	0	1	0.05567008643476303	0.41417968235161845	0.0022069269485096923	-0.027284240047396845	0.9999232732390402	0.9999345009770282	-0.0001095094361784451	0	1.1722347227123004	0.10628391747708268	0.06595080523521779
4.769999999999994	0.05235987755982988	0	1	0.05569753337936653	0.4143487087414861	0.002196553071084309	-0.02728151925924635	0.9999231938163536	0.9999343888630462	-0.00010895139857379888	0	1.1722742400065183	0.10628391747708268	0.06599032252943567
4.784999999999994	0.05235987755982988	0	1	0.05572485300466146	0.41451696347399136	0.002186218552101774	-0.027278819825722434	0.9999231146804464	0.9999342770757785	-0.00010839734793117492	0	1.1723135486603724	0.10628391747708268	0.06602963118328965
4.799999999999994	0.05235987755982988	0	1	0.05575204613687242	0.4146844514032395	0.002175923197616284	-0.027276141525502548	0.9999230358299769	0.9999341656148208	-0.0001078472471505161	0	1.1723526502081252	0.10628391747708268	0.06606873273104262
4.814999999999993	0.05235987755982988	0	1	0.055779113594981486	0.41485117731539217	0.002165666813467238	-0.027273484130271225	0.9999229572636119	0.9999340544797599	-0.0001073010594570776	0	1.1723915461693846	0.10628391747708268	0.0661076286923019
4.829999999999993	0.05235987755982988	0	1	0.05580605619078028	0.4150171459269722	0.0021554492051792107	-0.02727084740357743	0.9999228789800263	0.9999339436701733	-0.00010675874841283187	0	1.1724302380492504	0.10628391747708268	0.06614632057216772
4.844999999999993	0.05235987755982988	0	1	0.05583287472893044	0.415182361964516	0.0021452701821189357	-0.02726823113183398	0.9999228009779031	0.9999338331856296	-0.00010622027792924452	0	1.1724687273384666	0.10628391747708268	0.06618480986138402
4.859999999999992	0.05235987755982988	0	1	0.0558595700070308	0.41534683005425604	0.002135129551691258	-0.02726563508028863	0.9999227232559335	0.9999337230256887	-0.00010568561226173265	0	1.1725070155135722	0.10628391747708268	0.06622309803648956
4.874999999999992	0.05235987755982988	0	1	0.05588614281569068	0.4155105548134965	0.0021250271241007312	-0.02726305902871982	0.9999226458128168	0.9999336131899017	-0.00010515471602981884	0	1.1725451040370543	0.10628391747708268	0.06626118655997165
4.889999999999992	0.05235987755982988	0	1	0.05591259393860766	0.4156735408234679	0.0021149627108982237	-0.02726050276033164	0.9999225686472605	0.9999335036778115	-0.00010462755421462802	0	1.172582994357502	0.10628391747708268	0.06629907688041932
4.904999999999991	0.05235987755982988	0	1	0.0559389241526489	0.4158357926270244	0.0021049361248265917	-0.027257966060517398	0.99992249175798	0.9999333944889528	-0.00010410409216582065	0	1.172620687909761	0.10628391747708268	0.06633677043267823
4.919999999999991	0.05235987755982988	0	1	0.05596513422793436	0.41599731471223184	0.0020949471789251904	-0.02725544871007233	0.9999224151436986	0.9999332856228517	-0.00010358429560360955	0	1.1726581861150875	0.10628391747708268	0.06637426863800487
4.934999999999991	0.05235987755982988	0	1	0.05599122492792164	0.41615811156549287	0.002084995689277107	-0.027252950505925057	0.9999223388031474	0.9999331770790267	-0.00010306813062654307	0	1.1726954903813038	0.10628391747708268	0.06641157290422108
4.94999999999999	0.05235987755982988	0	1	0.05601719700949082	0.4163181876067525	0.0020750814715761595	-0.027250471235297072	0.9999222627350653	0.9999330688569887	-0.0001025555637040063	0	1.1727326021029503	0.10628391747708268	0.06644868462586756
4.96499999999999	0.05235987755982988	0	1	0.056043051223028974	0.4164775472400884	0.002065204343740693	-0.027248010695489832	0.9999221869381989	0.9999329609562406	-0.00010204656168484431	0	1.1727695226614396	0.10628391747708268	0.06648560518435698
4.97999999999999	0.05235987755982988	0	1	0.05606878831251411	0.4166361948483725	0.0020553641255964088	-0.02724556869157448	0.9999221114113019	0.999932853376278	-0.00010154109179220111	0	1.1728062534252084	0.10628391747708268	0.06652233594812569
4.9949999999999894	0.05235987755982988	0	1	0.05609440901559766	0.4167941347588786	0.0020455606370370985	-0.02724314502262727	0.9999220361531359	0.9999327461165889	-0.00010103912162050884	0	1.1728427957498668	0.10628391747708268	0.06655887827278417
5.009999999999989	0.05235987755982988	0	1	0.056119914063686015	0.4169513712880865	0.0020357937003362622	-0.027240739499252042	0.9999219611624697	0.9999326391766545	-0.00010054061913913694	0	1.1728791509783492	0.10628391747708268	0.0665952335012666
5.024999999999989	0.05235987755982988	0	1	0.056145304182020773	0.41710790869558423	0.002026063137695242	-0.0272383519251898	0.9999218864380792	0.9999325325559487	-0.00010004555268346084	0	1.1729153204410612	0.10628391747708268	0.06663140296397842
5.0399999999999885	0.05235987755982988	0	1	0.05617058008975788	0.4172637512424583	0.0020163687742678453	-0.027235982120213557	0.9999218119787477	0.9999324262539385	-9955389096030967e-20	0	1.1729513054560259	0.10628391747708268	0.06666738797894316
5.054999999999988	0.05235987755982988	0	1	0.05619574250004581	0.4174189031393376	0.0020067104354022057	-0.027233629899407315	0.9999217377832654	0.9999323202700843	-9906560303711281e-20	0	1.1729871073290299	0.10628391747708268	0.06670318985194729
5.069999999999988	0.05235987755982988	0	1	0.05622079212010329	0.4175733685624459	0.001997087947446862	-0.027231295079318506	0.9999216638504296	0.9999322146038395	-9858065834488819e-20	0	1.1730227273537672	0.10628391747708268	0.06673880987668461
5.0849999999999875	0.05235987755982988	0	1	0.056245729651296456	0.41772715167158647	0.001987501138658126	-0.027228977484861763	0.9999215901790441	0.9999321092546514	-9809902667657054e-20	0	1.1730581668119813	0.10628391747708268	0.06677424933489856
5.099999999999987	0.05235987755982988	0	1	0.056270555789215984	0.4178802565968037	0.0019779498384656126	-0.02722667694383162	0.9999215167679202	0.9999320042219608	-9762067818157782e-20	0	1.173093426973607	0.10628391747708268	0.06680950949652448
5.114999999999987	0.05235987755982988	0	1	0.05629527122375399	0.418032687429759	0.001968433876984605	-0.027224393283285207	0.9999214436158752	0.9999318995052022	-9714558336597372e-20	0	1.1731285090969126	0.10628391747708268	0.06684459161982989
5.129999999999987	0.05235987755982988	0	1	0.05631987663918136	0.41818444822997075	0.0019589530853068235	-0.027222126331776304	0.9999213707217334	0.999931795103804	-9667371309117361e-20	0	1.1731634144286371	0.10628391747708268	0.06687949695155442
5.144999999999986	0.05235987755982988	0	1	0.05634437271422528	0.41833554306206727	0.0019495072974160428	-0.027219875933848867	0.9999212980843253	0.9999316910171888	-962050385741294e-19	0	1.1731981442041317	0.10628391747708268	0.06691422672704896
5.159999999999986	0.05235987755982988	0	1	0.0563687601221467	0.4184859759213807	0.0019400963462516546	-0.027217641920413416	0.9999212257024881	0.999931587244773	-9573953137951831e-20	0	1.1732326996474962	0.10628391747708268	0.06694878217041353
5.174999999999986	0.05235987755982988	0	1	0.05639303953081856	0.4186357508174178	0.001930720068045299	-0.027215424141495574	0.9999211535750651	0.9999314837859676	-9527716342838067e-20	0	1.1732670819717175	0.10628391747708268	0.0669831644946348
5.189999999999985	0.05235987755982988	0	1	0.056417211602803455	0.4187848717052196	0.0019213782986858517	-0.027213222438900366	0.9999210817009058	0.999931380640178	-9481790698671473e-20	0	1.1733012923788049	0.10628391747708268	0.06701737490172222
5.204999999999985	0.05235987755982988	0	1	0.056441276995431694	0.4189333425165626	0.0019120708753162345	-0.027211036658315306	0.9999210100788656	0.9999312778068036	-9436173467003889e-20	0	1.1733353320599265	0.10628391747708268	0.06705141458284374
5.219999999999985	0.05235987755982988	0	1	0.05646523636087863	0.4190811671838943	0.001902797637549667	-0.027208866658573576	0.9999209387078061	0.9999311752852389	-9390861944207092e-20	0	1.1733692021955426	0.10628391747708268	0.06708528471846008
5.234999999999984	0.05235987755982988	0	1	0.05648909034624174	0.4192283496020151	0.0018935584254233077	-0.02720671229630687	0.9999208675865947	0.9999310730748731	-9345853460698174e-20	0	1.1734029039555414	0.10628391747708268	0.06711898647845863
5.249999999999984	0.05235987755982988	0	1	0.056512839593616415	0.4193748936305136	0.0018843530794881817	-0.027204573426735292	0.9999207967141043	0.99993097117509	-9301145381110433e-20	0	1.1734364384993676	0.10628391747708268	0.06715252102228503
5.264999999999984	0.05235987755982988	0	1	0.056536484740170874	0.41952080311639195	0.001875181441957651	-0.02720244991243275	0.9999207260892135	0.9999308695852686	-9256735104043906e-20	0	1.173469806976157	0.10628391747708268	0.06718588949907454
5.279999999999983	0.05235987755982988	0	1	0.05656002641821917	0.4196660818948117	0.001866043356710291	-0.027200341623468936	0.9999206557108066	0.9999307683047827	-921262006149252e-19	0	1.1735030105248638	0.10628391747708268	0.06721909304778126
5.294999999999983	0.05235987755982988	0	1	0.05658346525529258	0.41981073376080724	0.0018569386677720658	-0.02719824842609882	0.9999205855777731	0.9999306673330014	-916879771838931e-19	0	1.1735360502743886	0.10628391747708268	0.06725213279730596
5.309999999999983	0.05235987755982988	0	1	0.05660680187420858	0.41995476248441194	0.0018478672200751972	-0.02719617018860878	0.9999205156890076	0.9999305666692891	-9125265572356911e-20	0	1.1735689273437044	0.10628391747708268	0.06728500986662185
5.324999999999982	0.05235987755982988	0	1	0.05663003689313742	0.4200981718425935	0.0018388288610993384	-0.027194106793844472	0.9999204460434106	0.9999304663130055	-9082021153302593e-20	0	1.1736016428419815	0.10628391747708268	0.06731772536489894
5.339999999999982	0.05235987755982988	0	1	0.05665317092566569	0.42024096555636836	0.0018298234375453241	-0.027192058114257227	0.9999203766398868	0.9999303662635056	-9039062022181882e-20	0	1.1736341978687084	0.10628391747708268	0.06735028039162562
5.354999999999982	0.05235987755982988	0	1	0.05667620458085703	0.42038314735431187	0.0018208507986348411	-0.027190024036940524	0.9999203074773466	0.9999302665201403	-8996385771310022e-20	0	1.173666593513811	0.10628391747708268	0.06738267603672851
5.3699999999999815	0.05235987755982988	0	1	0.05669913846330932	0.42052472091041426	0.0018119107928270609	-0.027188004439001403	0.9999202385547051	0.9999301670822557	-8953990022673994e-20	0	1.1736988308577723	0.10628391747708268	0.0674149133806897
5.384999999999981	0.05235987755982988	0	1	0.056721973173208415	0.4206656898805829	0.0018030032697073754	-0.027185999201958317	0.9999201698708825	0.9999300679491939	-8911872428041048e-20	0	1.173730910971744	0.10628391747708268	0.06744699349466124
5.399999999999981	0.05235987755982988	0	1	0.056744709306378115	0.42080605792305104	0.0017941280810352157	-0.027184008219759775	0.9999201014248036	0.9999299691202929	-8870030667861129e-20	0	1.17376283491766	0.10628391747708268	0.0674789174405774
5.4149999999999805	0.05235987755982988	0	1	0.05676734745432642	0.42094582864342744	0.0017852850778448184	-0.02718203137706283	0.9999200332153981	0.9999298705948865	-8828462450110325e-20	0	1.1737946037483462	0.10628391747708268	0.06751068627126358
5.42999999999998	0.05235987755982988	0	1	0.056789888204287875	0.4210850056391104	0.0017764741127561101	-0.027180068566772738	0.9999199652416005	0.9999297723723043	-87871655100059e-18	0	1.1738262185076256	0.10628391747708268	0.06754230103054301
5.44499999999998	0.05235987755982988	0	1	0.056812332139261845	0.4212235924700103	0.0017676950384262723	-0.027178119678482163	0.9999198975023503	0.9999296744518724	-8746137608637944e-20	0	1.1738576802304224	0.10628391747708268	0.0675737627533397
5.4599999999999795	0.05235987755982988	0	1	0.05683467983804716	0.4213615926636728	0.0017589477078066365	-0.027176184600498168	0.9999198299965913	0.999929576832913	-8705376532259209e-20	0	1.173888989942862	0.10628391747708268	0.06760507246577932
5.474999999999979	0.05235987755982988	0	1	0.0568569318752727	0.4214990097609285	0.0017502319765260732	-0.02717426323790148	0.9999197627232723	0.999929479514744	-8664880091647991e-20	0	1.1739201486623687	0.10628391747708268	0.06763623118528599
5.489999999999979	0.05235987755982988	0	1	0.056879088821424645	0.421635847211483	0.0017415476974124919	-0.02717235547131284	0.9999196956813469	0.9999293824966804	-8624646120196507e-20	0	1.17395115739776	0.10628391747708268	0.06766723992067718
5.504999999999979	0.05235987755982988	0	1	0.056901151242869714	0.4217721084885587	0.0017328947264969134	-0.027170461202207168	0.9999196288697734	0.9999292857780333	-858467247440842e-19	0	1.1739820171493371	0.10628391747708268	0.06769809967225443
5.519999999999978	0.05235987755982988	0	1	0.056923119701875656	0.42190779700401676	0.0017242729185630336	-0.027168580319401482	0.9999195622875148	0.9999291893581103	-854495703162737e-19	0	1.1740127289089748	0.10628391747708268	0.06772881143189216
5.534999999999978	0.05235987755982988	0	1	0.05694499475662837	0.4220429161731545	0.0017156821305432043	-0.027166712724676016	0.9999194959335391	0.9999290932362155	-8505497690214525e-20	0	1.1740432936602054	0.10628391747708268	0.06775937618312268
5.549999999999978	0.05235987755982988	0	1	0.05696677696124675	0.42217746934886796	0.0017071222180696233	-0.027164858306772365	0.9999194298068194	0.9999289974116499	-8466292367765197e-20	0	1.174073712378302	0.10628391747708268	0.0677897949012193
5.564999999999977	0.05235987755982988	0	1	0.05698846686579486	0.42231145987696006	0.0016985930383762796	-0.027163016963253336	0.9999193639063332	0.9999289018837112	-8427339001078411e-20	0	1.1741039860303584	0.10628391747708268	0.06782006855327581
5.579999999999977	0.05235987755982988	0	1	0.05701006501629232	0.4224448910557184	0.0016900944481849992	-0.027161188584536484	0.9999192982310635	0.9999288066516938	-8388635544808957e-20	0	1.1741341155753668	0.10628391747708268	0.06785019809828424
5.594999999999977	0.05235987755982988	0	1	0.05703157195472341	0.42257776616443776	0.0016816263052055885	-0.027159373065141917	0.999919232779998	0.9999287117148892	-8350179971158245e-20	0	1.1741641019642926	0.10628391747708268	0.06788018448720987
5.609999999999976	0.05235987755982988	0	1	0.057052988219044906	0.422710088451739	0.0016731884675297258	-0.02715757029905991	0.9999191675521296	0.9999286170725858	-8311970268957092e-20	0	1.1741939461401467	0.10628391747708268	0.06791002866306406
5.624999999999976	0.05235987755982988	0	1	0.05707431434319332	0.4228418611104056	0.001664780792318639	-0.027155780169768856	0.9999191025464567	0.9999285227240691	-8274004442981819e-20	0	1.174223649038058	0.10628391747708268	0.0679397315609753
5.639999999999976	0.05235987755982988	0	1	0.057095550857091885	0.42297308734328576	0.0016564031392633342	-0.027154002576230296	0.9999190377619824	0.9999284286686219	-8236280514129123e-20	0	1.1742532115853406	0.10628391747708268	0.06796929410825797
5.654999999999975	0.05235987755982988	0	1	0.05711669828665837	0.42310377029879365	0.0016480553672101328	-0.027152237407328795	0.9999189731977156	0.9999283349055239	-8198796517990669e-20	0	1.1742826347015631	0.10628391747708268	0.06799871722448059
5.669999999999975	0.05235987755982988	0	1	0.05713775715381265	0.4232339131028626	0.0016397373358410586	-0.027150484554434046	0.9999189088526702	0.9999282414340526	-8161550505247347e-20	0	1.174311919298614	0.10628391747708268	0.06802800182153139
5.684999999999975	0.05235987755982988	0	1	0.057158727976486134	0.4233635188352675	0.0016314489044373763	-0.027148743901936428	0.9999188447258657	0.9999281482534825	-8124540540900675e-20	0	1.1743410662807665	0.10628391747708268	0.06805714880368394
5.699999999999974	0.05235987755982988	0	1	0.05717961126863225	0.423492590560035	0.0016231899334767826	-0.02714701533916793	0.999918780816327	0.9999280553630858	-8087764704508179e-20	0	1.1743700765447436	0.10628391747708268	0.06808615906766098
5.714999999999974	0.05235987755982988	0	1	0.05720040754023847	0.42362113131440815	0.0016149602840573318	-0.027145298755920973	0.9999187171230846	0.9999279627621324	-8051221089766399e-20	0	1.1743989509797805	0.10628391747708268	0.0681150335026979
5.729999999999974	0.05235987755982988	0	1	0.05722111729734095	0.42374914410763076	0.0016067598178340116	-0.02714359404183293	0.9999186536451744	0.9999278704498893	-8014907804467946e-20	0	1.1744276904676887	0.10628391747708268	0.06814377299060605
5.7449999999999735	0.05235987755982988	0	1	0.05724174104204063	0.4238766319106728	0.001598588396479396	-0.027141901082190632	0.9999185903816379	0.9999277784256219	-7978822970453299e-20	0	1.1744562958829177	0.10628391747708268	0.06817237840583508
5.759999999999973	0.05235987755982988	0	1	0.05726227927252227	0.4240035976737032	0.0015904458825961414	-0.027140219764675195	0.9999185273315224	0.999927686688593	-7942964723859122e-20	0	1.174484768092618	0.10628391747708268	0.06820085061553537
5.774999999999973	0.05235987755982988	0	1	0.05728273248307548	0.42413004432857193	0.0015823321398424663	-0.027138549980197338	0.9999184644938804	0.9999275952380633	-7907331215118299e-20	0	1.174513107956703	0.10628391747708268	0.06822919047962041
5.7899999999999725	0.05235987755982988	0	1	0.05730310116411881	0.4242559747569624	0.0015742470312559743	-0.027136891610135248	0.9999184018677706	0.9999275040732917	-7871920608868987e-20	0	1.174541316327912	0.10628391747708268	0.06825739885082938
5.804999999999972	0.05235987755982988	0	1	0.05732338580222586	0.4243813918585017	0.001566190422814584	-0.027135244553091548	0.9999183394522567	0.9999274131935348	-7836731084806996e-20	0	1.1745693940518724	0.10628391747708268	0.06828547657478974
5.819999999999972	0.05235987755982988	0	1	0.05734358688015417	0.42450629846202026	0.0015581621787750764	-0.02713360868964404	0.9999182772464084	0.9999273225980476	-7801760836840793e-20	0	1.1745973419671625	0.10628391747708268	0.0683134244900799
5.8349999999999715	0.05235987755982988	0	1	0.05736370487687666	0.42463069741417153	0.0015501621663047	-0.02713198391720298	0.9999182152493007	0.9999272322860832	-7767008074567086e-20	0	1.1746251609053755	0.10628391747708268	0.06834124342829286
5.849999999999971	0.05235987755982988	0	1	0.057383740267615	0.4247545915008112	0.001542190251346609	-0.02713037011876031	0.9999181534600143	0.9999271422568927	-7732471022270371e-20	0	1.174652851691182	0.10628391747708268	0.06836893421409951
5.864999999999971	0.05235987755982988	0	1	0.057403693523875435	0.42487798352543066	0.001534246302714183	-0.027128767193719164	0.9999180918776356	0.999927052509726	-7698147920412648e-20	0	1.174680415142395	0.10628391747708268	0.06839649766531247
5.879999999999971	0.05235987755982988	0	1	0.05742356511348666	0.4250008762448065	0.0015263301887007558	-0.0271271750322881	0.9999180305012559	0.999926963043831	-7664037024718228e-20	0	1.1747078520700336	0.10628391747708268	0.06842393459295092
5.89499999999997	0.05235987755982988	0	1	0.05744335550063911	0.42512327240765085	0.0015184417790862527	-0.027125593530597777	0.9999179693299726	0.9999268738584542	-7630136607338185e-20	0	1.1747351632783873	0.10628391747708268	0.06845124580130474
5.90999999999997	0.05235987755982988	0	1	0.057463065145926515	0.4252451747454026	0.001510580944633827	-0.02712402258688603	0.9999179083628879	0.9999267849528409	-7596444956545665e-20	0	1.1747623495650832	0.10628391747708268	0.06847843208800046
5.92499999999997	0.05235987755982988	0	1	0.05748269450638813	0.4253665859508352	0.0015027475559473563	-0.027122462092898494	0.9999178475991094	0.9999266963262345	-7562960377078383e-20	0	1.1747894117211484	0.10628391747708268	0.06850549424406581
5.939999999999969	0.05235987755982988	0	1	0.05750224403555269	0.42548750872196167	0.0014949414857496728	-0.02712091195108164	0.9999177870377502	0.9999266079778775	-7529681190632499e-20	0	1.174816350531079	0.10628391747708268	0.06853243305399628
5.954999999999969	0.05235987755982988	0	1	0.057521714183482946	0.42560794573949107	0.0014871626076777347	-0.027119372065525612	0.9999177266779284	0.9999265199070109	-7496605735703121e-20	0	1.1748431667729031	0.10628391747708268	0.06855924929582054
5.969999999999969	0.05235987755982988	0	1	0.05754110539682138	0.42572789965668606	0.0014794107957267731	-0.027117842337818516	0.9999176665187671	0.9999264321128746	-7463732367763328e-20	0	1.17486986121825	0.10628391747708268	0.06858594374116735
5.984999999999968	0.05235987755982988	0	1	0.05756041811883582	0.42584737310939264	0.0014716859247515535	-0.02711632267087489	0.9999176065593945	0.9999263445947073	-7431059459604642e-20	0	1.1748964346324138	0.10628391747708268	0.06861251715533102
5.999999999999968	0.05235987755982988	0	1	0.057579652789465974	0.42596636872521926	0.0014639878709221607	-0.027114812972428983	0.9999175467989436	0.9999262573517467	-7398585401325613e-20	0	1.1749228877744213	0.10628391747708268	0.06863897029733874
