0.015	0.20943951023931953	0	1	0.20839465434252807	23.8472959286013	4.7899349312464246	-5.090823149557591	0.9757377599137352	0.9757377599137352	-0.01	0	1.3143181483393402	0.10628391747708268	0.20803423086225767
0.03	0.20943951023931953	0	1	0.10564071218768122	-41.30731161908365	-8.851826751416988	16.940828005056318	0.9994953452830002	0.9758562513650961	-0.0937283405669136	0	1.112903195299759	0.10628391747708268	0.006619277822676291
0.045	0.20943951023931953	0	1	0.10652335663490094	0.7927768203340703	0.0956203833579748	-0.1058456178432342	0.9994782727100984	0.9760913791297856	-0.004634644309169193	0	1.1162622578730728	0.10628391747708268	0.00997834039599005
0.06	0.20943951023931953	0	1	0.10744571539109116	0.8951389523114552	0.11611039738837399	-0.19250575530433545	0.9994600656975895	0.9763239918011466	-0.017867586410078337	0	1.1198371789387034	0.10628391747708268	0.013553261461620754
0.075	0.20943951023931953	0	1	0.10843012946462553	0.8949847045884289	0.1147125334281623	-0.17009812688238726	0.9994396539403083	0.9765540977787436	-0.013696663441538954	0	1.1233719729060447	0.10628391747708268	0.01708805542896211
0.09	0.20943951023931953	0	1	0.10935402098190576	0.8723926890768705	0.1086179755852434	-0.15453195740852227	0.9994197957073666	0.9767817138239439	-0.01233568065996452	0	1.126684073232992	0.10628391747708268	0.0204001557559093
0.105	0.20943951023931953	0	1	0.11024321224595882	0.8558961667808288	0.10385724278040546	-0.13900924800901898	0.9993997369958842	0.977006866459043	-0.010841092641521497	0	1.1298060796161082	0.10628391747708268	0.023522162139025683
0.12	0.20943951023931953	0	1	0.11109372021188735	0.8429147351103675	0.09988872754681885	-0.1268967230444703	0.9993801814388159	0.9772295817099701	-0.009732649341168553	0	1.1327461153885512	0.10628391747708268	0.026462197911468577
0.135	0.20943951023931953	0	1	0.1119201973859629	0.8375313161193395	0.0975604830408351	-0.11912127190158951	0.9993605681649953	0.9774498860382165	-0.008900075565937172	0	1.1355496502890903	0.10628391747708268	0.029265732812007686
0.15000000000000002	0.20943951023931953	0	1	0.11272721415155655	0.8353393971060428	0.09593002275730092	-0.1136198324311978	0.9993408179002016	0.9776678024631905	-0.00826963480848846	0	1.1382393967861875	0.10628391747708268	0.0319554793091047
0.16500000000000004	0.20943951023931953	0	1	0.11351691912367816	0.8345500239321053	0.09461456460835375	-0.10922890842081663	0.9993209008508845	0.9778833532332477	-0.007753935569536852	0	1.1408275206947014	0.10628391747708268	0.03454360321761865
0.18000000000000005	0.20943951023931953	0	1	0.11429016871978803	0.8341946476705804	0.09340750659916958	-0.10533437399030825	0.9993008157946601	0.9780965602214174	-0.007306654461817654	0	1.1433205131128508	0.10628391747708268	0.037036595635768214
0.19500000000000006	0.20943951023931953	0	1	0.11504760624261828	0.8341020986310813	0.09227200507550314	-0.10180023828107074	0.9992805655991492	0.978307445091325	-0.006912376310184733	0	1.1457237622360725	0.10628391747708268	0.0394398447589899
0.21000000000000008	0.20943951023931953	0	1	0.11580116270851455	0.8370772010200305	0.09178695644075874	-0.10052040683037909	0.9992598375480972	0.9785160277455905	-0.0079775756825158	0	1.1480544669743677	0.10628391747708268	0.041770549497285106
0.2250000000000001	0.20943951023931953	0	1	0.1165422137022463	0.8313055345556931	0.08945415407686359	-0.08721248972098977	0.9992388708055597	0.9787223275297365	-0.006603315285471888	0	1.1503451878305835	0.10628391747708268	0.044061270353500825
0.2400000000000001	0.20943951023931953	0	1	0.1172730839951738	0.8347479222461612	0.08908814342411178	-0.08653042728854787	0.9992176103825849	0.9789263645094214	-0.00628589464639729	0	1.1525754118064704	0.10628391747708268	0.04629149432938764
0.2550000000000001	0.20943951023931953	0	1	0.11799084151250017	0.8355555832213757	0.08817511975367451	-0.08360108558266027	0.9991961534978204	0.9791281587626366	-0.006003635316340309	0	1.1547331882928826	0.10628391747708268	0.048449270815799986
0.27000000000000013	0.20943951023931953	0	1	0.11869627102795606	0.8369409538474185	0.08739707353640283	-0.0812938599065494	0.9991744918508686	0.9793277306086576	-0.005736626090425687	0	1.156825047171735	0.10628391747708268	0.0505411296946524
0.28500000000000014	0.20943951023931953	0	1	0.11939003308526379	0.8386402234984893	0.08669725211846671	-0.07928858627220675	0.9991526192288724	0.9795251000924009	-0.005510094243689249	0	1.1588555253952497	0.10628391747708268	0.05257160791816698
0.30000000000000016	0.20943951023931953	0	1	0.12007270787180936	0.8405721738541099	0.08605780899583547	-0.07750221948425748	0.9991305305164623	0.9797202870029874	-0.005305819156191572	0	1.1608285677844883	0.10628391747708268	0.05454465030740557
0.31500000000000017	0.20943951023931953	0	1	0.12074477971055017	0.842677510231625	0.08546568112328248	-0.07589500524694374	0.9991082225007287	0.9799133108912229	-0.005120546803184058	0	1.1627475584095388	0.10628391747708268	0.056463640932456156
0.3300000000000002	0.20943951023931953	0	1	0.12140662201582753	0.8448798002834542	0.08490431452459324	-0.07441644816892815	0.9990856947466661	0.9801041910952655	-0.0049546413326942065	0	1.1646152389687627	0.10628391747708268	0.05833132149168005
0.3450000000000002	0.20943951023931953	0	1	0.12205855309916429	0.8471628148878211	0.08437002138772105	-0.0730665409879784	0.9990629480522573	0.980292946762676	-0.0048003808648009235	0	1.1664341472833533	0.10628391747708268	0.06015022980627058
0.3600000000000002	0.20943951023931953	0	1	0.12270083684332887	0.8495009515703059	0.0838571927995118	-0.071826070345064	0.999039984621021	0.9804795968654445	-0.004654275637819557	0	1.1682065643014907	0.10628391747708268	0.06192264682440814
0.3750000000000002	0.20943951023931953	0	1	0.12333369070127576	0.8518542726582675	0.08335723401046881	-0.07065660569391985	0.9990168079861154	0.9806641602153436	-0.004518167352289641	0	1.1699344201225053	0.10628391747708268	0.06365050264542259
0.39000000000000024	0.20943951023931953	0	1	0.12395732529629706	0.8542175450980922	0.08286892728941786	-0.06955016248635713	0.9989934216816848	0.9808466554721258	-0.004390056065669776	0	1.1716195344305071	0.10628391747708268	0.06533561695342446
0.40500000000000025	0.20943951023931953	0	1	0.12457195513864502	0.8565922874695527	0.08239247371226284	-0.06850339919979632	0.9989698288357907	0.9810271011430161	-0.004269291786715175	0	1.173263651879257	0.10628391747708268	0.06697973440217421
0.42000000000000026	0.20943951023931953	0	1	0.1251778001070855	0.8589806176894469	0.08192818316377924	-0.06751304666882588	0.9989460320734285	0.9812055155797051	-0.0041551915018320585	0	1.1748684516669397	0.10628391747708268	0.06858453418985702
0.4350000000000003	0.20943951023931953	0	1	0.12577508682267985	0.8613860166570757	0.0814766344748813	-0.066577070453918	0.9989220334157161	0.9813819169743886	-0.004047203357888472	0	1.1764355586262685	0.10628391747708268	0.07015164114918578
0.4500000000000003	0.20943951023931953	0	1	0.12636404822266217	0.8638122139842911	0.08103843925898495	-0.0656939272709254	0.9988978342459943	0.9815563233551763	-0.003944867212396516	0	1.1779665475362653	0.10628391747708268	0.07168263005918266
0.4650000000000003	0.20943951023931953	0	1	0.1269449217818907	0.8662624760845026	0.08061409350144516	-0.06486222157194953	0.9988734353352177	0.9817287525815054	-0.00384778610192683	0	1.1794629429868022	0.10628391747708268	0.0731790255097196
0.4800000000000003	0.20943951023931953	0	1	0.12751794624600932	0.8687387948506926	0.08020381053823486	-0.06408031563068797	0.9988488369413855	0.9818992223402215	-0.003755605165690892	0	1.1809262142971755	0.10628391747708268	0.07464229682009274
0.49500000000000033	0.20943951023931953	0	1	0.12808335715850933	0.8712412128670076	0.07980738518243756	-0.06334601137836661	0.9988240389805179	0.9820677501430448	-0.003667993374829828	0	1.1823577665107134	0.10628391747708268	0.07607384903363072
0.5100000000000003	0.20943951023931953	0	1	0.12864138196915584	0.8737675424869544	0.07942414244850152	-0.06265640906709571	0.9987990412419814	0.9822343533259835	-0.0035846322154501715	0	1.1837589300280098	0.10628391747708268	0.07747501255092719
0.5250000000000004	0.20943951023931953	0	1	0.12919223575763675	0.8763136024178366	0.07905299545070338	-0.06200798676379575	0.9987738436038532	0.9823990490508964	-0.0035052119086747204	0	1.1851309521094247	0.10628391747708268	0.07884703463234204
0.5400000000000004	0.20943951023931953	0	1	0.12973611842781793	0.8788738859168534	0.07869259275373892	-0.061396859950486916	0.9987484462045982	0.9825618543089643	-0.0034294337913160036	0	1.1864749928087015	0.10628391747708268	0.08019107533161875
0.5550000000000004	0.20943951023931953	0	1	0.13027321371475553	0.8814424074711037	0.07834150072079278	-0.060819113202221275	0.9987228495453152	0.9827227859254895	-0.0033570157454762338	0	1.1877921262234572	0.10628391747708268	0.08150820874637449
0.5700000000000004	0.20943951023931953	0	1	0.13080368977962903	0.8840134466798107	0.07799836135828743	-0.06027108696126249	0.9986970545216814	0.9828818605653136	-0.003287697351139442	0	1.1890833461734105	0.10628391747708268	0.08279942869632773
0.5850000000000004	0.20943951023931953	0	1	0.131327700814513	0.8865820133951948	0.07766198915938066	-0.05974954788554065	0.9986710624037956	0.9830390947382397	-0.0032212426477746265	0	1.1903495743740524	0.10628391747708268	0.08406565689696983
0.6000000000000004	0.20943951023931953	0	1	0.13184538903717186	0.889144012139176	0.0773314032787026	-0.0592517355259061	0.9986448747884878	0.9831945048040635	-0.003157440098293195	0	1.1915916691360402	0.10628391747708268	0.08530775165895747
0.6150000000000004	0.20943951023931953	0	1	0.1323568866415671	0.8916961973183416	0.07700581521634241	-0.0587753246277407	0.9986184935437223	0.9833481069770381	-0.0030961005979685996	0	1.1928104332888354	0.10628391747708268	0.08652651581175284
0.6300000000000004	0.20943951023931953	0	1	0.13286231751870692	0.8942360433974812	0.07668459872474377	-0.058318355144595754	0.9985919207549115	0.983499917329754	-0.0030370547599918715	0	1.1940066208662259	0.10628391747708268	0.08772270338914324
0.6450000000000005	0.20943951023931953	0	1	0.13336179874461798	0.8967616218701605	0.07636726147904722	-0.05787916819333944	0.9985651586746187	0.9836499517964601	-0.002980150416702749	0	1.1951809426900935	0.10628391747708268	0.08889702521301078
0.6600000000000005	0.20943951023931953	0	1	0.1338554419016722	0.8992715211478643	0.07605342608845439	-0.05745636294943966	0.9985382096733774	0.9837982261758589	-0.0029252507249959156	0	1.196334071210479	0.10628391747708268	0.09005015373339641
0.6750000000000005	0.20943951023931953	0	1	0.13434335428060512	0.9017648009066053	0.07574281857849699	-0.0570487709740614	0.9985110761899253	0.9839447561333805	-0.0028722328053819397	0	1.197466644888944	0.10628391747708268	0.0911827274118612
0.6900000000000005	0.20943951023931953	0	1	0.13482563995631747	0.9042409529005911	0.07543525841415341	-0.05665543624805425	0.998483760681903	0.9840895572029413	-0.0028209866260880717	0	1.1985792722189845	0.10628391747708268	0.0922953547419018
0.7050000000000005	0.20943951023931953	0	1	0.13530240068710744	0.9066998439630247	0.07513064499794728	-0.05627559044528796	0.9984562655806761	0.9842326447882158	-0.002771413849042047	0	1.1996725353083282	0.10628391747708268	0.09338861783124562
0.7200000000000005	0.20943951023931953	0	1	0.1357737365774757	0.9091416316264377	0.07482893872304056	-0.055908618742135804	0.9984285932549577	0.9843740341634892	-0.0027234264879963605	0	1.2007469928780652	0.10628391747708268	0.09446307540098264
0.7350000000000005	0.20943951023931953	0	1	0.13624743030384745	0.9144823878995789	0.07513644607888091	-0.05762118084461129	0.9984002834816668	0.9845137381674481	-0.004186910490190768	0	1.2019401716328677	0.10628391747708268	0.09565625415578498
0.7500000000000006	0.20943951023931953	0	1	0.13672142401671344	0.9136049926537055	0.07411883490106352	-0.047845458123349324	0.9983714446377121	0.9846517677676401	-0.003106208722907135	0	1.2030373072801268	0.10628391747708268	0.09675338980304414
0.7650000000000006	0.20943951023931953	0	1	0.13719482630326824	0.9196107473682045	0.07456243847629676	-0.05003559570594808	0.9983421227457738	0.9847881345898588	-0.002891032896309538	0	1.2041283883611367	0.10628391747708268	0.09784447088405404
0.7800000000000006	0.20943951023931953	0	1	0.13766303413320347	0.9218816913130552	0.07421849129854993	-0.04932873425334233	0.9983126033367107	0.984922851796705	-0.0028469336427370037	0	1.2051987405534847	0.10628391747708268	0.09891482307640219
0.7950000000000006	0.20943951023931953	0	1	0.13812592007364996	0.9240948031860476	0.07386887918511777	-0.04870141495200712	0.9982829028053795	0.9850559339185675	-0.002753858360289658	0	1.2062494311477105	0.10628391747708268	0.09996551367062786
0.8100000000000006	0.20943951023931953	0	1	0.13858362019294124	0.9263915106640154	0.0735435162046805	-0.048228544331457894	0.9982530210293784	0.9851873954220063	-0.002688276914505128	0	1.2072817010169912	0.10628391747708268	0.10099778353990845
0.8250000000000006	0.20943951023931953	0	1	0.13903620165011946	0.9286677401450791	0.07322025234972063	-0.04777923170714544	0.9982229621383484	0.9853172506496263	-0.0026297318949435435	0	1.2082961445848297	0.10628391747708268	0.10201222710774695
0.8400000000000006	0.20943951023931953	0	1	0.1394837786548743	0.930954207569327	0.07290550112062956	-0.04736965687113731	0.9981927270024734	0.985445513826155	-0.002576394339871645	0	1.2092934251609133	0.10628391747708268	0.10300950768383074
0.8550000000000006	0.20943951023931953	0	1	0.13992646086636717	0.9332445172466964	0.07259779227059773	-0.04699005211471773	0.9981623165305669	0.9855721990436328	-0.0025271335513191496	0	1.21027413556588	0.10628391747708268	0.10399021808879717
0.8700000000000007	0.20943951023931953	0	1	0.14036435208038583	0.9355341559547312	0.0722960628249741	-0.04663460180504576	0.9981317317783964	0.9856973202636574	-0.002480953016996934	0	1.2112388190510617	0.10628391747708268	0.10495490157397895
0.8850000000000007	0.20943951023931953	0	1	0.14079755029997298	0.9378197683627112	0.0719995031715031	-0.04629948180870403	0.9981009739682403	0.9858208913202422	-0.002437290270205341	0	1.2121879797597153	0.10628391747708268	0.10590406228263251
0.9000000000000007	0.20943951023931953	0	1	0.14122614796838248	0.9400985477234608	0.07170742734788715	-0.045981698946213845	0.9980700444968778	0.9859429259227818	-0.0023957464115176904	0	1.2131220879102516	0.10628391747708268	0.10683817043316886
0.9150000000000007	0.20943951023931953	0	1	0.14165023259570417	0.9423683360168753	0.07141929339755071	-0.045678985780382986	0.9980389449135404	0.9860634376589186	-0.0023560310896082568	0	1.2140415845144232	0.10628391747708268	0.10775766703734065
0.9300000000000007	0.20943951023931953	0	1	0.14206988729930353	0.9446274410112627	0.07113466368549805	-0.04538955889566817	0.9980076769005443	0.9861824399971747	-0.0023179251506035034	0	1.2149468848610956	0.10628391747708268	0.10866296738401285
0.9450000000000007	0.20943951023931953	0	1	0.14248519128784495	0.9468745273168174	0.07085318102243293	-0.045111982252985294	0.9979762422549403	0.9862999462893697	-0.0022812571001015174	0	1.2158383813054574	0.10628391747708268	0.10955446382837465
0.9600000000000007	0.20943951023931953	0	1	0.14289622031289959	0.949108547487684	0.07057455334104829	-0.04484508109703173	0.997944642869717	0.9864159697728297	-0.002245889240864129	0	1.2167164456233053	0.10628391747708268	0.11043252814622262
0.9750000000000008	0.20943951023931953	0	1	0.14330304710233993	0.9513286973485637	0.07029854353672582	-0.044587884616303676	0.9979128807136362	0.9865305235723809	-0.00221170865189384	0	1.2175814310741904	0.10628391747708268	0.1112975135971077
0.9900000000000008	0.20943951023931953	0	1	0.14370574177891815	0.9535343859582103	0.0700249624297502	-0.04433958700162108	0.9978809578095212	0.9866436207021142	-0.002178621164343991	0	1.218433674253299	0.10628391747708268	0.11214975677621648
1.0050000000000008	0.20943951023931953	0	1	0.1441043722582097	0.9557252119035863	0.06975366309538478	-0.044099519098612795	0.9978488762115328	0.9867552740669121	-0.002146547190111224	0	1.2192734967661856	0.10628391747708268	0.11298957928910291
1.0200000000000007	0.20943951023931953	0	1	0.1444990046161856	0.9579009412172127	0.06948453558056117	-0.043867126147570885	0.997816637982351	0.9868654964637328	-0.0021154187262183263	0	1.2201012067369896	0.10628391747708268	0.11381728925990695
1.0350000000000006	0.20943951023931953	0	1	0.1448897034159252	0.9600614850104562	0.06921750162287255	-0.0436419491907827	0.9977842451713451	0.9869743005826606	-0.0020851771288057015	0	1.220917100150154	0.10628391747708268	0.11463318267307139
1.0500000000000005	0.20943951023931953	0	1	0.14527653198359014	0.9622068756537027	0.06895250914369225	-0.04342360860977199	0.9977516997948713	0.9870816990077379	-0.0020557714020553097	0	1.2217214620218744	0.10628391747708268	0.11543754454479174
1.0650000000000004	0.20943951023931953	0	1	0.14565955262485183	0.9643372410702855	0.06868952644196943	-0.043211788922792184	0.9977190038198486	0.9871877042176106	-0.002027156839241059	0	1.2225145673970885	0.10628391747708268	0.11623064992000579
1.0800000000000003	0.20943951023931953	0	1	0.14603882677458271	0.96645277746894	0.06842853617357722	-0.043006224498667825	0.9976861591517215	0.9872923285860246	-0.001999293910646492	0	1.2232966821695155	0.10628391747708268	0.11701276469243281
1.0950000000000002	0.20943951023931953	0	1	0.14641441507538405	0.9685537209356431	0.06816952921650118	-0.04280668599367966	0.9976531676277568	0.987395584382224	-0.001972147331370391	0	1.2240680637261767	0.10628391747708268	0.11778414624909415
1.11	0.20943951023931953	0	1	0.1467863773848793	0.9706403193615741	0.06791249873844668	-0.04261296778499837	0.9976200310162789	0.9874974837713095	-0.0019456852689673507	0	1.2248289614242347	0.10628391747708268	0.11854504394715208
1.125	0.20943951023931953	0	1	0.1471547727174983	0.9727128064327515	0.06765743482527842	-0.04242487678212294	0.9975867510219439	0.9875980388146146	-0.001919878669706123	0	1.2255796169164226	0.10628391747708268	0.11929569943934004
1.14	0.20943951023931953	0	1	0.14751965913283976	0.9747713799329939	0.06740432012816527	-0.042242223219404886	0.997553329296508	0.9876972614701582	-0.0018947006943649738	0	1.226320264350425	0.10628391747708268	0.12003634687334228
1.1549999999999998	0.20943951023931953	0	1	0.14788109358823223	0.9768161861310273	0.06715312687405733	-0.04206481387516907	0.9975197674539239	0.9877951635932217	-0.0018701262603354751	0	1.227051130475246	0.10628391747708268	0.12076721299816345
1.1699999999999997	0.20943951023931953	0	1	0.14823913177644923	0.9788473115613388	0.06690381547902158	-0.04189244804809009	0.9974860670881074	0.9878917569370834	-0.0018461316873404432	0	1.2277724346919003	0.10628391747708268	0.12148851721481765
1.1849999999999996	0.20943951023931953	0	1	0.14859382796976092	0.9808647823348836	0.06665633475329741	-0.041724916245585185	0.9974522297914858	0.9879870531539272	-0.001822694440766082	0	1.228484389085403	0.10628391747708268	0.1222004716083203
1.1999999999999995	0.20943951023931953	0	1	0.1489452348885992	0.9828685700376962	0.06641062346256191	-0.0415620012056735	0.9974182571725092	0.9880810637959204	-0.0017997929616596108	0	1.2291871984700782	0.10628391747708268	0.12290328099299559
1.2149999999999994	0.20943951023931953	0	1	0.14929340360780696	0.984858602588319	0.06616661287337999	-0.041403480679408376	0.9973841508706357	0.9881738003164434	-0.0017774065679195296	0	1.22988106047172	0.10628391747708268	0.12359714299463744
1.2299999999999993	0.20943951023931953	0	1	0.14963838350707137	0.9868347779691479	0.06592422982574661	-0.041249131263323954	0.9973499125678051	0.9882652740714383	-0.0017555154086264476	0	1.2305661656601228	0.10628391747708268	0.12428224818304008
1.2449999999999992	0.20943951023931953	0	1	0.14998022226605998	0.9887969785322303	0.06568339984155308	-0.04109873249106954	0.9973155439959529	0.9883554963208385	-0.0017341004534370634	0	1.2312426977358966	0.10628391747708268	0.1249587802588139
1.2599999999999991	0.20943951023931953	0	1	0.15031896590003244	0.990745084699798	0.06544405002501766	-0.0409520708188522	0.9972810469405916	0.9884444782300399	-0.0017131435012481958	0	1.2319108337678268	0.10628391747708268	0.12562691629074413
1.274999999999999	0.20943951023931953	0	1	0.15065465882878823	0.9926789863585267	0.06520611140614904	-0.04080894288593822	0.9972464232408299	0.9885322308713739	-0.0016926271958348886	0	1.2325707444720577	0.10628391747708268	0.12628682699497518
1.289999999999999	0.20943951023931953	0	1	0.15098734397064764	0.9945985920918362	0.06496952077308951	-0.0406691581323112	0.997211674786387	0.9886187652255521	-0.001672535040205767	0	1.2332225945220143	0.10628391747708268	0.12693867704493156
1.3049999999999988	0.20943951023931953	0	1	0.15131706285332447	0.996503835631093	0.06473422187690892	-0.040532540514532006	0.9971768035122291	0.9887040921830553	-0.0016528514046992167	0	1.2338665428776256	0.10628391747708268	0.12758262540054302
1.3199999999999987	0.20943951023931953	0	1	0.15164385573445416	0.9983946801405341	0.06450016615323972	-0.04039892954126033	0.9971418113914398	0.9887882225454454	-0.001633561526470254	0	1.2345027431233195	0.10628391747708268	0.12821882564623696
1.3349999999999986	0.20943951023931953	0	1	0.15196776172569007	1.0002711204820312	0.06426731300352864	-0.04026818065680883	0.9971067004268823	0.9888711670265878	-0.0016146514994872627	0	1.2351313438056648	0.10628391747708268	0.1288474263285821
1.3499999999999985	0.20943951023931953	0	1	0.15228881891536897	1.0021331836830512	0.06403562969317672	-0.04014016503702789	0.9970714726421618	0.9889529362537758	-0.0015961082550404295	0	1.2357524887630489	0.10628391747708268	0.12946857128596626
1.3649999999999984	0.20943951023931953	0	1	0.15260706448563627	1.0039809280998055	0.0638050909793566	-0.040014768977465025	0.9970361300723426	0.9890335407687513	-0.0015779195331929489	0	1.23636631744112	0.10628391747708268	0.13008239996403717
1.3799999999999983	0.20943951023931953	0	1	0.15292253482066298	1.005814441274574	0.063575678475179	-0.039891892860576046	0.9970006747548421	0.9891129910286254	-0.0015600738458391658	0	1.2369729651889168	0.10628391747708268	0.13068904771183407
1.3949999999999982	0.20943951023931953	0	1	0.1532352656032613	1.0076338369054842	0.06334737984477073	-0.039771449859617364	0.9969651087208778	0.9891912974067008	-0.0015425604323772658	0	1.2375725635317536	0.10628391747708268	0.131288646054671
1.4099999999999981	0.20943951023931953	0	1	0.1535452918979202	1.0094392509312422	0.06312018783411624	-0.03965336436711841	0.9969294339877985	0.9892684701932059	-0.0015253692093041063	0	1.2381652404180707	0.10628391747708268	0.13188132294098798
1.424999999999998	0.20943951023931953	0	1	0.1538526482190797	1.0112308372251542	0.06289409924553008	-0.039537570330240544	0.9968936525525508	0.9893445195959509	-0.0015084907154533332	0	1.2387511204387087	0.10628391747708268	0.1324672029616261
1.439999999999998	0.20943951023931953	0	1	0.1541573685843291	1.013008762958346	0.06266911386959118	-0.039424009495909254	0.9968577663864558	0.9894194557409186	-0.001491916054837367	0	1.2393303250183432	0.10628391747708268	0.1330464075412605
1.4549999999999979	0.20943951023931953	0	1	0.15446012919987773	1.017071811454647	0.0629325423052293	-0.04100111202458113	0.9968217015805715	0.9894932882944972	-0.002671519851058255	0	1.2399680208593082	0.10628391747708268	0.1336841033822255
1.4699999999999978	0.20943951023931953	0	1	0.15476975877305066	1.0200306916839827	0.06294643736384206	-0.03516589080530315	0.9967843894741933	0.9895660211301416	-0.001957552840546777	0	1.2405758714129669	0.10628391747708268	0.1342919539358841
1.4849999999999977	0.20943951023931953	0	1	0.15508158505787178	1.0253928571837458	0.06346555822953334	-0.03729950021127286	0.9967463697067502	0.9896376554708435	-0.0016902264320335454	0	1.2411916911591292	0.10628391747708268	0.13490777368204665
1.4999999999999976	0.20943951023931953	0	1	0.15539107515638448	1.0273595547520715	0.0632663647348905	-0.03714557491472819	0.996708190292571	0.9897081979386977	-0.0016872464154919582	0	1.2418008146530992	0.10628391747708268	0.13551689717601653
1.5149999999999975	0.20943951023931953	0	1	0.15569775836841485	1.028947997996362	0.0629911548236769	-0.03675607774080238	0.9966699152070101	0.9897776581285876	-0.0016284045838060388	0	1.2424013838057517	0.10628391747708268	0.1361174663286691
1.5299999999999974	0.20943951023931953	0	1	0.15600173040921322	1.0306270123188737	0.06273942175904101	-0.03651740964929022	0.9966315393395464	0.989846045831924	-0.001589726152958408	0	1.2429939548849864	0.10628391747708268	0.13671003740790386
1.5449999999999973	0.20943951023931953	0	1	0.15630299178781323	1.0322803182007243	0.06248648030678855	-0.03629081844827687	0.9965930693541184	0.989913370750566	-0.0015579960289683406	0	1.2435786354945613	0.10628391747708268	0.13729471801747853
1.5599999999999972	0.20943951023931953	0	1	0.1566015896283767	1.0339370525787563	0.06223846037952255	-0.036088167366326	0.9965545059620668	0.9899796425264565	-0.0015298857334418684	0	1.2441556773331468	0.10628391747708268	0.13787175985606412
1.574999999999997	0.20943951023931953	0	1	0.15689757412634667	1.0355970936804373	0.061995265568682595	-0.035905396001677	0.9965158493016725	0.9900448707098193	-0.0015046613926167959	0	1.2447253308469381	0.10628391747708268	0.13844141336985558
1.589999999999997	0.20943951023931953	0	1	0.15719099238715054	1.037256944376446	0.06175608722150219	-0.035737586495691476	0.996477099730207	0.9901090647583198	-0.0014815026098215355	0	1.2452878235638731	0.10628391747708268	0.13900390608679056
1.6049999999999969	0.20943951023931953	0	1	0.15748188873892333	1.0389142885897908	0.06152037237739852	-0.03558184198055186	0.9964382578014127	0.9901722340400532	-0.0014599343187315737	0	1.2458433641465159	0.10628391747708268	0.1395594466694333
1.6199999999999968	0.20943951023931953	0	1	0.15777030474852952	1.0405671539880519	0.06128764582708188	-0.03543593726224723	0.9963993242807395	0.9902343878364659	-0.0014396408423279245	0	1.2463921440901191	0.10628391747708268	0.14010822661303637
1.6349999999999967	0.20943951023931953	0	1	0.15805627964195562	1.0422140561235833	0.061057539961826834	-0.035298221328131596	0.9963603001051503	0.9902955353451245	-0.0014203969079236705	0	1.2469343404192383	0.10628391747708268	0.14065042294215577
1.6499999999999966	0.20943951023931953	0	1	0.15833985068972428	1.0438538966861848	0.060829772418172084	-0.03516745363991063	0.9963211863442396	0.9903556856820626	-0.0014020380245515281	0	1.2474701179959866	0.10628391747708268	0.14118620051890393
1.6649999999999965	0.20943951023931953	0	1	0.15862105350540925	1.0454858569486172	0.060604122868270216	-0.03504267867546547	0.9962819841702694	0.9904148478837623	-0.0013844400240551709	0	1.247999631316521	0.10628391747708268	0.14171571383943826
1.6799999999999964	0.20943951023931953	0	1	0.1588999222754708	1.0471093234595334	0.06038041679734821	-0.03492314630219696	0.9962426948354139	0.9904730309088542	-0.0013675067570323805	0	1.248523025919284	0.10628391747708268	0.14223910844220133
1.6949999999999963	0.20943951023931953	0	1	0.1591764899362265	1.0487238339255103	0.06015851367478803	-0.03480825673307171	0.9962033196546447	0.9905302436396015	-0.0013511621742243682	0	1.249040439496333	0.10628391747708268	0.14275652201925043
1.7099999999999962	0.20943951023931953	0	1	0.15945078831303275	1.0503290390308877	0.059938298585774846	-0.03469752242067829	0.9961638599926073	0.9905864948832194	-0.0013353450025306694	0	1.24955200278546	0.10628391747708268	0.14326808530837742
1.724999999999996	0.20943951023931953	0	1	0.15972284823268754	1.0519246756789933	0.059719676341979	-0.03459054135229328	0.9961243172532651	0.9906417933730641	-0.0013200050737769739	0	1.250057840299921	0.10628391747708268	0.14377392282283832
1.739999999999996	0.20943951023931953	0	1	0.15999269961652335	1.0535105476659439	0.05950256720882033	-0.03448697782754523	0.9960846928714758	0.9906961477697176	-0.0013051007255223074	0	1.2505580709358282	0.10628391747708268	0.14427415345874556
1.754999999999996	0.20943951023931953	0	1	0.16026037155915118	1.0550865115244787	0.059286903758730136	-0.0343865483815442	0.9960449883059533	0.9907495666619835	-0.0012905969199350485	0	1.25105280848555	0.10628391747708268	0.1447688910084672
1.7699999999999958	0.20943951023931953	0	1	0.16052589239609838	1.0566524661391192	0.059072628546829015	-0.03428901136602768	0.996005205033272	0.990802058567809	-0.0012764638559920694	0	1.2515421620773357	0.10628391747708268	0.14525824460025316
1.7849999999999957	0.20943951023931953	0	1	0.1607892897624549	1.0582083445681305	0.05885969227242227	-0.03419415894400861	0.9959653445426996	0.9908536319351416	-0.0012626759278152578	0	1.2520262365557988	0.10628391747708268	0.1457423190787162
1.7999999999999956	0.20943951023931953	0	1	0.16105059064394117	1.0597541078075396	0.05864805236737544	-0.03410181097333066	0.9959254083317322	0.9909042951427302	-0.0012492109306198123	0	1.2525051328140522	0.10628391747708268	0.14622121533696952
1.8149999999999955	0.20943951023931953	0	1	0.1613098214213749	1.0612897397458163	0.058437671849850575	-0.03401181018518183	0.9958853979022538	0.9909540565008754	-0.0012360494467560507	0	1.2529789480856297	0.10628391747708268	0.146695030608547
1.8299999999999954	0.20943951023931953	0	1	0.1615670079092726	1.0628152429334576	0.05822851836219414	-0.033924018299257945	0.9958453147572719	0.9910029242521392	-0.0012231743648218993	0	1.2534477762024625	0.10628391747708268	0.14716385872537988
1.8449999999999953	0.20943951023931953	0	1	0.16182217538918597	1.0643306353592152	0.0580205634326523	-0.033838313003681356	0.9958051603981897	0.9910509065720152	-0.001210570498532467	0	1.253911707823863	0.10628391747708268	0.1476277903467804
1.8599999999999952	0.20943951023931953	0	1	0.1620753486383024	1.065835947347355	0.05781378177171542	-0.033754585333061804	0.995764936322586	0.9910980115695703	-0.001198224281293001	0	1.2543708306405057	0.10628391747708268	0.14808691316342296
1.8749999999999951	0.20943951023931953	0	1	0.16232655195380666	1.0673312192250737	0.05760815074016229	-0.03367273762540496	0.9957246440224691	0.9911442472880577	-0.0011861235190675384	0	1.2548252295566984	0.10628391747708268	0.14854131207961577
1.889999999999995	0.20943951023931953	0	1	0.16257580917348036	1.0688164992513163	0.057403649879786744	-0.033592681791830545	0.9956842849829671	0.9911896217055106	-0.001174257188541634	0	1.255274986853701	0.10628391747708268	0.1489910693766182
1.904999999999995	0.20943951023931953	0	1	0.16282314369300524	1.0702918419073386	0.05720026052725971	-0.033514337893643865	0.9956438606814202	0.9912341427353177	-0.0011626152709563536	0	1.2557201823364381	0.10628391747708268	0.14943626485935552
1.9199999999999948	0.20943951023931953	0	1	0.16306857848042475	1.0717573063283692	0.056997965463366135	-0.03343763290256885	0.9956033725868291	0.9912778182267865	-0.0011511886142895355	0	1.2561608934656416	0.10628391747708268	0.14987697598855898
1.9349999999999947	0.20943951023931953	0	1	0.16331213608820946	1.073212955075838	0.05679674863915379	-0.033362499697563115	0.995562822159615	0.9913206559656965	-0.0011399688182360437	0	1.2565971954771955	0.10628391747708268	0.15031327800011277
1.9499999999999946	0.20943951023931953	0	1	0.16355383866336434	1.0746588531733767	0.05659659496181546	-0.03328887624605412	0.9955222108516423	0.9913626636748462	-0.0011289481376805573	0	1.2570291614902713	0.10628391747708268	0.15074524401318873
1.9649999999999945	0.20943951023931953	0	1	0.16379370795600398	1.0760950671630611	0.05639749008769612	-0.03321670485477562	0.9954815401064484	0.9914038490145956	-0.0011181194013274286	0	1.2574568626056688	0.10628391747708268	0.15117294512858612
1.9799999999999944	0.20943951023931953	0	1	0.16403176532681993	1.077521664583342	0.05619942030690317	-0.033145931638759195	0.9954408113596248	0.9914442195834068	-0.0011074759429143446	0	1.2578803679956563	0.10628391747708268	0.1515964505185737
1.9949999999999943	0.20943951023931953	0	1	0.16426803175384946	1.078938713352164	0.056002372408901935	-0.03307650598955681	0.9954000260392896	0.991483782918383	-0.0010970115428968507	0	1.258299744986496	0.10628391747708268	0.15201582750941336
2.0099999999999945	0.20943951023931953	0	1	0.16450252783894276	1.0803462816179252	0.055806333647876266	-0.03300838026120386	0.9953591855665852	0.9915225464958073	-0.001086720379016309	0	1.258715059134732	0.10628391747708268	0.1524311416576493
2.0249999999999946	0.20943951023931953	0	1	0.16473527381429282	1.0817444373837843	0.0556112916594744	-0.03294150938734212	0.9953182913561436	0.9915605177316805	-0.0010765969843264628	0	1.259126374298228	0.10628391747708268	0.15284245682114525
2.0399999999999947	0.20943951023931953	0	1	0.16496628954935358	1.0831332486537903	0.05541723448735267	-0.03287585072669356	0.9952773448164547	0.9915977039822582	-0.0010666362116398328	0	1.2595337527028339	0.10628391747708268	0.1532498352257512
2.054999999999995	0.20943951023931953	0	1	0.1651955945584053	1.0845127833577086	0.05522415056100635	-0.03281136383408482	0.9952363473500906	0.9916341125445853	-0.0010568332033359814	0	1.259937255005438	0.10628391747708268	0.15365333752835528
2.069999999999995	0.20943951023931953	0	1	0.16542320800894728	1.0858831097325436	0.05503202876861257	-0.03274801042898697	0.9951953003537412	0.9916697506570262	-0.0010471833657735455	0	1.260336940354039	0.10628391747708268	0.15405302287695624
2.084999999999995	0.20943951023931953	0	1	0.16564914873100856	1.0872442961977626	0.05484085841999187	-0.03268575417261544	0.9951542052180365	0.9917046254997897	-0.0010376823474456437	0	1.2607328664453328	0.10628391747708268	0.15444894896825015
2.099999999999995	0.20943951023931953	0	1	0.165873435227364	1.0885964119814877	0.054650629366942316	-0.03262456076135471	0.9951130633271477	0.9917387441954449	-0.0010283260203353588	0	1.2611250895801656	0.10628391747708268	0.15484117210308282
2.1149999999999953	0.20943951023931953	0	1	0.1660960856845518	1.0899395270652488	0.05446133197669137	-0.03256439775964936	0.9950718760581724	0.9917721138094276	-0.001019110463694328	0	1.2615136647170755	0.10628391747708268	0.1552297472399929
2.1299999999999955	0.20943951023931953	0	1	0.1663171179845008	1.091273712472272	0.054272957176729114	-0.032505234587058056	0.9950306447803341	0.9918047413505348	-0.0010100319498669746	0	1.2618986455240235	0.10628391747708268	0.15561472804694093
2.1449999999999956	0.20943951023931953	0	1	0.16653654971651038	1.092599040487421	0.05408549648402239	-0.032447042494281986	0.9949893708540332	0.9918366337714042	-0.0010010869315938478	0	1.262280084428312	0.10628391747708268	0.1559961669512294
2.1599999999999957	0.20943951023931953	0	1	0.16675439818928345	1.093915584654733	0.05389894198650402	-0.03238979446668096	0.9949480556298042	0.9918677979689811	-0.0009922720304440557	0	1.2626580326646173	0.10628391747708268	0.15637411518753458
2.174999999999996	0.20943951023931953	0	1	0.16697068044269456	1.0952234196859538	0.0537132863058834	-0.03233346510913583	0.9949067004472368	0.991898240784968	-0.0009835840260763891	0	1.2630325403210152	0.10628391747708268	0.15674862284393248
2.189999999999996	0.20943951023931953	0	1	0.16718541325898392	1.0965226215561532	0.053528522601136275	-0.03227803062299197	0.9948653066339247	0.9919279690062613	-0.0009750198461145189	0	1.2634036563828572	0.10628391747708268	0.15711973890577466
2.204999999999996	0.20943951023931953	0	1	0.16739861317309981	1.0978132671752459	0.05334464448338064	-0.032223468627387536	0.9948238755044985	0.9919569893653714	-0.000966576556424916	0	1.26377142877436	0.10628391747708268	0.15748751129727734
2.219999999999996	0.20943951023931953	0	1	0.1676102964819603	1.0990954340942694	0.05316164594018563	-0.03216975800824652	0.9947824083597999	0.9919853085408309	-0.0009582513517721158	0	1.2641359043977944	0.10628391747708268	0.15785198692071167
2.2349999999999963	0.20943951023931953	0	1	0.167820479252467	1.100369200433507	0.05297952130946887	-0.032116878868323456	0.9947409064862384	0.9920129331575919	-0.0009500415467861409	0	1.2644971291702012	0.10628391747708268	0.15821321169311858
2.2499999999999964	0.20943951023931953	0	1	0.16802917732817116	1.1016346442975815	0.05279826514702188	-0.03206481227946568	0.9946993711553643	0.9920398697874128	-0.0009419445671930818	0	1.264855148057602	0.10628391747708268	0.15857123058051933
2.2649999999999966	0.20943951023931953	0	1	0.16823640633456047	1.1028918436024449	0.05261787218436345	-0.032013540207731964	0.9946578036236798	0.992066124949239	-0.0009339579414318999	0	1.2652100051067245	0.10628391747708268	0.1589260876296419
2.2799999999999967	0.20943951023931953	0	1	0.168442181683001	1.1041408756146496	0.05243833722816621	-0.03196304532682826	0.9946162051326932	0.9920917051095791	-0.0009260792925969616	0	1.2655617434743152	0.10628391747708268	0.1592778259972325
2.294999999999997	0.20943951023931953	0	1	0.16864651857342197	1.105381816643157	0.05225965509467578	-0.031913310895239355	0.9945745769092147	0.9921166166828785	-0.0009183063308362914	0	1.2659104054541397	0.10628391747708268	0.15962648797705697
2.309999999999997	0.20943951023931953	0	1	0.16884943199587876	1.1066147417500627	0.05208182055045141	-0.03186432064120976	0.994532920165877	0.9921408660318943	-0.0009106368462105557	0	1.2662560325018208	0.10628391747708268	0.15997211502473813
2.324999999999997	0.20943951023931953	0	1	0.16905093673117505	1.1078397244544	0.0519048282535676	-0.03181605864339831	0.9944912361018582	0.9921644594680719	-0.0009030687020782506	0	1.2665986652576895	0.10628391747708268	0.1603147477806069
2.339999999999997	0.20943951023931953	0	1	0.16925104735074145	1.1090568365745679	0.05172867272580095	-0.03176850926452179	0.9944495259037713	0.9921874032519257	-0.0008955998290582911	0	1.2669383435678419	0.10628391747708268	0.1606544260907592
2.3549999999999973	0.20943951023931953	0	1	0.1694497782160023	1.110266147978337	0.05155334830620503	-0.03172165704347715	0.9944077907466836	0.992209703593427	-0.0008882282195881274	0	1.2672751065036243	0.10628391747708268	0.1609911890265416
2.3699999999999974	0.20943951023931953	0	1	0.16964714347746568	1.1114677265141293	0.05137884914374494	-0.03167548665537629	0.9943660317952173	0.9922313666523964	-0.000880951923140383	0	1.2676089923797775	0.10628391747708268	0.16132507490269485
2.3849999999999976	0.20943951023931953	0	1	0.1698431570737824	1.11266163805293	0.051205169213447504	-0.03162998291025037	0.9943242502046848	0.9922523985389051	-0.0008737690420970361	0	1.2679400387714819	0.10628391747708268	0.16165612129439919
2.3999999999999977	0.20943951023931953	0	1	0.1700378327310141	1.113847946369992	0.05103230229797451	-0.03158513068069037	0.9942824471222047	0.992272805313683	-0.0008666777282897611	0	1.268268282530551	0.10628391747708268	0.16198436505346836
2.414999999999998	0.20943951023931953	0	1	0.17023118396233772	1.115026713427048	0.05086024205330386	-0.031540914984415	0.9942406236877466	0.9922925929885329	-0.0008596761802443314	0	1.2685937598010193	0.10628391747708268	0.1623098423239366
2.429999999999998	0.20943951023931953	0	1	0.17042322406839255	1.1161979993386821	0.05068898200579408	-0.031497320933067	0.994198781035056	0.9923117675267509	-0.0008527626410403118	0	1.2689165060343564	0.10628391747708268	0.16263258855727375
2.444999999999998	0.20943951023931953	0	1	0.17061396613844262	1.1173618627740933	0.05051851563992685	-0.03145433385081049	0.9941569202924118	0.992330334843551	-0.0008459353968326545	0	1.2692365560045313	0.10628391747708268	0.16295263852744865
2.459999999999998	0.20943951023931953	0	1	0.1708034230524813	1.1185183610202978	0.05034883641192331	-0.031411939251585724	0.9941150425831797	0.9923483008064925	-0.0008391927758800712	0	1.2695539438231034	0.10628391747708268	0.16327002634602078
2.4749999999999983	0.20943951023931953	0	1	0.17099160748435388	1.1196675504594285	0.05017993784903976	-0.03137012298012099	0.9940731490261344	0.9923656712359054	-0.0008325331480930246	0	1.2698687029544977	0.10628391747708268	0.16358478547741515
2.4899999999999984	0.20943951023931953	0	1	0.171178531905912	1.1208094868166316	0.05001181359771448	-0.031328871258912476	0.9940312407355337	0.9923824519053164	-0.0008259549249056686	0	1.2701808662315586	0.10628391747708268	0.16389694875447597
2.5049999999999986	0.20943951023931953	0	1	0.17136420859214643	1.1219442252832954	0.049844457442931284	-0.0312881706855396	0.9939893188209479	0.9923986485418682	-0.0008194565594037487	0	1.27049046587143	0.10628391747708268	0.1642065483943474
2.5199999999999987	0.20943951023931953	0	1	0.17154864962718172	1.1230718211070783	0.049677863424764074	-0.031248008421108118	0.9939473843868568	0.9924142668267327	-0.0008130365465971134	0	1.27079753349175	0.10628391747708268	0.16451361601466746
2.534999999999999	0.20943951023931953	0	1	0.17173186691096004	1.1241923295664953	0.04951202582243244	-0.031208372135296328	0.9939054385320456	0.9924293123955145	-0.0008066934236121778	0	1.271102100127095	0.10628391747708268	0.16481818265001225
2.549999999999999	0.20943951023931953	0	1	0.171913872166395	1.1253058063231358	0.04934693921743047	-0.031169250110387337	0.9938634823488427	0.9924437908386434	-0.0008004257698173865	0	1.271404196245559	0.10628391747708268	0.16512027876847613
2.564999999999999	0.20943951023931953	0	1	0.1720946769467554	1.1264123074644092	0.04918259849020551	-0.03113063122815861	0.9938215169222476	0.9924577077017565	-0.0007942322066709793	0	1.2717038517653265	0.10628391747708268	0.16541993428824386
2.579999999999999	0.20943951023931953	0	1	0.17227429264303148	1.1275118895524248	0.04901899881801883	-0.03109250496758618	0.9937795433290078	0.992471068486065	-0.0007881113973036395	0	1.272001096071075	0.10628391747708268	0.1657171785939924
2.5949999999999993	0.20943951023931953	0	1	0.1724527304910546	1.1286046097161597	0.048856135682395385	-0.031054861427986937	0.9937375626366931	0.992483878648711	-0.000782062045778061	0	1.2722959580300364	0.10628391747708268	0.1660120405529537
2.6099999999999994	0.20943951023931953	0	1	0.17263000157817504	1.1296905255148058	0.04869400482876676	-0.03101769126718036	0.9936955759028225	0.9924961436031086	-0.0007760828960136195	0	1.2725884660075735	0.10628391747708268	0.16630454853049081
2.6249999999999996	0.20943951023931953	0	1	0.1728061168493493	1.1307696948477868	0.04853260223720163	-0.030980985664408503	0.993653584174078	0.9925078687192765	-0.0007701727304390127	0	1.2728786478821412	0.10628391747708268	0.16659473040505868
2.6399999999999997	0.20943951023931953	0	1	0.17298108711253443	1.1318421758267092	0.048371924086455076	-0.03094473627244034	0.9936115884856401	0.9925190593241581	-0.000764330368397047	0	1.2731665310595333	0.10628391747708268	0.16688261358245055
2.655	0.20943951023931953	0	1	0.17315492304334668	1.13290802663017	0.048211966715891064	-0.030908935165594034	0.9935695898606615	0.9925297207019327	-0.0007585546643767405	0	1.2734521424863545	0.10628391747708268	0.16716822500927192
2.67	0.20943951023931953	0	1	0.17332763518898486	1.1339673053182513	0.04805272658036569	-0.030873574772743512	0.9935275893098853	0.9925398580943202	-0.0007528445061385362	0	1.2737355086626954	0.10628391747708268	0.16745159118561262
2.685	0.20943951023931953	0	1	0.17349923397147063	1.1350200697569237	0.04789420022990093	-0.03083864785429942	0.993485587831406	0.9925494767008785	-0.0007471988128219719	0	1.2740166556540107	0.10628391747708268	0.16773273817692796
2.7	0.20943951023931953	0	1	0.1736697296902917	1.1360663773378163	0.04773638424710824	-0.030804147394939998	0.9934435864105562	0.992558581679296	-0.0007416165330772508	0	1.2742956091022526	0.10628391747708268	0.1680116916251699
2.7150000000000003	0.20943951023931953	0	1	0.173839132524565	1.1371062850396645	0.04757927525823624	-0.030770066631298054	0.9934015860198983	0.9925671781456825	-0.000736096643342696	0	1.2745723942363152	0.10628391747708268	0.1682884767592325
2.7300000000000004	0.20943951023931953	0	1	0.17400745253484806	1.138139849193447	0.047422869881953766	-0.030736398956663018	0.9933595876192927	0.992575271174855	-0.0007306381462392265	0	1.2748470358818786	0.10628391747708268	0.16856311840479601
2.7450000000000006	0.20943951023931953	0	1	0.17417469966472812	1.1391671254858073	0.047267164729217465	-0.03070313791829442	0.9933175921560154	0.9925828658006235	-0.0007252400691798035	0	1.2751195584707475	0.10628391747708268	0.16883564099366496
2.7600000000000007	0.20943951023931953	0	1	0.17434088374228446	1.140188169084663	0.047112156429337304	-0.030670277261193	0.9932756005649014	0.9925899670160742	-0.0007199014631463406	0	1.2753899860497535	0.10628391747708268	0.16910606857267077
2.775000000000001	0.20943951023931953	0	1	0.17450601448149725	1.1412030343444892	0.04695784156676369	-0.030637810800566084	0.993233613768496	0.9925965797738514	-0.0007146214015818796	0	1.2756583422892942	0.10628391747708268	0.16937442481221165
2.790000000000001	0.20943951023931953	0	1	0.17467010148362563	1.1422117750408993	0.04680421673039506	-0.030605732507457253	0.9931916326772114	0.9926027089864392	-0.0007093989794399115	0	1.2759246504915445	0.10628391747708268	0.16964073301446175
2.805000000000001	0.20943951023931953	0	1	0.17483315423854673	1.143214444351075	0.046651278508900246	-0.030574036492761737	0.993149658189488	0.9926083595264406	-0.000704233312238652	0	1.276188933598346	0.10628391747708268	0.1699050161212633
2.820000000000001	0.20943951023931953	0	1	0.17499518212602772	1.144211094634877	0.04649902344377241	-0.030542716912434695	0.9931076911919682	0.9926135362268559	-0.0006991235351441353	0	1.2764512141987867	0.10628391747708268	0.17016729672170408
2.8350000000000013	0.20943951023931953	0	1	0.17515619441689864	1.1452017778003944	0.046347448106784345	-0.030511768110157	0.9930657325596937	0.992618243881361	-0.0006940688021033313	0	1.276711514536454	0.10628391747708268	0.1704275970593713
2.8500000000000014	0.20943951023931953	0	1	0.17531620027410966	1.1461865448367594	0.046196549000652565	-0.030481184425334592	0.9930237831563289	0.9926224872445836	-0.0006890682849076497	0	1.2769698565163667	0.10628391747708268	0.1706859390392841
2.8650000000000015	0.20943951023931953	0	1	0.17547520875367753	1.1471654461562555	0.04604632263192701	-0.030450960327946308	0.9929818438344125	0.9926262710323805	-0.0006841211723992712	0	1.2772262617116013	0.10628391747708268	0.17094234423451862
2.8800000000000017	0.20943951023931953	0	1	0.17563322880555368	1.1481385314285573	0.04589676547606408	-0.03042109034791493	0.992939915435628	0.9926295999221136	-0.0006792266696587536	0	1.2774807513696405	0.10628391747708268	0.1711968338925577
2.895000000000002	0.20943951023931953	0	1	0.17579026927446217	1.1491058494993487	0.045747873960460345	-0.030391569037171086	0.9928979987910816	0.9926324785529265	-0.0006743839973391317	0	1.2777333464184901	0.10628391747708268	0.17144942894140747
2.910000000000002	0.20943951023931953	0	1	0.17594633890076944	1.1500674486478863	0.04559964451942017	-0.030362391066563667	0.9928560947215714	0.9926349115260205	-0.0006695923911246608	0	1.277984067472618	0.10628391747708268	0.1717001499955353
2.925000000000002	0.20943951023931953	0	1	0.17610144632144364	1.1510233763344613	0.04545207354045436	-0.030333551115055913	0.9928142040378306	0.9926369034049314	-0.000664851101268117	0	1.2782329348387629	0.10628391747708268	0.1719490173616802
2.940000000000002	0.20943951023931953	0	1	0.17625560007115157	1.1519736794208006	0.04530515741075308	-0.03030504394801104	0.9927723275407312	0.9926384587158045	-0.0006601593923066742	0	1.2784799685216681	0.10628391747708268	0.17219605104458552
2.9550000000000023	0.20943951023931953	0	1	0.1764088085835215	1.152918404261811	0.04515889253589425	-0.030276864442481594	0.9927304660214397	0.9926395819476698	-0.0006555165428333385	0	1.2787251882297677	0.10628391747708268	0.17244127075268506
2.9700000000000024	0.20943951023931953	0	1	0.1765610801925772	1.1538575965814726	0.0450132753122405	-0.030249007525127526	0.9926886202615182	0.992640277552715	-0.0006509218453343262	0	1.2789686133808527	0.10628391747708268	0.17268469590376995
2.9850000000000025	0.20943951023931953	0	1	0.17671242313432214	1.1547913017391604	0.04486830218193902	-0.030221468268170838	0.9926467910329789	0.9926405499465569	-0.000646374606090795	0	1.2792102631077151	0.10628391747708268	0.1729263456306325
3.0000000000000027	0.20943951023931953	0	1	0.17686284554843118	1.1557195645543377	0.044723969593760654	-0.03019424180860183	0.9926049790982987	0.9926404035085102	-0.0006418741450180453	0	1.2794501562637615	0.10628391747708268	0.17316623878667872
3.015000000000003	0.20943951023931953	0	1	0.17701235547999017	1.156642429525159	0.04458027404751291	-0.03016732342838126	0.9925631852104111	0.9926398425818538	-0.0006374197955166678	0	1.279688311428562	0.10628391747708268	0.17340439395147933
3.030000000000003	0.20943951023931953	0	1	0.17716096088121278	1.1575599407737311	0.04443721208035886	-0.030140708526935144	0.9925214101126932	0.9926388714740945	-0.0006330109042073012	0	1.2799247469133066	0.10628391747708268	0.17364082943622394
3.045000000000003	0.20943951023931953	0	1	0.17730866961306618	1.1584721420003128	0.044294780255198174	-0.03011439259982818	0.9924796545389696	0.9926374944572277	-0.0006286468306031565	0	1.2801594807661196	0.10628391747708268	0.17387556328903706
3.060000000000003	0.20943951023931953	0	1	0.17745548944674844	1.159379076487284	0.04415297515992456	-0.030088371239925662	0.9924379192135477	0.9926357157679961	-0.0006243269466965689	0	1.2803925307772022	0.10628391747708268	0.17410861330011942
3.0750000000000033	0.20943951023931953	0	1	0.1776014280649784	1.160280787142158	0.04401179341536676	-0.03006264015598799	0.9923962048512991	0.9926335396081458	-0.0006200506364786103	0	1.2806239144837672	0.10628391747708268	0.1743399970066845
3.0900000000000034	0.20943951023931953	0	1	0.17774649306309015	1.1611773162737369	0.043871231626919055	-0.030037195084362645	0.9923545121577899	0.9926309701446817	-0.0006158172954039464	0	1.2808536491747597	0.10628391747708268	0.17456973169767717
3.1050000000000035	0.20943951023931953	0	1	0.17789069194995533	1.1620687057835921	0.043731286424808447	-0.03001203186780177	0.9923128418294571	0.9926280115101211	-0.000611626329900688	0	1.2810817518953628	0.10628391747708268	0.17479783441828023
3.1200000000000037	0.20943951023931953	0	1	0.1780340321487873	1.1629549969341573	0.04359195441460731	-0.02998714636190667	0.9922711945538145	0.9926246678027475	-0.000607477156875787	0	1.2813082394513182	0.10628391747708268	0.17502432197423556
3.135000000000004	0.20943951023931953	0	1	0.17817652099790393	1.1638362304602885	0.04345323220081582	-0.02996253447755028	0.9922295710096691	0.9926209430868629	-0.0006033692033655025	0	1.2815331284131002	0.10628391747708268	0.17524921093601764
3.150000000000004	0.20943951023931953	0	1	0.17831816575154377	1.1647124466591074	0.04331511640567681	-0.02993819221126189	0.9921879718673196	0.9926168413930408	-0.0005993019062821421	0	1.281756435120002	0.10628391747708268	0.17547251764291924
3.165000000000004	0.20943951023931953	0	1	0.17845897358082466	1.1655836851999726	0.043177603628145766	-0.02991411555936487	0.9921463977887085	0.9926123667183779	-0.0005952747122905018	0	1.2819781756841875	0.10628391747708268	0.17569425820710488
3.180000000000004	0.20943951023931953	0	1	0.17859895157492067	1.1664499854499124	0.043040690511894186	-0.02989030063706171	0.9921048494275077	0.9926075230267439	-0.0005912870778666199	0	1.2821983659947704	0.10628391747708268	0.17591444851768778
3.1950000000000043	0.20943951023931953	0	1	0.17873810674250207	1.1673113863887046	0.042904373725452416	-0.029866743629925196	0.9920633274291152	0.9926023142490307	-0.0005873384694059747	0	1.2824170217219535	0.10628391747708268	0.17613310424487091
3.2100000000000044	0.20943951023931953	0	1	0.17887644601344585	1.1681679267131326	0.042768649981907575	-0.029843440821057825	0.9920218324305649	0.9925967442833968	-0.0005834283634385973	0	1.2826341583212564	0.10628391747708268	0.17635024084417364
3.2250000000000045	0.20943951023931953	0	1	0.1790139762407772	1.1690196449820207	0.04263351606669988	-0.029820388635490594	0.9919803650603523	0.9925908169955099	-0.0005795562468381788	0	1.2828497910378203	0.10628391747708268	0.17656587356073772
3.2400000000000047	0.20943951023931953	0	1	0.17915070420276968	1.1698665796100183	0.04249896883286669	-0.029797583625938866	0.9919389259381994	0.992584536218783	-0.0005757216169700945	0	1.2830639349107686	0.10628391747708268	0.17678001743368607
3.255000000000005	0.20943951023931953	0	1	0.17928663660509714	1.1707087688941937	0.0423650052031003	-0.029775022475302643	0.9918975156747883	0.9925779057546075	-0.0005719239817467017	0	1.2832766047775677	0.10628391747708268	0.17699268730048506
3.270000000000005	0.20943951023931953	0	1	0.1794217800829165	1.1715462510924037	0.04223162218293078	-0.029752702024392733	0.9918561348714985	0.9925709293725804	-0.000568162859534752	0	1.2834878152783264	0.10628391747708268	0.1772038978012438
3.285000000000005	0.20943951023931953	0	1	0.17955614120276062	1.1723790643414786	0.04209881684026065	-0.029730619239542188	0.9918147841201893	0.992563610810727	-0.0005644377788841594	0	1.2836975808599642	0.10628391747708268	0.17741366338288145
3.300000000000005	0.20943951023931953	0	1	0.17968972646413628	1.173207246558971	0.04196658628205027	-0.02970877117784108	0.9917734640030585	0.992555953775719	-0.0005607482780938523	0	1.2839059157801787	0.10628391747708268	0.17762199830309588
3.3150000000000053	0.20943951023931953	0	1	0.1798225423007446	1.1740308354021645	0.041834927644014724	-0.02968715497891786	0.9917321750926082	0.9925479619430916	-0.0005570939046285684	0	1.2841128341111556	0.10628391747708268	0.17782891663407288
3.3300000000000054	0.20943951023931953	0	1	0.17995459508128372	1.1748498682824473	0.04170383809302641	-0.0296657678813908	0.9916909179517335	0.9925396389574555	-0.0005534742144135426	0	1.2843183497429806	0.10628391747708268	0.17803443226589788
3.3450000000000055	0.20943951023931953	0	1	0.18008589110982104	1.1756643819754093	0.04157331474455933	-0.02964460707740833	0.9916496931339434	0.9925309884327114	-0.0005498887710295332	0	1.2845224763867276	0.10628391747708268	0.1782385589096449
3.3600000000000056	0.20943951023931953	0	1	0.18021643662577014	1.1764744128536355	0.04144335471338745	-0.029623669818067095	0.991608501183706	0.9925220139522637	-0.0005463371449415591	0	1.2847252275772267	0.10628391747708268	0.1784413101001442
3.3750000000000058	0.20943951023931953	0	1	0.1803462378035299	1.177279996533817	0.04131395504056179	-0.02960295328126577	0.991567342636906	0.9925127190692358	-0.0005428189126793286	0	1.2849266166755295	0.10628391747708268	0.17864269919844683
3.390000000000006	0.20943951023931953	0	1	0.1804753007518748	1.1780811680458076	0.04118511273189612	-0.029582454647714335	0.9915262180213871	0.9925031073066889	-0.0005393336561589563	0	1.2851266568711075	0.10628391747708268	0.17884273939402476
3.405000000000006	0.20943951023931953	0	1	0.18060363151319556	1.178877961560903	0.04105682470310171	-0.029562170996052236	0.9914851278575523	0.9924931821578443	-0.0005358809620536011	0	1.2853253611838353	0.10628391747708268	0.1790414437067526
3.420000000000006	0.20943951023931953	0	1	0.18073123606269959	1.1796704104974889	0.04092908780522114	-0.02954209934681803	0.991444072658987	0.9924829470863095	-0.000532460421352661	0	1.285522742465818	0.10628391747708268	0.17923882498873536
3.4350000000000063	0.20943951023931953	0	1	0.1808581203076698	1.1804585475053082	0.040801898824120025	-0.029522236654006162	0.9914030529330742	0.9924724055263073	-0.0005290716290371404	0	1.2857188134031206	0.10628391747708268	0.1794348959260379
3.4500000000000064	0.20943951023931953	0	1	0.18098429008687483	1.1812424045792447	0.04067525450714929	-0.029502579845690383	0.9913620691815688	0.9924615608829106	-0.0005257141839255263	0	1.2859135865174618	0.10628391747708268	0.17962966904037922
3.4650000000000065	0.20943951023931953	0	1	0.1811097511701983	1.1820220129204664	0.040549151535589606	-0.029483125760152697	0.9913211219011107	0.9924504165322775	-0.0005223876886346319	0	1.2861070741679261	0.10628391747708268	0.17982315669084345
3.4800000000000066	0.20943951023931953	0	1	0.1812345092585346	1.1827974031293866	0.040423586566994935	-0.02946387121389254	0.9912802115836543	0.9924389758218917	-0.0005190917496969826	0	1.2862992885527311	0.10628391747708268	0.1800153710756485
3.4950000000000068	0.20943951023931953	0	1	0.18135856998397512	1.1835686053537817	0.04029855626731488	-0.029444813050386397	0.9912393387168077	0.9924272420708018	-0.0005158259777454404	0	1.286490241711088	0.10628391747708268	0.18020632423400534
3.510000000000007	0.20943951023931953	0	1	0.18148193891028544	1.1843356491862338	0.04017405728904122	-0.029425948087305382	0.9911985037840745	0.992415218569863	-0.0005125899877533438	0	1.2866799455251672	0.10628391747708268	0.18039602804808447
3.525000000000007	0.20943951023931953	0	1	0.1816046215336548	1.1850985638830545	0.040050086317033384	-0.029407273193560412	0.9911577072650034	0.9924029085819768	-0.0005093833993448407	0	1.2868684117221778	0.10628391747708268	0.18058449424509515
3.540000000000007	0.20943951023931953	0	1	0.1817266232836924	1.1858573782781863	0.03992664004891447	-0.029388785243923708	0.9911169496352515	0.9923903153423307	-0.0005062058370742195	0	1.287055651876563	0.10628391747708268	0.18077173439948024
3.5550000000000073	0.20943951023931953	0	1	0.18184794952462824	1.1866121210186944	0.03980371524332216	-0.029370481204317494	0.9910762313665712	0.9923774420586349	-0.0005030569307419934	0	1.2872416774122917	0.10628391747708268	0.18095775993520893
3.5700000000000074	0.20943951023931953	0	1	0.18196860555668334	1.1873628205515474	0.039681308714875546	-0.02935235811774665	0.9910355529267301	0.9923642919113564	-0.0004999363156495923	0	1.2874264996052454	0.10628391747708268	0.1811425821281627
3.5850000000000075	0.20943951023931953	0	1	0.18208859661757082	1.1881095050472503	0.03955941731538834	-0.029334413065744382	0.9909949147793784	0.9923508680539499	-0.0004968436328415426	0	1.2876101295856768	0.10628391747708268	0.18132621210859415
3.6000000000000076	0.20943951023931953	0	1	0.18220792788409415	1.1888522027819124	0.03943803801227233	-0.029316643315599255	0.9909543173838694	0.9923371736130847	-0.000493778529345554	0	1.287792578340727	0.10628391747708268	0.1815086608636442
3.6150000000000078	0.20943951023931953	0	1	0.1823266044738178	1.1895909416041492	0.03931716777222072	-0.029299046099095585	0.9909137611950437	0.9923232116888674	-0.0004907406582964491	0	1.2879738567169916	0.10628391747708268	0.18168993923990884
3.630000000000008	0.20943951023931953	0	1	0.18244463144678627	1.1903257495465482	0.03919680368803613	-0.02928161885348822	0.9908732466629833	0.99230898535506	-0.00048772967916168393	0	1.2881539754231206	0.10628391747708268	0.181870057946038
3.645000000000008	0.20943951023931953	0	1	0.18256201380727274	1.1910566544937429	0.039076942904838624	-0.029264359082358398	0.9908327742327411	0.992294497659293	-0.0004847452578011152	0	1.2883329450324412	0.10628391747708268	0.18204902755535862
3.660000000000008	0.20943951023931953	0	1	0.18267875650554827	1.1917836843012897	0.038957582642020955	-0.029247264398615688	0.9907923443440511	0.9922797516232751	-0.00048178706659970184	0	1.2885107759856005	0.10628391747708268	0.18222685850851786
3.6750000000000083	0.20943951023931953	0	1	0.1827948644396479	1.1925068667951129	0.03883872018979789	-0.029230332519731977	0.990751957431023	0.992264750242995	-0.00047885478452757275	0	1.2886874785932096	0.10628391747708268	0.18240356111612696
3.6900000000000084	0.20943951023931953	0	1	0.18291034245712737	1.1932262298467928	0.03872035292187481	-0.029213561293946425	0.9907116139218274	0.9922494964889212	-0.00047594809718849436	0	1.288863063038491	0.10628391747708268	0.18257914556140825
3.7050000000000085	0.20943951023931953	0	1	0.1830251953567886	1.1939418012276786	0.03860247826115057	-0.029196948637770007	0.9906713142383784	0.9922339933061947	-0.0004730666968191619	0	1.2890375393799098	0.10628391747708268	0.18275362190282718
3.7200000000000086	0.20943951023931953	0	1	0.18313942789035645	1.1946536088328017	0.038485093724116126	-0.02918049262331628	0.9906310587960175	0.9922182436148168	-0.0004702102822889186	0	1.2892109175537847	0.10628391747708268	0.18292700007670207
3.7350000000000088	0.20943951023931953	0	1	0.18325304476408713	1.1953616804533496	0.038368196869432464	-0.029164191384261004	0.9905908480032108	0.9922022503098332	-0.00046737855901066074	0	1.289383207376859	0.10628391747708268	0.1830992898997763
3.750000000000009	0.20943951023931953	0	1	0.1833660506402845	1.1960660439519921	0.03825178533233303	-0.02914804318519521	0.9905506822612643	0.9921860162615116	-0.0004645712388635389	0	1.2895544185488244	0.10628391747708268	0.18327050107174175
3.765000000000009	0.20943951023931953	0	1	0.1834784501387032	1.1967667270999676	0.03813585678737602	-0.02913204635541459	0.9905105619640688	0.9921695443155164	-0.0004617880400249848	0	1.2897245606547796	0.10628391747708268	0.18344064317769682
3.780000000000009	0.20943951023931953	0	1	0.18359024783781644	1.1974637576449902	0.03802040896055858	-0.02911619931686668	0.9904704874978822	0.9921528372930785	-0.00045902868679227436	0	1.289893643167608	0.10628391747708268	0.1836097256905254
3.7950000000000093	0.20943951023931953	0	1	0.18370144827592755	1.1981571632316894	0.03790543961043538	-0.029100500553484863	0.9904304592411586	0.9921358979911609	-0.00045629290933793255	0	1.2900616754502636	0.10628391747708268	0.18377775797318094
3.8100000000000094	0.20943951023931953	0	1	0.1838120559521103	1.198846971500329	0.03779094654751991	-0.029084948653434688	0.9903904775644308	0.9921187291826231	-0.00045358044343912844	0	1.2902286667579488	0.10628391747708268	0.1839447492808661
3.8250000000000095	0.20943951023931953	0	1	0.18392207532696037	1.1995332097823528	0.0376769275684192	-0.029069542189558005	0.9903505428302549	0.9921013336163812	-0.0004508910301346685	0	1.2903946262401718	0.10628391747708268	0.18411070876308902
3.8400000000000096	0.20943951023931953	0	1	0.18403151082315006	1.2002159053451666	0.0375633805071639	-0.02905427982216175	0.9903106553932222	0.9920837140175667	-0.00044822441540293107	0	1.2905595629426738	0.10628391747708268	0.18427564546559114
3.8550000000000098	0.20943951023931953	0	1	0.18414036682577894	1.2008950852294908	0.03745030320040807	-0.02903916023809132	0.9902708156000412	0.9920658730876846	-0.00044558034974857597	0	1.290723485809216	0.10628391747708268	0.18443956833213337
3.87000000000001	0.20943951023931953	0	1	0.1842486476825216	1.201570776062303	0.03733769344791146	-0.029024182080449507	0.9902310237896951	0.9920478135047707	-0.000442958587794145	0	1.2908864036832202	0.10628391747708268	0.18460248620613742
3.88500000000001	0.20943951023931953	0	1	0.1843563577035755	1.202243004277173	0.03722554906008024	-0.029009344042926526	0.9901912802936707	0.9920295379235494	-0.0004403588878819313	0	1.2910483253092568	0.10628391747708268	0.18476440783217413
3.90000000000001	0.20943951023931953	0	1	0.1844635011614271	1.2029117958885158	0.03711386781111553	-0.02899464478417633	0.9901515854362594	0.992011048975593	-0.0004377810116183335	0	1.2912092593343887	0.10628391747708268	0.184925341857306
3.9150000000000102	0.20943951023931953	0	1	0.18457008229045277	1.2035771764765693	0.03700264743733936	-0.02898008292687543	0.9901119395349212	0.9919923492694814	-0.00043522472347730476	0	1.2913692143093625	0.10628391747708268	0.18508529683227976
3.9300000000000104	0.20943951023931953	0	1	0.1846761052863924	1.2042391712003848	0.03689188564177476	-0.028965657067368297	0.9900723429007032	0.9919734413909658	-0.00043268979041148235	0	1.2915281986896732	0.10628391747708268	0.1852442812125906
3.9450000000000105	0.20943951023931953	0	1	0.18478157430572859	1.2048978047559546	0.03678158008728513	-0.02895136576217279	0.9900327958386983	0.9919543279031339	-0.0004301759815037606	0	1.291686220836506	0.10628391747708268	0.18540230335942345
3.9600000000000106	0.20943951023931953	0	1	0.18488649346502128	1.205553101212691	0.03667172836396182	-0.02893720746401059	0.9899932986485278	0.9919350113465786	-0.0004276830676720208	0	1.291843289017581	0.10628391747708268	0.1855593715404985
3.9750000000000107	0.20943951023931953	0	1	0.18499086684024713	1.206205084351903	0.036562328063201976	-0.028923180658769917	0.9899538516248307	0.9919154942395702	-0.00042521082147695154	0	1.2919994114079263	0.10628391747708268	0.18571549393084366
3.990000000000011	0.20943951023931953	0	1	0.18509469846619192	1.20685377732229	0.03645337670648652	-0.028909283725259284	0.9899144550577379	0.9918957790782307	-0.00042275901693507523	0	1.2921545960906033	0.10628391747708268	0.18587067861352075
4.0050000000000106	0.20943951023931953	0	1	0.18519799233594494	1.2074992028212481	0.036344871785679134	-0.028895515005346234	0.9898751092333157	0.991875868336712	-0.0004203274294887055	0	1.292308851057418	0.10628391747708268	0.18602493358033537
4.02000000000001	0.20943951023931953	0	1	0.18530075240053437	1.2081413831186418	0.03623681076950225	-0.02888187280899903	0.9898358144339597	0.991855764467376	-0.00041791583600234833	0	1.2924621842096355	0.10628391747708268	0.18617826673255297
4.03500000000001	0.20943951023931953	0	1	0.18540298256873378	1.2087803400950687	0.03612919111268176	-0.02886835542392253	0.9897965709387281	0.9918354699009762	-0.0004155240148479154	0	1.2926146033587311	0.10628391747708268	0.18633068588164842
4.05000000000001	0.20943951023931953	0	1	0.18550468670706177	1.2094160952095652	0.036022010249630504	-0.028854961095672444	0.9897573790236021	0.9918149870468409	-0.0004131517460403168	0	1.2927661162271906	0.10628391747708268	0.18648219875010805
4.065000000000009	0.20943951023931953	0	1	0.18560586863997977	1.2100486697445858	0.035915265646587535	-0.028841688119115465	0.9897182389616713	0.9917943182930573	-0.00041079881144184046	0	1.2929167304493778	0.10628391747708268	0.18663281297229517
4.080000000000009	0.20943951023931953	0	1	0.18570653215028632	1.2106780845678398	0.0358089547505869	-0.028828534734703513	0.9896791510232414	0.991773466006654	-0.0004084649949485933	0	1.293066453572475	0.10628391747708268	0.18678253609539222
4.095000000000009	0.20943951023931953	0	1	0.1858066809796925	1.211304360467491	0.03570307505985654	-0.028815499256231288	0.9896401154758683	0.9917524325337826	-0.0004061500827597609	0	1.2932152930574998	0.10628391747708268	0.18693137558041717
4.110000000000008	0.20943951023931953	0	1	0.18590631882955558	1.2119275180052074	0.035597624091344704	-0.02880258000462706	0.9896011325843259	0.9917312201998992	-0.0004038538635742054	0	1.2933632562803998	0.10628391747708268	0.18707933880331712
4.125000000000008	0.20943951023931953	0	1	0.18600544936173966	1.2125475776441244	0.035492599406366426	-0.028789775353396888	0.9895622026105193	0.9917098313099411	-0.0004015761288266337	0	1.2935103505332097	0.10628391747708268	0.187226433056127
4.140000000000008	0.20943951023931953	0	1	0.18610407619956726	1.2131645596379248	0.035387998585243774	-0.02877708367875938	0.9895233258133534	0.991688268148502	-0.00039931667285401007	0	1.293656583025267	0.10628391747708268	0.18737266554818433
4.155000000000007	0.20943951023931953	0	1	0.1862022029288235	1.2137784843662605	0.03528381929668051	-0.02876450349101185	0.989484502448575	0.9916665329800041	-0.00039707529307091117	0	1.2938019608844666	0.10628391747708268	0.18751804340738407
4.170000000000007	0.20943951023931953	0	1	0.18629983309877357	1.214389372006576	0.03518005922603995	-0.028752033299496067	0.9894457327685995	0.9916446280488664	-0.000394851790028128	0	1.293946491158541	0.10628391747708268	0.18766257368145825
4.185000000000007	0.20943951023931953	0	1	0.18639697022315835	1.2149972426551239	0.03507671609914062	-0.028739671659957215	0.9894070170223405	0.9916225555796695	-0.000392645967494057	0	1.2940901808163452	0.10628391747708268	0.18780626333926256
4.200000000000006	0.20943951023931953	0	1	0.18649361778113382	1.2156021164128712	0.03497378769871176	-0.028727417208927825	0.9893683554550519	0.9916003177773177	-0.00039045763244977444	0	1.2942330367491344	0.10628391747708268	0.1879491192720518
4.215000000000006	0.20943951023931953	0	1	0.18658977921813227	1.216204013267825	0.03487127183775207	-0.028715268616939616	0.9893297483081948	0.9915779168271973	-0.00038828659503435014	0	1.2943750657718147	0.10628391747708268	0.188091148294732
4.230000000000006	0.20943951023931953	0	1	0.18668545794662658	1.2168029531407984	0.03476916636784941	-0.02870322460836818	0.989291195819337	0.991555354895333	-0.0003861326684723586	0	1.2945162746241574	0.10628391747708268	0.1882323571470747
4.245000000000005	0.20943951023931953	0	1	0.18678065734678997	1.2173989558102	0.03466746916202734	-0.028691283932930457	0.9892526982220884	0.9915326341285412	-0.0003839956689546446	0	1.2946566699719677	0.10628391747708268	0.18837275249488508
4.260000000000005	0.20943951023931953	0	1	0.18687538076705348	1.2179920408834706	0.03456617810774282	-0.02867944535608448	0.9892142557460729	0.9915097566545817	-0.000381875415511382	0	1.2947962584082042	0.10628391747708268	0.18851234093112157
4.275000000000005	0.20943951023931953	0	1	0.18696963152456772	1.218582227901481	0.03446529112836741	-0.028667707702976736	0.9891758686169357	0.9914867245823078	-0.000379771729880812	0	1.2949350464540443	0.10628391747708268	0.18865112897696165
4.2900000000000045	0.20943951023931953	0	1	0.1870634129055875	1.219169536157282	0.03436480614412871	-0.028656069786681566	0.989137537056379	0.9914635400018148	-0.0003776844363609591	0	1.2950730405599038	0.10628391747708268	0.18878912308282117
4.305000000000004	0.20943951023931953	0	1	0.18715672816579723	1.2197539847875576	0.03426472109115372	-0.028644530445899184	0.9890992612822176	0.9914402049845877	-0.00037561336170426556	0	1.2952102471064126	0.10628391747708268	0.18892632962933006
4.320000000000004	0.20943951023931953	0	1	0.18724958053060148	1.2203355927266781	0.0341650339113829	-0.028633088526455398	0.9890610415084491	0.9914167215836484	-0.00037355833501051257	0	1.2953466724053568	0.10628391747708268	0.18906275492827423
4.3350000000000035	0.20943951023931953	0	1	0.18734197319540558	1.220914378800716	0.03406574257225245	-0.02862174291848308	0.9890228779453253	0.9913930918337013	-0.0003715191876603359	0	1.295482322700595	0.10628391747708268	0.1891984052235124
4.350000000000003	0.20943951023931953	0	1	0.18743390932590626	1.2214903615677914	0.03396684503242753	-0.028610492490489442	0.9889847707994166	0.9913693177512787	-0.00036949575325618053	0	1.2956172041689613	0.10628391747708268	0.18933328669187854
4.365000000000003	0.20943951023931953	0	1	0.18752539205841434	1.2220635593810416	0.03386833925477151	-0.02859933611246283	0.9889467202736628	0.9913454013348859	-0.00036748786762135356	0	1.2957513229211615	0.10628391747708268	0.18946740544407878
4.380000000000003	0.20943951023931953	0	1	0.18761642450022556	1.2226339905359729	0.03377022323713025	-0.028588272712397698	0.9889087265674009	0.9913213445651434	-0.00036549536881349355	0	1.2958846850026773	0.10628391747708268	0.1896007675255946
4.395000000000002	0.20943951023931953	0	1	0.18770700973004958	1.223201673124365	0.033672494980594325	-0.0285773012139613	0.9888707898763651	0.9912971494049303	-0.00036351809714479716	0	1.2960172963946792	0.10628391747708268	0.18973337891759648
4.410000000000002	0.20943951023931953	0	1	0.18779715079850404	1.2237666251324257	0.03357515250951548	-0.028566420572368672	0.9888329103926574	0.9912728177995236	-0.0003615558952504959	0	1.2961491630149597	0.10628391747708268	0.18986524553787704
4.425000000000002	0.20943951023931953	0	1	0.18788685072867467	1.2243288644962305	0.033478193882276575	-0.02855562979283322	0.9887950883046861	0.9912483516767379	-0.00035960860815343964	0	1.2962802907188868	0.10628391747708268	0.18999637324180413
4.440000000000001	0.20943951023931953	0	1	0.18797611251673738	1.224888408892617	0.03338161714567395	-0.028544927842332885	0.9887573237970735	0.9912237529470614	-0.0003576760833213093	0	1.2964106853003803	0.10628391747708268	0.19012676782329765
4.455000000000001	0.20943951023931953	0	1	0.18806493913263347	1.2254452761616843	0.03328542042341534	-0.02853431381632971	0.9887196170505366	0.9911990235037902	-0.0003557581707798478	0	1.2965403524929107	0.10628391747708268	0.1902564350158281
4.470000000000001	0.20943951023931953	0	1	0.18815333352078967	1.2259994839423998	0.0331896018372424	-0.028523786788338522	0.9886819682417434	0.9911741652231597	-0.0003538547231289164	0	1.2966692979705188	0.10628391747708268	0.1903853804934362
4.485	0.20943951023931953	0	1	0.1882412986008635	1.2265510499027379	0.033094159554355046	-0.028513345899780714	0.9886443775431523	0.9911491799644734	-0.0003519655956403287	0	1.296797527348848	0.10628391747708268	0.19051360987176527
4.5	0.20943951023931953	0	1	0.18832883726850225	1.2270999916827328	0.03299909177377297	-0.02850299033449477	0.9886068451228404	0.9911240695702285	-0.00035009064627407603	0	1.296925046186188	0.10628391747708268	0.1906411287091054
4.515	0.20943951023931953	0	1	0.18841595239609707	1.2276463268576125	0.03290439671696899	-0.02849271930189493	0.9885693711443274	0.9910988358662388	-0.00034822973570357074	0	1.2970518599845196	0.10628391747708268	0.1907679425074368
4.529999999999999	0.20943951023931953	0	1	0.18850264683351736	1.228190073042692	0.032810072648673944	-0.028482532077909847	0.9885319557664024	0.9910734806617543	-0.00034638272731873107	0	1.2971779741905554	0.10628391747708268	0.19089405671347262
4.544999999999999	0.20943951023931953	0	1	0.1885889234088065	1.2287312478300554	0.03271611786201287	-0.028472427978662833	0.9884945991429618	0.9910480057495782	-0.0003445494871921644	0	1.2973033941967684	0.10628391747708268	0.1910194767196858
4.559999999999999	0.20943951023931953	0	1	0.18867478492882855	1.2292698687000618	0.032622530658401594	-0.02846240632451324	0.9884573014228634	0.9910224129061813	-0.00034272988402749634	0	1.2974281253424	0.10628391747708268	0.19114420786531727
4.574999999999998	0.20943951023931953	0	1	0.18876023417985013	1.2298059531798826	0.032529309380101123	-0.02845246650432592	0.9884200627498029	0.9909967038918136	-0.00034092378909909117	0	1.2975521729144393	0.10628391747708268	0.19126825543735662
4.589999999999998	0.20943951023931953	0	1	0.18884527392804723	1.2303395187557444	0.032436452390596504	-0.028442607940896675	0.9883828832622197	0.990970880450614	-0.0003391310761414306	0	1.2976755421485706	0.10628391747708268	0.19139162467148801
4.604999999999998	0.20943951023931953	0	1	0.1889299069199281	1.2308705827819597	0.032343958054490335	-0.028432830055552485	0.988345763093236	0.9909449443107176	-0.0003373516212321992	0	1.2977982382300772	0.10628391747708268	0.19151432075299468
4.619999999999997	0.20943951023931953	0	1	0.18901413588266386	1.2313991626287792	0.03225182476837904	-0.028423132329533682	0.9883087023706328	0.9909188971843624	-0.00033558530266461506	0	1.2979202662947005	0.10628391747708268	0.1916363488176177
4.634999999999997	0.20943951023931953	0	1	0.18909796352431785	1.2319252754060026	0.032160050901793386	-0.028413514194732103	0.9882717012168685	0.9908927407679945	-0.0003338320007646683	0	1.2980416314294412	0.10628391747708268	0.1917577139523586
4.649999999999997	0.20943951023931953	0	1	0.18918139253397231	1.2324489382870756	0.03206863486602421	-0.028403975167002642	0.9882347597491421	0.9908664767423718	-0.0003320915977511104	0	1.2981623386733088	0.10628391747708268	0.19187842119622608
4.6649999999999965	0.20943951023931953	0	1	0.18926442558174444	1.2329701681278724	0.03197757503329282	-0.02839451469541486	0.9881978780795047	0.9908401067726694	-0.0003303639774966809	0	1.2982823930180007	0.10628391747708268	0.19199847554091812
4.679999999999996	0.20943951023931953	0	1	0.1893470653186917	1.2334889816683117	0.031886869780074156	-0.02838513224691507	0.9881610563150206	0.9908136325085831	-0.00032864902536031815	0	1.2984017994085175	0.10628391747708268	0.1921178819314349
4.694999999999996	0.20943951023931953	0	1	0.18942931437660565	1.2340053955561283	0.031796517492887394	-0.028375827319543263	0.98812429455798	0.990787055584436	-0.00032694662795299987	0	1.2985205627437049	0.10628391747708268	0.19223664526662232
4.7099999999999955	0.20943951023931953	0	1	0.18951117536769801	1.2345194260155112	0.03170651649886208	-0.02836659931254231	0.9880875929061612	0.9907603776192845	-0.00032525667289554506	0	1.298638687876721	0.10628391747708268	0.19235477039963847
4.724999999999995	0.20943951023931953	0	1	0.18959265088418742	1.2350310891045702	0.031616865121704946	-0.028357447633981223	0.9880509514531419	0.9907336002170268	-0.0003235790486273231	0	1.2987561796154319	0.10628391747708268	0.19247226213834923
4.739999999999995	0.20943951023931953	0	1	0.18967374349779864	1.2355404006241284	0.031527561663767245	-0.02834837166755081	0.988014370288653	0.9907067249665146	-0.00032191364416588346	0	1.2988730427227315	0.10628391747708268	0.1925891252456489
4.754999999999995	0.20943951023931953	0	1	0.18975445575919472	1.2360473760493669	0.0314386043931342	-0.02833937074815308	0.9879778494989668	0.9906797534416651	-0.00032026034890657323	0	1.2989892819167985	0.10628391747708268	0.19270536443971575
4.769999999999994	0.20943951023931953	0	1	0.18983479019736296	1.2365520305507647	0.03134999154980794	-0.028330444172873972	0.987941389167313	0.9906526872015788	-0.0003186190524509073	0	1.2991049018712881	0.10628391747708268	0.19282098439420559
4.784999999999994	0.20943951023931953	0	1	0.18991474931898755	1.2370543789423851	0.03126172133648164	-0.028321591181710612	0.987904989374303	0.9906255277906573	-0.0003169896444572241	0	1.2992199072154815	0.10628391747708268	0.19293598973839884
4.799999999999994	0.20943951023931953	0	1	0.1899943356078379	1.237554435720602	0.0311737919285007	-0.02831281097373823	0.987868650198356	0.9905982767387266	-0.0003153720145459322	0	1.2993343025343933	0.10628391747708268	0.19305038505731062
4.814999999999993	0.20943951023931953	0	1	0.190073551524211	1.2380522150755977	0.031086201477905057	-0.02830410271106519	0.9878323717161029	0.9905709355611622	-0.0003137660522446986	0	1.2994480923688676	0.10628391747708268	0.19316417489178492
4.829999999999993	0.20943951023931953	0	1	0.19015239950445625	1.238547730895508	0.03099894811570872	-0.02829546551856514	0.9877961540027577	0.9905435057590164	-0.00031217164699173496	0	1.2995612812156654	0.10628391747708268	0.19327736373858279
4.844999999999993	0.20943951023931953	0	1	0.19023088196062043	1.239040996743852	0.030912029948207548	-0.02828689847153013	0.987759997132438	0.990515988819149	-0.000310588688187899	0	1.299673873527574	0.10628391747708268	0.19338995605049128
4.859999999999992	0.20943951023931953	0	1	0.19030900128023154	1.239532026005213	0.03082544508870952	-0.028278400650158207	0.9877239011784235	0.9904883862143586	-0.0003090170653165345	0	1.2997858737135435	0.10628391747708268	0.1935019562364608
4.874999999999992	0.20943951023931953	0	1	0.19038675982624606	1.240020831805315	0.030739191640911212	-0.028269971102007456	0.9876878662133409	0.990460699403515	-0.00030745666808105587	0	1.2998972861388767	0.10628391747708268	0.19361336866179404
4.889999999999992	0.20943951023931953	0	1	0.19046415993716398	1.2405074271140766	0.030653267720754107	-0.028261608877740714	0.9876518923092708	0.9904329298316918	-0.00030590738660968856	0	1.300008115125474	0.10628391747708268	0.19372419764839133
4.904999999999991	0.20943951023931953	0	1	0.19054120392731472	1.2409918247181209	0.03056767145011169	-0.028253313013795092	0.9876159795377746	0.9904050789302989	-0.00030436911166145317	0	1.3001183649521488	0.10628391747708268	0.19383444747506612
4.919999999999991	0.20943951023931953	0	1	0.19061789408730062	1.2414740374259627	0.030482400999543635	-0.02824508260901229	0.9875801279698441	0.9903771481172122	-0.00030284173487081327	0	1.3002280398550123	0.10628391747708268	0.19394412237792974
4.934999999999991	0.20943951023931953	0	1	0.19069423268458183	1.2419540778263785	0.030397454535724927	-0.028236916721373538	0.9875443376757825	0.9903491387969026	-0.0003013251489457666	0	1.300337144027932	0.10628391747708268	0.19405322655084947
4.94999999999999	0.20943951023931953	0	1	0.1907702219641714	1.2424319586610144	0.030312830299158988	-0.028228814513250426	0.9875086087250278	0.9903210523605617	-0.0002998192479214143	0	1.3004456816230519	0.10628391747708268	0.19416176414596914
4.96499999999999	0.20943951023931953	0	1	0.1908458641494106	1.242907692574446	0.030228526549362172	-0.02822077514640161	0.9874729411859324	0.9902928901862236	-0.000298323927302901	0	1.3005536567513711	0.10628391747708268	0.1942697392742885
4.97999999999999	0.20943951023931953	0	1	0.19092116144279098	1.2433812921791871	0.03014454157686952	-0.028212797805119674	0.9874373351255169	0.9902646536388846	-0.00029683908424145053	0	1.3006610734833703	0.10628391747708268	0.19437715600628774
4.9949999999999894	0.20943951023931953	0	1	0.19099611602678224	1.2438527702532163	0.03006087374338931	-0.028204881773959353	0.9874017906092096	0.9902363440706179	-0.0002953646176498465	0	1.3007679358496627	0.10628391747708268	0.1944840183725801
5.009999999999989	0.20943951023931953	0	1	0.19107073006464512	1.2443221395349302	0.029977521436416354	-0.02819702635405665	0.9873663077005925	0.990207962820685	-0.00029390042824625485	0	1.3008742478416702	0.10628391747708268	0.1945903303645876
5.024999999999989	0.20943951023931953	0	1	0.19114500570119475	1.2447894127542163	0.029894483074149547	-0.028189230875660228	0.9873308864611593	0.9901795112156438	-0.0002924464186017551	0	1.3009800134123004	0.10628391747708268	0.19469609593521772
5.0399999999999885	0.20943951023931953	0	1	0.1912189450635019	1.2452546027212552	0.0298117571228268	-0.0281814947345924	0.9872955269501008	0.9901509905694533	-0.0002910024931326192	0	1.3010852364766197	0.10628391747708268	0.19480131899953712
5.054999999999988	0.20943951023931953	0	1	0.19129255026151773	1.2457177221855495	0.029729342065402203	-0.028173817336528243	0.9872602292241188	0.9901224021835748	-0.00028956855805340343	0	1.3011899209125106	0.10628391747708268	0.19490600343542802
5.069999999999988	0.20943951023931953	0	1	0.19136582338861913	1.2461787839749197	0.02964723642992176	-0.02816619815444067	0.9872249933372758	0.9900937473470708	-0.00028814452133565905	0	1.3012940705613079	0.10628391747708268	0.19501015308422523
5.0849999999999875	0.20943951023931953	0	1	0.19143876652207512	1.2466378007914662	0.029565438745175115	-0.02815863664777079	0.9871898193408762	0.9900650273367017	-0.0002867302926136354	0	1.3013976892284105	0.10628391747708268	0.1951137717513277
5.099999999999987	0.20943951023931953	0	1	0.19151138172343804	1.2470947853381302	0.02948394756679784	-0.028151132314839247	0.9871547072833825	0.9900362434170201	-0.0002853257831248493	0	1.3015007806838643	0.10628391747708268	0.19521686320678175
5.114999999999987	0.20943951023931953	0	1	0.1915836710388691	1.247549750300371	0.02940276147273707	-0.028143684686710364	0.9871196572103584	0.9900073968404641	-0.0002839309056135681	0	1.3016033486629197	0.10628391747708268	0.19531943118583708
5.129999999999987	0.20943951023931953	0	1	0.19165563649940684	1.2480027082682588	0.0293218790461883	-0.028136293296731087	0.9870846691644397	0.9899784888474484	-0.00028254557424493783	0	1.3017053968665597	0.10628391747708268	0.1954214793894771
5.144999999999986	0.20943951023931953	0	1	0.19172728012118517	1.2484536717269163	0.029241298873181304	-0.028128957677472984	0.9870497431853245	0.989949520666455	-0.00028116970452822813	0	1.3018069289620031	0.10628391747708268	0.19552301148492038
5.159999999999986	0.20943951023931953	0	1	0.19179860390561476	1.2489026531904732	0.02916101957075881	-0.02812167741529473	0.9870148793097827	0.9899204935141227	-0.00027980321324719103	0	1.3019079485831846	0.10628391747708268	0.19562403110610185
5.174999999999986	0.20943951023931953	0	1	0.19186960983953058	1.2493496649148172	0.029081039725706775	-0.028114452034787917	0.9869800775716795	0.9898914085953359	-0.0002784460183650087	0	1.3020084593312127	0.10628391747708268	0.19572454185412996
5.189999999999985	0.20943951023931953	0	1	0.19194029989531722	1.2497947192416066	0.029001357967515157	-0.028107281137724243	0.9869453380020089	0.9898622671033127	-0.0002770980389994912	0	1.3021084647748085	0.10628391747708268	0.19582454729772591
5.204999999999985	0.20943951023931953	0	1	0.19201067603101304	1.2502378282987707	0.028921972904606658	-0.028100164282250678	0.9869106606289367	0.989833070219693	-0.00027575919532299843	0	1.3022079684507255	0.10628391747708268	0.19592405097364274
5.219999999999985	0.20943951023931953	0	1	0.1920807401904014	1.25067900411958	0.02884288314956543	-0.028093101030833435	0.9868760454778495	0.9898038191146257	-0.0002744294085390388	0	1.302306973864153	0.10628391747708268	0.19602305638707035
5.234999999999984	0.20943951023931953	0	1	0.1921504943030914	1.2511182587776877	0.02876408734778388	-0.0280860910045348	0.9868414925714077	0.9897745149468552	-0.0002731086008325308	0	1.3024054844891078	0.10628391747708268	0.1961215670120251
5.249999999999984	0.20943951023931953	0	1	0.19221994028459005	1.251555604117995	0.028685584120219626	-0.02807913377426045	0.9868070019296036	0.9897451588638084	-0.00027179669530257624	0	1.302503503768809	0.10628391747708268	0.1962195862917263
5.264999999999984	0.20943951023931953	0	1	0.19228908003636758	1.2519910518588668	0.02860737208509917	-0.028072228901713174	0.9867725735698197	0.9897157520016813	-0.0002704936159500309	0	1.302601035116041	0.10628391747708268	0.1963171176389585
5.279999999999983	0.20943951023931953	0	1	0.19235791544591982	1.2524246136947277	0.02852944987970965	-0.02806537598050114	0.9867382075068917	0.9896862954855244	-0.0002691992876357354	0	1.3026980819135077	0.10628391747708268	0.19641416443642506
5.294999999999983	0.20943951023931953	0	1	0.19242644838682427	1.252856301241947	0.028451816148893305	-0.028058574614076105	0.9867039037531711	0.9896567904293295	-0.0002679136360402274	0	1.3027946475141714	0.10628391747708268	0.19651073003708883
5.309999999999983	0.20943951023931953	0	1	0.19249468071879372	1.2532861259126007	0.02837446951821701	-0.02805182436453957	0.9866696623185901	0.9896272379361144	-0.0002666365876289505	0	1.302890735241585	0.10628391747708268	0.1966068177645023
5.324999999999982	0.20943951023931953	0	1	0.19256261428772517	1.2537140991296385	0.028297408639719357	-0.02804512483921899	0.9866354832107287	0.989597639098009	-0.0002653680696418695	0	1.3029863483902115	0.10628391747708268	0.19670243091312878
5.339999999999982	0.20943951023931953	0	1	0.1926302509257455	1.25414023214254	0.0282206321527457	-0.028038475616121005	0.9866013664348824	0.9895679949963403	-0.00026410801003982985	0	1.303081490225735	0.10628391747708268	0.19679757274865242
5.354999999999982	0.20943951023931953	0	1	0.19269759245125276	1.2545645361375468	0.028144138707407118	-0.02803187628823849	0.9865673119941318	0.9895383067017175	-0.00026285633749576566	0	1.3031761639853625	0.10628391747708268	0.19689224650827994
5.3699999999999815	0.20943951023931953	0	1	0.19276464066895094	1.2549870221386032	0.028067926943566607	-0.028025326423480657	0.9865333198894163	0.9895085752741171	-0.00026161298135280033	0	1.3032703728781128	0.10628391747708268	0.19698645540103019
5.384999999999981	0.20943951023931953	0	1	0.19283139736988347	1.2554077011607965	0.02799199552349929	-0.028018825626480053	0.9864993901196069	0.9894788017629678	-0.0002603778716142762	0	1.303364120085101	0.10628391747708268	0.19708020260801828
5.399999999999981	0.20943951023931953	0	1	0.19289786433145703	1.2558265840369223	0.027916343095093915	-0.028012373468603486	0.986465522681584	0.9894489872072348	-0.00025915093889421003	0	1.3034574087598074	0.10628391747708268	0.19717349128272477
5.4149999999999805	0.20943951023931953	0	1	0.192964043317464	1.256243681533827	0.02784096831665206	-0.028005969534859485	0.986431717570317	0.9894191326355053	-0.00025793211441218003	0	1.3035502420283445	0.10628391747708268	0.19726632455126192
5.42999999999998	0.20943951023931953	0	1	0.19302993607809577	1.2566590042896144	0.027765869843631164	-0.02799961339858086	0.9863979747789463	0.9893892390660723	-0.00025672132995314473	0	1.3036426229897062	0.10628391747708268	0.19735870551262352
5.44499999999998	0.20943951023931953	0	1	0.19309556014409965	1.2545585009248594	0.027156626796980943	-0.026138968502947862	0.986364281101149	0.9893593074411962	0.0010591292323937033	0	1.3036746160519912	0.10628391747708268	0.19739069857490857
5.4599999999999795	0.20943951023931953	0	1	0.1931493770764066	1.2532897450405494	0.026753421060882465	-0.03230647165536022	0.9863365903043987	0.9893293683227621	0.0002743318914856939	0	1.3037142360827676	0.10628391747708268	0.197430318605685
5.474999999999979	0.20943951023931953	0	1	0.1931982075767349	1.2499815054165864	0.025929049142167676	-0.02973929300859087	0.9863114175042658	0.9892994641340631	4099649735628066e-21	0	1.3037416122375403	0.10628391747708268	0.19745769476045769
5.489999999999979	0.20943951023931953	0	1	0.19324677088887435	1.250340867666163	0.02588488277299114	-0.029938535010187995	0.9862863364950536	0.9892696074812761	27379923009451788e-21	0	1.3037715837680097	0.10628391747708268	0.19748766629092696
5.504999999999979	0.20943951023931953	0	1	0.19329548517030462	1.250934136719755	0.025890029631101874	-0.03025843796390279	0.9862611314096993	0.9892397977281042	-23014183167221936e-21	0	1.3038045222117123	0.10628391747708268	0.1975206047346297
5.519999999999978	0.20943951023931953	0	1	0.19334425034783673	1.251381224896608	0.025863947875859133	-0.030398493191292387	0.9862358536148563	0.9892100334295026	-46436834758920117e-21	0	1.3038394488521339	0.10628391747708268	0.19755553137505116
5.534999999999978	0.20943951023931953	0	1	0.19339309183591974	1.2518356247187243	0.025839200111049704	-0.030530536288433833	0.9862104896527816	0.9891803133425984	-6370332153855173e-20	0	1.3038762298605737	0.10628391747708268	0.19759231238349106
5.549999999999978	0.20943951023931953	0	1	0.1934419844454739	1.2522640159758405	0.025808766362862362	-0.030634706295496604	0.9861850523321223	0.989150636233983	-773465192668586e-19	0	1.3039146305172926	0.10628391747708268	0.19763071304020993
5.564999999999977	0.20943951023931953	0	1	0.19349090511018172	1.2526722180458318	0.025773940820151442	-0.030719202423002818	0.9861595534519033	0.989121001004933	-8810603267626852e-20	0	1.3039544661904356	0.10628391747708268	0.19767054871335296
5.579999999999977	0.20943951023931953	0	1	0.19353983470433264	1.253065065861686	0.025735798681450428	-0.030789555935080946	0.9861340028405736	0.9890914066752317	-9692094227556353e-20	0	1.30399558713643	0.10628391747708268	0.19771166965934725
5.594999999999977	0.20943951023931953	0	1	0.19358875711480397	1.2534455852348234	0.02569502316023553	-0.030848893871671394	0.9861084088227128	0.9890618523647093	-0.0001042773320830791	0	1.304037866151087	0.10628391747708268	0.19775394867400425
5.609999999999976	0.20943951023931953	0	1	0.1936376590128831	1.2538162815082956	0.025652179954789023	-0.030899633229077236	0.9860827783243026	0.9890323372778099	-0.00011050928085049421	0	1.3040811943521335	0.10628391747708268	0.19779727687505083
5.624999999999976	0.20943951023931953	0	1	0.19368652922912394	1.2541789914167698	0.025607687306848037	-0.0309435059283276	0.9860571171880049	0.9890028606904047	-0.00011585319549668625	0	1.3041254770744912	0.10628391747708268	0.1978415595974085
5.639999999999976	0.20943951023931953	0	1	0.19373535827643476	1.254535089374223	0.025561861029594346	-0.03098179596008174	0.9860314304139718	0.9889734219395034	-0.00012048004585901744	0	1.3041706310341097	0.10628391747708268	0.19788671355702708
5.654999999999975	0.20943951023931953	0	1	0.193784137992422	1.2548856208215617	0.02551494373665003	-0.03101547854530689	0.986005722340473	0.9889440204151644	-0.0001245179016000618	0	1.3042165822586909	0.10628391747708268	0.19793266478160831
5.669999999999975	0.20943951023931953	0	1	0.1938328612714398	1.2552313924233744	0.025467124677035713	-0.031045307754447537	0.9859799967791608	0.9889146555540544	-0.00012806487892075646	0	1.3042632645234375	0.10628391747708268	0.19797934704635498
5.684999999999975	0.20943951023931953	0	1	0.1938815218646109	1.255573036469255	0.025418553918846537	-0.03107187703472806	0.9859542571158818	0.9888853268342486	-0.0001311976460139236	0	1.3043106181482398	0.10628391747708268	0.19802670067115716
5.699999999999974	0.20943951023931953	0	1	0.19393011422839043	1.2559110555846913	0.02536935222741077	-0.031095660573669217	0.9859285063868828	0.9888560337709613	-0.00013397713504081913	0	1.304358589051894	0.10628391747708268	0.1980746715748114
5.714999999999974	0.20943951023931953	0	1	0.1939786334081339	1.2562458546208273	0.025319618131572685	-0.0311170424640783	0.9859027473372872	0.9888267759129901	-0.00013645248234434186	0	1.3044071279945209	0.10628391747708268	0.19812321051743825
5.729999999999974	0.20943951023931953	0	1	0.19402707494718877	1.2565777633216755	0.025269432966481098	-0.03113633751801626	0.9858769824666497	0.9887975528397113	-0.00013866382179764127	0	1.304456189960859	0.10628391747708268	0.1981722724837765
5.7449999999999735	0.20943951023931953	0	1	0.19407543481485884	1.2569070531065194	0.02521886461881062	-0.031153806558908197	0.9858512140649679	0.9887683641585124	-0.00014064430707976279	0	1.304505733651104	0.10628391747708268	0.19822181617402115
5.759999999999973	0.20943951023931953	0	1	0.19412370934854026	1.2572339493742015	0.02516797028506082	-0.031169667721522007	0.985825444241538	0.9887392095025725	-0.0001424216034216426	0	1.304555721055348	0.10628391747708268	0.19827180357826527
5.774999999999973	0.20943951023931953	0	1	0.1941718952066529	1.2575586409985715	0.02511679860610916	-0.031184105068651397	0.9857996749483621	0.9887100885289234	-0.0001440190063963253	0	1.3046061170940704	0.10628391747708268	0.1983221996169878
5.7899999999999725	0.20943951023931953	0	1	0.19421998932991136	1.2578812873605034	0.025065391257513725	-0.031197275094327234	0.9857739079993572	0.9886810009167438	-0.00014545629337800318	0	1.3046568893115487	0.10628391747708268	0.19837297183446606
5.804999999999972	0.20943951023931953	0	1	0.19426798890912028	1.2582020239135294	0.02501378421199274	-0.03120931181378837	0.985748145086281	0.9886519463658442	-0.00014675038020594826	0	1.3047080076122297	0.10628391747708268	0.19842409013514709
5.819999999999972	0.20943951023931953	0	1	0.19431589135813226	1.2585209665315655	0.024962008730263524	-0.031220330750224918	0.985722387792066	0.9886229245953123	-0.00014791583368909688	0	1.304759444032368	0.10628391747708268	0.19847552655528533
5.8349999999999715	0.20943951023931953	0	1	0.19436369429093736	1.2588382148925845	0.02491009213675266	-0.031230432070914433	0.9856966376020813	0.988593935342295	-0.0001489652759746425	0	1.3048111725409133	0.10628391747708268	0.19852725506383057
5.849999999999971	0.20943951023931953	0	1	0.19441139550208839	1.2591538551747397	0.02485805844091918	-0.031239703093496416	0.9856708959137259	0.9885649783608955	-0.00014990970680008926	0	1.3048631688648797	0.10628391747708268	0.19857925138779708
5.864999999999971	0.20943951023931953	0	1	0.19445899294984687	1.2594679623585439	0.02480592886812019	-0.031248220361108654	0.9856451640446633	0.9885360534211701	-0.0001507587626533379	0	1.3049154103353753	0.10628391747708268	0.1986314928582925
5.879999999999971	0.20943951023931953	0	1	0.1945064847415641	1.259780601976751	0.024753722267561423	-0.03125605128258748	0.9856194432399412	0.9885071603082124	-0.0001515209269485092	0	1.304967875751197	0.10628391747708268	0.1986839582741145
5.89499999999997	0.20943951023931953	0	1	0.19455386912091263	1.2600918313960874	0.02470145541617133	-0.03126325541670789	0.9855937346781922	0.9884782988213111	-0.00015220370181153324	0	1.3050205452574644	0.10628391747708268	0.1987366277803817
5.90999999999997	0.20943951023931953	0	1	0.19460114445666096	1.2604017012298117	0.02464914334647339	-0.031269885676568444	0.9855680394770684	0.9884494687731756	-0.00015281374953354787	0	1.3050734002371975	0.10628391747708268	0.19878948276011493
5.92499999999997	0.20943951023931953	0	1	0.1946483092327419	1.2607102562393562	0.02459679956266836	-0.03127598922177668	0.9855423586980366	0.9884206699892196	-0.00015335700977682913	0	1.3051264232141122	0.10628391747708268	0.19884250573702958
5.939999999999969	0.20943951023931953	0	1	0.19469536203941565	1.2610175361941889	0.024544436245136275	-0.03128160824809352	0.9855166933506341	0.9883919023068964	-0.0001538387973516376	0	1.3051795977651741	0.10628391747708268	0.19889568028809154
5.954999999999969	0.20943951023931953	0	1	0.19474230156536151	1.2613235763794513	0.024492064377781203	-0.03128678056542498	0.9854910443962663	0.9883631655750822	-0.00015426388422962626	0	1.3052329084416907	0.10628391747708268	0.19894899096460802
5.969999999999969	0.20943951023931953	0	1	0.19478912659056766	1.2616284084686171	0.024439693950997404	-0.03129154026609511	0.9854654127516164	0.9883344596534994	-0.00015463656876068413	0	1.3052863406978994	0.10628391747708268	0.1990024232208167
5.984999999999968	0.20943951023931953	0	1	0.19483583597990817	1.2619320607843412	0.024387334032898667	-0.031295918099407814	0.9854397992917157	0.9883057844121801	-0.00015496073431917734	0	1.3053398808261696	0.10628391747708268	0.19905596334908696
5.999999999999968	0.20943951023931953	0	1	0.19488242867732297	1.2622345587659334	0.024334992882982298	-0.031299941890554045	0.9854142048527229	0.988277139730962	-0.00015523989932470335	0	1.3053935158980599	0.10628391747708268	0.19910959842097722
