0.015	0.2792526803190927	0	1	0.31107579495012994	31.484131696278308	8.395414719521243	-6.815592441316361	0.3697846829256389	0.3697846829256389	-0.01	0	1.4502858511635213	0.10628391747708268	0.34400193368643855
0.03	0.2792526803190927	0	1	0.13985253148249827	-67.67570920426832	-19.533540913924195	28.13278454819314	0.9981674275804802	0.3729187549395643	-0.1230040068101717	0	1.1026711543546384	0.10628391747708268	-0.0036127631224443144
0.045	0.2792526803190927	0	1	0.14102607167664194	2.8372405113532704	0.6835675118069052	-1.0268993333193588	0.9980845442525328	0.37913966979813063	-0.007629415721689288	0	1.1104663165016526	0.10628391747708268	0.004182399024569938
0.06	0.2792526803190927	0	1	0.1423187308368345	2.484175861676853	0.5799337789689984	-0.9119842076919991	0.997988888137924	0.38529779711219025	-0.023253581725290372	0	1.1150287996985033	0.10628391747708268	0.008744882221420561
0.075	0.2792526803190927	0	1	0.14356777167189064	2.515438592123903	0.5865641814594282	-0.9008993447221066	0.9978919302373009	0.39139369174875316	-0.01820216052919651	0	1.119573149613832	0.10628391747708268	0.01328923213674916
0.09	0.2792526803190927	0	1	0.1447750145906216	2.513084921453099	0.5836139598511811	-0.8872310849745665	0.9977937839597972	0.39742796054594964	-0.016262332666574102	0	1.1246493587769362	0.10628391747708268	0.01836544129985344
0.105	0.2792526803190927	0	1	0.1459365090824295	2.472658554662663	0.5698148079575628	-0.8693728321203004	0.9976961377663003	0.4034012132878132	-0.014059661824204397	0	1.129926113518211	0.10628391747708268	0.023642196041128362
0.12	0.2792526803190927	0	1	0.147038496525608	2.3969470776290347	0.5459945851975517	-0.8223047609621075	0.9975972882304432	0.40931405357428285	-0.01250291032501454	0	1.133976575376042	0.10628391747708268	0.027692657898959337
0.135	0.2792526803190927	0	1	0.14811271213611527	2.4032520908569293	0.5457301154363352	-0.8183556870331915	0.997498002472656	0.4151670743719059	-0.011414655463725148	0	1.1376752549501763	0.10628391747708268	0.031391337473093736
0.15000000000000002	0.2792526803190927	0	1	0.14916242470484467	2.4100512695222904	0.5456400442228613	-0.8151060732083795	0.9973970189619992	0.4209608602621491	-0.010607489584652635	0	1.1550558630601153	0.10628391747708268	0.048771945583032626
0.16500000000000004	0.2792526803190927	0	1	0.15019064785790717	2.389294731327608	0.5376762890528197	-0.8134942065520395	0.9972941521068476	0.4266959828236231	-0.009931808472028656	0	1.1586526495418443	0.10628391747708268	0.05236873206476176
0.18000000000000005	0.2792526803190927	0	1	0.15119323286389144	2.3306437754255556	0.518883341880307	-0.7781938410806478	0.9971899368458284	0.4323730096946288	-0.009339031512596869	0	1.1620677895488378	0.10628391747708268	0.05578387207175514
0.19500000000000006	0.2792526803190927	0	1	0.1521775482516308	2.3428608187776074	0.5204346735135406	-0.7796643997702434	0.99708371655844	0.4379925022451737	-0.008814394877589934	0	1.1519721899861188	0.10628391747708268	0.045688272509036155
0.21000000000000008	0.2792526803190927	0	1	0.15313750405529708	2.3093072546280893	0.5088975988835277	-0.7721591609836427	0.9969762586899459	0.4435550168286152	-0.008357364469749213	0	1.1518168544726013	0.10628391747708268	0.04553293699551872
0.2250000000000001	0.2792526803190927	0	1	0.15407966905640116	2.278873882855944	0.49827901545676323	-0.7521563529901086	0.9968669429276685	0.4490611049772384	-0.007956933371695181	0	1.1534571518896115	0.10628391747708268	0.047173234412528936
0.2400000000000001	0.2792526803190927	0	1	0.15500235120110645	2.2770633060694214	0.49589576287845416	-0.747577633850112	0.9967560582341549	0.45451131109830534	-0.00759819142405077	0	1.155803150153923	0.10628391747708268	0.04951923267684035
0.2550000000000001	0.2792526803190927	0	1	0.1559064784724397	2.2784689523110346	0.494461437533511	-0.7446008358032808	0.996643597389487	0.45990617558014457	-0.007278729904918313	0	1.1582632570714289	0.10628391747708268	0.05197933959434616
0.27000000000000013	0.2792526803190927	0	1	0.15679711409677122	2.2900629628412776	0.49596554837357676	-0.7465390084791396	0.9965290033585478	0.46524623062007675	-0.0069890508337452015	0	1.1021907167661817	0.10628391747708268	-0.004093200710900864
0.28500000000000014	0.2792526803190927	0	1	0.15767339952925005	2.2673973454230154	0.48766507963587913	-0.7447132995949293	0.9964124379342769	0.47053200116254856	-0.006729645893284091	0	1.1020214284809176	0.10628391747708268	-0.004262488996165151
0.30000000000000016	0.2792526803190927	0	1	0.1585338409977765	2.2221441096213934	0.472910515197756	-0.7168886304438065	0.9962941717992716	0.47576400908167826	-0.006494400046730215	0	1.1020445509071537	0.10628391747708268	-0.004239366569929038
0.31500000000000017	0.2792526803190927	0	1	0.15937980266198326	2.2324109744785314	0.4740965754761131	-0.7196728872031487	0.9961740956888757	0.4809427718571919	-0.006273809388270118	0	1.103443234083944	0.10628391747708268	-0.0028406833931387257
0.3300000000000002	0.2792526803190927	0	1	0.16021449363470802	2.239653280323982	0.4744296085899185	-0.719913371397172	0.9960518065626541	0.4860687992673919	-0.006067971038122919	0	1.0549662888430305	0.10628391747708268	-0.05131762863405223
0.3450000000000002	0.2792526803190927	0	1	0.16103546744780933	2.213210351813324	0.4651233266096274	-0.7157262654942721	0.9959277147771689	0.4911425960647169	-0.005877880179113079	0	1.0600093256304488	0.10628391747708268	-0.046274591846633774
0.3600000000000002	0.2792526803190927	0	1	0.1618431658332504	2.1738799627381886	0.45214090226952575	-0.6909351079579072	0.9958018241193606	0.49616466403457643	-0.005702886633151517	0	1.0612962398637178	0.10628391747708268	-0.04498767761336482
0.3750000000000002	0.2792526803190927	0	1	0.16263770703421176	2.1792290854243554	0.45198956837659765	-0.6913604217020923	0.9956741875795936	0.5011355002526157	-0.005534400943475061	0	1.0631087532366712	0.10628391747708268	-0.04317516424041144
0.39000000000000024	0.2792526803190927	0	1	0.16342215697409324	2.182729772189697	0.4513215106840439	-0.6898489568721979	0.9955443656846086	0.5060555949195849	-0.005375080147675919	0	1.0807376257713743	0.10628391747708268	-0.02554629170570841
0.40500000000000025	0.2792526803190927	0	1	0.16419219364940565	2.151799198074633	0.4408033420213337	-0.6825645035684753	0.9954131403932192	0.5109254350777409	-0.005226381447546982	0	1.0887549843031559	0.10628391747708268	-0.017528933173926717
0.42000000000000026	0.2792526803190927	0	1	0.16495266322950078	2.1339330473480542	0.4340442158869281	-0.6699086504219611	0.995279752884927	0.5157455030191409	-0.0050890214663788175	0	1.0923690954033927	0.10628391747708268	-0.013914822073689907
0.4350000000000003	0.2792526803190927	0	1	0.16570116867979395	2.133922744998656	0.43242352905721204	-0.6674664894145721	0.995144676555474	0.5205162748322698	-0.004955277564588254	0	1.0949301978946873	0.10628391747708268	-0.011353719582395344
0.4500000000000003	0.2792526803190927	0	1	0.166437963371565	2.134946414788338	0.43111748606314426	-0.6653607502084166	0.9950079389542126	0.5252382243551508	-0.004829827465139939	0	1.096552538886272	0.10628391747708268	-0.009731378590810571
0.4650000000000003	0.2792526803190927	0	1	0.16716666113092216	2.142133235571213	0.43158929633356036	-0.6661405210389648	0.9948689167836365	0.5299118177390489	-0.004709690504974921	0	1.1584446440407274	0.10628391747708268	0.052160726563644726
0.4800000000000003	0.2792526803190927	0	1	0.16788470624623628	2.112264300046343	0.42145197813645274	-0.6586257945260706	0.9947281403353134	0.5345375160485819	-0.00459771422970228	0	1.1660651230715073	0.10628391747708268	0.05978120559442469
0.49500000000000033	0.2792526803190927	0	1	0.16859360259829284	2.085816507363491	0.4123090809960852	-0.6407864582979262	0.9945853691666356	0.5391157771931345	-0.004494178741911774	0	1.1694519209766836	0.10628391747708268	0.06316800349960089
0.5100000000000003	0.2792526803190927	0	1	0.16929244218027384	2.087597812552145	0.41127643543625436	-0.6395809392874152	0.9944408392825606	0.5436470545096653	-0.004391659426331206	0	1.1717823538708831	0.10628391747708268	0.0654984363938006
0.5250000000000004	0.2792526803190927	0	1	0.1699811869332938	2.088525209477537	0.41001498384492097	-0.6375989586877656	0.9942946229476831	0.5481317983559848	-0.00429498095707636	0	1.173521598676323	0.10628391747708268	0.0672376811992404
0.5400000000000004	0.2792526803190927	0	1	0.1706629419759722	2.0954880754199654	0.4104935684614706	-0.6385196482758247	0.9941461033979266	0.5525704518912682	-0.004201323223775701	0	1.2121878950124902	0.10628391747708268	0.10590397753540763
0.5550000000000004	0.2792526803190927	0	1	0.1713353010304744	2.0652821275181457	0.40032913710791773	-0.629996386578265	0.9939958445589567	0.5569634536169931	-0.004113583430224409	0	1.2147019821922733	0.10628391747708268	0.1084180647151907
0.5700000000000004	0.2792526803190927	0	1	0.17199998624160484	2.045740955263542	0.3932341263597479	-0.6161586690625711	0.9938435099703472	0.5613112387919338	-0.004031787300953029	0	1.2166042286726693	0.10628391747708268	0.11032031119558662
0.5850000000000004	0.2792526803190927	0	1	0.17265564079772389	2.0473882515287554	0.392229419088929	-0.6150533346922115	0.9936894589157129	0.5656142384661685	-0.003949188042192269	0	1.218265129862138	0.10628391747708268	0.11198121238505541
0.6000000000000004	0.2792526803190927	0	1	0.17330225468511187	2.0482425450073616	0.39101218472422355	-0.613187540342342	0.993533757065101	0.5698728815112833	-0.003870779952581311	0	1.2198506565223919	0.10628391747708268	0.1135667390453093
0.6150000000000004	0.2792526803190927	0	1	0.17394238339985668	2.053906468230473	0.3911833706252078	-0.613562395560844	0.9933758330452804	0.5740875900076821	-0.003794034610657035	0	1.2168097267325533	0.10628391747708268	0.11052580925547069
0.6300000000000004	0.2792526803190927	0	1	0.1745743764823441	2.0221784752820198	0.3806458076911247	-0.6032422806822211	0.9932161327848079	0.5782587812245532	-0.003722201692080893	0	1.2170670073586343	0.10628391747708268	0.11078308988155165
0.6450000000000005	0.2792526803190927	0	1	0.17519935737732403	2.0038720590502614	0.3739676591227905	-0.5900279271347308	0.9930544184862056	0.5823868693061536	-0.003654632757993538	0	1.2181270581553936	0.10628391747708268	0.11184314067831082
0.6600000000000005	0.2792526803190927	0	1	0.175816029771216	2.0037793937515636	0.37252621010387105	-0.5879757623039744	0.9928910759689061	0.5864722650201131	-0.0035854920644642005	0	1.2194286089997026	0.10628391747708268	0.11314469152261993
0.6750000000000005	0.2792526803190927	0	1	0.1764244555975486	2.003110324589972	0.3709335285480988	-0.5852795215565385	0.992726153467235	0.5905153772021102	-0.0035198000735960936	0	1.2207827897519028	0.10628391747708268	0.1144988722748201
0.6900000000000005	0.2792526803190927	0	1	0.17702515356251786	2.006800737219796	0.3706039532721451	-0.5852384796209265	0.9925595725612937	0.5945166104680899	-0.0034563970810616925	0	1.222133365947959	0.10628391747708268	0.11584944847087632
0.7050000000000005	0.2792526803190927	0	1	0.17761991258631454	2.013871359012517	0.37125271059495135	-0.5867113555521862	0.9923908803360634	0.5984763627599075	-0.003393897324807553	0	1.2142470569001376	0.10628391747708268	0.10796313942305497
0.7200000000000005	0.2792526803190927	0	1	0.17820867694286058	1.9840593781583964	0.36133489336522095	-0.5766503883599597	0.9922201216515222	0.6023950260359143	-0.0033360585705150044	0	1.21580157301658	0.10628391747708268	0.10951765553949754
0.7350000000000005	0.2792526803190927	0	1	0.17879045447470063	1.9636534516422781	0.35412601777133623	-0.5619984860297633	0.9920476255944545	0.6062729902183621	-0.0032810926149063236	0	1.2171235578584056	0.10628391747708268	0.11083964038132305
0.7500000000000006	0.2792526803190927	0	1	0.17936494003020043	1.9660315854281407	0.35346304022817854	-0.5616739464721878	0.991873538929389	0.610110643714844	-0.0032240827706157354	0	1.2184426316977932	0.10628391747708268	0.1121587142207105
0.7650000000000006	0.2792526803190927	0	1	0.17993211519660282	1.9664756166351525	0.35225834918701804	-0.5598182916074358	0.9916979293429226	0.6139083721341612	-0.0031700530071802715	0	1.2196850168528206	0.10628391747708268	0.11340109937573792
0.7800000000000006	0.2792526803190927	0	1	0.18049361244144024	1.970731797091483	0.3521559665758182	-0.5597175185087799	0.9915203399650084	0.6176665553054991	-0.00311663541116382	0	1.2281141532256852	0.10628391747708268	0.12183023574860262
0.7950000000000006	0.2792526803190927	0	1	0.1810492981046507	1.9381479859143909	0.34149951995807776	-0.5469797579205562	0.9913408489166579	0.6213855674010256	-0.0030681121622867665	0	1.2302807318422857	0.10628391747708268	0.12399681436520314
0.8100000000000006	0.2792526803190927	0	1	0.1815995144507146	1.9269496112134217	0.33698419629110293	-0.5381368411665842	0.9911593813602215	0.6250657788842657	-0.003020702227893511	0	1.2318057471662132	0.10628391747708268	0.1255218296891305
0.8250000000000006	0.2792526803190927	0	1	0.1821429054379463	1.9256533644924754	0.33532055677459915	-0.5354929850241635	0.9909764326826703	0.6287075586319315	-0.0029714993849311562	0	1.2331033222793306	0.10628391747708268	0.12681940480224807
0.8400000000000006	0.2792526803190927	0	1	0.18267969157138444	1.924173507939396	0.3336161814885124	-0.5324296296946824	0.9907919908095888	0.6323112742485584	-0.002924870970664716	0	1.2343024559485658	0.10628391747708268	0.1280185384714831
0.8550000000000006	0.2792526803190927	0	1	0.18321029525402102	1.9257000763971033	0.33278492556569894	-0.5312530077810274	0.9906059684210419	0.6358772891855244	-0.0028797094483324808	0	1.2354524733845682	0.10628391747708268	0.12916855590748558
0.8700000000000007	0.2792526803190927	0	1	0.1837355966959916	1.929695472440045	0.3326706498742983	-0.5311155422424225	0.9904181032406767	0.6394059615363598	-0.0028348784519053945	0	1.2429925049238113	0.10628391747708268	0.1367085874467286
0.8850000000000007	0.2792526803190927	0	1	0.1842560390131394	1.8975689973209688	0.32220669149959147	-0.5176973671652912	0.9902282710764254	0.6428976439105092	-0.002795378205276962	0	1.244029308541931	0.10628391747708268	0.13774539106484837
0.9000000000000007	0.2792526803190927	0	1	0.18477187731544997	1.8924176201710088	0.3194852981608233	-0.5128721219849514	0.9900364073554289	0.6463526844705151	-0.002754866797510854	0	1.245083758276701	0.10628391747708268	0.13879984079961832
0.9150000000000007	0.2792526803190927	0	1	0.1852815020156554	1.8908414874543837	0.3178006616419843	-0.5101117012193802	0.9898431556473849	0.6497714308040099	-0.0027129863627503004	0	1.2461311082070037	0.10628391747708268	0.13984719072992094
0.9300000000000007	0.2792526803190927	0	1	0.1857852405576929	1.8895378160819938	0.31620505304861046	-0.5072289181634562	0.9896484526729888	0.6531542299182727	-0.0026733263248684687	0	1.2471780040757825	0.10628391747708268	0.1408940865986999
0.9450000000000007	0.2792526803190927	0	1	0.18628345560779944	1.890441895297787	0.31525264074730736	-0.5057379620313457	0.9894522136458747	0.6565014246308956	-0.002634887958334824	0	1.248221879616077	0.10628391747708268	0.14193796213899426
0.9600000000000007	0.2792526803190927	0	1	0.18677633799526372	1.8933413701929505	0.3148821749270756	-0.5055878606995436	0.9892544146364135	0.6598133538082649	-0.0025975701173360007	0	1.2492621684531016	0.10628391747708268	0.142978250976019
0.9750000000000008	0.2792526803190927	0	1	0.18726431533999127	1.8981688650548538	0.31507339215292113	-0.5061902061224429	0.9890549302223286	0.6630903522006895	-0.0025604551299223564	0	1.2451811381226305	0.10628391747708268	0.13889722064554794
0.9900000000000008	0.2792526803190927	0	1	0.18774976644441357	1.8675523734155477	0.30510429735822875	-0.49277743231214743	0.9888528041176249	0.6663327458357341	-0.0025281674231840637	0	1.2456125223075023	0.10628391747708268	0.13932860483041956
1.0050000000000008	0.2792526803190927	0	1	0.18822966314598769	1.8527152104178097	0.299670439318254	-0.4813579954597804	0.9886493220388901	0.6695408591637653	-0.00249445056302265	0	1.2464094185645165	0.10628391747708268	0.1401255010874338
1.0200000000000007	0.2792526803190927	0	1	0.18870416232677845	1.8536082111425036	0.2987574377468307	-0.480376202807316	0.988444476837098	0.672715019751714	-0.0024588704378626343	0	1.247325909320842	0.10628391747708268	0.14104199184375923
1.0350000000000006	0.2792526803190927	0	1	0.18917335250859116	1.8528144268222888	0.2973709444774081	-0.4779350681168561	0.9882382887812455	0.6758555519727797	-0.002425489912420746	0	1.2482645127459389	0.10628391747708268	0.1419805952688561
1.0500000000000005	0.2792526803190927	0	1	0.18963761674829036	1.854490084417153	0.29670188647073154	-0.4771028083241808	0.9880306443466903	0.6789627765069759	-0.0023930205128059627	0	1.2491991916232688	0.10628391747708268	0.14291527414618613
1.0650000000000004	0.2792526803190927	0	1	0.1900971206353709	1.857805915236346	0.29651215293999683	-0.4768436299767655	0.987821519591803	0.6820370101607048	-0.002361189638607061	0	1.246704457320979	0.10628391747708268	0.1404205398438962
1.0800000000000003	0.2792526803190927	0	1	0.19055365762559395	1.8263411923635053	0.2863538866836797	-0.46197602165709784	0.987610126851347	0.6850785625407818	-0.0023346204469514103	0	1.247799306576867	0.10628391747708268	0.1415153890997844
1.0950000000000002	0.2792526803190927	0	1	0.1910062637532059	1.8244159875295598	0.2846730316170665	-0.45949763520672143	0.9873969323353231	0.6880877385897115	-0.0023038308049730567	0	1.248803806082288	0.10628391747708268	0.14251988860520529
1.11	0.2792526803190927	0	1	0.19145371162198357	1.8227231891631168	0.283069050480451	-0.4567662627318412	0.987182561751653	0.6910648456501363	-0.0022726227209018	0	1.2497519351231423	0.10628391747708268	0.14346801764605957
1.125	0.2792526803190927	0	1	0.1918963730248455	1.8213881769946114	0.2815770531645351	-0.45398241631112696	0.986966896530651	0.6940101905203859	-0.0022431665584290083	0	1.250661322935103	0.10628391747708268	0.14437740545802027
1.14	0.2792526803190927	0	1	0.19233453413546436	1.821466467800426	0.2804990677899209	-0.452101025064662	0.9867498504386388	0.6969240759275841	-0.0022145997467853972	0	1.2515424956787995	0.10628391747708268	0.14525857820171692
1.1549999999999998	0.2792526803190927	0	1	0.19276834302863682	1.8229239392169432	0.27982501410787575	-0.45118524370756746	0.9865313995516163	0.6998068010394008	-0.0021867938923920876	0	1.2523994303216095	0.10628391747708268	0.14611551284452684
1.1699999999999997	0.2792526803190927	0	1	0.19319767925024744	1.8257215712912787	0.2795440815953377	-0.4507010648655596	0.9863116551271177	0.702658662482911	-0.0021602085517016664	0	1.2579222554112341	0.10628391747708268	0.15163833793415152
1.1849999999999996	0.2792526803190927	0	1	0.19362494740309288	1.7944721292479953	0.2695031327399825	-0.4350472509632687	0.9860894100253338	0.7054799484651973	-0.002137973388359565	0	1.259225823806939	0.10628391747708268	0.1529419063298562
1.1999999999999995	0.2792526803190927	0	1	0.19404830988600427	1.7915085292236288	0.26758053984035224	-0.4318910589551623	0.9858656375624216	0.7082709431894623	-0.0021106800195506243	0	1.2602121004537357	0.10628391747708268	0.15392818297665312
1.2149999999999994	0.2792526803190927	0	1	0.1944670122173025	1.7899712685534237	0.2660764473583901	-0.42930912303215174	0.9856407879388984	0.7110319351066462	-0.0020833790257155766	0	1.2610804046990416	0.10628391747708268	0.15479648722195882
1.2299999999999993	0.2792526803190927	0	1	0.19488139254881062	1.7885535238029433	0.26461534473834547	-0.4265160547172457	0.9854147377519644	0.7137632114162664	-0.0020577387989415188	0	1.261903222831357	0.10628391747708268	0.15561930535427435
1.2449999999999992	0.2792526803190927	0	1	0.19529171508517118	1.7883880926886795	0.26352145222070883	-0.4245358293897596	0.9851873948227801	0.7164650553880092	-0.0020328929384108995	0	1.2627049289792653	0.10628391747708268	0.15642101150218266
1.2599999999999991	0.2792526803190927	0	1	0.19569811262576486	1.7894008419724239	0.26277323799706304	-0.4233983026553483	0.9849587337956539	0.719137746889067	-0.0020087168375155623	0	1.263493773118207	0.10628391747708268	0.15720985564112439
1.274999999999999	0.2792526803190927	0	1	0.1961006737975464	1.7915806246573405	0.26236734107258586	-0.4231236345251906	0.9847287514853331	0.7217815628601898	-0.001985103475755173	0	1.2642725777959714	0.10628391747708268	0.15798866031888878
1.289999999999999	0.2792526803190927	0	1	0.19649911669828907	1.7948617647536347	0.26228571387655697	-0.42315489518971394	0.984497659461251	0.7243967785259202	-0.001963857062727159	0	1.2672481234434394	0.10628391747708268	0.1609642059663567
1.3049999999999988	0.2792526803190927	0	1	0.1968961889478231	1.7650625563030995	0.25271990202619343	-0.40765717493413545	0.9842638835701977	0.7269836595710937	-0.0019450412785177373	0	1.267816165722282	0.10628391747708268	0.1615322482451992
1.3199999999999987	0.2792526803190927	0	1	0.19728954627777637	1.7624437632126213	0.25095546905442667	-0.40480714710060167	0.9840288189286092	0.729542468183145	-0.0019210225316165736	0	1.2684919732950939	0.10628391747708268	0.1622080558180113
1.3349999999999986	0.2792526803190927	0	1	0.1976787772197985	1.7616550632542614	0.24972444766721738	-0.40282453616404085	0.9837927639732568	0.7320734723526285	-0.0018973543010264006	0	1.269198439516225	0.10628391747708268	0.16291452203914236
1.3499999999999985	0.2792526803190927	0	1	0.19806418252638316	1.7607540423614458	0.24846914385991897	-0.40047117126937254	0.9835555916420134	0.7345769382508583	-0.00187527217258836	0	1.2699144508933613	0.10628391747708268	0.16363053341627853
1.3649999999999984	0.2792526803190927	0	1	0.19844599881851233	1.7608492422981963	0.2475068708407872	-0.3987655340944506	0.9833172056968567	0.7370531282901469	-0.0018539024873213581	0	1.2706306578600204	0.10628391747708268	0.16434674038293784
1.3799999999999983	0.2792526803190927	0	1	0.1988243419338005	1.7618421920748821	0.24680914516686236	-0.39771347401893714	0.9830775796221901	0.7395023016619181	-0.0018331235313429608	0	1.2713441628134847	0.10628391747708268	0.165060245336402
1.3949999999999982	0.2792526803190927	0	1	0.1991992882558484	1.763729897065449	0.24637496076819157	-0.39733948988324175	0.9828367093791466	0.7419247148268664	-0.0018128245283846002	0	1.2720539056107334	0.10628391747708268	0.16576998813365065
1.4099999999999981	0.2792526803190927	0	1	0.19957049599205628	1.7664646664698576	0.24619158419514203	-0.3971162035111161	0.9825948636709508	0.7443206230139793	-0.0017966829701404417	0	1.2689254414967623	0.10628391747708268	0.1626415240196797
1.424999999999998	0.2792526803190927	0	1	0.19994080532931402	1.7370698832857447	0.23679575352949184	-0.3810557457975916	0.9823502079392455	0.7466902710962543	-0.0017796487785735917	0	1.2693040019023538	0.10628391747708268	0.16302008442527127
1.439999999999998	0.2792526803190927	0	1	0.20030751541876152	1.7335896826339803	0.23483844216526711	-0.3775708691625757	0.98210454122041	0.7490339013786308	-0.0017584845100940658	0	1.2698912132099112	0.10628391747708268	0.16360729573282848
1.4549999999999979	0.2792526803190927	0	1	0.20067058713111774	1.73315653791414	0.2337626467784297	-0.37589001425270996	0.9818579433247209	0.7513517630811084	-0.0017376903715857078	0	1.2705440398918748	0.10628391747708268	0.16426012241479215
1.4699999999999978	0.2792526803190927	0	1	0.20103024870211478	1.732345283165343	0.23258566883230783	-0.37365225279824116	0.9816103113448565	0.7536441028267244	-0.001718488557596755	0	1.271209241372957	0.10628391747708268	0.16492532389587444
1.4849999999999977	0.2792526803190927	0	1	0.20138670254767688	1.7324090897417876	0.23166636463423668	-0.37199554905312726	0.9813615530628805	0.7559111638139444	-0.0016999035902167466	0	1.2718716534931052	0.10628391747708268	0.1655877360160225
1.4999999999999976	0.2792526803190927	0	1	0.20174004133847814	1.7332069611091352	0.2309641045203409	-0.370885917183757	0.9811116478272872	0.7581531862607236	-0.001681840908814543	0	1.272526156517197	0.10628391747708268	0.16624223904011431
1.5149999999999975	0.2792526803190927	0	1	0.20209032656045836	1.7347531860631715	0.23048286646464652	-0.3703588085591271	0.980860594979712	0.7603704078890396	-0.0016641821397727994	0	1.2731713250828438	0.10628391747708268	0.16688740760576118
1.5299999999999974	0.2792526803190927	0	1	0.20243723264074076	1.7370122567152262	0.23021337229563313	-0.36991415619185364	0.9806086755170766	0.7625630654537072	-0.0016531685877737728	0	1.2727750110744716	0.10628391747708268	0.16649109359738887
1.5449999999999973	0.2792526803190927	0	1	0.20278266803959488	1.7078904883843118	0.22094789281246097	-0.3533029352162039	0.9803545293680613	0.7647313879648955	-0.0016379449344041924	0	1.2736084227397293	0.10628391747708268	0.16732450526264653
1.5599999999999972	0.2792526803190927	0	1	0.20312557946040652	1.7113119060273432	0.22101916408429695	-0.35514893321579355	0.9800989457337693	0.7668755993406895	-0.0016173780256654121	0	1.2743347527013884	0.10628391747708268	0.16805083522430586
1.574999999999997	0.2792526803190927	0	1	0.20346513909547154	1.7098855803499822	0.21970774546461808	-0.3527220178771179	0.9798425838843625	0.7689959284758013	-0.00159929746739672	0	1.2749984303961184	0.10628391747708268	0.16871451291903575
1.589999999999997	0.2792526803190927	0	1	0.2038016690588036	1.7091045724233234	0.21858793331135778	-0.3505420129486685	0.9795852511498409	0.7710926042981805	-0.001582160133056252	0	1.2756351047683456	0.10628391747708268	0.169351187291263
1.6049999999999969	0.2792526803190927	0	1	0.20413530103256478	1.7086763261829083	0.21757552709981565	-0.348559505444211	0.9793268916834302	0.7731658522232161	-0.001565751327476832	0	1.2762555691068367	0.10628391747708268	0.16997165162975397
1.6199999999999968	0.2792526803190927	0	1	0.204466115526317	1.7088248961526542	0.21673459615226326	-0.3470157765247645	0.9790674857701455	0.7752158950478995	-0.001549789884348502	0	1.276864100074142	0.10628391747708268	0.17058018259705948
1.6349999999999967	0.2792526803190927	0	1	0.20479416326207736	1.7095300932668982	0.21605925210674842	-0.34591773943073306	0.9788070352029505	0.7772429532634592	-0.0015341962528084673	0	1.2774622127283262	0.10628391747708268	0.17117829525124342
1.6499999999999966	0.2792526803190927	0	1	0.20511948576444497	1.7107832983096536	0.2155469476910506	-0.3452658416302677	0.9785455480630806	0.7792472452164024	-0.001518917734965716	0	1.27805057894113	0.10628391747708268	0.17176666146404732
1.6649999999999965	0.2792526803190927	0	1	0.20544183228849813	1.7125768024032855	0.21519618061572537	-0.3445929196954885	0.9782832710424373	0.7812289883511379	-0.0015136287761108875	0	1.281948441951147	0.10628391747708268	0.17566452447406433
1.6799999999999964	0.2792526803190927	0	1	0.20576269707559255	1.6839877331083724	0.20613597818286133	-0.32760931606130705	0.9780190154774681	0.783188393244226	-0.0014976374136359582	0	1.2827790301126412	0.10628391747708268	0.17649511263555856
1.6949999999999963	0.2792526803190927	0	1	0.20608131088642748	1.6872044670163082	0.20620066145239546	-0.32938424578867875	0.9777534319621969	0.7851256657228912	-0.0014791388258397192	0	1.283425847282968	0.10628391747708268	0.17714192980588536
1.7099999999999962	0.2792526803190927	0	1	0.20639699032346734	1.6860818930500296	0.20502765866779532	-0.3272041460136395	0.9774871297850358	0.7870410158338491	-0.0014632318075342762	0	1.2840114233003903	0.10628391747708268	0.17772750582330768
1.724999999999996	0.2792526803190927	0	1	0.2067099859904383	1.6854613333274318	0.204004555736159	-0.3251953958808652	0.9772199444520125	0.7889346537370804	-0.0014481572197108002	0	1.2845732112421604	0.10628391747708268	0.17828929376507774
1.739999999999996	0.2792526803190927	0	1	0.2070203951652564	1.6850830436713653	0.20305664189051742	-0.32331224227034744	0.9769518353594422	0.7908067864826024	-0.0014337831206595662	0	1.285124466447809	0.10628391747708268	0.1788405489707264
1.754999999999996	0.2792526803190927	0	1	0.2073282828266264	1.685161614605717	0.20224530534513374	-0.32178528877985624	0.9766827871122821	0.7926576187819653	-0.0014198145240348842	0	1.2856694177218753	0.10628391747708268	0.17938550024479252
1.7699999999999958	0.2792526803190927	0	1	0.20763369200248652	1.6856862426205748	0.20156736189736124	-0.32062587392558267	0.9764128019326145	0.794487353244488	-0.0014061772516015722	0	1.2862095244240728	0.10628391747708268	0.1799256069469901
1.7849999999999957	0.2792526803190927	0	1	0.20793665897130054	1.686652999413111	0.2010216161947465	-0.31983718253305143	0.9761418870825228	0.7962961905107402	-0.0013928184686835623	0	1.2867452926521543	0.10628391747708268	0.1804613751750716
1.7999999999999956	0.2792526803190927	0	1	0.20823721697551828	1.688047370843855	0.20060384489879857	-0.3194093986211788	0.9758700518115092	0.7980843293070558	-0.0013797108030329912	0	1.2872769181566253	0.10628391747708268	0.1809930006795427
1.8149999999999955	0.2792526803190927	0	1	0.2085352275066488	1.6898739481497334	0.20031577051416444	-0.31890175364950946	0.975597462955212	0.7998519672604067	-0.00138089909813358	0	1.28816009592133	0.10628391747708268	0.1818761784442473
1.8299999999999954	0.2792526803190927	0	1	0.2088314265181194	1.6623047433516396	0.19160237573896588	-0.30200340657191427	0.9753234797405578	0.801599297663421	-0.0013634898043122022	0	1.2884880541303323	0.10628391747708268	0.18220413665324958
1.8449999999999953	0.2792526803190927	0	1	0.20912602322986482	1.6677020970271486	0.19234522304458201	-0.30563518251037797	0.9750479273088246	0.8033265078333915	-0.0013462224090841847	0	1.2889220359241402	0.10628391747708268	0.18263811844705752
1.8599999999999952	0.2792526803190927	0	1	0.20941806027869195	1.6666141617532773	0.19123431669324864	-0.3034923924179244	0.9747717321207054	0.8050337869767532	-0.0013325408067182951	0	1.2894022435022083	0.10628391747708268	0.18311832602512565
1.8749999999999951	0.2792526803190927	0	1	0.20970775985194753	1.666242608792003	0.1903341228869171	-0.30173444456430637	0.9744947270756763	0.8067213261815844	-0.0013192477943755661	0	1.289894275617344	0.10628391747708268	0.18361035814026136
1.889999999999995	0.2792526803190927	0	1	0.2099951737609274	1.665913126720586	0.1894511702603684	-0.29995259585027434	0.974216902021479	0.8083893137547095	-0.0013067114118768203	0	1.2903880588612506	0.10628391747708268	0.184104141384168
1.904999999999995	0.2792526803190927	0	1	0.21028035148270988	1.6659159350548398	0.18866856767438278	-0.2984358680644483	0.9739382475561361	0.8100379360319944	-0.0012945251051153298	0	1.290879925684884	0.10628391747708268	0.18459600820780134
1.9199999999999948	0.2792526803190927	0	1	0.21056332647920203	1.666234762887461	0.18798158242243845	-0.29718818068632474	0.9736587687199861	0.8116673774737122	-0.0012826407300616494	0	1.2913687413953883	0.10628391747708268	0.18508482391830555
1.9349999999999947	0.2792526803190927	0	1	0.21084412840238217	1.666874520569451	0.1873915652401148	-0.2962190415887143	0.9733784735747971	0.8132778207699474	-0.0012710018408139737	0	1.2918541490333444	0.10628391747708268	0.18557023155626182
1.9499999999999946	0.2792526803190927	0	1	0.2111227847643165	1.667827003575891	0.1868961115166266	-0.29552331642050095	0.9730973716965883	0.8148694468807558	-0.001259582568235575	0	1.2923360609825745	0.10628391747708268	0.1860521435054918
1.9649999999999945	0.2792526803190927	0	1	0.2113993221293728	1.6690839795371737	0.18649281069291412	-0.2950945447409089	0.9728154730529421	0.8164424350628467	-0.0012483644546340239	0	1.2928144736320288	0.10628391747708268	0.18653055615494613
1.9799999999999944	0.2792526803190927	0	1	0.211673715190098	1.670666727110464	0.18618785733690235	-0.2945234612587398	0.97253284117435	0.8179969631556205	-0.0012568606954273698	0	1.290626524217318	0.10628391747708268	0.18434260674023534
1.9949999999999943	0.2792526803190927	0	1	0.21194625562670907	1.6440794123297455	0.17780941745473539	-0.27767944666093025	0.9722492086258266	0.8195332062103877	-0.0012352371929171785	0	1.2909183008227594	0.10628391747708268	0.18463438334567678
2.0099999999999945	0.2792526803190927	0	1	0.2122174117343184	1.6481704494463847	0.17823072291696712	-0.28032594421342777	0.9719641100707993	0.8210513338886085	-0.0012207621034367815	0	1.2913433296504748	0.10628391747708268	0.1850594121733922
2.0249999999999946	0.2792526803190927	0	1	0.21248641362251564	1.6476488296971845	0.1773343931210215	-0.27866804897610303	0.9716783823735049	0.8225515160281603	-0.0012086957496175142	0	1.2917980281179877	0.10628391747708268	0.18551411064090512
2.0399999999999947	0.2792526803190927	0	1	0.21275338028317725	1.6475320643807458	0.17655886805675836	-0.27718105950286975	0.9713919374785538	0.8240339244908884	-0.0011971180466307189	0	1.2922598817448263	0.10628391747708268	0.1859759642677437
2.054999999999995	0.2792526803190927	0	1	0.21301833547575996	1.6474335720959992	0.17579325243603378	-0.27566185901910534	0.9711047864379426	0.8254987290467181	-0.0011862212406940176	0	1.2927199050344849	0.10628391747708268	0.1864359875574023
2.069999999999995	0.2792526803190927	0	1	0.21328131288908272	1.6475761798514104	0.17510136784620012	-0.2743407359164604	0.9708169288693647	0.8269460978292761	-0.0011756436570822199	0	1.2931756046639864	0.10628391747708268	0.18689168718690377
2.084999999999995	0.2792526803190927	0	1	0.21354233845429255	1.6479559155739916	0.1744820233223458	-0.2732286549965477	0.9705283720600345	0.8283761973336797	-0.0011653356572138914	0	1.293626174153605	0.10628391747708268	0.18734225667652227
2.099999999999995	0.2792526803190927	0	1	0.21380143650251401	1.648577237712227	0.17393644928003726	-0.2723338954473678	0.9702391244694852	0.8297891924767479	-0.0011552434930176565	0	1.2940714322989035	0.10628391747708268	0.18778751482182096
2.1149999999999953	0.2792526803190927	0	1	0.21405863010850287	1.649433880332439	0.17346280400689856	-0.27165247932458314	0.969949195416196	0.8311852466228078	-0.0011453418320791242	0	1.2945113874443726	0.10628391747708268	0.1882274699672898
2.1299999999999955	0.2792526803190927	0	1	0.21431394168378495	1.6505190735081094	0.1730591026773623	-0.27117892569688856	0.9696585944565481	0.8325645216045909	-0.0011356127468683296	0	1.2949461134547402	0.10628391747708268	0.18866219597765754
2.1449999999999956	0.2792526803190927	0	1	0.2145673931433583	1.6518251612632548	0.1727231073487946	-0.2709066464617377	0.9693673312176069	0.833927177740007	-0.0011260436007830283	0	1.2953757057861635	0.10628391747708268	0.18909178830908085
2.1599999999999957	0.2792526803190927	0	1	0.21481904352713296	1.6533878434849596	0.17246490748774518	-0.27045774794740624	0.9690753721565382	0.8352733736322553	-0.0011428383811035842	0	1.2960423116536783	0.10628391747708268	0.18975839417659568
2.174999999999996	0.2792526803190927	0	1	0.21506847861875605	1.6279080096931486	0.16445779149302575	-0.253856901728016	0.9687832369103037	0.8366032687316464	-0.0011170783770868902	0	1.296645959722585	0.10628391747708268	0.19036204224550232
2.189999999999996	0.2792526803190927	0	1	0.21531719519062756	1.6336511826997577	0.16540493775626514	-0.2580115786454924	0.9684891952285947	0.837917014851048	-0.0011034916332492034	0	1.2971454883618225	0.10628391747708268	0.19086157088473985
2.204999999999996	0.2792526803190927	0	1	0.21556406204103035	1.6331138856138576	0.1645555920989087	-0.2563628467275605	0.968194601510041	0.8392147604612371	-0.0010932519784045667	0	1.2975916114640278	0.10628391747708268	0.19130769398694514
2.219999999999996	0.2792526803190927	0	1	0.21580917552942588	1.6331729624345952	0.1638814038628526	-0.2550883630806509	0.967899375301889	0.8404966588758226	-0.0010829554319081848	0	1.2980183951221052	0.10628391747708268	0.19173447764502238
2.2349999999999963	0.2792526803190927	0	1	0.2160525228386374	1.6331270454527627	0.16318131214969178	-0.2536847238071106	0.9676035656019792	0.8417628617280363	-0.0010734460349527243	0	1.2984354446314401	0.10628391747708268	0.19215152715435738
2.2499999999999964	0.2792526803190927	0	1	0.21629412607076196	1.6332457013836008	0.16253256833186724	-0.2524201780023468	0.9673071793663386	0.8430135194201864	-0.0010642091587499537	0	1.2988464096720074	0.10628391747708268	0.19256249219492477
2.2649999999999966	0.2792526803190927	0	1	0.21653400437725237	1.6335202509120634	0.16193264596938656	-0.25129897409823265	0.967010226652354	0.8442487809427353	-0.0010552281342958284	0	1.2992524945828503	0.10628391747708268	0.19296857710576776
2.2799999999999967	0.2792526803190927	0	1	0.2167721776682678	1.6339597129666616	0.16138409100411516	-0.2503326265517104	0.9667127161220469	0.8454687938967781	-0.0010464433972979157	0	1.2996541596431963	0.10628391747708268	0.19337024216611376
2.294999999999997	0.2792526803190927	0	1	0.217008665362431	1.6345610225601162	0.16088598540239535	-0.24951956235129438	0.9664146565739169	0.8466737045016244	-0.0010378306175676544	0	1.3000516019620942	0.10628391747708268	0.19376768448501158
2.309999999999997	0.2792526803190927	0	1	0.21724348657074496	1.6353209340542707	0.16043735985097302	-0.24885717171780505	0.9661160567268299	0.8478636576088261	-0.0010293717344286332	0	1.3004449332870591	0.10628391747708268	0.19416101580997652
2.324999999999997	0.2792526803190927	0	1	0.21747666010094152	1.636235401874191	0.1600370161762032	-0.24834185960395244	0.965816925223003	0.8490387967150106	-0.0010210543691714453	0	1.3008342363055043	0.10628391747708268	0.19455031882842164
2.339999999999997	0.2792526803190927	0	1	0.2177082044963201	1.637300085250583	0.15968367197480116	-0.24796967476731976	0.9655172705860681	0.8501992639743894	-0.001012869058646769	0	1.3012195840663263	0.10628391747708268	0.19493566658924366
2.3549999999999973	0.2792526803190927	0	1	0.21793820856677118	1.6385698913646767	0.1593928333968051	-0.24739970426367797	0.9652170096014024	0.8513451997539815	-0.0010391896275715425	0	1.3036976869162817	0.10628391747708268	0.19741376943919914
2.3699999999999974	0.2792526803190927	0	1	0.2181658148607508	1.6141047824244636	0.15172877368032084	-0.23096097267817958	0.9649173045013029	0.8524767484078236	-0.0010076316397875497	0	1.304194922058063	0.10628391747708268	0.19791100458098032
2.3849999999999976	0.2792526803190927	0	1	0.218393178556058	1.620218210848851	0.15283298384697674	-0.23557929872179786	0.9646153403674169	0.8535940445818889	-0.000995338602280696	0	1.304595940170063	0.10628391747708268	0.1983120226929804
2.3999999999999977	0.2792526803190927	0	1	0.21861898322722373	1.6199219878991276	0.15210303591381963	-0.23417341468606434	0.9643128743990369	0.8546972163770269	-0.000986498656635663	0	1.3049745284225889	0.10628391747708268	0.19869061094550622
2.414999999999998	0.2792526803190927	0	1	0.2188432844786294	1.6201817260254314	0.15153614183803993	-0.23314541616921508	0.9640098626052421	0.8557863991204138	-0.0009773027378724135	0	1.3053425187959768	0.10628391747708268	0.19905860131889416
2.429999999999998	0.2792526803190927	0	1	0.21906604386998138	1.6202753400211871	0.15092537032917913	-0.2319389336551464	0.9637063874413707	0.8568617269856343	-0.0009689783264377961	0	1.3057056390060604	0.10628391747708268	0.1994217215289778
2.444999999999998	0.2792526803190927	0	1	0.2192872739311865	1.6204748605877752	0.15034870248629767	-0.23082469463470975	0.9634024631407754	0.8579233332914096	-0.0009609028322321174	0	1.306065420816469	0.10628391747708268	0.19978150333938627
2.459999999999998	0.2792526803190927	0	1	0.21950698899713236	1.6207765305922188	0.14980503310281013	-0.22980896979269808	0.9630981011892741	0.8589713501578378	-0.0009530780340799956	0	1.3064224513865927	0.10628391747708268	0.20013853390951
2.4749999999999983	0.2792526803190927	0	1	0.21972520586954747	1.621191397303831	0.14929749472509057	-0.2289046124005173	0.9627933092884402	0.8600059084858123	-0.0009454381665820778	0	1.30677693418749	0.10628391747708268	0.20049301671040723
2.4899999999999984	0.2792526803190927	0	1	0.21994194138704926	1.6217178934542589	0.14882560235256637	-0.22811110263263873	0.9624880946436147	0.8610271379478975	-0.0009379580151591022	0	1.3071289588889978	0.10628391747708268	0.20084504141191512
2.5049999999999986	0.2792526803190927	0	1	0.2201572122102962	1.6223538507106368	0.14838869886681216	-0.22742666916605167	0.9621824642612143	0.8620351669970968	-0.0009306183559196026	0	1.3074785737089705	0.10628391747708268	0.20119465623188784
2.5199999999999987	0.2792526803190927	0	1	0.22037103468794048	1.6230962823209079	0.14798589309800098	-0.22684857657648355	0.9618764251447928	0.8630301228779852	-0.0009234061480978625	0	1.307825812288531	0.10628391747708268	0.20154189481144827
2.534999999999999	0.2792526803190927	0	1	0.22058342484641758	1.6239419819341896	0.14761623157082704	-0.22637381529686637	0.9615699843211376	0.8640121316388357	-0.0009163114890131303	0	1.3081707020990172	0.10628391747708268	0.20188678462193457
2.549999999999999	0.2792526803190927	0	1	0.2207943983920221	1.624887568799012	0.14727871146642174	-0.225999194152258	0.96126314884932	0.8649813181437986	-0.0009093266021522498	0	1.3085132674471458	0.10628391747708268	0.2022293499700632
2.564999999999999	0.2792526803190927	0	1	0.22100397071842975	1.6259295347995526	0.1469722940954145	-0.2257213994774874	0.9609559258217758	0.8659378060850107	-0.0009024451316430246	0	1.3088535305564364	0.10628391747708268	0.20256961307935373
2.579999999999999	0.2792526803190927	0	1	0.22121219282563878	1.6271432770366283	0.14671846326045662	-0.22523845223011474	0.9606482702861975	0.8668817177348478	-0.0009402388120938638	0	1.308625225258654	0.10628391747708268	0.20234130778157144
2.5949999999999993	0.2792526803190927	0	1	0.22141784635372075	1.6039145361723817	0.13946273131036807	-0.20920554095164126	0.9603420296078428	0.8678131831397458	-0.0009030490102809027	0	1.3087972027019203	0.10628391747708268	0.20251328522483766
2.6099999999999994	0.2792526803190927	0	1	0.22162393512416761	1.611370797794192	0.14100396834127604	-0.21522735084432412	0.960032749682468	0.8687323180050379	-0.0008899329585372931	0	1.309069294433731	0.10628391747708268	0.20278537695664828
2.6249999999999996	0.2792526803190927	0	1	0.2218286895137778	1.6110417230187075	0.1403161104572489	-0.2138395746332862	0.9597230836683707	0.8696392280133124	-0.0008827458199784343	0	1.3093801293556295	0.10628391747708268	0.20309621187854693
2.6399999999999997	0.2792526803190927	0	1	0.22203217428749172	1.6114320193780558	0.1398376660302394	-0.2130114154261642	0.9594129607983851	0.8705340306093293	-0.0008743136282419805	0	1.3097016573923268	0.10628391747708268	0.20341773991524423
2.655	0.2792526803190927	0	1	0.22223432838191698	1.6115955428461286	0.13929752016121943	-0.2119497501898892	0.9591025015012848	0.8714168423187024	-0.0008670170827400583	0	1.3100251197905037	0.10628391747708268	0.2037412023134212
2.67	0.2792526803190927	0	1	0.22243515717093865	1.6118214972436506	0.13877859563471523	-0.21094366193085134	0.9587917261218688	0.8722877792067116	-0.0008599425623814433	0	1.3103475172088737	0.10628391747708268	0.20406359973179092
2.685	0.2792526803190927	0	1	0.22263467011528687	1.612103566336719	0.13827906420310232	-0.20999548876505014	0.9584806486196644	0.8731469563543557	-0.0008531302542588111	0	1.3106678964025695	0.10628391747708268	0.2043839789254869
2.7	0.2792526803190927	0	1	0.22283288024420522	1.6124540298364554	0.13780241935800508	-0.20911905783095308	0.9581692771437201	0.8739944878074777	-0.0008464994103706203	0	1.3109859630136114	0.10628391747708268	0.20470204553652868
2.7150000000000003	0.2792526803190927	0	1	0.2230298009529732	1.6128727342223923	0.13734858814998208	-0.20831499755488544	0.9578576189062064	0.8748304865535578	-0.0008400221843588425	0	1.3113016437128948	0.10628391747708268	0.20501772623581221
2.7300000000000004	0.2792526803190927	0	1	0.2232254455874867	1.6133589859417186	0.13691734271832634	-0.20758283703960034	0.9575456808207219	0.8756550645261044	-0.0008336766644270925	0	1.3116149368203511	0.10628391747708268	0.20533101934326844
2.7450000000000006	0.2792526803190927	0	1	0.22341982725407053	1.6139113464356243	0.13650824207417456	-0.2069212223305702	0.9572334698067766	0.8764683326136906	-0.0008274482756054531	0	1.3119258635816398	0.10628391747708268	0.20564194610455716
2.7600000000000007	0.2792526803190927	0	1	0.22361295880264984	1.614528209646395	0.13612079775243402	-0.20632857777290955	0.9569209928262765	0.877270400670591	-0.0008213261270082019	0	1.3122344519746625	0.10628391747708268	0.20595053449757983
2.775000000000001	0.2792526803190927	0	1	0.22380485283648277	1.6152078490307507	0.1357544872695337	-0.20580319323859772	0.956608256877889	0.8780613775274675	-0.0008153018497413136	0	1.3125407314486712	0.10628391747708268	0.20625681397158857
2.790000000000001	0.2792526803190927	0	1	0.22399552172965262	1.6159484569929174	0.135408765384619	-0.20534327502609112	0.9562952689780704	0.8788413710018255	-0.0008093687644913527	0	1.3128447312467035	0.10628391747708268	0.20656081376962085
2.805000000000001	0.2792526803190927	0	1	0.22418497764326026	1.616748158291026	0.1350830679011839	-0.20494696330785173	0.9559820361431339	0.8796104879081823	-0.0008035213965663924	0	1.3131464799100092	0.10628391747708268	0.20686256243292667
2.820000000000001	0.2792526803190927	0	1	0.224373232539266	1.6176050213066042	0.13477681486253945	-0.2046123444785218	0.9556685653742184	0.8803688340679711	-0.0007977551551725051	0	1.3134460051639694	0.10628391747708268	0.20716208768688668
2.8350000000000013	0.2792526803190927	0	1	0.22456029819204756	1.6185170678127996	0.13448941332322895	-0.20433746096298247	0.9553548636452276	0.8811165143192106	-0.0007920661177309009	0	1.3137433339232387	0.10628391747708268	0.20745941644615604
2.8500000000000014	0.2792526803190927	0	1	0.22474612726493334	1.6195860092533176	0.13425017637311543	-0.20386565989822933	0.9550410394460342	0.8818536330324684	-0.0008441270591547686	0	1.3125860233208717	0.10628391747708268	0.2063021058437891
2.8650000000000015	0.2792526803190927	0	1	0.22492960564426598	1.5977886474275225	0.12746059318637826	-0.18838594093339658	0.9547290196694647	0.8825803036886227	-0.0007984638031916594	0	1.3127958760831677	0.10628391747708268	0.20651195860608515
2.8800000000000017	0.2792526803190927	0	1	0.22511384605912493	1.6048182030926892	0.12893431292497898	-0.1942692789983298	0.9544135245439452	0.883296621868913	-0.0007856541490213332	0	1.313083013061392	0.10628391747708268	0.20679909558430923
2.895000000000002	0.2792526803190927	0	1	0.2252969716317412	1.6047469640692313	0.12837475230968498	-0.19319831966157044	0.9540977596703869	0.8840026719898967	-0.0007794564424635928	0	1.313373836456763	0.10628391747708268	0.20708991897968038
2.910000000000002	0.2792526803190927	0	1	0.225479032495766	1.605311484078074	0.1280001926523942	-0.19263867161810538	0.9537816625180611	0.8846985532245598	-0.000771713955493383	0	1.3136667152110524	0.10628391747708268	0.20738279773396978
2.925000000000002	0.2792526803190927	0	1	0.22565995816889853	1.6056476106653712	0.12756305774969307	-0.19183974635549117	0.9534653799069527	0.8853843641810507	-0.0007653070113619225	0	1.313958041082782	0.10628391747708268	0.20767412360569934
2.940000000000002	0.2792526803190927	0	1	0.2258397490017646	1.6060134203156977	0.12713735686240524	-0.19106679355344075	0.9531489371116568	0.8860602033410231	-0.0007591323251440552	0	1.3142472240709973	0.10628391747708268	0.2079633065939145
2.9550000000000023	0.2792526803190927	0	1	0.22601841142701914	1.6064057209461324	0.12672216367085054	-0.1903240224359365	0.9528323487707372	0.886726168404661	-0.0007532390457547653	0	1.314534016691322	0.10628391747708268	0.20825009921423926
2.9700000000000024	0.2792526803190927	0	1	0.22619595601396986	1.6068360983306755	0.12632077699527777	-0.18962468546798464	0.9525156220045701	0.8873823562081744	-0.000747530912232928	0	1.3148183812430214	0.10628391747708268	0.20853446376593887
2.9850000000000025	0.2792526803190927	0	1	0.22637239394992442	1.6073049549124507	0.12593328691110872	-0.18896985493891513	0.9521987625058083	0.8880288626879651	-0.0007419749475504552	0	1.3151003294927899	0.10628391747708268	0.20881641201570728
3.0000000000000027	0.2792526803190927	0	1	0.22654773647093315	1.6078119819666592	0.12555957927371736	-0.18835939211953623	0.9518817755315092	0.8886657828803219	-0.0007365456421496198	0	1.3153798913932067	0.10628391747708268	0.209095973916124
3.015000000000003	0.2792526803190927	0	1	0.22672199463232875	1.6083562039639532	0.12519934912057246	-0.18779234976659562	0.9515646663156089	0.8892932109281001	-0.0007312263193078142	0	1.315657101548687	0.10628391747708268	0.20937318407160435
3.030000000000003	0.2792526803190927	0	1	0.22689517927775021	1.6089365242045182	0.12485225722481874	-0.1872676062858875	0.951247440133143	0.8899112400897013	-0.000726004773705331	0	1.3159319955528623	0.10628391747708268	0.20964807807577976
3.045000000000003	0.2792526803190927	0	1	0.22706730104508335	1.6095517883260897	0.12451794829221502	-0.18678396543828132	0.9509301022984927	0.8905199627482746	-0.0007208718273828738	0	1.3162046087526753	0.10628391747708268	0.20992069127559265
3.060000000000003	0.2792526803190927	0	1	0.22723837038214817	1.6102008197835334	0.12419606109195364	-0.18634020322306552	0.9506126581451569	0.8911194704207154	-0.0007158203175069746	0	1.3164749759133016	0.10628391747708268	0.21019105843621905
3.0750000000000033	0.2792526803190927	0	1	0.22740839756120174	1.6108824281922238	0.12388623080955302	-0.1859350804291386	0.950295113006702	0.8917098537663802	-0.0007108445033254658	0	1.3167431311372622	0.10628391747708268	0.21045921366017944
3.0900000000000034	0.2792526803190927	0	1	0.22757739269056415	1.6115954141682705	0.12358809040355212	-0.18556734894800042	0.9499774722021735	0.8922912025955476	-0.0007059396759811877	0	1.3170091078616608	0.10628391747708268	0.21072519038457824
3.1050000000000035	0.2792526803190927	0	1	0.2277453657233801	1.6123385727118476	0.12330127155277215	-0.18523575574135334	0.9496597410261889	0.8928636058776726	-0.0007011018966961586	0	1.3172729388739723	0.10628391747708268	0.2109890213968898
3.1200000000000037	0.2792526803190927	0	1	0.22791232646398693	1.6131106963726012	0.12302540554805863	-0.18493904624976068	0.949341924743039	0.8934271517494798	-0.0006963278142796478	0	1.3175346563299437	0.10628391747708268	0.21125073885286105
3.135000000000004	0.2792526803190927	0	1	0.22807828457235851	1.6139105782402499	0.12276012413951087	-0.18467596751218246	0.9490240285841016	0.893981927522936	-0.0006916145345819267	0	1.317794291769334	0.10628391747708268	0.21151037429225128
3.150000000000004	0.2792526803190927	0	1	0.22824324956701758	1.614737014586924	0.12250506028831842	-0.18444527099110453	0.948706057747963	0.8945280196931283	-0.0006869595248554956	0	1.3180518761289708	0.10628391747708268	0.21176795865188805
3.165000000000004	0.2792526803190927	0	1	0.2284072308267418	1.615588807558266	0.12225984893610359	-0.18424571527170294	0.9483880174027405	0.8950655139460785	-0.000682360542274186	0	1.318307439753506	0.10628391747708268	0.21202352227642327
3.180000000000004	0.2792526803190927	0	1	0.2285700517691759	1.6166022230029946	0.12206409764943565	-0.18387244481469248	0.9480702788508757	0.8955944969927441	-0.0007534796489967775	0	1.3192896989493739	0.10628391747708268	0.21300578147229132
3.1950000000000043	0.2792526803190927	0	1	0.22873066019562519	1.5962010260196182	0.11573407427407456	-0.16898454981455618	0.9477549400539826	0.896115066987564	-0.0006995992388816205	0	1.3196513350957992	0.10628391747708268	0.2133674176187166
3.2100000000000044	0.2792526803190927	0	1	0.22889263967537454	1.6039869961623523	0.11748215125375983	-0.17590663258925107	0.9474349690600192	0.8966272964477566	-0.0006828073802764783	0	1.3199495292035224	0.10628391747708268	0.21366561172643977
3.2250000000000045	0.2792526803190927	0	1	0.2290536646471175	1.603909928442149	0.11697805356900565	-0.17492993566384415	0.9471149411478195	0.8971312450911955	-0.0006781059875700117	0	1.3202155080059192	0.10628391747708268	0.21393159052883653
3.2400000000000047	0.2792526803190927	0	1	0.2292138189438266	1.6045679812567863	0.11668701829183109	-0.17458318181805788	0.946794711020524	0.8976269940223669	-0.0006705050869699629	0	1.3204704545732273	0.10628391747708268	0.2141865370961447
3.255000000000005	0.2792526803190927	0	1	0.22937302561686654	1.6049933429541756	0.11633176609940116	-0.17398525171714188	0.946474453812255	0.8981146236911826	-0.0006647704444726868	0	1.3207202957086883	0.10628391747708268	0.2144363782316057
3.270000000000005	0.2792526803190927	0	1	0.22953128263278058	1.6054293184354398	0.11598207556786061	-0.17339422583980774	0.9461541964399773	0.8985942147504412	-0.0006592915269144774	0	1.320967197739578	0.10628391747708268	0.21468328026249547
3.285000000000005	0.2792526803190927	0	1	0.2296885945670902	1.6058718153431109	0.11563676538793016	-0.1728130410429086	0.9458339525579362	0.8990658472521136	-0.0006541501413999274	0	1.3212118818795602	0.10628391747708268	0.21492796440247758
3.300000000000005	0.2792526803190927	0	1	0.22984497012616573	1.6063312506188852	0.11529880224011418	-0.17225413638848203	0.9455137272488412	0.8995296005447507	-0.000649218684267094	0	1.3214546132235674	0.10628391747708268	0.21517069574648476
3.3150000000000053	0.2792526803190927	0	1	0.23000041862191783	1.6068084051294163	0.11496838777836171	-0.1717189862308094	0.9451935240563305	0.8999855532302705	-0.0006444539970046539	0	1.3216954990679088	0.10628391747708268	0.2154115815908262
3.3300000000000054	0.2792526803190927	0	1	0.23015494935205424	1.6073033769932286	0.11464552781485404	-0.17120787915116606	0.944873346234078	0.900433783162302	-0.0006398233188307702	0	1.321934593638547	0.10628391747708268	0.21565067616146438
3.3450000000000055	0.2792526803190927	0	1	0.23030857138111496	1.6078157161920799	0.11433007157971098	-0.17072039427557112	0.9445531972020238	0.9008743674530217	-0.0006353054500756503	0	1.3221719323890204	0.10628391747708268	0.21588801491193768
3.3600000000000056	0.2792526803190927	0	1	0.23046129351858236	1.6083448822339705	0.11402184302313345	-0.17025596308389992	0.9442330806041872	0.9013073824824737	-0.0006308851308260403	0	1.3224075437274712	0.10628391747708268	0.21612362625038853
3.3750000000000058	0.2792526803190927	0	1	0.2306131243358068	1.6088903057120578	0.11372065841971474	-0.16981396824756395	0.9439130002860604	0.901732903907971	-0.000626551060338244	0	1.3226414530201094	0.10628391747708268	0.21635753554302664
3.390000000000006	0.2792526803190927	0	1	0.2307640721910316	1.6094514153426522	0.11342633404934754	-0.16939378311799033	0.9435929602536107	0.9021510066730881	-0.0006222945628905607	0	1.3228736840186734	0.10628391747708268	0.2165897665415907
3.405000000000006	0.2792526803190927	0	1	0.23091414525201143	1.6100276420546296	0.11313868730465149	-0.1689947803245578	0.9432729646356715	0.9025617650161709	-0.0006181088001410107	0	1.3231042594040379	0.10628391747708268	0.2168203419269553
3.420000000000006	0.2792526803190927	0	1	0.23106335151477947	1.6106184197783908	0.11285753686333228	-0.16861633420347105	0.9429530176530247	0.9029652524784225	-0.0006139882579124659	0	1.323333201021454	0.10628391747708268	0.21704928354437125
3.4350000000000063	0.2792526803190927	0	1	0.23121169881894	1.6112231852451306	0.11258270258699443	-0.1682578213717113	0.9426331235936871	0.903361541911632	-0.0006099284034095857	0	1.3235605300023263	0.10628391747708268	0.21727661252524363
3.4500000000000064	0.2792526803190927	0	1	0.23135919486023035	1.6118413782223628	0.11231400555309379	-0.16791862124101525	0.9423132867930648	0.9037507054856034	-0.0006059254479844442	0	1.3237862668404348	0.10628391747708268	0.21750234936335217
3.4650000000000065	0.2792526803190927	0	1	0.23150584720101042	1.6124724418708074	0.11205126812778271	-0.16759811659107107	0.9419935116177801	0.9041328146953336	-0.0006019761786668494	0	1.3240104314471466	0.10628391747708268	0.21772651397006385
3.4800000000000066	0.2792526803190927	0	1	0.23165166327916	1.6131158232792702	0.11179431409446389	-0.16729569426305738	0.9416738024522721	0.904507940367969	-0.0005980778357409773	0	1.3242330431951501	0.10628391747708268	0.21794912571806757
3.4950000000000068	0.2792526803190927	0	1	0.23179665041574243	1.613770974278513	0.1115429688659515	-0.16701074599581892	0.9413541636875233	0.9048761526695732	-0.0005942280219920317	0	1.3244541209548857	0.10628391747708268	0.2181702034778031
3.510000000000007	0.2792526803190927	0	1	0.23194081582167742	1.6144373519873807	0.11129705962274805	-0.1667426691569129	0.941034599711468	0.9052375211117217	-0.0005904246342250954	0	1.324673683125764	0.10628391747708268	0.21838976564868126
3.525000000000007	0.2792526803190927	0	1	0.23208416660359657	1.6151144197456007	0.11105641556457668	-0.1664908676185912	0.9407151149007873	0.9055921145579424	-0.000586665810754591	0	1.3248917476634083	0.10628391747708268	0.21860783018632568
3.540000000000007	0.2792526803190927	0	1	0.23222670976899645	1.6158016475921528	0.11082086803365038	-0.1662547524225545	0.9403957136138881	0.9059400012300174	-0.0005829498905338977	0	1.325108332103728	0.10628391747708268	0.21882441462664537
3.5550000000000073	0.2792526803190927	0	1	0.23236845223077415	1.6164985131475913	0.11059025075556828	-0.1660337425779399	0.9400764001849428	0.9062812487141568	-0.0005792753809127445	0	1.3253234535843905	0.10628391747708268	0.2190395361073079
3.5700000000000074	0.2792526803190927	0	1	0.2325094008111983	1.6172045019525871	0.11036439992592872	-0.1658272656010568	0.9397571789189162	0.9066159239670568	-0.0005756409318587304	0	1.3255371288641231	0.10628391747708268	0.21925321138704043
3.5850000000000075	0.2792526803190927	0	1	0.23264956224535627	1.6179191081719138	0.110143154403261	-0.16563475816757128	0.9394380540875361	0.9069440933218523	-0.0005720453151070544	0	1.3257493743401567	0.10628391747708268	0.219465456863074
3.6000000000000076	0.2792526803190927	0	1	0.23278894318410848	1.6186418348989091	0.1099263557888368	-0.16545566656419003	0.9391190299261745	0.9072658224939761	-0.0005684874070901361	0	1.3259602060640714	0.10628391747708268	0.21967628858698882
3.6150000000000078	0.2792526803190927	0	1	0.23292755019657543	1.6193721946948625	0.10971384857521715	-0.16528944720018304	0.9388001106316297	0.9075811765869313	-0.0005649661748213766	0	1.3261696397562341	0.10628391747708268	0.21988572227915146
3.630000000000008	0.2792526803190927	0	1	0.2330653897721888	1.620109709869689	0.10950548022189749	-0.16513556697817777	0.9384813003607684	0.9078902200979903	-0.0005614806640974825	0	1.3263776908190015	0.10628391747708268	0.2200937733419187
3.645000000000008	0.2792526803190927	0	1	0.23320246832233113	1.6208539127895365	0.1093011012398889	-0.16499350364244403	0.9381626032300077	0.9081930169238266	-0.0005580299895623419	0	1.326584374348807	0.10628391747708268	0.2203004568717243
3.660000000000008	0.2792526803190927	0	1	0.23333879218160802	1.6216043459843577	0.10910056522002826	-0.1648627460135811	0.9378440233155738	0.9084896303660897	-0.000554613326263851	0	1.3267897051472661	0.10628391747708268	0.22050578767018356
3.6750000000000083	0.2792526803190927	0	1	0.23347407211164953	1.6225462137175994	0.10895786546665398	-0.16460210604723147	0.9375262642449012	0.9087801266261526	-0.0006527520387629615	0	1.3278679699991385	0.10628391747708268	0.22158405252205576
3.6900000000000084	0.2792526803190927	0	1	0.23360759076074264	1.6037243599666682	0.10315314933231617	-0.1504747214114707	0.9372110471753964	0.9090645833228355	-0.0005850080580227434	0	1.328100826858882	0.10628391747708268	0.22181690938179943
3.7050000000000085	0.2792526803190927	0	1	0.23374286077926457	1.6110923524234178	0.10485266611156907	-0.1573747835020466	0.9368900721859945	0.9093430444481032	-0.0005648294996975105	0	1.3283038997890035	0.10628391747708268	0.22201998231192094
3.7200000000000086	0.2792526803190927	0	1	0.23387737810789358	1.6111844039402694	0.10446790249360499	-0.15671628962779693	0.9365692559035279	0.9096155418759274	-0.0005611336140936813	0	1.3285077107196273	0.10628391747708268	0.22222379324254468
3.7350000000000088	0.2792526803190927	0	1	0.23401123541548943	1.611958602069718	0.10428052384381509	-0.15665773807045533	0.9362483948374734	0.9098821355103361	-0.0005536126978450974	0	1.3287095209046251	0.10628391747708268	0.22242560342754258
3.750000000000009	0.2792526803190927	0	1	0.23414435430206587	1.6125213375144476	0.1040345352605041	-0.15635967065840198	0.9359276941492997	0.9101428846726985	-0.0005485265827855416	0	1.3289099621531415	0.10628391747708268	0.22262604467605873
3.765000000000009	0.2792526803190927	0	1	0.23427673017291067	1.6130818361260537	0.10378994921827267	-0.15605408619142142	0.9356071837043978	0.9103978492612239	-0.0005437646188259929	0	1.329108982385775	0.10628391747708268	0.22282506490869217
3.780000000000009	0.2792526803190927	0	1	0.2344083658024456	1.6136376895318012	0.1035460704829092	-0.15574541272692938	0.9352868756866272	0.9106470887871029	-0.0005394170778949745	0	1.3293066229461232	0.10628391747708268	0.2230227054690405
3.7950000000000093	0.2792526803190927	0	1	0.23453926796660182	1.614197899699849	0.1033054633732054	-0.15544507093438176	0.9349667724115223	0.9108906622413931	-0.0005353168556796112	0	1.3295029089812804	0.10628391747708268	0.22321899150419772
3.8100000000000094	0.2792526803190927	0	1	0.2346694440398598	1.6147634293525972	0.1030683850874966	-0.15515478940958202	0.934646874468402	0.9111286280426117	-0.0005314057191337952	0	1.3296978659241252	0.10628391747708268	0.22341394844704263
3.8250000000000095	0.2792526803190927	0	1	0.23479890134022174	1.6153345203971774	0.10283488623600884	-0.15487504715959322	0.9343271823049706	0.9113610440331593	-0.0005276409399993361	0	1.3298915167226055	0.10628391747708268	0.22360759924552293
3.8400000000000096	0.2792526803190927	0	1	0.23492764692924922	1.6159109562526959	0.10260488667727402	-0.1546056805868987	0.9340076967271107	0.9115879674861362	-0.0005239951384719097	0	1.3300838825262773	0.10628391747708268	0.22379996504919455
3.8550000000000098	0.2792526803190927	0	1	0.23505568760193735	1.6164924513715804	0.10237828724552361	-0.1543463941664627	0.9336884189385398	0.9118094551147687	-0.0005204489499910575	0	1.330274982926856	0.10628391747708268	0.2239910654497735
3.87000000000001	0.2792526803190927	0	1	0.2351830299143572	1.6170787146080543	0.10215498783919263	-0.15409686422206983	0.9333693504863532	0.9120255630816669	-0.0005169882621806679	0	1.3304648362346434	0.10628391747708268	0.2241809187575607
3.88500000000001	0.2792526803190927	0	1	0.2353096802161127	1.6176694709795736	0.10193489356366925	-0.15385677484311266	0.9330504931924273	0.912236347007378	-0.0005136024252572255	0	1.330653459687249	0.10628391747708268	0.22436954221016625
3.90000000000001	0.2792526803190927	0	1	0.23543564467802497	1.6182644630614345	0.10171791504828193	-0.15362582435794722	0.9327318490945944	0.9124418619782203	-0.0005102831911504549	0	1.3308408696130483	0.10628391747708268	0.22455695213596563
3.9150000000000102	0.2792526803190927	0	1	0.23556092931417946	1.6188634488722786	0.10150396777411991	-0.15340372517420447	0.9324134204002058	0.9126421625535165	-0.0005070240283862423	0	1.3310270815580838	0.10628391747708268	0.22474316408100115
3.9300000000000104	0.2792526803190927	0	1	0.23568553999925257	1.619466199324137	0.10129297129128872	-0.15319020205774714	0.9320952094501908	0.9128373027723449	-0.0005038196664045649	0	1.3312121103861403	0.10628391747708268	0.22492819290905766
3.9450000000000105	0.2792526803190927	0	1	0.23580948248226244	1.620072496172492	0.10108484859037131	-0.15298499048228403	0.9317772186910843	0.9130273361599048	-0.0005006657818237931	0	1.3313959703589324	0.10628391747708268	0.22511205288184985
3.9600000000000106	0.2792526803190927	0	1	0.23593276239766237	1.6206821305066357	0.10087952563685842	-0.15278783534116816	0.9314594506529409	0.9132123157335715	-0.0004975587767020906	0	1.3315786752014318	0.10628391747708268	0.22529475772434907
3.9750000000000107	0.2792526803190927	0	1	0.236055385274467	1.6212949016725382	0.10067693103554154	-0.1525984900068651	0.931141907931571	0.9133922940086905	-0.0004944956181934905	0	1.3317602381559284	0.10628391747708268	0.2254763206788458
3.990000000000011	0.2792526803190927	0	1	0.23617735654389116	1.6219106165070083	0.10047699578865377	-0.15241671565608292	0.9308245931740146	0.9135673230041556	-0.0004914737203100002	0	1.3319406720273956	0.10628391747708268	0.22565675455031292
4.0050000000000106	0.2792526803190927	0	1	0.23629868154585862	1.6225290887851505	0.10027965311857284	-0.15224228078291693	0.9305075090664361	0.913737454247797	-0.000488490855210538	0	1.3321199892220406	0.10628391747708268	0.2258360717449579
4.02000000000001	0.2792526803190927	0	1	0.23641936553462714	1.6231501388225622	0.10008483833754878	-0.1520749608459087	0.9301906583238977	0.9139027387816067	-0.00048554508561852674	0	1.3322982017804292	0.10628391747708268	0.22601428430334652
4.03500000000001	0.2792526803190927	0	1	0.23653941368371795	1.6237735931760366	0.0998924887477608	-0.15191453800392943	0.9298740436815753	0.9140632271668162	-0.00048263471261993107	0	1.332475321406226	0.10628391747708268	0.22619140392914333
4.05000000000001	0.2792526803190927	0	1	0.23665883109028618	1.624399284420704	0.09970254356496006	-0.15176080091643007	0.9295576678871235	0.9142189694888416	-0.00047975823483718843	0	1.332651359491352	0.10628391747708268	0.22636744201426934
4.065000000000009	0.2792526803190927	0	1	0.2367776227790385	1.625027050973729	0.09951494385681176	-0.15161354458510845	0.9292415336939501	0.9143700153621096	-0.000476914316134222	0	1.332826327138175	0.10628391747708268	0.22654240966109238
4.080000000000009	0.2792526803190927	0	1	0.2368957937057728	1.625656736954175	0.0993296324927268	-0.15147257022529315	0.9289256438552301	0.9145164139347702	-0.00047410175980032747	0	1.333000235179219	0.10628391747708268	0.22671631770213624
4.095000000000009	0.2792526803190927	0	1	0.23701334876060334	1.6262881920668286	0.09914655410149587	-0.15133768515699375	0.9286100011185368	0.9146582138933084	-0.00047131948770944617	0	1.333173094194782	0.10628391747708268	0.22688917671769923
4.110000000000008	0.2792526803190927	0	1	0.23713029277090275	1.626921271497428	0.09896565503302895	-0.15120870270706022	0.9282946082210093	0.9147954634670568	-0.0004685665233386212	0	1.3333449145287624	0.10628391747708268	0.22706099705167965
4.125000000000008	0.2792526803190927	0	1	0.23724663050399178	1.6275558358157836	0.09878688332310237	-0.15108544211874736	0.9279794678850222	0.9149282104326196	-0.0004658419778006843	0	1.333515706302949	0.10628391747708268	0.22723178882586634
4.140000000000008	0.2792526803190927	0	1	0.2373623666695779	1.6281917508818147	0.0986101886596874	-0.15096772846526196	0.9276645828143466	0.9150565021182115	-0.0004631450382498466	0	1.3336854794299646	0.10628391747708268	0.227401561952882
4.155000000000007	0.2792526803190927	0	1	0.23747750592194478	1.62882888774703	0.09843552234871211	-0.15085539256316371	0.9273499556908479	0.915180385407917	-0.00046047495816651824	0	1.3338542436250274	0.10628391747708268	0.22757032614794465
4.170000000000007	0.2792526803190927	0	1	0.23759205286187673	1.629467122550048	0.09826283727890961	-0.1507482708846817	0.9270355891717541	0.9152999067458782	-0.00045783104913666784	0	1.3340220084166503	0.10628391747708268	0.22773809093956773
4.185000000000007	0.2792526803190927	0	1	0.23770601203830796	1.630106336405892	0.09809208788570883	-0.15064620546812713	0.9267214858875732	0.9154151121404172	-0.00045521267383068334	0	1.3341887831563872	0.10628391747708268	0.22790486567930462
4.200000000000006	0.2792526803190927	0	1	0.2378193879496847	1.630746415285944	0.09792323011331605	-0.15054904382483664	0.9264076484406971	0.915526047168099	-0.00045261923995477905	0	1.334354577027704	0.10628391747708268	0.22807065955062142
4.215000000000006	0.2792526803190927	0	1	0.2379321850450344	1.6313872498931423	0.09775622137632373	-0.15045663884393654	0.9260940794047358	0.9156327569777453	-0.00045005019500331874	0	1.3345193990540474	0.10628391747708268	0.22823548157696466
4.230000000000006	0.2792526803190927	0	1	0.23804440772475985	1.6320287355359089	0.09759102052179197	-0.1503688486957309	0.925780781324561	0.9157352862944036	-0.0004475050216827443	0	1.3346832581061785	0.10628391747708268	0.22839934062909584
4.245000000000005	0.2792526803190927	0	1	0.2381560603411791	1.6326707720002596	0.09742758779158639	-0.15028553673295825	0.9254677567170155	0.9158336794232822	-0.00044498323391173826	0	1.3348461629088344	0.10628391747708268	0.22856224543175171
4.260000000000005	0.2792526803190927	0	1	0.2382671471988543	1.6333132634307863	0.09726588478790432	-0.1502065713936547	0.9251550080721965	0.9159279802536547	-0.00044248437333032026	0	1.3350081220467733	0.10628391747708268	0.2287242045696907
4.275000000000005	0.2792526803190927	0	1	0.23837767255476364	1.6339561182168412	0.09710587444077073	-0.1501318261036442	0.9248425378551661	0.9160182322627411	-0.00044000800625752464	0	1.3351691439702762	0.10628391747708268	0.22888522649319348
4.2900000000000045	0.2792526803190927	0	1	0.2384876406183715	1.6345992488884968	0.09694752097864634	-0.15006117918039755	0.9245303485079541	0.9161044785195689	-0.00043755372105780274	0	1.3353292370001597	0.10628391747708268	0.22904531952307713
4.305000000000004	0.2792526803190927	0	1	0.23859705555165645	1.635242572030165	0.09679078990422091	-0.14999451374134526	0.9242184424516873	0.9161867616888156	-0.00043512112586982824	0	1.335488409332366	0.10628391747708268	0.2292044918552834
4.320000000000004	0.2792526803190927	0	1	0.2387059214691461	1.6358860081962072	0.09663564797075086	-0.14993171761062976	0.9239068220886997	0.9162651240346354	-0.0004327098466568977	0	1.3356466690421858	0.10628391747708268	0.2293627515651032
4.3350000000000035	0.2792526803190927	0	1	0.23881424243799826	1.6365294818371638	0.09648206316128732	-0.14987268322816294	0.9235954898045297	0.9163396074244667	-0.00043031952553631615	0	1.3358040240881688	0.10628391747708268	0.22952010661108624
4.350000000000003	0.2792526803190927	0	1	0.23892202247814992	1.6371729212335475	0.0963300046698547	-0.149817307560364	0.9232844479697123	0.9164102533328218	-0.00042794981934564846	0	1.335960482315762	0.10628391747708268	0.22967656483867938
4.365000000000003	0.2792526803190927	0	1	0.23902926556254608	1.6378162584288336	0.09617944288214064	-0.14976549200968592	0.9229736989413447	0.9164771028450546	-0.0004256003984061433	0	1.3361160514607138	0.10628391747708268	0.22983213398363112
4.380000000000003	0.2792526803190927	0	1	0.23913597561744926	1.6384594291639636	0.09603034935635818	-0.14971714232427052	0.9226632450644113	0.9165401966611062	-0.00042327094544894397	0	1.336270739152272	0.10628391747708268	0.22998682167518922
4.395000000000002	0.2792526803190927	0	1	0.23924215652282418	1.639102372808539	0.09588269680291528	-0.14967216850612466	0.9223530886728682	0.9165995750992246	-0.0004209611546767599	0	1.3364245529161993	0.10628391747708268	0.2301406354391166
4.410000000000002	0.2792526803190927	0	1	0.2393478121127905	1.6397450322919027	0.095736459063828	-0.149630484719242	0.9220432320905165	0.9166552780996571	-0.00041867073093985443	0	1.3365775001776248	0.10628391747708268	0.23029358270054215
4.425000000000002	0.2792526803190927	0	1	0.23945294617613982	1.6403873540359994	0.09559161109243258	-0.14959200919846896	0.9217336776316555	0.9167073452283134	-0.00041639938901160615	0	1.3367295882637469	0.10628391747708268	0.23044567078666428
4.440000000000001	0.2792526803190927	0	1	0.23955756245691576	1.6410292878800299	0.09544812893053628	-0.14955666415501825	0.9214244276015269	0.9167558156803987	-0.0004141468529532974	0	1.3368808244064068	0.10628391747708268	0.2305969069293242
4.455000000000001	0.2792526803190927	0	1	0.23966166465505617	1.6416707870171914	0.09530598968882792	-0.14952437568681595	0.9211154842965378	0.9168007282840126	-0.00041191285556198536	0	1.3370312157445432	0.10628391747708268	0.2307472982674606
4.470000000000001	0.2792526803190927	0	1	0.2397652564271078	1.6423118079213412	0.09516517152415965	-0.14949507368460213	0.920806850004228	0.9168421215037142	-0.000409697137895066	0	1.3371807693265492	0.10628391747708268	0.23089685184946646
4.485	0.2792526803190927	0	1	0.23986834138701774	1.6429523102879675	0.09502565362067922	-0.14946869174366517	0.9204985270029715	0.9168800334440497	-0.0004074994488691049	0	1.337329492112542	0.10628391747708268	0.2310455746354594
4.5	0.2792526803190927	0	1	0.239970923107012	1.6435922569688626	0.09488741616887048	-0.14944516707279948	0.9201905175613552	0.9169145018530396	-0.00040531954492788104	0	1.337477390976566	0.10628391747708268	0.2311934734994835
4.515	0.2792526803190927	0	1	0.24007300511857385	1.6442316139142565	0.094750440346407	-0.14942444040605096	0.9198828239372161	0.916945564125625	-0.0004031571897762257	0	1.3376244727087407	0.10628391747708268	0.23134055523165806
4.529999999999999	0.2792526803190927	0	1	0.24017459091352794	1.644870350123285	0.09461470830104968	-0.14940645591776597	0.9195754483762862	0.9169732573070664	-0.00040101215417533115	0	1.3377707440173727	0.10628391747708268	0.23148682654029012
4.544999999999999	0.2792526803190927	0	1	0.2402756839452392	1.6455084375888946	0.09448020313157435	-0.14939116113523485	0.9192683931104239	0.9169976180962941	-0.00039888421579375197	0	1.3379162115310443	0.10628391747708268	0.23163229405396174
4.559999999999999	0.2792526803190927	0	1	0.24037628762992788	1.6461458512508984	0.09434690887065816	-0.14937850685479745	0.918961660355412	0.917018682849205	-0.0003967731591050134	0	1.3380608818006905	0.10628391747708268	0.2317769643236078
4.574999999999998	0.2792526803190927	0	1	0.24047640534809664	1.6467825689508724	0.09421481046792296	-0.14936844705909627	0.9186552523083285	0.917036487581903	-0.0003946787753215824	0	1.3382047613016748	0.10628391747708268	0.23192084382459208
4.589999999999998	0.2792526803190927	0	1	0.2405760404460535	1.6474185713815137	0.09408389377107629	-0.1493609388328931	0.9183491711445285	0.9170510679738788	-0.0003926008623459365	0	1.3383478564358722	0.10628391747708268	0.23206393895878957
4.604999999999998	0.2792526803190927	0	1	0.240675196237501	1.6480538420343753	0.09395414550635928	-0.14935594227960816	0.9180434190143236	0.9170624593711262	-0.00039053922472075803	0	1.338490173533752	0.10628391747708268	0.23220625605666925
4.619999999999997	0.2792526803190927	0	1	0.24077387600514755	1.6486883671382697	0.09382555325623354	-0.14935342043612018	0.9177379980394881	0.9170706967891944	-0.00038849367354918107	0	1.3386317188564547	0.10628391747708268	0.23234780137937197
4.634999999999997	0.2792526803190927	0	1	0.24087208300227952	1.6493221355831935	0.09369810543302215	-0.14935333918440943	0.9174329103097856	0.9170758149161742	-0.00038646402636038804	0	1.3387724985978462	0.10628391747708268	0.2324885811207636
4.649999999999997	0.2792526803190927	0	1	0.24096982045422471	1.6499551388310936	0.09357179124910392	-0.1493556671611755	0.9171281578797265	0.9170778481156221	-0.00038445010689549673	0	1.3389125188865187	0.10628391747708268	0.2326286014094361
4.6649999999999965	0.2792526803190927	0	1	0.2410670915596327	1.650587370808458	0.09344660068245714	-0.1493603756636648	0.9168237427658129	0.9170768304294242	-0.0003824517447976809	0	1.3390517857877071	0.10628391747708268	0.2327678683106244
4.679999999999996	0.2792526803190927	0	1	0.24116389949151007	1.651218827782056	0.0933225244381315	-0.149367438552106	0.9165196669444688	0.9170727955806093	-0.0003804687752047444	0	1.3391903053050902	0.10628391747708268	0.23290638782800746
4.694999999999996	0.2792526803190927	0	1	0.24126024739796548	1.6518495082260194	0.09319955390813955	-0.14937683215155237	0.916215932350825	0.9170657769761159	-0.00037850103826093966	0	1.3393280833824412	0.10628391747708268	0.23304416590535862
4.7099999999999955	0.2792526803190927	0	1	0.2413561384026546	1.6524794126794164	0.09307768112956122	-0.14938853515168218	0.9159125408784045	0.9170558077095254	-0.00037654837857635406	0	1.3394651259051118	0.10628391747708268	0.23318120842802917
4.724999999999995	0.2792526803190927	0	1	0.24145157560495195	1.6531085436141506	0.09295689874646235	-0.14940252851138255	0.9156094943796634	0.9170429205637687	-0.00037461064467883906	0	1.3396014387013415	0.10628391747708268	0.23331752122425878
4.739999999999995	0.2792526803190927	0	1	0.24154656207990222	1.6537369053113644	0.092837199974945	-0.14941879536623381	0.9153067946672202	0.9170271480138144	-0.0003726876885008419	0	1.339737027543401	0.10628391747708268	0.23345311006631841
4.754999999999995	0.2792526803190927	0	1	0.24164110087803287	1.6543645037584773	0.09271857857454874	-0.14943732094285828	0.9150044435155453	0.9170085222293455	-0.0003707793649412753	0	1.3398718981485955	0.10628391747708268	0.23358798067151276
4.769999999999994	0.2792526803190927	0	1	0.2417351950251109	1.6549913465570105	0.09260102882292015	-0.14945809247569578	0.9147024426628465	0.9169870750774267	-0.00036888553152269056	0	1.3400060561801515	0.10628391747708268	0.23372213870306888
4.784999999999994	0.2792526803190927	0	1	0.24182884752191952	1.6556174428640358	0.09248454550005919	-0.14948109913576402	0.9144007938129135	0.9169628381251641	-0.00036700604815171673	0	1.3401395072480295	0.10628391747708268	0.23385558977094684
4.799999999999994	0.2792526803190927	0	1	0.24192206134411173	1.6562428033377514	0.09236912387350316	-0.14950633195989524	0.9140994986367351	0.9169358426423548	-0.00036514077696963963	0	1.3402722569096852	0.10628391747708268	0.23398833943260247
4.814999999999993	0.2792526803190927	0	1	0.2420148394421684	1.6568674400935604	0.09225475968619107	-0.14953378378386054	0.9137985587737885	0.9169061196041262	-0.0003632895822732659	0	1.3404043106708075	0.10628391747708268	0.23412039319372477
4.829999999999993	0.2792526803190927	0	1	0.24210718474146556	1.6574913666648485	0.09214144914532518	-0.1495634491779491	0.9134979758329853	0.9168736996935581	-0.0003614523304769083	0	1.340535673986044	0.10628391747708268	0.23425175650896113
4.844999999999993	0.2792526803190927	0	1	0.2421991001424365	1.658114597965096	0.09202918891131195	-0.1495953243842332	0.9131977513933054	0.9168386133042888	-0.0003596288900911236	0	1.3406663522597213	0.10628391747708268	0.23438243478263865
4.859999999999992	0.2792526803190927	0	1	0.24229058852080068	1.6587371502399553	0.09191797608360996	-0.14962940725143228	0.9128978870042044	0.9168008905430982	-0.00035781913169782273	0	1.3407963508465597	0.10628391747708268	0.23451243336947697
4.874999999999992	0.2792526803190927	0	1	0.24238165272782897	1.6593590410164838	0.09180780818564138	-0.14966569717034914	0.9125983841858951	0.9167605612324704	-0.0003560229279103165	0	1.3409256750523713	0.10628391747708268	0.23464175757528863
4.889999999999992	0.2792526803190927	0	1	0.24247229559061645	1.659980289045997	0.0916986831478454	-0.14970419500852447	0.9122992444295828	0.9167176549131327	-0.0003542401533124555	0	1.3410543301347424	0.10628391747708268	0.23477041265765974
4.904999999999991	0.2792526803190927	0	1	0.24256251991234423	1.660600914248113	0.09159059929110386	-0.14974490304677135	0.9120004691977288	0.9166722008465714	-0.0003524706843821139	0	1.3411823213036866	0.10628391747708268	0.23489840382660396
4.919999999999991	0.2792526803190927	0	1	0.24265232847251908	1.6612209376446319	0.09148355530731589	-0.14978782491279208	0.911702059924376	0.9166242280175262	-0.0003507143994008419	0	1.3413096537222704	0.10628391747708268	0.23502573624518772
4.934999999999991	0.2792526803190927	0	1	0.24274172402718833	1.661840381300679	0.09137755024213134	-0.14983296551856576	0.9114040180155387	0.916573765136463	-0.00034897117836462207	0	1.3414363325072076	0.10628391747708268	0.2351524150301249
4.94999999999999	0.2792526803190927	0	1	0.24283070930913755	1.6624592682654376	0.09127258347761463	-0.14988033099806905	0.9111063448496465	0.9165208406420264	-0.0003472409028980747	0	1.3415623627294244	0.10628391747708268	0.23527844525234165
4.96499999999999	0.2792526803190927	0	1	0.2429192870280754	1.6630776225166086	0.0911686547160156	-0.14992992864708019	0.910809041778015	0.916465482703472	-0.00034552345617986085	0	1.3416877494145987	0.10628391747708268	0.23540383193751596
4.97999999999999	0.2792526803190927	0	1	0.24300745987081995	1.6636954689048766	0.09106576396353222	-0.1499817668632518	0.9105121101253126	0.9164077192230794	-0.0003438187228786507	0	1.3418124975436856	0.10628391747708268	0.23552858006660302
4.9949999999999894	0.2792526803190927	0	1	0.24309523050147847	1.6643128331063017	0.09096391151636302	-0.15003585509017034	0.9102155511900287	0.9163475778385464	-0.00034212658909710535	0	1.3419366120534155	0.10628391747708268	0.2356526945763329
5.009999999999989	0.2792526803190927	0	1	0.2431826015616255	1.664929741567422	0.09086309794467079	-0.15009220375921525	0.9099193662449515	0.9162850859253627	-0.00034044694231312613	0	1.3420600978367847	0.10628391747708268	0.23577618035970205
5.024999999999989	0.2792526803190927	0	1	0.24326957567045868	1.6655462214511811	0.0907633240768499	-0.15015082423296597	0.9096235565377028	0.9162202705991666	-0.00033877967130993927	0	1.3421829597435195	0.10628391747708268	0.2358990422664368
5.0399999999999885	0.2792526803190927	0	1	0.2433561554249178	1.6661623005810937	0.09066459098340113	-0.15021172874931116	0.9093281232914003	0.9161531587180827	-0.0003371246660845193	0	1.3423052025805187	0.10628391747708268	0.236021285103436
5.054999999999988	0.2792526803190927	0	1	0.24344234339974072	1.6667780073790521	0.09056689995918143	-0.15027493036457618	0.9090330677055243	0.9160837768850455	-0.00033548181772816995	0	1.342426831112256	0.10628391747708268	0.23614291363517334
5.069999999999988	0.2792526803190927	0	1	0.24352814214744128	1.6673933707945094	0.09047025250342505	-0.15034044289453397	0.9087383909570592	0.9160121514501086	-0.00033385101827871884	0	1.3425478500611374	0.10628391747708268	0.23626393258405476
5.0849999999999875	0.2792526803190927	0	1	0.24361355419819722	1.668008420241612	0.09037465030232966	-0.15040828085998795	0.9084440942019437	0.9159383085127444	-0.0003322321605504889	0	1.3426682641078043	0.10628391747708268	0.23638434663072164
5.099999999999987	0.2792526803190927	0	1	0.2436985820596518	1.6686231855253075	0.0902800952087533	-0.1504784594285152	0.9081501785768331	0.9158622739241367	-0.0003306251379564192	0	1.3427880778913752	0.10628391747708268	0.23650416041429254
5.114999999999987	0.2792526803190927	0	1	0.24378322821664813	1.6692376967790832	0.09018658922546041	-0.15055099436116967	0.9078566452011154	0.9157840732894698	-0.00032902984434136386	0	1.3429072960096309	0.10628391747708268	0.2366233785325481
5.129999999999987	0.2792526803190927	0	1	0.24386749513092953	1.6698519844116837	0.09009413449104936	-0.15062590196232273	0.9075634951790558	0.9157037319702144	-0.0003274461738464692	0	1.343025923019148	0.10628391747708268	0.23674200554206531
5.144999999999986	0.2792526803190927	0	1	0.24395138524085327	1.6704660790533614	0.0900027332657034	-0.15070319902837073	0.9072707296019304	0.9156212750864137	-0.0003258740208251531	0	1.3431439634353977	0.10628391747708268	0.23686004595831509
5.159999999999986	0.2792526803190927	0	1	0.2440349009611648	1.6710800115319555	0.08991238792530104	-0.15078290280734216	0.9069783495499544	0.915536727518965	-0.0003243132798231418	0	1.3432614217328305	0.10628391747708268	0.2369775042557477
5.174999999999986	0.2792526803190927	0	1	0.24411804468288156	1.6716938128456784	0.08982310095423135	-0.15086503095580633	0.9066863560938531	0.915450113911898	-0.0003227638456300175	0	1.343378302344963	0.10628391747708268	0.23709438486788037
5.189999999999985	0.2792526803190927	0	1	0.24420081877332658	1.672307514157922	0.08973487494404359	-0.15094960150366	0.9063947502959099	0.9153614586746417	-0.0003212256133951525	0	1.3434946096645002	0.10628391747708268	0.23721069218741747
5.204999999999985	0.2792526803190927	0	1	0.24428322557633134	1.6729211467904919	0.08964771259110321	-0.15103663281762356	0.9061035332104118	0.9152707859842771	-0.00031969847880166703	0	1.3436103480434973	0.10628391747708268	0.2373264305664147
5.219999999999985	0.2792526803190927	0	1	0.24436526741261944	1.673534742232253	0.08956161669808471	-0.1511261435708468	0.9058127058834496	0.9151781197877693	-0.00031818233827578756	0	1.34372552179359	0.10628391747708268	0.2374416043165073
5.234999999999984	0.2792526803190927	0	1	0.24444694658035737	1.6741483321333104	0.08947659017077897	-0.15121815270704436	0.9055222693520862	0.91508348380417	-0.0003166770892171038	0	1.343840135186285	0.10628391747708268	0.2375562177092024
5.249999999999984	0.2792526803190927	0	1	0.24452826535585515	1.674761948309885	0.08939263601748215	-0.15131267940984494	0.9052322246429695	0.9149869015267902	-0.0003151826302279711	0	1.3439541924533263	0.10628391747708268	0.2376702749762436
5.264999999999984	0.2792526803190927	0	1	0.24460922599438314	1.6753756227376086	0.08930975734468449	-0.15140974306865768	0.904942572770474	0.914888396225332	-0.00031369886132619483	0	1.3440676977871246	0.10628391747708268	0.23778378031004202
5.279999999999983	0.2792526803190927	0	1	0.24468983073107242	1.6759893875383733	0.08922795735063788	-0.1515093632432662	0.9046533147344967	0.9147879909479817	-0.00031222568413417153	0	1.3441806553412468	0.10628391747708268	0.237896737864164
5.294999999999983	0.2792526803190927	0	1	0.24477008178186355	1.6766032749646027	0.08914723931802049	-0.15161155962882147	0.9043644515180153	0.9146857085234565	-0.0003107630020317665	0	1.3442930692309507	0.10628391747708268	0.23800915175386808
5.309999999999983	0.2792526803190927	0	1	0.2448499813444759	1.6772173173697371	0.08906760660257468	-0.15171635201655068	0.9040759840845187	0.914581571563008	-0.0003093107202749911	0	1.3444049435337662	0.10628391747708268	0.2381210260566834
5.324999999999982	0.2792526803190927	0	1	0.24492953159936667	1.6778315471869407	0.08898906262412765	-0.1518237602591509	0.9037879133754082	0.9144756024623787	-0.0003078687460781045	0	1.3445162822900958	0.10628391747708268	0.23823236481301305
5.339999999999982	0.2792526803190927	0	1	0.24500873471065995	1.6784459968849923	0.0889116108511574	-0.1519338042280603	0.9035002403074505	0.914367823403714	-0.00030643698865930193	0	1.3446270895038412	0.10628391747708268	0.2383431720267586
5.354999999999982	0.2792526803190927	0	1	0.24508759282702233	1.6790606989385484	0.08883525478964432	-0.15204650377771545	0.9032129657703641	0.9142582563574303	-0.00030501535925236235	0	1.3447373691430324	0.10628391747708268	0.23845345166594972
5.3699999999999815	0.2792526803190927	0	1	0.24516610808246975	1.6796756857839419	0.08875999796798717	-0.15216187870510034	0.9029260906246078	0.9141469230840417	-0.00030360377108093906	0	1.344847125140458	0.10628391747708268	0.23856320766337516
5.384999999999981	0.2792526803190927	0	1	0.24524428259707917	1.6802909897657838	0.08868584391958206	-0.15227994870680464	0.902639615699461	0.9140338451359477	-0.0003022021392953221	0	1.344956361394279	0.10628391747708268	0.23867244391719636
5.399999999999981	0.2792526803190927	0	1	0.2453221184775886	1.6809066430930586	0.08861279616847423	-0.1524007333413493	0.9023535417914811	0.913919043859186	-0.000300810380864834	0	1.3450650817686218	0.10628391747708268	0.23878116429153923
5.4149999999999805	0.2792526803190927	0	1	0.2453996178178537	1.6815226777754202	0.08854085820978869	-0.15252425198505426	0.9020678696634449	0.9138025403951554	-0.00029942841442248875	0	1.3451732900941231	0.10628391747708268	0.23888937261704055
5.42999999999998	0.2792526803190927	0	1	0.2454767826991383	1.6821391255596145	0.08847003349072469	-0.15265052378963676	0.9017826000438829	0.9136843556823128	-0.000298056160056148	0	1.3452809901684235	0.10628391747708268	0.23899707269134096
5.44499999999998	0.2792526803190927	0	1	0.24555361519021182	1.6827560178578203	0.08840032538985088	-0.15277956763829884	0.9014977336273126	0.9135645104578537	-0.0002966935390468729	0	1.3453881857565815	0.10628391747708268	0.23910426827949893
5.4599999999999795	0.2792526803190927	0	1	0.2456301173472379	1.6833733856647324	0.08833173719383969	-0.1529114020986351	0.9012132710752478	0.9134430252593808	-0.00029534047356175464	0	1.3454948805913969	0.10628391747708268	0.23921096311431422
5.474999999999979	0.2792526803190927	0	1	0.24570629121345652	1.6839912594896171	0.08826427207915766	-0.15304604538267716	0.9009292130179837	0.9133199204265707	-0.0002939968863165098	0	1.345601078373632	0.10628391747708268	0.23931716089654942
5.489999999999979	0.2792526803190927	0	1	0.24578213881868274	1.6846096692702055	0.08819793308913881	-0.15318351529946866	0.9006455600571004	0.9131952161028455	-0.00029266270024313925	0	1.3457067827721225	0.10628391747708268	0.2394228652950399
5.504999999999979	0.2792526803190927	0	1	0.24585766217868235	1.6852286443163442	0.08813272311998616	-0.15332382921859733	0.9003623127684495	0.9130689322370538	-0.00029133783819765193	0	1.345811997423793	0.10628391747708268	0.23952807994671033
5.519999999999978	0.2792526803190927	0	1	0.24593286329450992	1.6858482132649057	0.08806864491012673	-0.153467004035816	0.9000794717053404	0.9129410885851676	-0.00029002222275869747	0	1.3459167259335987	0.10628391747708268	0.2396328084565161
5.534999999999978	0.2792526803190927	0	1	0.24600774415191695	1.6864684040625026	0.0880057010373152	-0.15361305614656995	0.8997970374014921	0.9128117047119918	-0.00028871577615247876	0	1.3460209718744303	0.10628391747708268	0.23973705439734752
5.549999999999978	0.2792526803190927	0	1	0.24608230672094233	1.6870892439734098	0.08794389392238122	-0.15376200142588886	0.8995150103733405	0.9126807999928819	-0.00028741842032761744	0	1.3461247387870299	0.10628391747708268	0.2398408213099471
5.564999999999977	0.2792526803190927	0	1	0.24615655295577382	1.6877107596147471	0.08788322583992408	-0.15391385521602627	0.8992333911213451	0.9125483936154649	-0.0002861300771729727	0	1.3462280301799674	0.10628391747708268	0.2399441127028847
5.579999999999977	0.2792526803190927	0	1	0.24623048479492474	1.6883329770000413	0.08782369893039205	-0.15406863231553627	0.8989521801300994	0.9124145045813481	-0.00028485066884238654	0	1.3463308495297088	0.10628391747708268	0.24004693205262612
5.594999999999977	0.2792526803190927	0	1	0.24630410416171897	1.688955921588907	0.08776531521292291	-0.15422634697078028	0.8986713778672556	0.9122791517078068	-0.00028358011812692493	0	1.3464332002808022	0.10628391747708268	0.24014928280371947
5.609999999999976	0.2792526803190927	0	1	0.24637741296501808	1.689579618322945	0.08770807659344881	-0.15438701286379536	0.8983909847814971	0.9121423536294402	-0.0002823183488080803	0	1.3465350858461778	0.10628391747708268	0.24025116836909519
5.624999999999976	0.2792526803190927	0	1	0.2464504131000876	1.6902040916441412	0.08765198486732684	-0.1545506430965439	0.8981110012999255	0.9120041287997867	-0.00028106528593269684	0	1.3466365096075392	0.10628391747708268	0.24035259213045662
5.639999999999976	0.2792526803190927	0	1	0.24652310644948952	1.6908293654825668	0.08759704171307914	-0.1547172501668912	0.8978314278252932	0.911864495492897	-0.00027982085597220947	0	1.3467374749158132	0.10628391747708268	0.24045355743873054
5.654999999999975	0.2792526803190927	0	1	0.24659549488389848	1.6914554632247258	0.08754324868082092	-0.15488684594059599	0.8975522647334804	0.9117234718048662	-0.0002785849868624466	0	1.3468379850916183	0.10628391747708268	0.2405540676145357
5.669999999999975	0.2792526803190927	0	1	0.24666758026276878	1.6920824076643468	0.08749060717613133	-0.15505944161927704	0.8972735123714954	0.9115810756553254	-0.00027735760793627304	0	1.3469380434257188	0.10628391747708268	0.24065412594863622
5.684999999999975	0.2792526803190927	0	1	0.24673936443481911	1.6927102209430331	0.08743911844159791	-0.15523504770607854	0.8969951710561438	0.9114373247889052	-0.0002761386497805455	0	1.347037653179438	0.10628391747708268	0.24075373570235517
5.699999999999974	0.2792526803190927	0	1	0.24681084923833135	1.6933389244849368	0.08738878353724505	-0.15541367396958514	0.8967172410733919	0.9112922367766721	-0.00027492804405263076	0	1.3471368175850156	0.10628391747708268	0.24085290010793295
5.714999999999974	0.2792526803190927	0	1	0.2468820365012855	1.6939685389502017	0.08733960332686885	-0.15559532941536297	0.896439722678354	0.9111458290175497	-0.0002737257232842765	0	1.3472355398459088	0.10628391747708268	0.24095162236882625
5.729999999999974	0.2792526803190927	0	1	0.24695292804136026	1.6945990841721943	0.0872915784601565	-0.15578002225031498	0.8961626160957954	0.9109981187397259	-0.0002725316206929929	0	1.347333823137032	0.10628391747708268	0.24104990565994933
5.7449999999999735	0.2792526803190927	0	1	0.24702352566583716	1.6952305791223472	0.08724470936303291	-0.1559677598576294	0.8958859215210235	0.9108491230020552	-0.00027134567001248146	0	1.3474316706049485	0.10628391747708268	0.24114775312786582
5.759999999999973	0.2792526803190927	0	1	0.24709383117143455	1.695863041870585	0.08719899622696742	-0.1561585487693833	0.895609639121054	0.9106988586954557	-0.00027016780534831525	0	1.347529085368017	0.10628391747708268	0.2412451678909344
5.774999999999973	0.2792526803190927	0	1	0.24716384634409827	1.6964964895543067	0.08715443900087333	-0.15635239464221093	0.8953337690359593	0.9105473425443056	-0.0002689979610549689	0	1.347626070516501	0.10628391747708268	0.24134215303941847
5.7899999999999725	0.2792526803190927	0	1	0.24723357295876658	1.6971309383555098	0.08711103738542608	-0.15654930223609437	0.8950583113803426	0.9103945911078394	-0.00026783607163548897	0	1.3477226291126472	0.10628391747708268	0.2414387116355645
5.804999999999972	0.2792526803190927	0	1	0.24730301277912298	1.697766403471699	0.08706879082563734	-0.15674927539057418	0.8947832662448691	0.9102406207815454	-0.00026668207165712546	0	1.3478187641907415	0.10628391747708268	0.24153484671365885
5.819999999999972	0.2792526803190927	0	1	0.24737216755734	1.6984028990971107	0.0870276985064179	-0.15695231700530957	0.8945086336978468	0.9100854477985648	-0.0002655358956832448	0	1.3479144787571395	0.10628391747708268	0.24163056128005678
5.8349999999999715	0.2792526803190927	0	1	0.24744103903382622	1.6990404384068165	0.08698775934895558	-0.15715842902193583	0.8942344137868188	0.9099290882310923	-0.00026439747821440973	0	1.3480097757902816	0.10628391747708268	0.241725858313199
5.849999999999971	0.2792526803190927	0	1	0.24750962893697506	1.6996790335333267	0.08694897200493645	-0.15736761240310873	0.893960606540162	0.9097715579917792	-0.00026326675364140244	0	1.348104658240693	0.10628391747708268	0.24182074076361038
5.864999999999971	0.2792526803190927	0	1	0.2475779389829188	1.7003186955487253	0.08691133485233715	-0.1575798671140807	0.8936872119686778	0.9096128728351379	-0.00026214365620461414	0	1.3481991290309676	0.10628391747708268	0.24191521155388504
5.879999999999971	0.2792526803190927	0	1	0.2476459708752917	1.700959434452568	0.08687484599283846	-0.15779519210685305	0.8934142300671676	0.9094530483589485	-0.00026102811996192007	0	1.3482931910557443	0.10628391747708268	0.24200927357866164
5.89499999999997	0.2792526803190927	0	1	0.2477137263050001	1.7016012591526035	0.08683950324716022	-0.15801358530169837	0.8931416608159908	0.9092921000056666	-0.0002599200787624219	0	1.3483868471816685	0.10628391747708268	0.24210292970458588
5.90999999999997	0.2792526803190927	0	1	0.2477812069500067	1.7022441774506978	0.0868053041518419	-0.1582350435710261	0.8928695041825842	0.9091300430638335	-0.0002588194662264203	0	1.348480100247353	0.10628391747708268	0.24219618277027044
5.92499999999997	0.2792526803190927	0	1	0.24784841447512393	1.7028881960319495	0.08677224595690858	-0.15845956272483824	0.8925977601229544	0.9089668926694853	-0.00025772621573223693	0	1.3485729530633246	0.10628391747708268	0.24228903558624196
5.939999999999969	0.2792526803190927	0	1	0.24791535053182562	1.703533320438432	0.08674032561906947	-0.15868713749009	0.8923264285831132	0.9088026638075648	-0.0002566402604077033	0	1.3486654084119734	0.10628391747708268	0.24238149093489061
5.954999999999969	0.2792526803190927	0	1	0.24798201675807197	1.7041795550786003	0.08670953980510043	-0.1589177615049383	0.8920555095004659	0.9086373713133319	-0.0002555615331290328	0	1.3487574690474933	0.10628391747708268	0.2424735515704106
5.969999999999969	0.2792526803190927	0	1	0.24804841477815476	1.7048269031967356	0.08667988488370115	-0.15915142729680387	0.8917850028051306	0.908471029873774	-0.0002544899665245268	0	1.3488491376958267	0.10628391747708268	0.24256522021874416
5.984999999999968	0.2792526803190927	0	1	0.2481145462025621	1.7054753668715437	0.08665135692564851	-0.1593881262726191	0.8915149084211862	0.9083036540290153	-0.00025342549298477723	0	1.3489404170546064	0.10628391747708268	0.2426564995775238
5.999999999999968	0.2792526803190927	0	1	0.24818080741482149	1.7059167877235695	0.08656298213586738	-0.1597736368409192	0.8912436003275843	0.9081352500643124	-0.00013813297085422732	0	1.3482696824865823	0.10628391747708268	0.2419857650094997
