0.015	0	0	1	-6021831728681913e-21	-6512469383171292e-20	-22784373934036353e-26	11524683160824054e-21	0.9999905919792802	0.9999905919792802	-0.0120937428824947	0	1.1062721112893932	0.10628391747708268	-1180618768946792e-20
0.03	0	0	1	9310424049175837e-20	0.06630268579738935	-54465160988069865e-24	-0.02852400287192331	0.9999905567602511	0.9999905918036246	-0.00040580849994292827	0	1.1066428819347398	0.10628391747708268	0.0003589644576571063
0.045	0	0	1	0.00020744924834219402	0.08256736623382677	-27039807750672857e-23	-0.04313512957373328	0.9999905159703033	0.9999905912514965	-0.0019387106933100176	0	1.1070713194050534	0.10628391747708268	0.0007874019279708576
0.06	0	0	1	0.0003128749734010149	0.07680522877094166	-61506571570425e-20	-0.03774251493924671	0.9999904782061984	0.9999905903140868	-0.0016664223190116943	0	1.1074560191109333	0.10628391747708268	0.001172101633850553
0.075	0	0	1	0.0004160921304131189	0.07642618968956588	-10878245917361294e-22	-0.03650075660057554	0.9999904410875614	0.9999905890134647	-0.001421856514510583	0	1.1078253492302483	0.10628391747708268	0.0015414317531656768
0.09	0	0	1	0.0005170745361668177	0.07616338175472222	-16799106000606826e-22	-0.03558348676335756	0.9999904046325672	0.9999905873597573	-0.001292690785398381	0	1.1081799570166153	0.10628391747708268	0.001896039539532578
0.105	0	0	1	0.0006158829492702039	0.07594491733948468	-2383286373849863e-21	-0.03475504859258689	0.999990368827757	0.9999905853630142	-0.0011843109434009722	0	1.108520642571514	0.10628391747708268	0.0022367250944312035
0.12	0	0	1	0.0007127187925609732	0.07588083925890846	-31916575596164365e-22	-0.03409281708126584	0.9999903336080537	0.9999905830327933	-0.0010964920498701468	0	1.1088487403615976	0.10628391747708268	0.0025648228845150233
0.135	0	0	1	0.0008077178686850816	0.07591135109774674	-4099201336250506e-21	-0.03353983836292958	0.9999902989312051	0.9999905803780242	-0.0010239817718958241	0	1.1091652600023238	0.10628391747708268	0.0028813425252411616
0.15000000000000002	0	0	1	0.0009009917220751702	0.0760119741633467	-51006023908365775e-22	-0.033068863141516136	0.9999902647630506	0.9999905774071672	-0.0009625112310928705	0	1.1094710621052584	0.10628391747708268	0.003187144628175764
0.16500000000000004	0	0	1	0.0009926344255040095	0.07616629424107409	-6190967641682068e-21	-0.032662217202969544	0.9999902310752026	0.9999905741282874	-0.0009095394185141285	0	1.109766893698275	0.10628391747708268	0.0034829762211923167
0.18000000000000005	0	0	1	0.0010827260903054185	0.07636175337775741	-7365751662209946e-21	-0.032306606480971015	0.9999901978438779	0.9999905705491102	-0.0008632565302140757	0	1.110053408172002	0.10628391747708268	0.0037694906949193177
0.19500000000000006	0	0	1	0.001171336345603204	0.07658924273309495	-8620711414152344e-21	-0.03199231900923676	0.9999901650487122	0.9999905666770647	-0.0008223468701783087	0	1.1103311842023058	0.10628391747708268	0.004047266725223092
0.21000000000000008	0	0	1	0.0012585266694650073	0.076841951134192	-9951870466506047e-21	-0.03171205096217301	0.999990132671969	0.9999905625193162	-0.0007858334103408618	0	1.1106007391852435	0.10628391747708268	0.004316821708160869
0.2250000000000001	0	0	1	0.0013443520481837303	0.0771146751559119	-11355490406680451e-21	-0.031460182693488756	0.9999901006979804	0.9999905580827926	-0.0007529718937033369	0	1.1108625392908151	0.10628391747708268	0.004578621813732522
0.2400000000000001	0	0	1	0.0014288621959257398	0.07740337338224447	-12828047532063702e-21	-0.031232313133232402	0.9999900691127378	0.9999905533742056	-0.0007231841021954101	0	1.1111170072245014	0.10628391747708268	0.004833089747418594
0.2550000000000001	0	0	1	0.0015121024669158135	0.07770485846277363	-1436621336437349e-20	-0.031024939393182835	0.9999900379035875	0.9999905484000673	-0.0006960130760054711	0	1.1113645283353195	0.10628391747708268	0.005080610858236827
0.27000000000000013	0	0	1	0.001594114552761249	0.07801658338242641	-15966838088452705e-21	-0.030835233796066248	0.9999900070590001	0.9999905431667043	-0.0006710922198530785	0	1.111605455522533	0.10628391747708268	0.005321538045450421
0.28500000000000014	0	0	1	0.001674937025869642	0.07833648965163353	-1762693628063571e-20	-0.030660885173111135	0.999989976568391	0.999990537680271	-0.0006481235223854059	0	1.111840113246226	0.10628391747708268	0.005556195769143197
0.30000000000000016	0	0	1	0.00175460577012356	0.07866289715316732	-19343674464281626e-21	-0.030499983526938806	0.9999899464219804	0.9999905319467587	-0.0006268618661420419	0	1.1120688008535597	0.10628391747708268	0.005784883376477109
0.31500000000000017	0	0	1	0.0018331543273710559	0.07899442278747482	-21114360149146713e-21	-0.030350934721985492	0.9999899166106808	0.9999905259720053	-0.0006071035130235248	0	1.1122917953720028	0.10628391747708268	0.006007877894920242
0.3300000000000002	0	0	1	0.0019106141799539681	0.07932991938294583	-22936432093933915e-21	-0.030212396359744414	0.9999898871260062	0.9999905197617034	-0.0005886775132248077	0	1.1125093538800641	0.10628391747708268	0.006225436402981448
0.3450000000000002	0	0	1	0.001987014983880742	0.07966842917108431	-2480745159066091e-20	-0.030083228887903886	0.9999898579599978	0.999990513321407	-0.0005714391992753278	0	1.112721715538048	0.10628391747708268	0.006437798060965298
0.3600000000000002	0	0	1	0.002062384763384747	0.08000914789529526	-26725094612899623e-21	-0.029962457840452747	0.9999898291051627	0.9999905066565379	-0.0005552651924559129	0	1.1129291033416069	0.10628391747708268	0.006645185864524178
0.3750000000000002	0	0	1	0.0021367500748919956	0.0803513967769281	-28687144702220988e-21	-0.02984924432234502	0.9999898005544219	0.9999904997723916	-0.0005400495229639466	0	1.1131317256466546	0.10628391747708268	0.006847808169572072
0.39000000000000024	0	0	1	0.002210136146478957	0.08069460041815847	-3069148649157852e-20	-0.029742861703552184	0.9999897723010682	0.9999904926741424	-0.0005257005816748023	0	1.1133297775037723	0.10628391747708268	0.007045860026689694
0.40500000000000025	0	0	1	0.002282566997487275	0.08103826919405298	-3273609978302577e-20	-0.029642677026611334	0.9999897443387286	0.9999904853668479	-0.000512138700704386	0	1.113523441832435	0.10628391747708268	0.0072395243553523125
0.42000000000000026	0	0	1	0.0023540655419196045	0.08138198511310106	-3481905411164976e-20	-0.029548136046486758	0.999989716661333	0.9999904778554533	-0.0004992942149729461	0	1.113712890459476	0.10628391747708268	0.00742897298239326
0.4350000000000003	0	0	1	0.002424653678461024	0.0817253903657663	-3693850373896398e-20	-0.02945875109081896	0.9999896892630872	0.9999904701447959	-0.0004871058956488683	0	1.1138982850416428	0.10628391747708268	0.007614367564560087
0.4500000000000003	0	0	1	0.0024943523693801237	0.08206817797562216	-3909268302800876e-20	-0.02937409113087828	0.9999896621384494	0.9999904622396084	-0.00047551967395241854	0	1.1140797778885505	0.10628391747708268	0.007795860411467854
0.4650000000000003	0	0	1	0.002563181710112434	0.08241008412424031	-4127990215962989e-20	-0.0292937736064512	0.9999896352821095	0.9999904541445223	-0.00046448759374731794	0	1.114257512699535	0.10628391747708268	0.007973595222452506
0.4800000000000003	0	0	1	0.002631160990979809	0.08275088181410346	-4349854315524801e-20	-0.029217457651659815	0.9999896086889709	0.9999904458640713	-0.0004539669459370174	0	1.1144316252256778	0.10628391747708268	0.008147707748595216
0.49500000000000033	0	0	1	0.0026983087522263606	0.08309037557577577	-45747056176178185e-21	-0.029144838435131538	0.9999895823541347	0.9999904374026943	-0.00044391954847411007	0	1.1146022438664729	0.10628391747708268	0.008318326389390333
0.5100000000000003	0	0	1	0.00276464283333739	0.0834283970651123	-48023956073488795e-21	-0.029075642420454517	0.9999895562728858	0.9999904287647382	-0.00043431114386479816	0	1.1147694902091554	0.10628391747708268	0.00848557273207265
0.5250000000000004	0	0	1	0.0028301804174370383	0.08376480134405974	-5032781916562401e-20	-0.029009623360641532	0.9999895304406794	0.9999904199544606	-0.000425110892126137	0	1.1149334795175079	0.10628391747708268	0.008649562040425229
0.5400000000000004	0	0	1	0.002894938071424246	0.08409946375346318	-5265728022372873e-20	-0.028946558907380324	0.9999895048531308	0.9999904109760321	-0.00041629094180260486	0	1.1150943211759885	0.10628391747708268	0.008810403698905797
0.5550000000000004	0	0	1	0.0029589317823969057	0.0844322772343074	-5501102964689744e-20	-0.028886247712081405	0.9999894795060041	0.9999904018335393	-0.000407826065197493	0	1.1152521190941962	0.10628391747708268	0.008968201617113555
0.5700000000000004	0	0	1	0.0030221769908253676	0.08476315006975861	-57387810811509646e-21	-0.02882850695451171	0.9999894543952039	0.9999903925309863	-0.00039969334674470273	0	1.1154069720760194	0.10628391747708268	0.009123054598936801
0.5850000000000004	0	0	1	0.0030846886208641274	0.08509200393565856	-5978641758047401e-20	-0.028773170211562622	0.9999894295167665	0.9999903830722976	-0.000391871915583128	0	1.1155589741572323	0.10628391747708268	0.009275056680149659
0.6000000000000004	0	0	1	0.003146481108131517	0.085418772219785	-622056919596404e-19	-0.02872008561540932	0.9999894048668521	0.9999903734613196	-0.0003843427150974999	0	1.115708214914826	0.10628391747708268	0.009424297437743399
0.6150000000000004	0	0	1	0.00320756842523895	0.08574339858646787	-6464452188990038e-20	-0.028669114263112343	0.9999893804417382	0.9999903637018229	-0.00037708830352162806	0	1.1158547797509513	0.10628391747708268	0.009570862273868656
0.6300000000000004	0	0	1	0.00326796410531129	0.08606583571482018	-6710183916459745e-20	-0.028620128825723932	0.9999893562378137	0.999990353797504	-0.0003700926807603252	0	1.1159987501539983	0.10628391747708268	0.009714832676915693
0.6450000000000005	0	0	1	0.0033276812637071207	0.08638604422064729	-6957661746285602e-20	-0.028573012341329113	0.999989332251572	0.9999903437519874	-0.00036334113744671654	0	1.116140203939044	0.10628391747708268	0.009856286461961352
0.6600000000000005	0	0	1	0.003386732618120779	0.08670399169522479	-7206787049033422e-20	-0.028527657149406412	0.9999893084796069	0.9999903335688268	-0.00035682012292679953	0	1.1162792154696382	0.10628391747708268	0.009995297992555503
0.6750000000000005	0	0	1	0.0034451305072248557	0.08701965189801786	-7457465021968138e-20	-0.02848396396756603	0.9999892849186066	0.9999903232515077	-0.0003505171294311265	0	1.1164158558626796	0.10628391747708268	0.010131938385596815
0.6900000000000005	0	0	1	0.00350288690799382	0.08733300400233412	-7709604522373985e-20	-0.028441841059414188	0.9999892615653501	0.9999903128034479	-0.0003444205901280039	0	1.1165501931779402	0.10628391747708268	0.010266275700857612
0.7050000000000005	0	0	1	0.003560013451832934	0.08764403198041118	-7963117909516456e-20	-0.028401203518080027	0.9999892384167023	0.9999903022279997	-0.0003385197891447188	0	1.1166822925936315	0.10628391747708268	0.010398375116548895
0.7200000000000005	0	0	1	0.0036165214396233878	0.08795272403467327	-821792089467415e-19	-0.02836197262047788	0.9999892154696107	0.9999902915284513	-0.0003328047819207006	0	1.1168122165692536	0.10628391747708268	0.010528299092170793
0.7350000000000005	0	0	1	0.0036724218557834245	0.08825907210729693	-847393239872457e-19	-0.028324075258091986	0.9999891927211015	0.9999902807080283	-0.000327266324527791	0	1.1169400249968489	0.10628391747708268	0.010656107519766176
0.7500000000000006	0	0	1	0.0037277253814345887	0.08856307144951246	-8731074416814185e-20	-0.028287443431078817	0.9999891701682765	0.9999902697698948	-0.00032189581078737414	0	1.117065775341663	0.10628391747708268	0.010781857864580302
0.7650000000000006	0	0	1	0.0037824424067540345	0.08886472023699536	-8989271889689615e-20	-0.028252013795278405	0.9999891478083094	0.9999902587171551	-0.0003166852161898929	0	1.1171895227731135	0.10628391747708268	0.010905605296030697
0.7800000000000006	0	0	1	0.0038365830425854688	0.08916401923787715	-9248452581303412e-20	-0.028217727260411704	0.9999891256384438	0.9999902475528547	-0.0003116270477671555	0	1.1173113202868836	0.10628391747708268	0.011027402809800982
0.7950000000000006	0	0	1	0.0038901571313744933	0.08946097151414042	-9508546962343429e-20	-0.028184528628175047	0.9999891036559897	0.9999902362799818	-0.00030671429918442054	0	1.1174312188188764	0.10628391747708268	0.011147301341793772
0.8100000000000006	0	0	1	0.003943174257487456	0.08975558216083535	-9769488099363677e-20	-0.02815236626880388	0.9999890818583212	0.9999902249014685	-0.00030194041042455475	0	1.117549267351689	0.10628391747708268	0.011265349874606348
0.8250000000000006	0	0	1	0.003995643756966781	0.09004785807790153	-0.00010031211549219302	-0.02812119183130096	0.9999890602428744	0.9999902134201917	-0.00029729923151902026	0	1.1176655130142117	0.10628391747708268	0.01138159553712902
0.8400000000000006	0	0	1	0.004047574726770489	0.09033780777002888	-0.00010293655258531185	-0.028090959983154983	0.9999890388071445	0.9999902018389745	-0.00029278498985390005	0	1.1177800011748922	0.10628391747708268	0.01149608369780952
0.8550000000000006	0	0	1	0.004098976033538027	0.09062544115910913	-0.00010556759467921752	-0.028061628171398293	0.9999890175486843	0.9999901901605874	-0.0002883922606404021	0	1.1178927755291574	0.10628391747708268	0.011608858052074865
0.8700000000000007	0	0	1	0.004149856321920317	0.0909107694295993	-0.00010820466620781309	-0.028033156411238744	0.9999889964651016	0.9999901783877493	-0.0002841159401945421	0	1.1180038781814399	0.10628391747708268	0.011719960704357128
0.8850000000000007	0	0	1	0.004200224022507019	0.09119380489382235	-0.00011084721276334281	-0.028005507095589924	0.9999889755540577	0.9999901665231281	-0.0002799512217113648	0	1.1181133497222095	0.10628391747708268	0.011829432245126954
0.9000000000000007	0	0	1	0.0042500873593804365	0.09147456085286021	-0.00011349470026787505	-0.02797864481454081	0.9999889548132653	0.9999901545693428	-0.0002758935732602852	0	1.1182212293003857	0.10628391747708268	0.011937311823303131
0.9150000000000007	0	0	1	0.004299454357321989	0.0917530514991414	-0.0001161466141835237	-0.027952536201768657	0.9999889342404868	0.9999901425289631	-0.00027193871776598017	0	1.118327554691455	0.10628391747708268	0.01204363721437241
0.9300000000000007	0	0	1	0.004348332848693592	0.09202929180694974	-0.00011880245875938854	-0.027927149785632786	0.9999889138335325	0.9999901304045118	-0.0002680826147577035	0	1.1184323623616068	0.10628391747708268	0.012148444884524247
0.9450000000000007	0	0	1	0.004396730480014076	0.09230329744471702	-0.00012146175631329927	-0.027902455857396292	0.9999888935902593	0.9999901181984646	-0.00026432144370776186	0	1.1185356875281616	0.10628391747708268	0.012251770051078827
0.9600000000000007	0	0	1	0.0044446547182481035	0.09257508469288303	-0.00012412404654650724	-0.027878426349362866	0.9999888735085688	0.9999901059132515	-0.0002606515887923338	0	1.1186375642165456	0.10628391747708268	0.012353646739462909
0.9750000000000008	0	0	1	0.004492112856822891	0.09284467037264997	-0.0001267888858895335	-0.027855034724310616	0.9999888535864062	0.9999900935512578	-0.000257069624931932	0	1.1187380253140486	0.10628391747708268	0.012454107836966061
0.9900000000000008	0	0	1	0.00453911202138693	0.09311207177183049	-0.00012945584687748562	-0.027832255870134718	0.9999888338217585	0.9999900811148248	-0.0002535723049826802	0	1.118837102620575	0.10628391747708268	0.01255318514349236
1.0050000000000008	0	0	1	0.004585659175322784	0.09337730659373772	-0.0001321245175531897	-0.027810066009365246	0.9999888142126535	0.9999900686062506	-0.0002501565479686431	0	1.1189348268965862	0.10628391747708268	0.012650909419503536
1.0200000000000007	0	0	1	0.004631761125025465	0.09364039289149823	-0.00013479450089658962	-0.027788442608200504	0.9999887947571583	0.9999900560277911	-0.00024681942825056826	0	1.1190312279084187	0.10628391747708268	0.012747310431336053
1.0350000000000006	0	0	1	0.004677424524956793	0.09390134902060696	-0.00013746541427893223	-0.027767364297543066	0.9999887754533779	0.9999900433816606	-0.00024355816554733965	0	1.1191263344711422	0.10628391747708268	0.012842416994059464
1.0500000000000005	0	0	1	0.004722655882485495	0.09416019358408456	-0.00014013688894033862	-0.02774681079550089	0.9999887562994547	0.9999900306700328	-0.00024037011572673918	0	1.1192201744891146	0.10628391747708268	0.012936257012031997
1.0650000000000004	0	0	1	0.004767461562522219	0.09441694540361145	-0.00014280856948943995	-0.02772676284415119	0.9999887372935665	0.9999900178950415	-0.0002372527623000842	0	1.1193127749943799	0.10628391747708268	0.013028857517297189
1.0800000000000003	0	0	1	0.00481184779195834	0.09467162346494461	-0.0001454801134238439	-0.02770720213981739	0.999988718433926	0.999990005058781	-0.00023420370855126523	0	1.1194041621830386	0.10628391747708268	0.013120244705955884
1.0950000000000002	0	0	1	0.004855820663916992	0.09492424688303076	-0.00014815119067026935	-0.027688111274475142	0.9999886997187795	0.9999899921633076	-0.00023122067025131075	0	1.1194943614497208	0.10628391747708268	0.01321044397263808
1.11	0	0	1	0.0048993861418247684	0.09517483486811054	-0.00015082148314328383	-0.027669473680619457	0.999988681146406	0.9999899792106396	-0.00022830146890357746	0	1.1195833974202738	0.10628391747708268	0.013299479943191188
1.125	0	0	1	0.004942550063311991	0.09542340670369585	-0.0001534906843216317	-0.027651273583631154	0.9999886627151164	0.9999899662027583	-0.00022544402547665932	0	1.1196712939827755	0.10628391747708268	0.01338737650569282
1.14	0	0	1	0.004985318143949701	0.09566998169531557	-0.00015615849884124462	-0.027633495945185264	0.9999886444232524	0.9999899531416084	-0.00022264635458057338	0	1.1197580743169724	0.10628391747708268	0.013474156839889664
1.1549999999999998	0	0	1	0.005027695980831091	0.09591457916827842	-0.00015882464210407755	-0.027616126428369917	0.9999886262691855	0.9999899400290995	-0.000219906559058374	0	1.1198437609222396	0.10628391747708268	0.013559843445156913
1.1699999999999997	0	0	1	0.005069689056005096	0.09615721842564437	-0.00016148883990199265	-0.027599151349269234	0.9999886082513165	0.9999899268671054	-0.0002172228249478514	0	1.1199283756441496	0.10628391747708268	0.013644458167066964
1.1849999999999996	0	0	1	0.0051113027397696915	0.09639791873637844	-0.0001641508280549757	-0.027582557642453234	0.9999885903680745	0.999989913657466	-0.00021459341679527807	0	1.1200119396997326	0.10628391747708268	0.013728022222649992
1.1999999999999995	0	0	1	0.00515254229383232	0.09663669931339844	-0.00016681035206303162	-0.027566332824306754	0.9999885726179164	0.9999899004019873	-0.00021201667328544978	0	1.1200944737015068	0.10628391747708268	0.013810556224424285
1.2149999999999994	0	0	1	0.005193412874344554	0.09687357928972334	-0.00016946716677115404	-0.027550464957293165	0.9999885549993258	0.999989887102442	-0.0002094910031672174	0	1.120175997680351	0.10628391747708268	0.013892080203268355
1.2299999999999993	0	0	1	0.005233919534818023	0.09710857771529784	-0.00017212103604682006	-0.027534942623930983	0.9999885375108124	0.9999898737605701	-0.00020701488145305472	0	1.1202565311072858	0.10628391747708268	0.013972613630203167
1.2449999999999992	0	0	1	0.005274067228928379	0.09734171352930114	-0.00017477173246950657	-0.027519754892518906	0.9999885201509117	0.99998986037808	-0.00020458684586667494	0	1.1203360929142305	0.10628391747708268	0.014052175437147775
1.2599999999999991	0	0	1	0.0053138608132135634	0.09757300555926174	-0.00017741903703174792	-0.02750489129476277	0.9999885029181838	0.9999898469566483	-0.00020220549352716467	0	1.1204147015137904	0.10628391747708268	0.014130784036707674
1.274999999999999	0	0	1	0.005353305049672751	0.09780247250306658	-0.00018006273885131453	-0.02749034179786917	0.9999884858112131	0.9999898334979208	-0.0001998694778451217	0	1.1204923748181344	0.10628391747708268	0.014208457341051636
1.289999999999999	0	0	1	0.005392404608271534	0.0980301329254255	-0.00018270263489408904	-0.027476096783474815	0.999988468828608	0.9999898200035129	-0.0001975775056208197	0	1.1205691302570113	0.10628391747708268	0.014285212779928651
1.3049999999999988	0	0	1	0.005431164069358924	0.0982560052499874	-0.00018533852970726542	-0.02746214702590722	0.9999884519689995	0.9999898064750103	-0.00019532833432507707	0	1.1206449847949562	0.10628391747708268	0.014361067317873566
1.3199999999999987	0	0	1	0.005469587926001137	0.09848010774508253	-0.00018797023516249715	-0.027448483668906544	0.9999884352310415	0.9999897929139694	-0.0001931207695514708	0	1.1207199549477291	0.10628391747708268	0.014436037470646495
1.3349999999999986	0	0	1	0.005507680586236929	0.09870245853391679	-0.00019059757020864964	-0.02743509821290621	0.9999884186134098	0.9999897793219178	-0.00019095366262895236	0	1.120794056798031	0.10628391747708268	0.01451013932094844
1.3499999999999985	0	0	1	0.005545446375258654	0.09892307556820815	-0.00019322036063380884	-0.027421982488737527	0.9999884021148014	0.9999897657003547	-0.0001888259083773402	0	1.120867306010535	0.10628391747708268	0.014583388533452216
1.3649999999999984	0	0	1	0.0055828895375228844	0.09914197665504902	-0.0001958384388362091	-0.02740912865313591	0.9999883857339347	0.9999897520507519	-0.0001867364430051921	0	1.120939717846268	0.10628391747708268	0.014655800369185278
1.3799999999999983	0	0	1	0.005620014238794386	0.0993591794207188	-0.00019845164360377332	-0.0273965291601129	0.9999883694695484	0.9999897383745534	-0.00018468424212570825	0	1.1210113071763819	0.10628391747708268	0.014727389699299206
1.3949999999999982	0	0	1	0.0056568245681261915	0.09957470133872932	-0.00020105981990191542	-0.02738417675838235	0.999988353320401	0.9999897246731768	-0.00018266831889897307	0	1.1210820884953396	0.10628391747708268	0.01479817101825703
1.4099999999999981	0	0	1	0.005693324539778938	0.09978855970778641	-0.00020366281866931018	-0.02737206446968381	0.9999883372852711	0.9999897109480131	-0.00018068772227468796	0	1.1211520759335514	0.10628391747708268	0.014868158456468805
1.424999999999998	0	0	1	0.00572951809508173	0.1000007716553371	-0.00020626049662129942	-0.0273601855778325	0.9999883213629558	0.9999896972004276	-0.00017874153534132268	0	1.1212212832694854	0.10628391747708268	0.014937365792402686
1.439999999999998	0	0	1	0.00576540910423697	0.1002113541452235	-0.0002088527160606375	-0.027348533619979448	0.9999883055522713	0.99998968343176	-0.00017682887376733347	0	1.1212897239412807	0.10628391747708268	0.015005806464198123
1.4549999999999979	0	0	1	0.005801001368070908	0.1004203239742002	-0.00021143934469525244	-0.027337102374039916	0.9999882898520516	0.9999896696433248	-0.0001749488843285649	0	1.1213574110578874	0.10628391747708268	0.015073493580804844
1.4699999999999978	0	0	1	0.005836298619731972	0.10062769775935596	-0.0002140202554627402	-0.027325885843064508	0.9999882742611491	0.9999896558364123	-0.00017310074351729434	0	1.1214243574097538	0.10628391747708268	0.015140439932671071
1.4849999999999977	0	0	1	0.005871304526338284	0.10083349195176546	-0.0002165953263612825	-0.02731487825046101	0.9999882587784332	0.9999896420122883	-0.000171283656228659	0	1.1214905754790847	0.10628391747708268	0.015206658002001954
1.4999999999999976	0	0	1	0.005906022690575937	0.10103772283342298	-0.00021916444028670625	-0.027304074029097687	0.9999882434027905	0.9999896281721952	-0.000169496854515023	0	1.1215560774496913	0.10628391747708268	0.015272159972608612
1.5149999999999975	0	0	1	0.00594045665224945	0.10124040651980164	-0.0002217274848754086	-0.02729346781307681	0.9999882281331242	0.9999896143173517	-0.00016773959640762338	0	1.1216208752164494	0.10628391747708268	0.015336957739366783
1.5299999999999974	0	0	1	0.005974609889785668	0.10144155894745821	-0.00022428435235287682	-0.02728305442403448	0.9999882129683538	0.9999896004489535	-0.00016601116479853865	0	1.1216849803943856	0.10628391747708268	0.015401062917303001
1.5449999999999973	0	0	1	0.006008485821692343	0.10164119588604668	-0.00022683493938754283	-0.027272828867474817	0.9999881979074149	0.9999895865681742	-0.0001643108663827104	0	1.121748404327408	0.10628391747708268	0.015464486850325268
1.5599999999999972	0	0	1	0.006042087807972753	0.10183933293719705	-0.00022937914694973758	-0.02726278632430229	0.9999881829492584	0.9999895726761646	-0.00016263803065141885	0	1.1218111580966972	0.10628391747708268	0.015527240619614493
1.574999999999997	0	0	1	0.006075419151497376	0.1020359855334415	-0.00023191688017549673	-0.027252922142735843	0.9999881680928507	0.9999895587740542	-0.00016099200893793605	0	1.1218732525287745	0.10628391747708268	0.01558933505169173
1.589999999999997	0	0	1	0.006108483099334048	0.1022311689371279	-0.00023444804823501473	-0.027243231830555246	0.9999881533371731	0.9999895448629508	-0.00015937217351026902	0	1.1219346982032588	0.10628391747708268	0.015650780726176088
1.6049999999999969	0	0	1	0.006141282844037585	0.10242489823182135	-0.00023697256420552202	-0.027233711044706534	0.9999881386812213	0.999989530943941	-0.00015777791670873434	0	1.1219955054603294	0.10628391747708268	0.015711587983246695
1.6199999999999968	0	0	1	0.006173821524900255	0.10261718834765857	-0.0002394903449484045	-0.02722435559460875	0.9999881241240055	0.9999895170180911	-0.00015620865012846627	0	1.122055684407905	0.10628391747708268	0.015771766930822273
1.6349999999999967	0	0	1	0.006206102229164155	0.102808054037788	-0.00024200131099036932	-0.02721516142644496	0.9999881096645499	0.9999895030864465	-0.00015466380383637014	0	1.1221152449285532	0.10628391747708268	0.015831327451470523
1.6499999999999966	0	0	1	0.006238127993196876	0.1029975098887274	-0.00024450538640849863	-0.02720612462110853	0.9999880953018924	0.9999894891500329	-0.00015314282563135042	0	1.1221741966861423	0.10628391747708268	0.015890279209059586
1.6649999999999965	0	0	1	0.0062699018036314015	0.10318557031760128	-0.00024700249871901196	-0.027197241387227032	0.9999880810350841	0.9999894752098563	-0.00015164518033690055	0	1.1222325491322451	0.10628391747708268	0.015948631655162474
1.6799999999999964	0	0	1	0.006301426598471702	0.10337224957885065	-0.00024949257876960465	-0.027188508058165882	0.9999880668631896	0.9999894612669028	-0.00015017034912890366	0	1.1222903115123084	0.10628391747708268	0.016006394035225798
1.6949999999999963	0	0	1	0.006332705268164903	0.10355756175215579	-0.00025197556063519895	-0.027179921081848347	0.9999880527852864	0.9999894473221402	-0.0001487178288934323	0	1.122347492871595	0.10628391747708268	0.01606357539451249
1.7099999999999962	0	0	1	0.006363740656641436	0.1037415207643571	-0.000254451381516993	-0.027171477024207597	0.9999880388004642	0.9999894333765171	-0.00014728713161812082	0	1.1224041020609117	0.10628391747708268	0.016120184583828988
1.724999999999996	0	0	1	0.006394535562324143	0.1039241403661842	-0.0002569199816446693	-0.027163172555010096	0.9999880249078256	0.9999894194309638	-0.00014587778380672285	0	1.1224601477421283	0.10628391747708268	0.016176230265045683
1.739999999999996	0	0	1	0.006425092739107397	0.10410543415232355	-0.00025938130418164053	-0.027155004450978158	0.9999880111064852	0.9999894054863921	-0.00014448932592665828	0	1.1225156383935024	0.10628391747708268	0.016231720916419723
1.754999999999996	0	0	1	0.006455414897307384	0.10428541554773761	-0.0002618352951332254	-0.027146969585777427	0.9999879973955693	0.9999893915436968	-0.000143121311876784	0	1.122570582314811	0.10628391747708268	0.016286664837728483
1.7699999999999958	0	0	1	0.006485504704584495	0.10446409782034381	-0.0002642819032576409	-0.027139064930586966	0.9999879837742162	0.9999893776037544	-0.0001417733084836394	0	1.1226249876323047	0.10628391747708268	0.016341070155221994
1.7849999999999957	0	0	1	0.006515364786838863	0.10464149407483828	-0.00026672107997971137	-0.0271312875473901	0.9999879702415755	0.9999893636674244	-0.00014044489501704432	0	1.1226788623034842	0.10628391747708268	0.01639494482640164
1.7999999999999956	0	0	1	0.006544997729079846	0.10481761725982161	-0.00026915277930718404	-0.027123634587682452	0.9999879567968082	0.9999893497355495	-0.00013913566273019546	0	1.1227322141217153	0.10628391747708268	0.016448296644632588
1.8149999999999955	0	0	1	0.0065744060762705355	0.10499248016178811	-0.00027157695774957034	-0.027116103286142952	0.9999879434390861	0.9999893358089555	-0.0001378452144181914	0	1.1227850507206794	0.10628391747708268	0.016501133243596745
1.8299999999999954	0	0	1	0.0066035923341479855	0.10516609541029047	-0.00027399357423940835	-0.02710869095886206	0.9999879301675921	0.999989321888452	-0.00013657316399746456	0	1.1228373795786757	0.10628391747708268	0.01655346210159297
1.8449999999999953	0	0	1	0.006632558970020087	0.10533847548330437	-0.00027640259005586655	-0.027101395001789447	0.9999879169815197	0.9999893079748323	-0.00013531913610344873	0	1.1228892080227733	0.10628391747708268	0.016605290545690612
1.8599999999999952	0	0	1	0.006661308413539791	0.10550963269743356	-0.0002788039687505981	-0.027094212883331237	0.9999879038800727	0.9999892940688738	-0.00013408276570446546	0	1.122940543232825	0.10628391747708268	0.016656625755742314
1.8749999999999951	0	0	1	0.006689843057457543	0.10567957922075168	-0.0002811976760757731	-0.02708714214600638	0.9999878908624656	0.9999892801713386	-0.0001328636977346845	0	1.1229913922453447	0.10628391747708268	0.016707474768262103
1.889999999999995	0	0	1	0.006718165258352598	0.10584832706493809	-0.00028358367991420665	-0.02708018040005349	0.9999878779279225	0.999989266282973	-0.00013166158674021835	0	1.1230417619572564	0.10628391747708268	0.016757844480173773
1.904999999999995	0	0	1	0.006746277337343929	0.10601588809628644	-0.00028596195021151006	-0.0270733253246005	0.9999878650756778	0.9999892524045085	-0.00013047609654287198	0	1.1230916591295177	0.10628391747708268	0.01680774165243494
1.9199999999999948	0	0	1	0.0067741815807814965	0.10618227402784397	-0.000288332458910201	-0.027066574661496853	0.9999878523049754	0.9999892385366619	-0.00012930689991554745	0	1.1231410903906243	0.10628391747708268	0.016857172913541704
1.9349999999999947	0	0	1	0.00680188024091857	0.1063474964248045	-0.0002906951798857101	-0.02705992621447965	0.9999878396150691	0.999989224680135	-0.00012815367827372204	0	1.1231900622400013	0.10628391747708268	0.016906144762918726
1.9499999999999946	0	0	1	0.006829375536565791	0.10651156670614322	-0.0002930500888842224	-0.027053377846955648	0.9999878270052217	0.9999892108356154	-0.00012701612137853418	0	1.1232385810512817	0.10628391747708268	0.016954663574199103
1.9649999999999945	0	0	1	0.006856669653727663	0.10667449614811228	-0.00029539716346230107	-0.027046927480609075	0.9999878144747059	0.9999891970037768	-0.0001258939270528286	0	1.1232866530754813	0.10628391747708268	0.01700273559839867
1.9799999999999944	0	0	1	0.006883764746222255	0.10683629588034746	-0.0002977363829282497	-0.027040573091182615	0.9999878020228029	0.9999891831852785	-0.00012478680090870903	0	1.1233342844440712	0.10628391747708268	0.01705036696698865
1.9949999999999943	0	0	1	0.00691066293628477	0.1069969768913444	-0.0003000677282851668	-0.027034312708037685	0.9999877896488033	0.9999891693807667	-0.00012369445608735407	0	1.1233814811719536	0.10628391747708268	0.017097563694870917
2.0099999999999945	0	0	1	0.006937366315155706	0.10715655003023193	-0.00030239118217565325	-0.027028144412329688	0.9999877773520063	0.9999891555908738	-0.00012261661300888913	0	1.1234282491603422	0.10628391747708268	0.017144331683259628
2.0249999999999946	0	0	1	0.006963876943654347	0.10731502600674658	-0.00030470672882814255	-0.027022066334549497	0.99998776513172	0.999989141816219	-0.00012155299913311564	0	1.1234745941995556	0.10628391747708268	0.017190676722473052
2.0399999999999947	0	0	1	0.006990196852738273	0.10747241539497666	-0.0003070143540048195	-0.027016076653617695	0.9999877529872611	0.9999891280574086	-0.00012050334873050423	0	1.1235205219717217	0.10628391747708268	0.017236604494639148
2.054999999999995	0	0	1	0.007016328044049574	0.10762872862970345	-0.00030931404495110153	-0.027010173593126307	0.9999877409179544	0.9999891143150361	-0.00011946740266214238	0	1.123566038053401	0.10628391747708268	0.017282120576318203
2.069999999999995	0	0	1	0.007042272490448502	0.10778397602159989	-0.00031160579034666	-0.02700435542507962	0.9999877289231333	0.9999891005896824	-0.00011844490817049037	0	1.1236111479181288	0.10628391747708268	0.017327230441046157
2.084999999999995	0	0	1	0.0070680321365351045	0.10793816773666357	-0.0003138895802579503	-0.02699862045958364	0.9999877170021393	0.999989086881916	-0.00011743561867567086	0	1.123655856938884	0.10628391747708268	0.017371939461801367
2.099999999999995	0	0	1	0.007093608899159583	0.10809131382281373	-0.00031616540609223745	-0.02699296705319969	0.9999877051543218	0.9999890731922932	-0.00011643929358506618	0	1.1237001703904808	0.10628391747708268	0.017416252913398208
2.1149999999999953	0	0	1	0.007119004667921826	0.10824342419892834	-0.0003184332605530839	-0.02698739360253367	0.9999876933790384	0.9999890595213585	-0.00011545569810609871	0	1.1237440934518927	0.10628391747708268	0.01746017597480999
2.1299999999999955	0	0	1	0.007144221305660757	0.108394508656985	-0.000320693137597284	-0.026981898543046192	0.9999876816756542	0.9999890458696444	-0.0001144846030694883	0	1.1237876312085069	0.10628391747708268	0.01750371373142432
2.1449999999999956	0	0	1	0.007169260648933859	0.10854457686613005	-0.0003229450323932094	-0.026976480348673733	0.9999876700435422	0.999989032237672	-0.00011352578475897858	0	1.1238307886543157	0.10628391747708268	0.017546871177233112
2.1599999999999957	0	0	1	0.007194124508487429	0.1086936383731247	-0.0003251889412805491	-0.026971137530072447	0.9999876584820828	0.9999890186259509	-0.00011257902474813539	0	1.1238735706940426	0.10628391747708268	0.01758965321695998
2.174999999999996	0	0	1	0.0072188146697178615	0.10884170261208063	-0.00032742486173140714	-0.026965868636572764	0.999987646990664	0.9999890050349797	-0.00011164410974380186	0	1.1239159821452098	0.10628391747708268	0.01763206466812721
2.189999999999996	0	0	1	0.007243332893124329	0.1089887788934684	-0.0003296527923127295	-0.02696067225000417	0.9999876355686811	0.9999889914652456	-0.00011072083143426392	0	1.123958027740147	0.10628391747708268	0.017674110263064487
2.204999999999996	0	0	1	0.00726768091475311	0.10913487642150003	-0.0003318727326500255	-0.02695554698976434	0.9999876242155364	0.9999889779172253	-0.00010980898634642464	0	1.1239997121279441	0.10628391747708268	0.01771579465086156
2.219999999999996	0	0	1	0.007291860446633873	0.10928000427923718	-0.0003340846833923513	-0.026950491505196086	0.9999876129306396	0.9999889643913847	-0.00010890837570414582	0	1.1240410398763494	0.10628391747708268	0.017757122399266686
2.2349999999999963	0	0	1	0.007315873177208013	0.10942417144971761	-0.00033628864617851235	-0.026945504482226556	0.9999876017134072	0.9999889508881794	-0.00010801880529688277	0	1.1240820154736155	0.10628391747708268	0.017798097996532765
2.2499999999999964	0	0	1	0.007339720771749281	0.10956738680109931	-0.00033848462360445004	-0.02694058463585038	0.9999875905632626	0.9999889374080546	-0.00010714008534809722	0	1.1241226433302955	0.10628391747708268	0.017838725853212868
2.2649999999999966	0	0	1	0.007363404872776853	0.10970965909993695	-0.00034067261919177514	-0.026935730713756954	0.9999875794796359	0.9999889239514452	-0.0001062720303923264	0	1.1241629277809897	0.10628391747708268	0.017879010303907043
2.2799999999999967	0	0	1	0.007386927100460829	0.10985099700391998	-0.00034285263735739623	-0.026930941491902224	0.9999875684619642	0.9999889105187763	-0.00010541445915425778	0	1.1242028730860443	0.10628391747708268	0.017918955608961534
2.294999999999997	0	0	1	0.007410289053020352	0.10999140907314045	-0.0003450246833842107	-0.026926215777428694	0.9999875575096909	0.9999888971104632	-0.00010456719443350497	0	1.124242483433205	0.10628391747708268	0.017958565956122382
2.309999999999997	0	0	1	0.007433492307114464	0.11013090376640022	-0.0003471887633928208	-0.02692155240572968	0.9999875466222657	0.9999888837269115	-0.00010373006299173552	0	1.1242817629392274	0.10628391747708268	0.017997845462144706
2.324999999999997	0	0	1	0.007456538418225494	0.11026948944680219	-0.00034934488431420934	-0.026916950241216053	0.999987535799145	0.9999888703685175	-0.00010290289544520968	0	1.1243207156514414	0.10628391747708268	0.018036798174358673
2.339999999999997	0	0	1	0.007479428921035345	0.11040717437215658	-0.00035149305386336237	-0.026912408172130604	0.9999875250397913	0.9999888570356679	-0.00010208552615869132	0	1.1243593455492766	0.10628391747708268	0.018075428072193967
2.3549999999999973	0	0	1	0.007502165329794505	0.1105439667175629	-0.0003536332805137786	-0.026907925118101528	0.9999875143436732	0.9999888437287403	-0.000101277793146389	0	1.1243976565457463	0.10628391747708268	0.018113739068663755
2.3699999999999974	0	0	1	0.007524749138683942	0.11067987455426913	-0.000355765573472836	-0.026903500020476825	0.9999875037102653	0.9999888304481036	-0.0001004795379705934	0	1.124435652488892	0.10628391747708268	0.01815173501180943
2.3849999999999976	0	0	1	0.007547181822169825	0.11081490586833863	-0.00035788994265796835	-0.02689913184840947	0.9999874931390484	0.9999888171941174	-996906056494849e-19	0	1.1244733371631899	0.10628391747708268	0.018189419686107152
2.3999999999999977	0	0	1	0.0075694648353511985	0.11094906855268621	-0.00036000639867362103	-0.026894819594465148	0.9999874826295091	0.9999888039671327	-9891084456289962e-20	0	1.12451071429092	0.10628391747708268	0.01822679681383744
2.414999999999998	0	0	1	0.007591599614300603	0.11108237041423139	-0.0003621149527889459	-0.026890562276233713	0.9999874721811396	0.9999887907674923	-9814010636398784e-20	0	1.1245477875335015	0.10628391747708268	0.01826387005641885
2.429999999999998	0	0	1	0.007613587576397825	0.11121481916395719	-0.0003642156169162122	-0.026886358931227573	0.9999874617934379	0.99998877759553	-9737824589141652e-20	0	1.1245845604927895	0.10628391747708268	0.01830064301570689
2.444999999999998	0	0	1	0.007635430120656672	0.11134642243724363	-0.00036630840358988485	-0.02688220862375953	0.9999874514659075	0.9999887644515716	-9662512108730834e-20	0	1.1246210367123415	0.10628391747708268	0.018337119235258912
2.459999999999998	0	0	1	0.007657128628044931	0.1114771877761749	-0.00036839332594634913	-0.02687811043684658	0.9999874411980576	0.9999887513359348	-958805929128356e-19	0	1.124657219678649	0.10628391747708268	0.018373302201566313
2.4749999999999983	0	0	1	0.007678684461797641	0.11160712264795597	-0.0003704703977042549	-0.02687406347839491	0.9999874309894026	0.9999887382489293	-9514452527182981e-20	0	1.1246931128223372	0.10628391747708268	0.018409195345254627
2.4899999999999984	0	0	1	0.00770009896772369	0.11173623442713412	-0.0003725396331454486	-0.026870066873129664	0.9999874208394623	0.9999887251908566	-9441678493112831e-20	0	1.1247287195193356	0.10628391747708268	0.018444802042252885
2.5049999999999986	0	0	1	0.007721373474505781	0.11186453041384518	-0.0003746010470964599	-0.026866119768769868	0.9999874107477621	0.9999887121620108	-936972414485081e-19	0	1.1247640430920152	0.10628391747708268	0.018480125614932532
2.5199999999999987	0	0	1	0.007742509293994013	0.11199201782551747	-0.00037665465491053496	-0.02686222133175806	0.9999874007138319	0.9999886991626783	-9298576709832123e-20	0	1.1247990868103	0.10628391747708268	0.01851516933321735
2.534999999999999	0	0	1	0.00776350772149298	0.11211870379611456	-0.0003787004724501728	-0.026858370745992666	0.999987390737207	0.9999886861931377	-9228223680181456e-20	0	1.1248338538927476	0.10628391747708268	0.018549936415664887
2.549999999999999	0	0	1	0.00778437003604259	0.11224459539040443	-0.00038073851607015193	-0.026854567217513295	0.999987380817428	0.9999886732536607	-9158652805938386e-20	0	1.124868347507603	0.10628391747708268	0.01858443003052016
2.564999999999999	0	0	1	0.007805097500692692	0.1123696995880269	-0.00038276880260102657	-0.02685080996729849	0.9999873709540401	0.9999886603445115	-9089852088236859e-20	0	1.1249025707738254	0.10628391747708268	0.018618653296742754
2.579999999999999	0	0	1	0.007825691362771437	0.11249402329393382	-0.0003847913493330518	-0.026847098234492318	0.9999873611465934	0.9999886474659471	-9021809773020333e-20	0	1.12493652676209	0.10628391747708268	0.018652609285007466
2.5949999999999993	0	0	1	0.007846152854147782	0.1126175733412468	-0.0003868061740005506	-0.02684343127666332	0.9999873513946428	0.9999886346182176	-8954514344679253e-20	0	1.1249702184957626	0.10628391747708268	0.018686301018680032
2.6099999999999994	0	0	1	0.007866483191487817	0.11274035648464731	-0.0003888132947666616	-0.026839808366354505	0.999987341697748	0.9999886218015662	-8887954519918833e-20	0	1.1250036489518505	0.10628391747708268	0.01871973147476775
2.6249999999999996	0	0	1	0.007886683576505361	0.11286237940312063	-0.00039081273020848324	-0.02683622879134378	0.9999873320554732	0.9999886090162294	-8822119241858461e-20	0	1.125036821061929	0.10628391747708268	0.01875290358484644
2.6399999999999997	0	0	1	0.007906755196206651	0.11298364870849718	-0.0003928044993025694	-0.026832691857217334	0.9999873224673874	0.9999885962624369	-875699767430946e-19	0	1.1250697377130465	0.10628391747708268	0.018785820235963823
2.655	0	0	1	0.00792669922312942	0.11310417093675176	-0.0003947886214107803	-0.02682919688315919	0.999987312933064	0.9999885835404116	-869257919602238e-19	0	1.125102401748603	0.10628391747708268	0.018818484271520417
2.67	0	0	1	0.007946516815576295	0.11322395255455846	-0.0003967651162664545	-0.02682574320378314	0.9999873034520805	0.9999885708503707	-8628853395346753e-20	0	1.125134815969211	0.10628391747708268	0.018850898492128208
2.685	0	0	1	0.007966209117842798	0.11334299995247393	-0.000398734003960907	-0.02682233016570698	0.9999872940240195	0.9999885581925244	-856581006480503e-19	0	1.1251669831335307	0.10628391747708268	0.01888306565644801
2.7	0	0	1	0.007985777260439758	0.11346131946277041	-0.00040069530493020686	-0.02681895713387471	0.9999872846484674	0.9999885455670768	-8503439196095576e-20	0	1.1251989059590883	0.10628391747708268	0.01891498848200576
2.7150000000000003	0	0	1	0.008005222360310678	0.11357891733179017	-0.00040264903994226866	-0.026815623479949577	0.9999872753250151	0.9999885329742261	-8441730974760274e-20	0	1.1252305871230714	0.10628391747708268	0.0189466696459887
2.7300000000000004	0	0	1	0.008024545521043779	0.11369579975095136	-0.00040459523008420386	-0.026812328593870272	0.9999872660532573	0.9999885204141643	-8380675775678067e-20	0	1.1252620292631046	0.10628391747708268	0.018978111786021837
2.7450000000000006	0	0	1	0.00804374783307903	0.11381197284046454	-0.0004065338967499427	-0.02680907187676331	0.9999872568327933	0.9999885078870775	-8320264158001757e-20	0	1.1252932349780076	0.10628391747708268	0.019009317500924973
2.7600000000000007	0	0	1	0.00806283037391036	0.11392744265192926	-0.0004084650616281232	-0.026805852741322335	0.9999872476632264	0.9999884953931459	-8260486860664298e-20	0	1.1253242068285343	0.10628391747708268	0.019040289351451536
2.775000000000001	0	0	1	0.008081794208282984	0.11404221516716166	-0.00041038874669022113	-0.026802670610714594	0.9999872385441638	0.9999884829325443	-8201334797877995e-20	0	1.1253549473380915	0.10628391747708268	0.01907102986100886
2.790000000000001	0	0	1	0.00810064038838619	0.1141562963101889	-0.0004123049741789337	-0.026799524922696702	0.9999872294752167	0.9999884705054415	-814279905480787e-19	0	1.125385458993444	0.10628391747708268	0.01910154151636126
2.805000000000001	0	0	1	0.008119369954041649	0.1142696919290922	-0.0004142137665968061	-0.026796415121851033	0.9999872204560004	0.9999884581120009	-8084870883197858e-20	0	1.1254157442453985	0.10628391747708268	0.019131826768315863
2.820000000000001	0	0	1	0.00813798393288732	0.11438240781745644	-0.0004161151466950864	-0.026793340667458	0.9999872114861339	0.9999884457523806	-8027541697482218e-20	0	1.1254458055094745	0.10628391747708268	0.019161888032391827
2.8350000000000013	0	0	1	0.008156483340557278	0.11449444969805546	-0.0004180091374628265	-0.02679030102648375	0.9999872025652401	0.999988433426733	-7970803070553732e-20	0	1.1254756451665562	0.10628391747708268	0.019191727689473623
2.8500000000000014	0	0	1	0.008174869180857495	0.11460582323492621	-0.00041989576211621165	-0.026787295677780584	0.9999871936929456	0.9999884211352058	-7914646730094294e-20	0	1.1255052655635314	0.10628391747708268	0.01922134808644867
2.8650000000000015	0	0	1	0.00819314244593775	0.11471653402833683	-0.0004217750440881228	-0.026784324109546342	0.9999871848688809	0.999988408877941	-7859064554683252e-20	0	1.1255346690139125	0.10628391747708268	0.01925075153682981
2.8800000000000017	0	0	1	0.008211304116459837	0.11482658761174061	-0.00042364700701792897	-0.02678138581758183	0.9999871760926802	0.9999883966550759	-780404857020208e-19	0	1.1255638577984457	0.10628391747708268	0.019279940321363074
2.895000000000002	0	0	1	0.008229355161762283	0.11493598946192575	-0.00042551167474151895	-0.026778480308761107	0.999987167363981	0.9999883844667425	-7749590946357974e-20	0	1.125592834165704	0.10628391747708268	0.019308916688621388
2.910000000000002	0	0	1	0.008247296540021643	0.11504474499789638	-0.00042736907128156077	-0.02677560710006861	0.9999871586824248	0.9999883723130684	-7695683993228486e-20	0	1.125621600332667	0.10628391747708268	0.019337682855584345
2.925000000000002	0	0	1	0.008265129198410593	0.11515285957393646	-0.0004292192208379986	-0.026772765715345696	0.9999871500476565	0.9999883601941756	-7642320157897141e-20	0	1.1256501584852874	0.10628391747708268	0.01936624100820468
2.940000000000002	0	0	1	0.008282854073252984	0.1152603384861327	-0.0004310621477787903	-0.02676995568736143	0.9999871414593245	0.999988348110182	-7589492021361324e-20	0	1.1256785107790446	0.10628391747708268	0.01939459330196182
2.9550000000000023	0	0	1	0.008300472090175948	0.1153671869711352	-0.00043289787663087896	-0.026767176556822373	0.9999871329170809	0.9999883360612007	-7537192295360899e-20	0	1.1257066593394855	0.10628391747708268	0.01942274186240292
2.9700000000000024	0	0	1	0.008317984164259249	0.11547341020885962	-0.000434726432071408	-0.026764427872949872	0.9999871244205806	0.9999883240473403	-7485413819425957e-20	0	1.1257346062627542	0.10628391747708268	0.019450688785671636
2.9850000000000025	0	0	1	0.008335391200182084	0.1155790133251168	-0.0004365478389191858	-0.02676170919403443	0.9999871159694826	0.9999883120687045	-7434149557956529e-20	0	1.125762353616108	0.10628391747708268	0.019478436139025418
3.0000000000000027	0	0	1	0.008352694092367304	0.11568400138291324	-0.0004383621221263873	-0.026759020083526836	0.9999871075634491	0.9999883001253932	-7383392597390324e-20	0	1.1257899034384238	0.10628391747708268	0.01950598596134114
3.015000000000003	0	0	1	0.008369893725123367	0.11578837939466519	-0.0004401693067705099	-0.026756360114388054	0.9999870992021452	0.9999882882175014	-7333136143606843e-20	0	1.1258172577406924	0.10628391747708268	0.0195333402636098
3.030000000000003	0	0	1	0.008386990972784078	0.11589215232104268	-0.00044196941804658044	-0.026753728868168937	0.9999870908852398	0.9999882763451202	-7283373519212338e-20	0	1.1258444185065033	0.10628391747708268	0.019560501029420693
3.045000000000003	0	0	1	0.0084039866998462	0.11599532506043081	-0.0004437624812596121	-0.02675112593039735	0.9999870826124047	0.9999882645083363	-7234098160986205e-20	0	1.1258713876925177	0.10628391747708268	0.019587470215435106
3.060000000000003	0	0	1	0.008420881761105056	0.11609790246483127	-0.0004455485218173082	-0.026748550896399256	0.999987074383315	0.9999882527072326	-7185303617566262e-20	0	1.1258981672289325	0.10628391747708268	0.019614249751849947
3.0750000000000033	0	0	1	0.008437677001788301	0.11619988933130183	-0.00044732756522302856	-0.02674600336747873	0.9999870661976489	0.9999882409418875	-7136983546957604e-20	0	1.1259247590199344	0.10628391747708268	0.019640841542851832
3.0900000000000034	0	0	1	0.008454373257687837	0.1163012904026759	-0.0004490996370689982	-0.026743482950763536	0.9999870580550879	0.9999882292123758	-7089131714289927e-20	0	1.1259511649441443	0.10628391747708268	0.019667247467061673
3.1050000000000035	0	0	1	0.00847097135529	0.1164021103797908	-0.00045086476302976853	-0.026740989263597373	0.9999870499553165	0.9999882175187683	-7041741989676998e-20	0	1.1259773868550527	0.10628391747708268	0.01969346937797008
3.1200000000000037	0	0	1	0.008487472111904114	0.11650235390329858	-0.0004526229688559289	-0.02673852192593889	0.999987041898022	0.999988205861132	-6994808345876732e-20	0	1.1260034265814467	0.10628391747708268	0.01971950910436404
3.135000000000004	0	0	1	0.008503876335789378	0.11660202557161853	-0.00045437428036805425	-0.026736080567026713	0.9999870338828952	0.9999881942395299	-6948324856475862e-20	0	1.1260292859278274	0.10628391747708268	0.019745368450744743
3.150000000000004	0	0	1	0.008520184826280242	0.11670112993217978	-0.0004561187234509009	-0.026733664821510007	0.9999870259096295	0.9999881826540217	-6902285693650792e-20	0	1.1260549666748199	0.10628391747708268	0.019771049197737305
3.165000000000004	0	0	1	0.008536398373910204	0.1167996714860232	-0.00045785632404782994	-0.026731274330861386	0.9999870179779213	0.9999881711046631	-6856685126332832e-20	0	1.1260804705795748	0.10628391747708268	0.019796553102492155
3.180000000000004	0	0	1	0.00855251776053407	0.11689765468282683	-0.0004595871081554583	-0.026728908741013503	0.99998701008747	0.9999881595915066	-6811517518222808e-20	0	1.1261057993761612	0.10628391747708268	0.019821881899078426
3.1950000000000043	0	0	1	0.008568543759448799	0.11699508393695847	-0.00046131110181853803	-0.026726567708303936	0.999987002237978	0.9999881481146007	-676677732609427e-19	0	1.1261309547759526	0.10628391747708268	0.019847037298869934
3.2100000000000044	0	0	1	0.008584477135512702	0.11709196360918103	-0.0004630283311250359	-0.02672425089187208	0.9999869944291501	0.9999881366739911	-672245909777164e-19	0	1.1261559384680058	0.10628391747708268	0.019872020990923007
3.2250000000000045	0	0	1	0.008600318645263262	0.11718829801114017	-0.0004647388222014291	-0.026721957955052375	0.9999869866606943	0.9999881252697197	-6678557470500134e-20	0	1.1261807521194303	0.10628391747708268	0.019896834642347545
3.2400000000000047	0	0	1	0.008616069037033422	0.11728409142325705	-0.0004664426012081958	-0.02671968857206621	0.9999869789323211	0.9999881139018252	-6635067169327896e-20	0	1.1262053973757533	0.10628391747708268	0.01992147989867056
3.255000000000005	0	0	1	0.00863172905106621	0.1173793480762897	-0.00046813969433547856	-0.026717442420384787	0.9999869712437441	0.999988102570343	-6591983005182619e-20	0	1.1262298758612752	0.10628391747708268	0.01994595838419253
3.270000000000005	0	0	1	0.008647299419628015	0.11747407215213392	-0.000469830127798945	-0.026715219180692227	0.9999869635946793	0.9999880912753054	-6549299873392101e-20	0	1.1262541891794198	0.10628391747708268	0.019970271702337172
3.285000000000005	0	0	1	0.008662780867120157	0.11756826780528944	-0.00047151392783580164	-0.026713018545007926	0.9999869559848453	0.9999880800167416	-6507012752168802e-20	0	1.1262783389130768	0.10628391747708268	0.019994421435994166
3.300000000000005	0	0	1	0.008678174110188891	0.11766193913496141	-0.0004731911207009681	-0.026710840205340175	0.9999869484139635	0.9999880687946773	-6465116700732813e-20	0	1.1263023266249381	0.10628391747708268	0.020018409147855368
3.3150000000000053	0	0	1	0.008693479857833857	0.11775509021238688	-0.00047486173266340453	-0.026708683864139847	0.999986940881758	0.9999880576091359	-6423606858158017e-20	0	1.126326153857827	0.10628391747708268	0.020042236380744538
3.3300000000000054	0	0	1	0.008708698811514802	0.117847725052768	-0.0004765257900025689	-0.0267065492228973	0.9999869333879551	0.9999880464601374	-6382478441451223e-20	0	1.1263498221350232	0.10628391747708268	0.02006590465794051
3.3450000000000055	0	0	1	0.008723831665256771	0.1179398476501338	-0.0004781833190050146	-0.026704435995586525	0.999986925932284	0.9999880353476988	-6341726744504412e-20	0	1.126373332960577	0.10628391747708268	0.020089415483494386
3.3600000000000056	0	0	1	0.008738879105753534	0.11803146194549965	-0.0004798343459611	-0.026702343895788898	0.9999869185144762	0.9999880242718345	-6301347136184197e-20	0	1.126396687819623	0.10628391747708268	0.020112770342540366
3.3750000000000058	0	0	1	0.008753841812469422	0.11812257184645325	-0.00048147889716181963	-0.026700272644121045	0.9999869111342657	0.999988013232556	-6261335059269567e-20	0	1.1264198881786833	0.10628391747708268	0.020135970701600656
3.390000000000006	0	0	1	0.008768720457739354	0.1182131812238455	-0.00048311699889572684	-0.026698221966632824	0.9999869037913891	0.999988002229872	-6221686028863168e-20	0	1.126442935485967	0.10628391747708268	0.02015901800888435
3.405000000000006	0	0	1	0.008783515706867353	0.11830329391324038	-0.00048474867744597384	-0.02669619159509009	0.9999868964855851	0.9999879912637887	-6182395631048201e-20	0	1.1264658311716633	0.10628391747708268	0.02018191369458068
3.420000000000006	0	0	1	0.008798228218223191	0.11839291369912795	-0.0004863739590874242	-0.02669418126046322	0.9999868892165952	0.9999879803343092	-6143459521422507e-20	0	1.126488576648229	0.10628391747708268	0.020204659171146437
3.4350000000000063	0	0	1	0.008812858643337515	0.1184820443497666	-0.00048799287008386837	-0.026692190706398812	0.9999868819841627	0.9999879694414348	-6104873424096175e-20	0	1.1265111733106705	0.10628391747708268	0.020227255833587966
3.4500000000000064	0	0	1	0.00882740762699515	0.118570689585147	-0.000489605436685304	-0.02669021967630731	0.9999868747880337	0.9999879585851632	-60666331299351686e-21	0	1.12653362253682	0.10628391747708268	0.020249705059737454
3.4650000000000065	0	0	1	0.008841875807326852	0.11865885308800148	-0.0004912116851253045	-0.02668826791744446	0.9999868676279565	0.9999879477654906	-6028734495587065e-20	0	1.1265559256876068	0.10628391747708268	0.020272008210524113
3.4800000000000066	0	0	1	0.008856263815899318	0.11874653851073985	-0.0004928116416184476	-0.02668633518338471	0.9999868605036815	0.9999879369824101	-5991173442139018e-20	0	1.1265780841073225	0.10628391747708268	0.020294166630239915
3.4950000000000068	0	0	1	0.008870572277803607	0.11883374947224619	-0.0004944053323578164	-0.02668442123250881	0.9999868534149613	0.9999879262359126	-59539459538766415e-21	0	1.126600099123883	0.10628391747708268	0.020316181646800244
3.510000000000007	0	0	1	0.00888480181174199	0.11892048955047471	-0.0004959927835125695	-0.026682525824826997	0.999986846361551	0.9999879155259868	-5917048076980598e-20	0	1.1266219720490822	0.10628391747708268	0.020338054571999616
3.525000000000007	0	0	1	0.008898953030113116	0.11900676229441041	-0.0004975740212255593	-0.02668064872646094	0.9999868393432078	0.9999879048526188	-5880475918519307e-20	0	1.1266437041788449	0.10628391747708268	0.020359786701762254
3.540000000000007	0	0	1	0.008913026539095627	0.11909257121860528	-0.0004991490716110118	-0.026678789707242613	0.9999868323596907	0.9999878942157925	-5844225645106584e-20	0	1.1266652967934705	0.10628391747708268	0.02038137931638787
3.5550000000000073	0	0	1	0.008927022938730341	0.11917791979982968	-0.0005007179607522718	-0.026676948539163244	0.9999868254107613	0.9999878836154898	-58082934818072585e-21	0	1.1266867511578755	0.10628391747708268	0.02040283368079293
3.5700000000000074	0	0	1	0.0089409428230007	0.11926281148694523	-0.0005022807146995771	-0.026675125000037415	0.9999868184961832	0.9999878730516902	-5772675711105589e-20	0	1.1267080685218296	0.10628391747708268	0.020424151044746843
3.5850000000000075	0	0	1	0.008954786779911947	0.11934724969365938	-0.0005038373594679084	-0.02667331887041828	0.9999868116157219	0.9999878625243712	-5737368671658988e-20	0	1.1267292501201867	0.10628391747708268	0.02044533264310406
3.6000000000000076	0	0	1	0.00896855539156872	0.1194312378007409	-0.000505387921034872	-0.026671529934251623	0.999986804769145	0.999987852033508	-5702368757301384e-20	0	1.126750297173114	0.10628391747708268	0.020466379696031482
3.6150000000000078	0	0	1	0.008982249234251153	0.11951477915829062	-0.0005069324253386254	-0.026669757979555134	0.9999867979562224	0.9999878415790738	-56676724159826164e-21	0	1.1267712108863142	0.10628391747708268	0.020487293409231434
3.630000000000008	0	0	1	0.008995868878489677	0.11959787708418429	-0.0005084708982758583	-0.026668002797590757	0.9999867911767256	0.9999878311610402	-56332761486998764e-21	0	1.1267919924512433	0.10628391747708268	0.020508074974160594
3.645000000000008	0	0	1	0.009009414889138348	0.11968053486437925	-0.0005100033656998062	-0.026666264182778576	0.9999867844304285	0.999987820779376	-55991765084920365e-21	0	1.1268126430453274	0.10628391747708268	0.0205287255682446
3.660000000000008	0	0	1	0.009022887825446801	0.11976275575325124	-0.0005115298534183063	-0.026664541932623798	0.9999867777171068	0.9999878104340488	-5565370099451555e-20	0	1.1268331638321711	0.10628391747708268	0.020549246355088504
3.6750000000000083	0	0	1	0.009036288241130912	0.1198445429758783	-0.0005130503871918942	-0.026662835848419882	0.9999867710365379	0.9999878001250241	-5531853575766852e-20	0	1.126853555961766	0.10628391747708268	0.020569638484683447
3.6900000000000084	0	0	1	0.009049616684442072	0.11992589972638024	-0.0005145649927319329	-0.02666114573439438	0.9999867643885015	0.9999877898522653	-5498623640715626e-20	0	1.1268738205706919	0.10628391747708268	0.020589903093609137
3.7050000000000085	0	0	1	0.009062873698235233	0.12000682916818006	-0.0005160736956987832	-0.026659471397619684	0.9999867577727791	0.9999877796157344	-5465677045740826e-20	0	1.1268939587823155	0.10628391747708268	0.0206100413052327
3.7200000000000086	0	0	1	0.009076059820035584	0.12008733443251007	-0.0005175765216999981	-0.02665781264723618	0.999986751189154	0.9999877694153911	-5433010589552234e-20	0	1.1269139717069863	0.10628391747708268	0.020630054229903612
3.7350000000000088	0	0	1	0.009089175582104106	0.12016741862630796	-0.0005190734962885637	-0.026656169297380426	0.9999867446374114	0.9999877592511939	-540062111726911e-19	0	1.1269338604422277	0.10628391747708268	0.020649942965145066
3.750000000000009	0	0	1	0.009102221511501843	0.12024708482105094	-0.0005205646449611649	-0.026654541162596815	0.9999867381173384	0.9999877491230991	-5368505519403747e-20	0	1.1269536260729243	0.10628391747708268	0.020669708595841673
3.765000000000009	0	0	1	0.009115198130152989	0.12032633606448401	-0.0005220499931564838	-0.02665292806228666	0.9999867316287238	0.9999877390310615	-5336660731170282e-20	0	1.1269732696715062	0.10628391747708268	0.020689352194423655
3.780000000000009	0	0	1	0.009128105954906849	0.12040517537137405	-0.0005235295662535341	-0.026651329816882365	0.9999867251713581	0.9999877289750345	-5305083731485177e-20	0	1.1269927922981302	0.10628391747708268	0.020708874821047604
3.7950000000000093	0	0	1	0.009140945497598708	0.12048360573340935	-0.0005250033895700288	-0.026649746251581678	0.9999867187450342	0.9999877189549696	-527377154230681e-19	0	1.1270121950008565	0.10628391747708268	0.020728277523773896
3.8100000000000094	0	0	1	0.009153717265109605	0.12056163010410369	-0.0005264714883607818	-0.026648177190216348	0.999986712349546	0.9999877089708169	-5242721227614532e-20	0	1.1270314788158233	0.10628391747708268	0.020747561338740773
3.8250000000000095	0	0	1	0.009166421759425052	0.12063925142015945	-0.0005279338878161415	-0.02664662246351641	0.9999867059846895	0.9999876990225247	-5211929892913029e-20	0	1.127050644767418	0.10628391747708268	0.02076672729033526
3.8400000000000096	0	0	1	0.009179059477692824	0.12071647258648062	-0.0005293906130604686	-0.026645081903027324	0.9999866996502627	0.99998768911004	-51813946842040374e-21	0	1.1270696938684435	0.10628391747708268	0.02078577639136091
3.8550000000000098	0	0	1	0.009191630912279784	0.12079329647458902	-0.00053084168915065	-0.026643555340321142	0.9999866933460647	0.9999876792333084	-5151112787350694e-20	0	1.1270886271202851	0.10628391747708268	0.020804709643202576
3.87000000000001	0	0	1	0.009204136550827819	0.12086972594002696	-0.0005322871410746565	-0.026642042613699717	0.9999866870718968	0.9999876693922739	-5121081427452967e-20	0	1.127107445513071	0.10628391747708268	0.020823528035988265
3.88500000000001	0	0	1	0.009216576876308795	0.12094576380354753	-0.0005337269937501279	-0.02664054356061065	0.9999866808275617	0.9999876595868791	-5091297867906587e-20	0	1.1271261500258305	0.10628391747708268	0.020842232548747737
3.90000000000001	0	0	1	0.009228952367078968	0.12102141285732955	-0.0005351612720230352	-0.02663905801994357	0.999986674612864	0.9999876498170652	-5061759409928226e-20	0	1.1271447416266516	0.10628391747708268	0.020860824149568913
3.9150000000000102	0	0	1	0.00924126349693232	0.12109667588025527	-0.0005365900006663547	-0.026637585837894967	0.9999866684276096	0.9999876400827722	-5032463391869997e-20	0	1.1271632212728335	0.10628391747708268	0.02087930379575093
3.9300000000000104	0	0	1	0.00925351073515329	0.12117155560798111	-0.0005380132043788064	-0.026636126856008774	0.9999866622716066	0.9999876303839387	-500340718835891e-19	0	1.1271815899110373	0.10628391747708268	0.020897672433954784
3.9450000000000105	0	0	1	0.0092656945465689	0.12124605476543533	-0.0005394309077836523	-0.02663468092383873	0.999986656144664	0.9999876207205017	-49745882100006515e-21	0	1.1271998484774344	0.10628391747708268	0.020915931000351624
3.9600000000000106	0	0	1	0.009277815391599963	0.12132017604058248	-0.0005408431354275198	-0.026633247888448737	0.999986650046593	0.9999876110923975	-49460039024384416e-21	0	1.1272179978978505	0.10628391747708268	0.020934080420767907
3.9750000000000107	0	0	1	0.009289873726311796	0.1213939221055822	-0.0005422499117792903	-0.026631827602607284	0.999986643977206	0.9999876014995608	-4917651746028381e-20	0	1.1272360390879113	0.10628391747708268	0.020952121610828562
3.990000000000011	0	0	1	0.009301870002464333	0.12146729560194543	-0.0005436512612290452	-0.026630419918783576	0.9999866379363173	0.9999875919419251	-4889529255040135e-20	0	1.1272539729531803	0.10628391747708268	0.020970055476097673
4.0050000000000106	0	0	1	0.009313804667561421	0.1215402991521855	-0.0005450472080870377	-0.026629024693597042	0.9999866319237423	0.9999875824194229	-48616339772641016e-21	0	1.1272718003892992	0.10628391747708268	0.020987882912216527
4.02000000000001	0	0	1	0.009325678164899742	0.12161293534680935	-0.00054643777658274	-0.026627641782538312	0.9999866259392983	0.9999875729319853	-4833963493282782e-20	0	1.1272895222821222	0.10628391747708268	0.0210056048050396
4.03500000000001	0	0	1	0.009337490933616962	0.12168520675991538	-0.0005478229908639192	-0.02662627104598441	0.9999866199828041	0.9999875634795424	-4806515416146221e-20	0	1.1273071395078509	0.10628391747708268	0.021023222030768274
4.05000000000001	0	0	1	0.009349243408739352	0.1217571159379606	-0.0005492028749957645	-0.026624912344621214	0.9999866140540798	0.9999875540620234	-47792873906251664e-21	0	1.1273246529331649	0.10628391747708268	0.021040735456082166
4.065000000000009	0	0	1	0.009360936021228923	0.12182866540379697	-0.0005505774529600735	-0.02662356554089936	0.9999866081529473	0.9999875446793561	-4752277092793645e-20	0	1.1273420634153513	0.10628391747708268	0.021058145938268595
4.080000000000009	0	0	1	0.00937256919802972	0.1218998576628199	-0.0005519467486544489	-0.026622230501327445	0.9999866022792295	0.9999875353314673	-472548222960516e-19	0	1.1273593718024322	0.10628391747708268	0.021075454325349446
4.095000000000009	0	0	1	0.009384143362113804	0.12197069518988513	-0.000553310785891569	-0.026620907091171143	0.9999865964327513	0.999987526018283	-4698900538211979e-20	0	1.127376578933289	0.10628391747708268	0.021092661456206415
4.110000000000008	0	0	1	0.009395658932526531	0.12204118044279748	-0.0005546695883984832	-0.02661959517964498	0.9999865906133387	0.999987516739728	-46725297856409856e-21	0	1.1273936856377866	0.10628391747708268	0.021109768160704038
4.125000000000008	0	0	1	0.009407116324431258	0.12211131585699102	-0.0005560231798159427	-0.026618294637684975	0.9999865848208191	0.9999875074957262	-4646367768243937e-20	0	1.1274106927368932	0.10628391747708268	0.02112677525981065
4.140000000000008	0	0	1	0.009418515949153466	0.1221811038417859	-0.0005573715836977704	-0.026617005336340708	0.9999865790550218	0.9999874982862004	-4620412311170351e-20	0	1.1274276010428002	0.10628391747708268	0.02114368356571741
4.155000000000007	0	0	1	0.009429858214224374	0.12225054678847509	-0.000558714823510267	-0.026615727149844913	0.9999865733157767	0.9999874891110727	-4594661268064541e-20	0	1.127444411359038	0.10628391747708268	0.021160493881955487
4.170000000000007	0	0	1	0.009441143523423932	0.1223196470666401	-0.0005600529226316483	-0.0266144599540321	0.9999865676029157	0.9999874799702643	-4569112520483337e-20	0	1.1274611244805939	0.10628391747708268	0.021177207003511223
4.185000000000007	0	0	1	0.009452372276823289	0.12238840702260485	-0.0005613859043515144	-0.02661320362560988	0.999986561916272	0.9999874708636952	-4543763977507697e-20	0	1.1274777411940222	0.10628391747708268	0.021193823716939557
4.200000000000006	0	0	1	0.009463544870826667	0.12245682898518283	-0.0005627137918703469	-0.02661195804430231	0.99998655625568	0.999987461791285	-4518613575291161e-20	0	1.1274942622775581	0.10628391747708268	0.02121034480047551
4.215000000000006	0	0	1	0.009474661698212775	0.12252491525664609	-0.0005640366082990451	-0.026610723089173685	0.9999865506209755	0.9999874527529519	-4493659276622011e-20	0	1.1275106885012267	0.10628391747708268	0.021226771024144053
4.230000000000006	0	0	1	0.009485723148175574	0.12259266812417186	-0.0005653543766584773	-0.026609498643022787	0.9999865450119958	0.9999874437486138	-4468899070578216e-20	0	1.1275270206269505	0.10628391747708268	0.02124310314986797
4.245000000000005	0	0	1	0.00949672960636465	0.12266008985837606	-0.0005666671198790779	-0.02660828459169408	0.9999865394285792	0.9999874347781876	-4444330972065066e-20	0	1.127543259408657	0.10628391747708268	0.021259341931574322
4.260000000000005	0	0	1	0.009507681454924958	0.12272718269799318	-0.0005679748608004573	-0.026607080817913457	0.9999865338705655	0.9999874258415895	-4419953021280898e-20	0	1.1275594055923817	0.10628391747708268	0.021275488115298995
4.275000000000005	0	0	1	0.00951857907253612	0.12279394886764715	-0.0005692776221710476	-0.026605887208195844	0.9999865283377958	0.9999874169387347	-4395763283639546e-20	0	1.1275754599163723	0.10628391747708268	0.02129154243928963
4.2900000000000045	0	0	1	0.009529422834451238	0.12286039057775816	-0.0005705754266477758	-0.0266047036526884	0.9999865228301126	0.999987408069538	-4371759849138703e-20	0	1.1275914231111897	0.10628391747708268	0.021307505634107056
4.305000000000004	0	0	1	0.009540213112535193	0.12292651001349561	-0.0005718682967957609	-0.02660353004071047	0.9999865173473592	0.9999873992339132	-43479408320083435e-21	0	1.1276072958998076	0.10628391747708268	0.021323378422725008
4.320000000000004	0	0	1	0.009550950275302547	0.12299230934065715	-0.000573156255088046	-0.02660236626296004	0.9999865118893809	0.9999873904317735	-4324304370416448e-20	0	1.127623078997711	0.10628391747708268	0.02133916152062845
4.3350000000000035	0	0	1	0.009561634687954837	0.1230577907079097	-0.0005744393239053398	-0.026601212212295312	0.9999865064560235	0.9999873816630317	-43008486261152646e-21	0	1.1276387731129929	0.10628391747708268	0.021354855635910115
4.350000000000003	0	0	1	0.009572266712417638	0.12312295624484491	-0.0005757175255358108	-0.02660006778285537	0.9999865010471346	0.9999873729275995	-4277571783964471e-20	0	1.1276543789464486	0.10628391747708268	0.021370461469366036
4.365000000000003	0	0	1	0.009582846707377001	0.1231878080644055	-0.0005769908821748846	-0.026598932870922333	0.9999864956625627	0.9999873642253883	-4254472051754608e-20	0	1.1276698971916717	0.10628391747708268	0.021385979714588978
4.380000000000003	0	0	1	0.009593375028315544	0.12325234825907003	-0.000578259415925077	-0.02659780737330543	0.9999864903021576	0.9999873555563087	-4231547659714735e-20	0	1.1276853285351436	0.10628391747708268	0.02140141105806102
4.395000000000002	0	0	1	0.009603852027548153	0.12331657890114259	-0.0005795231487958579	-0.02659669118735739	0.9999864849657701	0.9999873469202707	-4208796860254027e-20	0	1.127700673656327	0.10628391747708268	0.02141675617924443
4.410000000000002	0	0	1	0.009614278054257209	0.12338050205061855	-0.0005807821027035309	-0.02659558421397645	0.9999864796532528	0.9999873383171838	-41862179276854274e-21	0	1.127715933227754	0.10628391747708268	0.021432015750671288
4.425000000000002	0	0	1	0.009624653454527446	0.12344411974588045	-0.0005820362994711428	-0.026594486353836863	0.9999864743644588	0.9999873297469569	-4163809157804666e-20	0	1.1277311079151142	0.10628391747708268	0.021447190438031564
4.440000000000001	0	0	1	0.009634978571380475	0.12350743401147517	-0.0005832857608284254	-0.026593397510357036	0.9999864690992425	0.9999873212094985	-4141568867649848e-20	0	1.127746198377343	0.10628391747708268	0.021462280900260314
4.455000000000001	0	0	1	0.009645253744808787	0.12357044684489532	-0.000584530508411745	-0.02659231758438769	0.9999864638574598	0.9999873127047163	-4119495395077939e-20	0	1.1277612052667056	0.10628391747708268	0.021477287789623073
4.470000000000001	0	0	1	0.009655479311809607	0.12363316024179354	-0.0005857705637641034	-0.026591246484066678	0.9999864586389674	0.9999873042325176	-4097587098745139e-20	0	1.127776129228883	0.10628391747708268	0.021492211751800456
4.485	0	0	1	0.00966565560641807	0.12369557616547436	-0.0005870059483351263	-0.02659018411268329	0.9999864534436231	0.9999872957928093	-40758423574167716e-21	0	1.1277909709030536	0.10628391747708268	0.021507053425971017
4.5	0	0	1	0.009675782959740392	0.12375769657766787	-0.0005882366834811177	-0.026589130380728073	0.9999864482712862	0.9999872873854978	-40542595700691655e-21	0	1.1278057309219762	0.10628391747708268	0.02152181344489348
4.515	0	0	1	0.009685861699986392	0.12381952341411637	-0.0005894627904651029	-0.026588085196170577	0.9999864431218167	0.9999872790104888	-40328371553281934e-21	0	1.1278204099120699	0.10628391747708268	0.0215364924349872
4.529999999999999	0	0	1	0.009695892152501854	0.12388105859389813	-0.000590684290456916	-0.026587048468038003	0.9999864379950759	0.9999872706676878	-4011573551268444e-20	0	1.1278350084934947	0.10628391747708268	0.02155109101641197
4.544999999999999	0	0	1	0.009705874639800445	0.12394230402395036	-0.0005919012045332984	-0.02658602010812106	0.999986432890926	0.9999872623569998	-3990467215287319e-20	0	1.127849527280229	0.10628391747708268	0.0215656098031462
4.559999999999999	0	0	1	0.009715809481595363	0.12400326159499057	-0.0005931135536780279	-0.026585000029263103	0.9999864278092306	0.9999872540783294	-39695166236088736e-21	0	1.1278639668801471	0.10628391747708268	0.021580049403064426
4.574999999999998	0	0	1	0.009725696994830633	0.12406393317812021	-0.0005943213587820659	-0.026583988143941133	0.999986422749854	0.9999872458315807	-3948720271140922e-20	0	1.1278783278950961	0.10628391747708268	0.02159441041801347
4.589999999999998	0	0	1	0.009735537493711942	0.12412432063658355	-0.0005955246406437095	-0.026582984368816922	0.9999864177126618	0.9999872376166576	-3928076671339671e-20	0	1.12789261092097	0.10628391747708268	0.021608693443887272
4.604999999999998	0	0	1	0.009745331289737383	0.12418442580842017	-0.0005967234199687934	-0.02658198861779927	0.9999864126975205	0.9999872294334634	-39075843556093156e-21	0	1.1279068165477841	0.10628391747708268	0.021622899070701376
4.619999999999997	0	0	1	0.009755078691727606	0.12424425052606668	-0.0005979177173708775	-0.026581000809706084	0.9999864077042977	0.9999872212819012	-3887241873478413e-20	0	1.127920945359748	0.10628391747708268	0.021637027882665503
4.634999999999997	0	0	1	0.009764780005855725	0.12430379660293127	-0.0005991075533714622	-0.026580020862873824	0.999986402732862	0.9999872131618737	-3867047792000782e-20	0	1.1279349979353384	0.10628391747708268	0.021651080458255673
4.649999999999997	0	0	1	0.0097744355356769	0.1243630658376218	-0.0006002929484002217	-0.026579048696753076	0.999986397783083	0.9999872050732832	-3847000695728634e-20	0	1.1279489748473677	0.10628391747708268	0.021665057370285103
4.6649999999999965	0	0	1	0.009784045582157412	0.12442206001002476	-0.0006014739227952307	-0.026578084230274735	0.9999863928548312	0.9999871970160317	-38270991863203134e-21	0	1.1279628766630567	0.10628391747708268	0.021678959185973994
4.679999999999996	0	0	1	0.009793610443703511	0.12448078089309654	-0.0006026504968032171	-0.026577127386430876	0.9999863879479782	0.999987188990021	-3807341882457743e-20	0	1.127976703944101	0.10628391747708268	0.021692786467018516
4.694999999999996	0	0	1	0.00980313041618966	0.12453923024336765	-0.0006038226905797978	-0.026576178088449542	0.9999863830623968	0.9999871809951526	-3787727419456911e-20	0	1.1279904572467412	0.10628391747708268	0.0217065397696585
4.7099999999999955	0	0	1	0.009812605792986576	0.12459740979735713	-0.0006049905241897382	-0.02657523625830738	0.9999863781979603	0.9999871730313276	-37682544490618475e-21	0	1.1280041371218272	0.10628391747708268	0.021720219644744493
4.724999999999995	0	0	1	0.009822036864988618	0.12465532128498011	-0.0006061540176071861	-0.02657430182194715	0.9999863733545433	0.9999871650984468	-37489216393194894e-21	0	1.128017744114886	0.10628391747708268	0.02173382663780336
4.739999999999995	0	0	1	0.009831423920640904	0.12471296642218563	-0.0006073131907159234	-0.026573374706305025	0.9999863685320213	0.9999871571964108	-3729727674200881e-20	0	1.1280312787661861	0.10628391747708268	0.021747361289103404
4.754999999999995	0	0	1	0.009840767245965845	0.12477034690501505	-0.000608468063309594	-0.026572454836892887	0.9999863637302705	0.9999871493251202	-3710671253321646e-20	0	1.1280447416108008	0.10628391747708268	0.021760824133718173
4.769999999999994	0	0	1	0.009850067124589234	0.12482746441781005	-0.0006096186550919282	-0.026571542140980293	0.9999863589491682	0.999987141484475	-36917510919208056e-21	0	1.1280581331786719	0.10628391747708268	0.021774215701589304
4.784999999999994	0	0	1	0.009859323837765811	0.12488432063480995	-0.0006107649856769495	-0.02657063654814859	0.9999863541885929	0.9999871336743752	-3672965920419288e-20	0	1.128071453994671	0.10628391747708268	0.02178753651758843
4.799999999999994	0	0	1	0.009868537664404483	0.12494091721291833	-0.000611907074589185	-0.026569737987383917	0.9999863494484236	0.9999871258947204	-3654314484241753e-20	0	1.128084704578661	0.10628391747708268	0.021800787101578324
4.814999999999993	0	0	1	0.00987770888109285	0.12499725579735395	-0.0006130449412638387	-0.026568846389239117	0.9999863447285402	0.9999871181454101	-3635795543614775e-20	0	1.1280978854455554	0.10628391747708268	0.021813967968472733
4.829999999999993	0	0	1	0.009886837762121426	0.125053338021774	-0.0006141786050469702	-0.02656796168582282	0.9999863400288238	0.9999871104263437	-3617407873281739e-20	0	1.1281109971053782	0.10628391747708268	0.021827079628295526
4.844999999999993	0	0	1	0.009895924579507295	0.12510916550664636	-0.0006153080851956492	-0.026567083810101637	0.9999863353491563	0.9999871027374204	-3599150262333803e-20	0	1.1281240400633215	0.10628391747708268	0.021840122586238814
4.859999999999992	0	0	1	0.009904969603017386	0.12516473985133086	-0.0006164334008781054	-0.026566212692707602	0.9999863306894202	0.999987095078539	-358102151380888e-19	0	1.1281370148198029	0.10628391747708268	0.021853097342720257
4.874999999999992	0	0	1	0.009913973100191266	0.12522006265362054	-0.0006175545711738632	-0.026565348269599557	0.9999863260494993	0.9999870874495985	-35630204447730524e-21	0	1.128149921870522	0.10628391747708268	0.021866004393439303
4.889999999999992	0	0	1	0.0099229353363636	0.12527513549059374	-0.0006186716150738739	-0.026564490474443227	0.9999863214292779	0.9999870798504975	-3545145885786527e-20	0	1.1281627617065153	0.10628391747708268	0.021878844229432735
4.904999999999991	0	0	1	0.00993185657468615	0.1253299599283558	-0.0006197845514806361	-0.02656363924239977	0.9999863168286414	0.9999870722811345	-35273966809090915e-21	0	1.1281755348142117	0.10628391747708268	0.02189161733712916
4.919999999999991	0	0	1	0.009940737076149574	0.12538453752580553	-0.0006208933992083273	-0.02656279451155022	0.9999863122474758	0.999987064741408	-3509771687391951e-20	0	1.1281882416754856	0.10628391747708268	0.021904324198402967
4.934999999999991	0	0	1	0.009949577099604808	0.12543886981774222	-0.0006219981769829272	-0.026561956216174833	0.9999863076856682	0.9999870572312161	-3492269775426474e-20	0	1.12820088276771	0.10628391747708268	0.021916965290627196
4.94999999999999	0	0	1	0.00995837690178426	0.12549295833778468	-0.0006230989034423541	-0.02656112429573446	0.9999863031431065	0.9999870497504572	-3474889828154811e-20	0	1.1282134585638084	0.10628391747708268	0.02192954108672584
4.96499999999999	0	0	1	0.009967136737322689	0.12554680459952378	-0.0006241955971366023	-0.02656029868737656	0.9999862986196792	0.9999870422990292	-3457630741246199e-20	0	1.1282259695323078	0.10628391747708268	0.021942052055225186
4.97999999999999	0	0	1	0.009975856858777984	0.12560041011175677	-0.0006252882765279032	-0.026559479331883948	0.9999862941152758	0.9999870348768303	-34404914228926576e-21	0	1.1282384161373873	0.10628391747708268	0.02195449866030468
4.9949999999999894	0	0	1	0.009984537516651662	0.125653776359746	-0.0006263769599908903	-0.026558666166224456	0.9999862896297868	0.9999870274837581	-3423470793490626e-20	0	1.1282507988389294	0.10628391747708268	0.021966881361846855
5.009999999999989	0	0	1	0.009993178959409295	0.1257069048299204	-0.0006274616658127912	-0.026557859133231908	0.999986285163103	0.9999870201197107	-34065677856655044e-21	0	1.1282631180925695	0.10628391747708268	0.02197920061548684
5.024999999999989	0	0	1	0.010001781433500709	0.12575979698736206	-0.000628542412193628	-0.026557058172669703	0.9999862807151163	0.9999870127845859	-33897813438990364e-21	0	1.1282753743497436	0.10628391747708268	0.02199145687266085
5.0399999999999885	0	0	1	0.010010345183380155	0.12581245429303473	-0.000629619217246449	-0.026556263227964817	0.9999862762857195	0.9999870054782813	-33731104245914214e-21	0	1.1282875680577371	0.10628391747708268	0.02200365058065445
5.054999999999988	0	0	1	0.010018870451526243	0.12586487818853317	-0.0006306920989975662	-0.026555474240130775	0.999986271874806	0.9999869982006946	-3356553995671854e-20	0	1.1282996996597325	0.10628391747708268	0.022015782182649837
5.069999999999988	0	0	1	0.010027357478461847	0.12591707010981465	-0.0006317610753868249	-0.02655469115313179	0.9999862674822702	0.9999869909517234	-334011103671362e-19	0	1.1283117695948555	0.10628391747708268	0.022027852117772785
5.0849999999999875	0	0	1	0.01003580650277385	0.12596903147764035	-0.0006328261642678865	-0.026553913910048334	0.9999862631080068	0.9999869837312653	-3323780538584531e-20	0	1.1283237782982214	0.10628391747708268	0.02203986082113878
5.099999999999987	0	0	1	0.0100442177611327	0.12602076370536888	-0.0006338873834085208	-0.026553142456098314	0.9999862587519117	0.999986976539218	-3307561503438475e-20	0	1.1283357262009814	0.10628391747708268	0.02205180872389868
5.114999999999987	0	0	1	0.01005259148831196	0.12607226819331402	-0.0006349447504909327	-0.026552376736352884	0.9999862544138816	0.9999869693754789	-3291452944473695e-20	0	1.1283476137303665	0.10628391747708268	0.022063696253283867
5.129999999999987	0	0	1	0.0100609279172075	0.12612354633100772	-0.0006359982831120737	-0.02655161669658015	0.9999862500938135	0.9999869622399457	-3275453885938153e-20	0	1.128359441309733	0.10628391747708268	0.022075523832650528
5.144999999999986	0	0	1	0.010069227278856691	0.12617459949706294	-0.0006370479987839899	-0.02655086228312877	0.9999862457916056	0.9999869551325159	-3259563362847672e-20	0	1.1283712093586065	0.10628391747708268	0.022087291881523703
5.159999999999986	0	0	1	0.010077489802457382	0.12622542906126458	-0.0006380939149341699	-0.026550113443706974	0.9999862415071564	0.9999869480530872	-3243780420930824e-20	0	1.1283829182927234	0.10628391747708268	0.02209900081564068
5.174999999999986	0	0	1	0.010085715715386549	0.12627603638282772	-0.0006391360489058865	-0.0265493701266435	0.9999862372403657	0.9999869410015569	-322810411649616e-19	0	1.1283945685240764	0.10628391747708268	0.022110651046993626
5.189999999999985	0	0	1	0.010093905243218848	0.12632642280290424	-0.0006401744179585545	-0.026548632277880135	0.9999862329911335	0.999986933977823	-32125335162428384e-21	0	1.1284061604609545	0.10628391747708268	0.02212224298387181
5.204999999999985	0	0	1	0.010102058609744965	0.12637658966943346	-0.0006412090392680939	-0.026547899850727297	0.9999862287593608	0.9999869269817828	-31970676973036325e-21	0	1.128417694507986	0.10628391747708268	0.022133777030903364
5.219999999999985	0	0	1	0.010110176036989557	0.12642653830092104	-0.0006422399299272723	-0.026547172791526606	0.9999862245449491	0.9999869200133342	-31817057467411855e-21	0	1.128429171066179	0.10628391747708268	0.02214525358909626
5.234999999999984	0	0	1	0.010118257745229205	0.1264762700190736	-0.0006432671069460756	-0.026546451052480276	0.9999862203478008	0.9999869130723748	-3166446761868434e-20	0	1.1284405905329618	0.10628391747708268	0.02215667305587902
5.249999999999984	0	0	1	0.010126303953009804	0.12652578612783216	-0.0006442905872520383	-0.02654573458333189	0.999986216167819	0.9999869061588024	-31512898497560396e-21	0	1.128451953302223	0.10628391747708268	0.02216803582514043
5.264999999999984	0	0	1	0.010134314877163977	0.12657508792499678	-0.0006453103876906047	-0.026545023335910828	0.9999862120049072	0.9999868992725147	-313623412732168e-19	0	1.1284632597643518	0.10628391747708268	0.022179342287269223
5.279999999999983	0	0	1	0.010142290732828088	0.12662417670030288	-0.000646326525025466	-0.026544317263325994	0.9999862078589699	0.9999868924134099	-312127872108652e-19	0	1.1284745103062757	0.10628391747708268	0.022190592829192907
5.294999999999983	0	0	1	0.010150231733459003	0.12667305372982865	-0.0006473390159388937	-0.02654361631771903	0.9999862037299121	0.9999868855813856	-3106422767044126e-20	0	1.1284857053114987	0.10628391747708268	0.02220178783441609
5.309999999999983	0	0	1	0.010158138090850618	0.12672172028175832	-0.0006483478770320699	-0.02654292045249392	0.9999861996176396	0.9999868787763401	-3091665410590379e-20	0	1.128496845160141	0.10628391747708268	0.02221292768305836
5.324999999999982	0	0	1	0.01016601001515021	0.12677017761275325	-0.0006493531248254216	-0.026542229620844425	0.9999861955220588	0.9999868719981713	-3077005806344584e-20	0	1.1285079302289742	0.10628391747708268	0.022224012751891658
5.339999999999982	0	0	1	0.010173847714874342	0.12681842697170984	-0.0006503547757589237	-0.026541543777194664	0.9999861914430767	0.9999868652467775	-3062443118060133e-20	0	1.1285189608914596	0.10628391747708268	0.02223504341437691
5.354999999999982	0	0	1	0.010181651396924743	0.12686646960186615	-0.0006513528461924257	-0.026540862877989815	0.999986187380601	0.9999868585220569	-30479765184828606e-21	0	1.128529937517783	0.10628391747708268	0.022246020040700434
5.3699999999999815	0	0	1	0.010189421266603884	0.1269143067273816	-0.0006523473524059621	-0.026540186876360013	0.99998618333454	0.9999868518239081	-30336051891214418e-21	0	1.1285408604748925	0.10628391747708268	0.022256942997809823
5.384999999999981	0	0	1	0.01019715752763021	0.12696193957265264	-0.0006533383106000466	-0.026539515729704255	0.9999861793048028	0.9999868451522294	-30193283203812303e-21	0	1.1285517301265318	0.10628391747708268	0.02226781264944904
5.399999999999981	0	0	1	0.010204860382153293	0.12700936934508708	-0.000654325736895978	-0.02653884939285037	0.9999861752912991	0.9999868385069193	-30051451111353866e-21	0	1.128562546833276	0.10628391747708268	0.022278629356193295
5.4149999999999805	0	0	1	0.010212530030768743	0.12705659725251092	-0.0006553096473361403	-0.02653818782488885	0.999986171293939	0.9999868318878767	-2991054768898785e-20	0	1.1285733109525662	0.10628391747708268	0.02228939347548348
5.42999999999998	0	0	1	0.010220166672532793	0.1271036244858641	-0.0006562900578842845	-0.026537530982302552	0.9999861673126333	0.9999868252950004	-29770565094285453e-21	0	1.1285840228387425	0.10628391747708268	0.022300105361659807
5.44499999999998	0	0	1	0.010227770504976865	0.12715045222705257	-0.0006572669844258304	-0.026536878822029358	0.9999861633472938	0.9999868187281892	-2963149556801678e-20	0	1.1285946828430782	0.10628391747708268	0.022310765365995498
5.4599999999999795	0	0	1	0.010235341724121771	0.12719708165278637	-0.0006582404427681445	-0.026536231302937908	0.9999861593978325	0.9999868121873423	-29493331432734394e-21	0	1.128605291313812	0.10628391747708268	0.022321373836729465
5.474999999999979	0	0	1	0.010242880524491795	0.1272435139308073	-0.000659210448640825	-0.026535588384301756	0.999986155464162	0.9999868056723589	-2935606509095759e-20	0	1.1286158485961817	0.10628391747708268	0.022331931119098966
5.489999999999979	0	0	1	0.01025038709912855	0.12728975021633396	-0.0006601770176959809	-0.02653495002436335	0.9999861515461957	0.9999867991831383	-29219689024761593e-21	0	1.1286263550324542	0.10628391747708268	0.022342437555371478
5.504999999999979	0	0	1	0.010257861639604706	0.12733579165948508	-0.0006611401655085136	-0.026534316183219737	0.9999861476438476	0.99998679271958	-29084195794287712e-21	0	1.1286368109619591	0.10628391747708268	0.02235289348487648
5.519999999999978	0	0	1	0.010265304336037458	0.12738163939985453	-0.0006620999075763895	-0.026533686820654122	0.9999861437570322	0.9999867862815837	-28949578036826897e-21	0	1.1286472167211192	0.10628391747708268	0.022363299244036572
5.534999999999978	0	0	1	0.010272715377101877	0.12742729456830046	-0.0006630562593209158	-0.02653306189679927	0.9999861398856646	0.999986779869049	-28815828465579153e-21	0	1.1286575726434809	0.10628391747708268	0.022373655166398197
5.549999999999978	0	0	1	0.010280094950044063	0.12747275829110782	-0.0006640092360870129	-0.026532441373752002	0.9999861360296606	0.999986773481876	-28682939869533828e-21	0	1.1286678790597446	0.10628391747708268	0.022383961582662055
5.564999999999977	0	0	1	0.01028744324069411	0.12751803168020623	-0.0006649588531434825	-0.026531825211671408	0.9999861321889363	0.9999867671199648	-2855090511064573e-20	0	1.1286781362977956	0.10628391747708268	0.02239421882071302
5.579999999999977	0	0	1	0.010294760433478933	0.12756311584294044	-0.000665905125683277	-0.02653121337260538	0.9999861283634086	0.9999867607832157	-2841971712462071e-20	0	1.1286883446827323	0.10628391747708268	0.02240442720564967
5.594999999999977	0	0	1	0.010302046711434922	0.12760801187643006	-0.0006668480688237678	-0.026530605818228997	0.999986124552995	0.999986754471529	-28289368919034244e-21	0	1.128698504536896	0.10628391747708268	0.022414587059813435
5.609999999999976	0	0	1	0.010309302256220418	0.1276527208714192	-0.0006677876976070094	-0.026530002511330922	0.9999861207576135	0.9999867481848053	-28159853572747175e-21	0	1.1287086161799	0.10628391747708268	0.022424698702817398
5.624999999999976	0	0	1	0.010316527248128038	0.12769724391049078	-0.0006687240270000012	-0.026529403415075543	0.9999861169771825	0.9999867419229453	-28031164234746936e-21	0	1.1287186799286573	0.10628391747708268	0.02243476245157456
5.639999999999976	0	0	1	0.010323721866096867	0.12774158206413747	-0.0006696570718949535	-0.02652880849141823	0.9999861132116215	0.9999867356858503	-27903294122643067e-21	0	1.1287286960974086	0.10628391747708268	0.022444778620325973
5.654999999999975	0	0	1	0.010330886287724474	0.1277857364006133	-0.0006705868471095476	-0.026528217704964583	0.9999861094608496	0.9999867294734213	-27776236523414108e-21	0	1.1287386649977509	0.10628391747708268	0.02245474752066826
5.669999999999975	0	0	1	0.01033802068927882	0.1278297079782976	-0.0006715133673872005	-0.02652763101992205	0.9999861057247875	0.9999867232855594	-27649984790925635e-21	0	1.1287485869386635	0.10628391747708268	0.022464669461580964
5.684999999999975	0	0	1	0.010345125245709939	0.12787349784558094	-0.0006724366473973185	-0.026527048400022662	0.9999861020033558	0.9999867171221662	-27524532345204654e-21	0	1.128758462226536	0.10628391747708268	0.022474544749453443
5.699999999999974	0	0	1	0.010352200130661567	0.1279171070430344	-0.0006733567017355599	-0.026526469809350955	0.9999860982964758	0.9999867109831437	-2739987267233631e-20	0	1.128768291165194	0.10628391747708268	0.022484373688111348
5.714999999999974	0	0	1	0.010359245516482629	0.12796053660536455	-0.0006742735449240985	-0.026525895213082212	0.9999860946040692	0.9999867048683936	-27275999323421094e-21	0	1.1287780740559257	0.10628391747708268	0.02249415657884294
5.729999999999974	0	0	1	0.010366261574238518	0.1280037875614413	-0.0006751871914118776	-0.02652532457746327	0.9999860909260585	0.9999866987778179	-27152905913461688e-21	0	1.1287878111975076	0.10628391747708268	0.02250389372042489
5.7449999999999735	0	0	1	0.010373248473722353	0.1280468609266409	-0.0006760976555748752	-0.026524757866759535	0.9999860872623667	0.9999866927113191	-2703058611992128e-20	0	1.1287975028862305	0.10628391747708268	0.022513585409147933
5.759999999999973	0	0	1	0.010380206383465998	0.12808975771461478	-0.0006770049517163577	-0.026524195047873435	0.999986083612917	0.9999866866687996	-26909033683961798e-21	0	1.1288071494159244	0.10628391747708268	0.022523231938841863
5.774999999999973	0	0	1	0.010387135470751081	0.12813247892747937	-0.0006779090940671481	-0.02652363608643438	0.9999860799776334	0.9999866806501624	-26788242406966965e-21	0	1.1288167510779834	0.10628391747708268	0.02253283360090066
5.7899999999999725	0	0	1	0.010394035901619848	0.1281750255638382	-0.0006788100967858902	-0.026523080949945373	0.9999860763564405	0.99998667465531	-2666820615227048e-20	0	1.1288263081613896	0.10628391747708268	0.022542390684306985
5.804999999999972	0	0	1	0.010400907840885872	0.12821739861097584	-0.0006797079739593085	-0.026522529604664558	0.9999860727492632	0.999986668684146	-2654891884245853e-20	0	1.1288358209527392	0.10628391747708268	0.022551903475656433
5.819999999999972	0	0	1	0.010407751452144712	0.12825959904887163	-0.0006806027396024774	-0.026521982017164818	0.9999860691560268	0.9999866627365734	-26430374459836344e-21	0	1.1288452897362642	0.10628391747708268	0.02256137225918152
5.8349999999999715	0	0	1	0.01041456689778445	0.12830162785781613	-0.0006814944076590913	-0.02652143815730687	0.9999860655766575	0.9999866568124961	-26312567045664118e-21	0	1.1288547147938581	0.10628391747708268	0.022570797316775387
5.849999999999971	0	0	1	0.010421354338996134	0.12834348599751028	-0.0006823829920017359	-0.026520897989965486	0.9999860620110816	0.9999866509118179	-26195490697842625e-21	0	1.1288640964050978	0.10628391747708268	0.02258017892801522
5.864999999999971	0	0	1	0.01042811393578414	0.12838517443395184	-0.0006832685064321641	-0.026520361485610048	0.9999860584592263	0.9999866450344427	-26079139573515647e-21	0	1.128873434847268	0.10628391747708268	0.02258951737018522
5.879999999999971	0	0	1	0.010434845846976407	0.12842669411837335	-0.0006841509646815713	-0.02651982861196252	0.9999860549210188	0.9999866391802749	-2596350788471736e-20	0	1.1288827303953821	0.10628391747708268	0.022598812918299564
5.89499999999997	0	0	1	0.01044155023023464	0.12846804599492437	-0.0006850303804108802	-0.026519299337002172	0.9999860513963872	0.999986633349219	-25848589899866663e-21	0	1.1288919833222075	0.10628391747708268	0.02260806584512493
5.90999999999997	0	0	1	0.010448227242064418	0.1285092310066384	-0.0006859067672110278	-0.026518773631293475	0.9999860478852599	0.9999866275411797	-2573437994335568e-20	0	1.1289011938982854	0.10628391747708268	0.0226172764212028
5.92499999999997	0	0	1	0.010454877037825173	0.12855025008197307	-0.0006867801386032489	-0.026518251462643822	0.9999860443875659	0.9999866217560621	-2562087239319344e-20	0	1.128910362391954	0.10628391747708268	0.022626444914871428
5.939999999999969	0	0	1	0.010461499771740188	0.12859110415017647	-0.0006876505080393772	-0.02651773280214053	0.9999860409032345	0.9999866159937715	-25508061682311498e-21	0	1.1289194890693703	0.10628391747708268	0.022635571592287674
5.954999999999969	0	0	1	0.010468095596906389	0.1286317941280183	-0.0006885178889021331	-0.026517217618888516	0.9999860374321956	0.9999866102542131	-25395942296388196e-21	0	1.1289285741945312	0.10628391747708268	0.02264465671744848
5.969999999999969	0	0	1	0.010474664665304268	0.1286723209256852	-0.0006893822945054415	-0.026516705882308853	0.9999860339743796	0.9999866045372928	-25284508774604136e-21	0	1.128937618029295	0.10628391747708268	0.022653700552212237
5.984999999999968	0	0	1	0.010481207127807507	0.12871268545229403	-0.0006902437380947238	-0.026516197564283396	0.9999860305297171	0.9999865988429167	-2517375570820873e-20	0	1.1289466208334025	0.10628391747708268	0.02266270335631972
5.999999999999968	0	0	1	0.010487723134192679	0.1287528886086414	-0.0006911022328472149	-0.026515692636273926	0.9999860270981396	0.9999865931709908	-250636777403152e-19	0	1.1289555828644975	0.10628391747708268	0.02267166538741493
