0.015	0.10471975511965977	0	1	0.05307344641079779	11.62026716546738	1.2035433881478725	-2.4602530742570665	0.9999304273605878	0.9999304273605878	-0.06063857246357826	0	1.1095170609916036	0.10628391747708268	0.003233143514520981
0.03	0.10471975511965977	0	1	0.05357415225507744	0.42565236144967816	0.026604595670949117	-0.04366161319571582	0.999929101783258	0.9999304207492433	-0.0012194476643797335	0	1.1113938477239689	0.10628391747708268	0.005109930246886134
0.045	0.10471975511965977	0	1	0.05414134444841088	0.500035787713974	0.034036620672079625	-0.11321488142087688	0.9999275695438179	0.9999303999832364	-0.00981896148610311	0	1.113521937959721	0.10628391747708268	0.007238020482638441
0.06	0.10471975511965977	0	1	0.0546677268445759	0.47371560510903793	0.030908405172263807	-0.08703808889277104	0.9999261180009941	0.9999303645802935	-0.008218485554985167	0	1.1154466108511418	0.10628391747708268	0.009162693374059271
0.075	0.10471975511965977	0	1	0.05518568340870187	0.4738322647369572	0.03056118852084166	-0.08216623365239668	0.9999246613652815	0.9999303150611226	-0.007143337793504028	0	1.117305141196423	0.10628391747708268	0.01102122371934025
0.09	0.10471975511965977	0	1	0.05569161649788252	0.47168863407350137	0.029981477713016184	-0.0768643527306351	0.9999232108336684	0.9999302515713524	-0.006454276178412478	0	1.1190864997768493	0.10628391747708268	0.012802582299766658
0.105	0.10471975511965977	0	1	0.05618568279719086	0.4697262725731821	0.029426010341058517	-0.07214724583977378	0.999921767369033	0.9999301743155321	-0.005877190323822274	0	1.1207940099059859	0.10628391747708268	0.014510092428903134
0.12	0.10471975511965977	0	1	0.056668803454220915	0.468503101956186	0.02895298901075637	-0.06830802225145899	0.9999203296399455	0.999930083494313	-0.005418456916031799	0	1.1224339459444566	0.10628391747708268	0.01615002846737382
0.135	0.10471975511965977	0	1	0.05714172997658423	0.46782419601635483	0.028541584006223124	-0.06508856802141859	0.9999188966534557	0.9999299792947905	-0.005043087552252462	0	1.124011664096318	0.10628391747708268	0.017727746619235433
0.15000000000000002	0.10471975511965977	0	1	0.057605133012062694	0.4675927338548325	0.028181313647570903	-0.062355562172575485	0.9999174675215118	0.9999298618928414	-0.004727928885031685	0	1.125531992605507	0.10628391747708268	0.019248075128424275
0.16500000000000004	0.10471975511965977	0	1	0.05805959842586708	0.46772260058782694	0.027862864387765366	-0.06000833647570731	0.999916041494295	0.9999297314544457	-0.004458457516597464	0	1.1269992212821436	0.10628391747708268	0.02071530380506089
0.18000000000000005	0.10471975511965977	0	1	0.05850564776020057	0.4681492726104926	0.027579222943783448	-0.05797298991660021	0.9999146179168219	0.999929588136944	-0.004224600792228356	0	1.1284171911981429	0.10628391747708268	0.022133273721060328
0.19500000000000006	0.10471975511965977	0	1	0.05894375666047707	0.46882626316362924	0.027325291407752358	-0.056195719212674945	0.9999131961856205	0.999929432089851	-0.004019232442998069	0	1.1297893781190271	0.10628391747708268	0.02350546064194451
0.21000000000000008	0.10471975511965977	0	1	0.05937435913222723	0.4697155336599002	0.027096878029356973	-0.05463451381809849	0.9999117757465078	0.999929263455435	-0.0038370928384222095	0	1.1311189256004712	0.10628391747708268	0.024835008123388635
0.2250000000000001	0.10471975511965977	0	1	0.059797851040516437	0.470781901152891	0.02689010835028905	-0.05325436612004454	0.9999103560934801	0.9999290823692748	-0.0036741298917340936	0	1.1324086634154527	0.10628391747708268	0.026124745938369904
0.2400000000000001	0.10471975511965977	0	1	0.06021457521527073	0.47198863925023243	0.026700975578269143	-0.05202408504447081	0.9999089368295743	0.9999288889611092	-0.0035271533543972597	0	1.133661090778851	0.10628391747708268	0.0273771733017682
0.2550000000000001	0.10471975511965977	0	1	0.06062482764787966	0.4733037200702117	0.02652599361705296	-0.05091780810055643	0.9999075176589615	0.9999286833559404	-0.0033936136814396375	0	1.1348784100807914	0.10628391747708268	0.028594492603708794
0.27000000000000013	0.10471975511965977	0	1	0.06102886150859206	0.4746997344541291	0.02636218706406559	-0.049914239341992656	0.9999060983847656	0.9999284656750771	-0.003271478795618949	0	1.1360625638349715	0.10628391747708268	0.02977864635788895
0.28500000000000014	0.10471975511965977	0	1	0.061426896148628424	0.47615571874396306	0.026207277538887245	-0.048996734331989616	0.9999046788876962	0.9999282360370487	-0.003159126851463634	0	1.1372152826170754	0.10628391747708268	0.030931365139992652
0.30000000000000016	0.10471975511965977	0	1	0.06181912618041088	0.4776566437169047	0.026059623908399825	-0.04815257931306503	0.9999032591015288	0.9999279945582832	-0.0030552564528352664	0	1.13833812899439	0.10628391747708268	0.032054211517307356
0.31500000000000017	0.10471975511965977	0	1	0.062205728534470414	0.47919195607167914	0.02591806421159223	-0.04737201836254175	0.9999018389931822	0.9999277413535562	-0.0029588113344458577	0	1.1394325312003746	0.10628391747708268	0.03314861372329203
0.3300000000000002	0.10471975511965977	0	1	0.06258686699007047	0.4807540161307317	0.025781748438678115	-0.04664735336723494	0.9999004185500373	0.9999274765362746	-0.0028689212054270313	0	1.1404998061337144	0.10628391747708268	0.03421588865663168
0.3450000000000002	0.10471975511965977	0	1	0.0629626946905688	0.48233690787108935	0.025650011895270886	-0.04597227651794083	0.9998989977734964	0.9999272002186604	-0.002784857926279357	0	1.141541174361747	0.10628391747708268	0.0352572568846644
0.3600000000000002	0.10471975511965977	0	1	0.06333335546361152	0.48393572587858713	0.02552229956222046	-0.04534144728281945	0.9998975766763716	0.9999269125118909	-0.002706004126513635	0	1.1425577703502643	0.10628391747708268	0.03627385287318167
0.3750000000000002	0.10471975511965977	0	1	0.06369898462857942	0.4855462341901966	0.025398129905089516	-0.04475025127158795	0.9998961552818753	0.9999266135262158	-0.0026318308548812855	0	1.143550650336621	0.10628391747708268	0.03726673285953843
0.39000000000000024	0.10471975511965977	0	1	0.0640597096911043	0.4871647406483197	0.025277081392598776	-0.044194667424543185	0.9998947336228198	0.9999263033710668	-0.002561881378891928	0	1.144520799196263	0.10628391747708268	0.03823688171918029
0.40500000000000025	0.10471975511965977	0	1	0.06441565108457717	0.4887880654757999	0.025158788850787806	-0.043671189910426185	0.9998933117404221	0.9999259821551552	-0.0024957591111789503	0	1.1454691368703238	0.10628391747708268	0.03918521939324123
0.42000000000000026	0.10471975511965977	0	1	0.06476692297906517	0.4904135360813877	0.025042942489996445	-0.04317677457967617	0.9998918896826114	0.9999256499865542	-0.00243311835079135	0	1.1463965245081504	0.10628391747708268	0.04011260703106781
0.4350000000000003	0.10471975511965977	0	1	0.06511363412012985	0.49203897795856183	0.024929286467233868	-0.04270879509724549	0.9998904675019696	0.9999253069727617	-0.002373656961272965	0	1.1473037703075335	0.10628391747708268	0.041019852830450815
0.4500000000000003	0.10471975511965977	0	1	0.06545588864636144	0.49366269070537433	0.024817615873437886	-0.04226500141661395	0.9998890452535037	0.9999249532207415	-0.0023171103604840266	0	1.1481916349740118	0.10628391747708268	0.04190771749692912
0.4650000000000003	0.10471975511965977	0	1	0.06579378683892063	0.4952834058717135	0.02470777184018844	-0.0418434767257659	0.9998876229924576	0.9999245888369411	-0.0022632463878544343	0	1.1490608367025996	0.10628391747708268	0.04277691922551688
0.4800000000000003	0.10471975511965977	0	1	0.06612742576690314	0.4969002282571684	0.024599634969892755	-0.04144259179178861	0.9998862007723412	0.9999242139272905	-0.0022118607846031064	0	1.1499120555928244	0.10628391747708268	0.043628138115741684
0.49500000000000033	0.10471975511965977	0	1	0.06645689980396825	0.4985125646104482	0.02449311752939415	-0.0410609574073566	0.9998847786433234	0.999923828597181	-0.0021627731546053036	0	1.1507459374348048	0.10628391747708268	0.04446201995772212
0.5100000000000003	0.10471975511965977	0	1	0.06678230100210034	0.5001200451080581	0.024388154988715466	-0.040697376766308954	0.9998833566510967	0.9999234329514322	-0.0021158233515752084	0	1.151563096840532	0.10628391747708268	0.045279179363449364
0.5250000000000004	0.10471975511965977	0	1	0.06710371931718591	0.5017224426921227	0.02428469744810513	-0.04035079968578566	0.9998819348362927	0.9999230270942502	-0.0020708682708754553	0	1.1523641197311594	0.10628391747708268	0.04608020225407679
0.5400000000000004	0.10471975511965977	0	1	0.0674212426895704	0.5033195952935229	0.024182701483618948	-0.040020280536155424	0.999880513234487	0.9999226111291833	-0.0020277790349758997	0	1.1531495652243213	0.10628391747708268	0.04686564774723866
0.5550000000000004	0.10471975511965977	0	1	0.06773495699257955	0.5049113357744485	0.024082122912552913	-0.039704941524446105	0.9998790918767894	0.9999221851590812	-0.0019864385680295857	0	1.1539199669963338	0.10628391747708268	0.04763604951925121
0.5700000000000004	0.10471975511965977	0	1	0.06804494587362113	0.5064974350251512	0.023982911032563038	-0.03940394307478874	0.999877670790955	0.9999217492860629	-0.001946739562033167	0	1.154675834223496	0.10628391747708268	0.048391916746413376
0.5850000000000004	0.10471975511965977	0	1	0.0683512905243972	0.5080775631511191	0.0238850048246775	-0.039116462767380386	0.999876250002885	0.9999213036114984	-0.001908582839956438	0	1.155417652231982	0.10628391747708268	0.04913373475489924
0.6000000000000004	0.10471975511965977	0	1	0.0686540694259379	0.5096512727775259	0.02378833150561203	-0.038841683930417786	0.9998748295383278	0.999920848236006	-0.0018718761143058217	0	1.156145883000995	0.10628391747708268	0.0498619655239124
0.6150000000000004	0.10471975511965977	0	1	0.06895335811735578	0.5112180052969314	0.023692807474131567	-0.03857879378046196	0.999873409424556	0.9999203832594665	-0.0018365331207139848	0	1.1568609656623703	0.10628391747708268	0.05057704818528756
0.6300000000000004	0.10471975511965977	0	1	0.06924922903240327	0.5127771178167894	0.023598341376324355	-0.03832698991858993	0.999871989691798	0.999919908781053	-0.0018024730794501838	0	1.1575633171181394	0.10628391747708268	0.05127939964105685
0.6450000000000005	0.10471975511965977	0	1	0.06954175143525802	0.5143279248398491	0.023504838633158193	-0.038085492670865514	0.9998705703742431	0.9999194248992725	-0.0017696204110593458	0	1.1582533328575806	0.10628391747708268	0.05196941538049798
0.6600000000000005	0.10471975511965977	0	1	0.06983099146893876	0.5158697466539796	0.023412206572606283	-0.03785356009725747	0.9998691515105185	0.999918931712014	-0.0017379046147486179	0	1.1589313880042935	0.10628391747708268	0.0526474705272109
0.6750000000000005	0.10471975511965977	0	1	0.07011701231036109	0.517401955688051	0.023320359249875893	-0.0376305023199231	0.9998677331436238	0.9999184293165987	-0.0017072602154342296	0	1.1595978385725725	0.10628391747708268	0.05331392109548993
0.6900000000000005	0.10471975511965977	0	1	0.07039987440949141	0.5189240135190412	0.023229221204437663	-0.0374156924422027	0.9998663153203982	0.9999179178098265	-0.0016776266985364177	0	1.1602530228712293	0.10628391747708268	0.05396910539414666
0.7050000000000005	0.10471975511965977	0	1	0.07067963577948481	0.5204354937684358	0.02313872968106305	-0.03720857233480098	0.9998648980906544	0.9999173972880149	-0.0016489483764718124	0	1.1608972629692011	0.10628391747708268	0.054613345492118597
0.7200000000000005	0.10471975511965977	0	1	0.07095635230143066	0.5219360894418061	0.02304883519451594	-0.0370086528253621	0.9998634815061506	0.9999168678470284	-0.0016211741604899377	0	1.1615308661328516	0.10628391747708268	0.05524694865576895
0.7350000000000005	0.10471975511965977	0	1	0.07123007801081699	0.5234256060804506	0.022959500611321425	-0.036815508863820276	0.999862065619563	0.9999163295822974	-0.0015942572390141006	0	1.1621541261571862	0.10628391747708268	0.05587020868010359
0.7500000000000006	0.10471975511965977	0	1	0.07150086534120673	0.5249039443701052	0.022870699154593513	-0.036628771057347354	0.9998606504835961	0.9999157825888266	-0.001568154684163458	0	1.1627673245366372	0.10628391747708268	0.056483407059554624
0.7650000000000006	0.10471975511965977	0	1	0.07176876531143023	0.5263710766085723	0.02278241180827896	-0.0364481152057667	0.9998592361503182	0.9999152269611972	-0.0015428270195354792	0	1.1633707314489816	0.10628391747708268	0.05708681397189888
0.7800000000000006	0.10471975511965977	0	1	0.07203382765349538	0.5278270217968178	0.022694624625688983	-0.03627325157797962	0.9998578226707591	0.9999146627935617	-0.0015182377851235428	0	1.1639646065525702	0.10628391747708268	0.05768068907548749
0.7950000000000006	0.10471975511965977	0	1	0.07229610088756336	0.5292718230906857	0.022607326330859913	-0.03610391525926755	0.999856410094756	0.999914090179638	-0.001494353131136673	0	1.1645491996182282	0.10628391747708268	0.058265282141145666
0.8100000000000006	0.10471975511965977	0	1	0.0725556323566071	0.5307055303923933	0.022520506494617135	-0.035939858543233075	0.999854998471001	0.9999135092127011	-0.0014711414640734184	0	1.1651247510307638	0.10628391747708268	0.058840833553681304
0.8250000000000006	0.10471975511965977	0	1	0.07281246823633336	0.5321281891920292	0.022434154388692923	-0.0357808457220657	0.999853587847216	0.9999129199855783	-0.0014485731578995759	0	1.1656914922005495	0.10628391747708268	0.059407574723466736
0.8400000000000006	0.10471975511965977	0	1	0.073066653535783	0.5335398358581813	0.022348258525202398	-0.035626650317291654	0.9998521782703799	0.9999123225906438	-0.0014266203327980257	0	1.166249645923983	0.10628391747708268	0.059965728446900325
0.8550000000000006	0.10471975511965977	0	1	0.07331823210136386	0.5349404982403727	0.02226280675036222	-0.035477054310235755	0.9998507697869397	0.9999117171198176	-0.0014052566950870167	0	1.1667994267245747	0.10628391747708268	0.060515509247492
0.8700000000000007	0.10471975511965977	0	1	0.07356724663283104	0.536330199950853	0.022177786712907592	-0.0353318487715018	0.9998493624429549	0.9999111036645655	-0.0013844574257730199	0	1.167341041196167	0.10628391747708268	0.06105712371908441
0.8850000000000007	0.10471975511965977	0	1	0.07381373871493178	0.5377089664324038	0.02209318650450707	-0.0351908352056128	0.9998479562841501	0.9999104823158996	-0.0013641991021602	0	1.1678746883587126	0.10628391747708268	0.06159077088162996
0.9000000000000007	0.10471975511965977	0	1	0.07405774886401278	0.5390768309872767	0.022008995280723864	-0.03505382695693984	0.9998465513558732	0.9999098531643797	-0.001344459636955561	0	1.1684005600270944	0.10628391747708268	0.062116642550011654
0.9150000000000007	0.10471975511965977	0	1	0.07429931658554989	0.5404338393651833	0.021925203718674152	-0.03492065017822919	0.9998451477029775	0.9999092163001131	-0.0013252182217865867	0	1.1689188411861278	0.10628391747708268	0.0626349237090452
0.9300000000000007	0.10471975511965977	0	1	0.07453848043669087	0.5417800522174353	0.021841804243938993	-0.03479114412132523	0.9998437453696583	0.9999085718127535	-0.0013064552660683713	0	1.1694297103608107	0.10628391747708268	0.06314579288372793
0.9450000000000007	0.10471975511965977	0	1	0.0747752780875365	0.5431155451133942	0.021758791000674113	-0.03466516063701791	0.9998423443992797	0.9999079197914984	-0.001288152326667616	0	1.1699333399700604	0.10628391747708268	0.06364942249297781
0.9600000000000007	0.10471975511965977	0	1	0.07500974637579062	0.544440406393299	0.021676159598893636	-0.03454256297493739	0.9998409448342235	0.999907260325084	-0.0012702920279833486	0	1.1704298966540068	0.10628391747708268	0.06414597917692409
0.9750000000000008	0.10471975511965977	0	1	0.07524192135115866	0.5457547336770647	0.021593906728702282	-0.03442322417223023	0.9998395467157851	0.9999065935017801	-0.0012528579752210454	0	1.1709195415684213	0.10628391747708268	0.06463562409133854
0.9900000000000008	0.10471975511965977	0	1	0.0754718383079888	0.5470586295735899	0.02151202970040074	-0.03430702520082934	0.9998381500841286	0.9999059194093834	-0.0012358346654355904	0	1.171402430644088	0.10628391747708268	0.06511851316700526
1.0050000000000008	0.10471975511965977	0	1	0.07569953180667502	0.548352197548392	0.021430526010914684	-0.03419385320659802	0.9998367549783034	0.9999052381352111	-0.0012192074015138193	0	1.1718787148128933	0.10628391747708268	0.06559479733581074
1.0200000000000007	0.10471975511965977	0	1	0.07592503568594944	0.5496355384951538	0.02134939299210479	-0.03408360001710981	0.9998353614363116	0.9999045497660948	-0.0012029622136577127	0	1.1723485402055271	0.10628391747708268	0.06606462272844457
1.0350000000000006	0.10471975511965977	0	1	0.07614838306917661	0.5509087484736425	0.02126862758677371	-0.03397616107421819	0.9998339694952116	0.9999038543883757	-0.0011870857916591435	0	1.1728120483275446	0.10628391747708268	0.06652813085046196
1.0500000000000005	0.10471975511965977	0	1	0.07636960636807948	0.5521719176273001	0.021188226250592912	-0.03387143478362605	0.999832579191237	0.9999031520879003	-0.001171565429572812	0	1.173269376221091	0.10628391747708268	0.06698545874400849
1.0650000000000004	0.10471975511965977	0	1	0.07658873728704886	0.5534251304523327	0.02110818499502315	-0.033769322350223965	0.9998311905599122	0.9999024429500181	-0.001156388982771458	0	1.173720656618991	0.10628391747708268	0.06743673914190842
1.0800000000000003	0.10471975511965977	0	1	0.07680580683047106	0.55466846686122	0.02102849951031563	-0.03366972788948078	0.9998298036361492	0.9999017270595796	-0.0011415448359248846	0	1.1741660180964655	0.10628391747708268	0.06788210061938288
1.0950000000000002	0.10471975511965977	0	1	0.07702084531455697	0.555902004024512	0.020949165365409125	-0.03357255882639126	0.9998284184543136	0.9999010045009359	-0.0011270218795977284	0	1.1746055852238757	0.10628391747708268	0.06832166774679294
1.11	0.10471975511965977	0	1	0.07723388238416126	0.5571258182645827	0.020870178207835134	-0.03347772631386276	0.999827035048257	0.999900275357938	-0.0011128094926549073	0	1.1750394787219451	0.10628391747708268	0.06875556124486257
1.125	0.10471975511965977	0	1	0.07744494703421693	0.5583399870099293	0.020791533964822355	-0.03338514569237967	0.9998256534513134	0.999899539713937	-0.0010988975278128383	0	1.1754678156192315	0.10628391747708268	0.06918389814214894
1.14	0.10471975511965977	0	1	0.0776540676347684	0.5595445903780438	0.020713229001128798	-0.03329473683371464	0.9998242736962676	0.9998987976517831	-0.0010852762980001892	0	1.1758907094103572	0.10628391747708268	0.0696067919332746
1.1549999999999998	0.10471975511965977	0	1	0.0778612719582205	0.560739712171517	0.02063526021228173	-0.03320642429185707	0.9998228958153014	0.9998980492538261	-0.0010719365618560392	0	1.1763082702127874	0.10628391747708268	0.07002435273570462
1.1699999999999997	0.10471975511965977	0	1	0.07806658720731326	0.5619254405403714	0.020557625081267274	-0.03312013736460335	0.9998215198399277	0.9998972946019127	-0.0010588695073861338	0	1.1767206049196997	0.10628391747708268	0.07043668744261708
1.1849999999999996	0.10471975511965977	0	1	0.07827004004242974	0.5631018679134069	0.020480321658305524	-0.033035809906634496	0.9998201458009219	0.9998965337773852	-0.001046066733346898	0	1.1771278173466557	0.10628391747708268	0.07084389986957301
1.1999999999999995	0.10471975511965977	0	1	0.07847165660708778	0.5642690905843711	0.020403348505434314	-0.03295338004236111	0.9998187737282576	0.9998957668610788	-0.0010335202285184845	0	1.177530008370209	0.10628391747708268	0.07124609089312631
1.2149999999999994	0.10471975511965977	0	1	0.07867146255077324	0.5654272079992649	0.020326704611657927	-0.03287278979038344	0.9998174036510534	0.9998949939333185	-0.0010212223492804655	0	1.1779272760571593	0.10628391747708268	0.07164335858007659
1.2299999999999993	0.10471975511965977	0	1	0.0788694830485977	0.5665763217514453	0.02025038927994132	-0.032793984595182304	0.9998160355975375	0.9998942150739152	-0.0010091657961086233	0	1.1783197157837442	0.10628391747708268	0.07203579830666161
1.2449999999999992	0.10471975511965977	0	1	0.07906574281755653	0.567716534497734	0.020174402008754734	-0.032716912844028306	0.9998146695950281	0.9998934303621618	-0.0009973435896780455	0	1.1787074203446106	0.10628391747708268	0.072423502867528
1.2599999999999991	0.10471975511965977	0	1	0.07926026612941253	0.5688479488568535	0.020098742374661104	-0.03264152538761472	0.9998133056699358	0.9998926398768301	-0.0009857490472041474	0	1.179090480051849	0.10628391747708268	0.07280656257476621
1.274999999999999	0.10471975511965977	0	1	0.07945307682042221	0.5699706664304659	0.020023409930542614	-0.03256777511521387	0.9998119438477839	0.9998918436961658	-0.0009743757595910567	0	1.1794689828247247	0.10628391747708268	0.07318506534764212
1.289999999999999	0.10471975511965977	0	1	0.07964419829827021	0.571084786761843	0.019948404099720922	-0.03249561650686112	0.9998105841532473	0.9998910418978861	-0.0009632175698342571	0	1.1798430142709848	0.10628391747708268	0.07355909679390223
1.3049999999999988	0.10471975511965977	0	1	0.07983365354667991	0.5721904066208804	0.01987372410641019	-0.032425005313344135	0.9998092266102058	0.9998902345591767	-0.0009522685530852905	0	1.180212657760773	0.10628391747708268	0.07392874028369024
1.3199999999999987	0.10471975511965977	0	1	0.08002146512824129	0.5732876193719216	0.019799368916405595	-0.032355898264379235	0.9998078712418105	0.9998894217566887	-0.0009415229986124979	0	1.1805779944942882	0.10628391747708268	0.0742940770172057
1.3349999999999986	0.10471975511965977	0	1	0.08020765518603709	0.5743765146053635	0.019725337206474826	-0.03228825287437425	0.9998065180705585	0.9998886035665381	-0.0009309753938705547	0	1.1809391035643504	0.10628391747708268	0.07465518608726773
1.3499999999999985	0.10471975511965977	0	1	0.08039224544465383	0.5754571778866339	0.019651627346493686	-0.03222202728599745	0.9998051671183725	0.9998877800643041	-0.0009206204107427294	0	1.1812960620150026	0.10628391747708268	0.07501214453792003
1.3649999999999984	0.10471975511965977	0	1	0.08057525721113576	0.5765296907430096	0.019578237406434128	-0.032157180198635955	0.9998038184066804	0.99988695132503	-0.0009104528939565762	0	1.18164894489722	0.10628391747708268	0.07536502742013747
1.3799999999999983	0.10471975511965977	0	1	0.08075671137637025	0.5775941309010677	0.01950516518905604	-0.032093670887325045	0.999802471956493	0.9998861174232232	-0.0009004678515450842	0	1.1819978253226422	0.10628391747708268	0.07571390784555948
1.3949999999999982	0.10471975511965977	0	1	0.08093662841728783	0.5786505724829631	0.01943240825723841	-0.03203145919804671	0.9998011277884746	0.9998852784328571	-0.0008906604471145023	0	1.182342774516083	0.10628391747708268	0.07605885703900028
1.4099999999999981	0.10471975511965977	0	1	0.08111502840013461	0.579699086462618	0.01935996398732233	-0.03197050564149702	0.999799785923007	0.9998844344273735	-0.0008810259936639551	0	1.1826838618673647	0.10628391747708268	0.07639994439028217
1.424999999999998	0.10471975511965977	0	1	0.08129193098493331	0.5807397411545984	0.019287829624452538	-0.031910771498441313	0.9997984463802418	0.9998835854796847	-0.0008715599485828049	0	1.1830211549828071	0.10628391747708268	0.07673723750572449
1.439999999999998	0.10471975511965977	0	1	0.0814673554311239	0.5817726025616831	0.019216002321625063	-0.03185221887076464	0.9997971091801449	0.9998827316621776	-0.0008622579094884625	0	1.1833547197365115	0.10628391747708268	0.07707080225942889
1.4549999999999979	0.10471975511965977	0	1	0.08164132060427144	0.5827977349266833	0.019144479198864202	-0.0317948108180373	0.9997957743425293	0.9998818730467162	-0.0008531156106271888	0	1.1836846203214242	0.10628391747708268	0.07740070284434146
1.4699999999999978	0.10471975511965977	0	1	0.08181384498366279	0.5838152010512233	0.019073257376741384	-0.03173851140777241	0.9997944418870818	0.9998810097046462	-0.0008441289195371136	0	1.1840109193000472	0.10628391747708268	0.07772700182296449
1.4849999999999977	0.10471975511965977	0	1	0.08198494667059182	0.5848250626260051	0.019002334010136096	-0.0316832857769784	0.9997931118333806	0.999880141706799	-0.0008352938338504229	0	1.1843336776546214	0.10628391747708268	0.07804976017753865
1.4999999999999976	0.10471975511965977	0	1	0.08215464339714544	0.5858273805490486	0.018931706319959107	-0.03162910019508402	0.9997917842009073	0.9998792691234951	-0.0008266064781263014	0	1.184652954836593	0.10628391747708268	0.07836903735951029
1.5149999999999975	0.10471975511965977	0	1	0.08232295253534751	0.5868222150430287	0.018861371603132622	-0.031575922051839365	0.999790459009054	0.999878392024549	-0.0008180631006858134	0	1.1849688088152193	0.10628391747708268	0.07868489133813654
1.5299999999999974	0.10471975511965977	0	1	0.08248989110657545	0.5878096259192884	0.018791327257449843	-0.031523719906150306	0.9997891362771257	0.9998775104792728	-0.0008096600705200141	0	1.185281296125216	0.10628391747708268	0.07899737864813337
1.5449999999999973	0.10471975511965977	0	1	0.08265547579122307	0.5887896727673694	0.01872157079809858	-0.031472463506075785	0.9997878160243383	0.999876624556481	-0.0008013938742861892	0	1.1855904719134187	0.10628391747708268	0.079306554436336
1.5599999999999972	0.10471975511965977	0	1	0.08281972293863013	0.5897624151046627	0.01865209986946681	-0.03142212379215633	0.9997864982698114	0.9998757343244935	-0.0007932611134676813	0	1.1858963899844719	0.10628391747708268	0.07961247250738919
1.574999999999997	0.10471975511965977	0	1	0.08298264857731845	0.5907279125012119	0.018582912253770907	-0.03137267288918309	0.9997851830325565	0.9998748398511407	-0.0007852585017220781	0	1.1861991028455905	0.10628391747708268	0.07991518536850788
1.589999999999997	0.10471975511965977	0	1	0.08314426842557378	0.5916862248947378	0.018514005899070818	-0.031324084171774	0.9997838703314593	0.9998739412037662	-0.0007773828624264537	0	1.1864986617504345	0.10628391747708268	0.08021474427335183
1.6049999999999969	0.10471975511965977	0	1	0.08330459790238591	0.5926374127089745	0.01844537892599503	-0.03127633225103619	0.9997825601852562	0.9998730384492309	-0.0007696311263356483	0	1.186795116742115	0.10628391747708268	0.08051119926503218
1.6199999999999968	0.10471975511965977	0	1	0.08346365213872052	0.593581537067205	0.01837702964388182	-0.03122939299947931	0.9997812526125053	0.999872131653916	-0.0007620003293359967	0	1.1870885166953142	0.10628391747708268	0.08080459921823155
1.6349999999999967	0.10471975511965977	0	1	0.08362144598905394	0.5945186599478838	0.01830895656031866	-0.031183243554946307	0.9997799476315513	0.9998712208837256	-0.0007544876101798571	0	1.1873789093574625	0.10628391747708268	0.08109499188037976
1.6499999999999966	0.10471975511965977	0	1	0.08377799404306294	0.5954488443227345	0.018241158388440294	-0.031137862321105346	0.9997786452604874	0.9998703062040895	-0.0007470902081402129	0	1.1876663413888753	0.10628391747708268	0.08138242391179258
1.6649999999999965	0.10471975511965977	0	1	0.08393331063733309	0.5963721542379579	0.01817363404799706	-0.03109322895010824	0.9997773455171121	0.9998693876799647	-0.0007398054605138003	0	1.1879508584017395	0.10628391747708268	0.08166694092465693
1.6799999999999964	0.10471975511965977	0	1	0.08408740986692978	0.5972886548665619	0.018106382663307927	-0.03104932431951564	0.9997760484188856	0.9998684653758378	-0.0007326307999251561	0	1.1882325049978166	0.10628391747708268	0.08194858752073386
1.6949999999999963	0.10471975511965977	0	1	0.08424030559667023	0.5981984124653942	0.018039403551297163	-0.03100613047768074	0.999774753982884	0.9998675393557253	-0.0007255637513966785	0	1.188511324804733	0.10628391747708268	0.0822274073276503
1.7099999999999962	0.10471975511965977	0	1	0.08439201147193699	0.5991014943415198	0.017972696210791804	-0.03096363059942752	0.9997734622257558	0.9998666096831743	-0.0007186019291822902	0	1.188787360510742	0.10628391747708268	0.08250344303365933
1.724999999999996	0.10471975511965977	0	1	0.08454254092888684	0.5999979687073417	0.017906260300571852	-0.030921808904098316	0.9997721731636797	0.9998656764212632	-0.0007117430333561047	0	1.1890606538978505	0.10628391747708268	0.08277673642076785
1.739999999999996	0.10471975511965977	0	1	0.08469190720392984	0.6008879045991034	0.017840095624674895	-0.030880650604858343	0.9997708868123257	0.9998647396326011	-0.0007049848462020607	0	1.1893312458732364	0.10628391747708268	0.0830473283961536
1.754999999999996	0.10471975511965977	0	1	0.08484012334238279	0.6017713715922606	0.017774202097060057	-0.030840141782859785	0.9997696031868224	0.9998637993793273	-0.0006983252284142717	0	1.1895991764989104	0.10628391747708268	0.08331525902182778
1.7699999999999958	0.10471975511965977	0	1	0.08498720220623351	0.6026484396548386	0.01770857972156758	-0.030800269320700728	0.9997683223017274	0.9998628557231107	-0.0006917621152049777	0	1.1898644850196134	0.10628391747708268	0.08358056754253079
1.7849999999999957	0.10471975511965977	0	1	0.0851331564809901	0.6035191789646043	0.017643228568910617	-0.030761020824974637	0.9997670441710064	0.9998619087251481	-0.0006852935123464465	0	1.190127209888969	0.10628391747708268	0.08384329241188644
1.7999999999999956	0.10471975511965977	0	1	0.08527799868162174	0.6043836595669498	0.017578148737768577	-0.030722384488018038	0.9997657688080157	0.9998609584461636	-0.0006789174922181985	0	1.190387388793954	0.10628391747708268	0.08410347131687136
1.8149999999999955	0.10471975511965977	0	1	0.08542174115763199	0.6052419512913573	0.0175133403438726	-0.03068434905354907	0.9997644962254935	0.9998600049464069	-0.0006726321899579062	0	1.1906450586777702	0.10628391747708268	0.08436114120068754
1.8299999999999954	0.10471975511965977	0	1	0.08556439609732626	0.606094123460978	0.01744880348810724	-0.030646903700656144	0.9997632264355555	0.9998590482856516	-0.0006664357997107827	0	1.190900255761228	0.10628391747708268	0.08461633828414535
1.8449999999999953	0.10471975511965977	0	1	0.08570597553135594	0.6069402447743358	0.017384538243387107	-0.030610037995792178	0.9997619594496963	0.9998580885231945	-0.0006603265710833454	0	1.1911530155627625	0.10628391747708268	0.08486909808567986
1.8599999999999952	0.10471975511965977	0	1	0.08584649133562881	0.607780383136374	0.01732054463680731	-0.030573741823895714	0.999760695278796	0.9998571257178529	-0.0006543028057880068	0	1.1914033729172115	0.10628391747708268	0.08511945544012882
1.8749999999999951	0.10471975511965977	0	1	0.08598595523368091	0.6086146054508949	0.01725682262824027	-0.030538005303129806	0.9997594339331307	0.999856159927965	-0.0006483628545182595	0	1.1916513619934845	0.10628391747708268	0.08536744451640182
1.889999999999995	0.10471975511965977	0	1	0.08612437879859862	0.6094429776694437	0.01719337211630144	-0.030502818800248493	0.9997581754223873	0.999855191211387	-0.0006425051140790458	0	1.1918970163112441	0.10628391747708268	0.08561309883416143
1.904999999999995	0.10471975511965977	0	1	0.08626177345457621	0.6102655645901531	0.017130192918365164	-0.030468172845613154	0.9997569197556798	0.9998542196254937	-0.0006367280247157128	0	1.1921403687567118	0.10628391747708268	0.08585645127962913
1.9199999999999948	0.10471975511965977	0	1	0.08639815047818283	0.6110824298154905	0.017067284767536002	-0.03043405811030196	0.9997556669415695	0.9998532452271764	-0.0006310300676971496	0	1.192381451597699	0.10628391747708268	0.08609753412061626
1.9349999999999947	0.10471975511965977	0	1	0.08653352099940076	0.6118936357603179	0.017004647315100305	-0.030400465402379905	0.9997544169880863	0.9998522680728431	-0.000625409763098327	0	1.1926202964979455	0.10628391747708268	0.08633637902086297
1.9499999999999946	0.10471975511965977	0	1	0.08666789600248898	0.6126992435547457	0.01694228012205648	-0.030367385620847034	0.999753169902752	0.999851288218418	-0.0006198656677648967	0	1.1928569345308442	0.10628391747708268	0.08657301705376154
1.9649999999999945	0.10471975511965977	0	1	0.08680128632671254	0.613499313089212	0.01688018266568868	-0.030334809765637565	0.9997519256926037	0.9998503057193407	-0.0006143963734670837	0	1.193091396192603	0.10628391747708268	0.08680747871552048
1.9799999999999944	0.10471975511965977	0	1	0.08693370266697187	0.6142939029522186	0.01681835433491847	-0.030302728904800857	0.9997506843642195	0.9998493206305679	-0.0006090005051887257	0	1.1933237114149027	0.10628391747708268	0.08703979393782008
1.9949999999999943	0.10471975511965977	0	1	0.08706515557435628	0.6150830704226242	0.016756794431426004	-0.030271134163298196	0.9997494459237438	0.9998483330065717	-0.0006036767195633266	0	1.1935539095770815	0.10628391747708268	0.08726999209999892
2.0099999999999945	0.10471975511965977	0	1	0.08719565545664199	0.6158668715513429	0.01669550218018282	-0.030240016747277724	0.9997482103769132	0.9998473429013419	-0.0005984237034315889	0	1.1937820195178857	0.10628391747708268	0.08749810204080308
2.0249999999999946	0.10471975511965977	0	1	0.08732521257874958	0.6166453611061484	0.016634476725596287	-0.030209367914165473	0.999746977729083	0.9998463503683863	-0.0005932401724892434	0	1.1940080695468083	0.10628391747708268	0.08772415206972561
2.0399999999999947	0.10471975511965977	0	1	0.08745383706317243	0.6174185925027222	0.016573717126196263	-0.030179178937427963	0.9997457479852546	0.9998453554607315	-0.0005881248700387387	0	1.1942320874550414	0.10628391747708268	0.08794816997795865
2.054999999999995	0.10471975511965977	0	1	0.08758153889038804	0.6181866179817229	0.016513222375156032	-0.03014944116906006	0.9997445211501012	0.9998443582309249	-0.0005830765658440086	0	1.194454100526062	0.10628391747708268	0.0881701830489795
2.069999999999995	0.10471975511965977	0	1	0.08770832789926122	0.6189494884749855	0.016452991388106325	-0.030120145978836624	0.9997432972279948	0.9998433587310357	-0.0005780940550278618	0	1.194674135545873	0.10628391747708268	0.08839021806879027
2.084999999999995	0.10471975511965977	0	1	0.08783421378745193	0.619707253718584	0.016393023016849605	-0.030091284791488804	0.9997420762230339	0.9998423570126574	-0.0005731761570866116	0	1.1948922188129145	0.10628391747708268	0.08860830133583186
2.099999999999995	0.10471975511965977	0	1	0.08795920611183933	0.620459962197525	0.016333316045319644	-0.030062849056981367	0.999740858139069	0.9998413531269098	-0.000568321714950864	0	1.1951083761476755	0.10628391747708268	0.08882445867059281
2.1149999999999953	0.10471975511965977	0	1	0.08808331428897867	0.6212076611748975	0.016273869194341276	-0.03003483025404576	0.9997396429797291	0.9998403471244409	-0.0005635295941423083	0	1.1953226329020208	0.10628391747708268	0.08903871542493805
2.1299999999999955	0.10471975511965977	0	1	0.0882065475956096	0.6219503968057251	0.016214681135196043	-0.030007219926903667	0.9997384307484469	0.9998393390554302	-0.0005587986820104219	0	1.1955350139682652	0.10628391747708268	0.08925109649118257
2.1449999999999956	0.10471975511965977	0	1	0.08832891516923738	0.6226882140578874	0.016155750482789222	-0.029980009644856323	0.9997372214484842	0.9998383289695909	-0.0005541278870351754	0	1.1957455437880218	0.10628391747708268	0.08946162631093901
2.1599999999999957	0.10471975511965977	0	1	0.08845042600881263	0.623421156756337	0.01609707580162658	-0.02995319101004917	0.999736015082955	0.9998373169161735	-0.0005495161382395992	0	1.1959542463608541	0.10628391747708268	0.08967032888377138
2.174999999999996	0.10471975511965977	0	1	0.08857108897553578	0.6241492677322772	0.016038655622643734	-0.02992675570595367	0.9997348116548473	0.9998363029439687	-0.0005449623846920484	0	1.1961611452527683	0.10628391747708268	0.08987722777568555
2.189999999999996	0.10471975511965977	0	1	0.0886909127938166	0.6248725888051982	0.015980488442254616	-0.029900695478519788	0.9997336111670445	0.9998352871013111	-0.0005404655950849849	0	1.1963662636045773	0.10628391747708268	0.09008234612749459
2.204999999999996	0.10471975511965977	0	1	0.08880990605241512	0.6255911608095638	0.01592257272584882	-0.029875002133927592	0.9997324136223428	0.9998342694360823	-0.0005360247574243938	0	1.1965696241401713	0.10628391747708268	0.09028570666308858
2.219999999999996	0.10471975511965977	0	1	0.08892807720579261	0.6263050237970177	0.015864906929459244	-0.029849667604869973	0.9997312190234677	0.9998332499957152	-0.0005316388788189273	0	1.1967712491747282	0.10628391747708268	0.09048733169764558
2.2349999999999963	0.10471975511965977	0	1	0.08904543457569439	0.6270142169358873	0.015807489489311162	-0.029824683895639713	0.9997300273730869	0.9998322288271976	-0.0005273069853252634	0	1.1969711606228928	0.10628391747708268	0.09068724314581002
2.2499999999999964	0.10471975511965977	0	1	0.08916198635298397	0.6277187787531665	0.01575031884704009	-0.029800043162169606	0.9997288386738205	0.9998312059770758	-0.0005230281219192942	0	1.1971693800069498	0.10628391747708268	0.09088546252986712
2.2649999999999966	0.10471975511965977	0	1	0.08927774059973906	0.6284187471902107	0.015693393454989775	-0.029775737717338886	0.999727652928248	0.999830181491459	-0.0005188013524973956	0	1.1973659284650147	0.10628391747708268	0.0910820109879319
2.2799999999999967	0.10471975511965977	0	1	0.08939270525161398	0.6291141596059006	0.01563671177564107	-0.02975176001491019	0.999726470138912	0.9998291554160231	-0.0005146257599465662	0	1.19756082675925	0.10628391747708268	0.09127690928216735
2.294999999999997	0.10471975511965977	0	1	0.08950688812046434	0.6298050530216008	0.015580272306110123	-0.029728102729096817	0.9997252903083189	0.9998281277960147	-0.0005105004462730885	0	1.1977540952841221	0.10628391747708268	0.09147017780703944
2.309999999999997	0.10471975511965977	0	1	0.08962029689722063	0.6304914640585796	0.015524073569991546	-0.029704758712100834	0.9997241134389352	0.9998270986762549	-0.0005064245327172635	0	1.1979457540746918	0.10628391747708268	0.09166183659760918
2.324999999999997	0.10471975511965977	0	1	0.08973293915498964	0.6311734291862475	0.015468114141561344	-0.029681721075303823	0.9997229395331816	0.9998260681011427	-0.0005023971599189047	0	1.198135822814937	0.10628391747708268	0.09185190533785438
2.339999999999997	0.10471975511965977	0	1	0.08984482235235548	0.6318509846457344	0.015412392635578372	-0.02965898314220008	0.9997217685934245	0.9998250361146599	-0.0004984174880270668	0	1.1983243208460912	0.10628391747708268	0.09204040336900864
2.3549999999999973	0.10471975511965977	0	1	0.08995595383684386	0.6325241666210287	0.01535690772286806	-0.029636538500457332	0.9997206006219637	0.9998240027603733	-0.0004944846968238105	0	1.1985112671749814	0.10628391747708268	0.0922273496978987
2.3699999999999974	0.10471975511965977	0	1	0.0900663408485112	0.6331930112885805	0.015301658132937858	-0.029614381006802033	0.9997194356210185	0.999822968081439	-0.0004905979857798261	0	1.1986966804823391	0.10628391747708268	0.09241276300525639
2.3849999999999976	0.10471975511965977	0	1	0.09017599052361272	0.6338575548608695	0.015246642655815656	-0.029592504790860463	0.9997182735927125	0.9998219321206051	-0.0004867565740665411	0	1.1988805791310606	0.10628391747708268	0.09259666165397787
2.3999999999999977	0.10471975511965977	0	1	0.09028490989830547	0.6345178336077648	0.015191860141462642	-0.029570904251584314	0.999717114539056	0.9998208949202151	-0.00048295970050205603	0	1.1990629811743845	0.10628391747708268	0.09277906369730193
2.414999999999998	0.10471975511965977	0	1	0.09039310591233767	0.6351738838974427	0.015137309501205704	-0.02954957406302459	0.9997159584619286	0.9998198565222102	-0.00047920662342874193	0	1.1992439043639571	0.10628391747708268	0.09295998688687435
2.429999999999998	0.10471975511965977	0	1	0.09050058541268036	0.6358257422385465	0.015082989709316715	-0.029528509182197647	0.9997148053630606	0.9998188169681327	-0.0004754966205129105	0	1.1994233661577514	0.10628391747708268	0.09313944868066866
2.444999999999998	0.10471975511965977	0	1	0.09060735515705466	0.6364734452050445	0.015028899792333496	-0.02950770481210544	0.9997136552440149	0.9998177762991275	-0.0004718289884557984	0	1.1996013837278146	0.10628391747708268	0.09331746625073183
2.459999999999998	0.10471975511965977	0	1	0.09071342181731425	0.6371170295162092	0.014975038834803951	-0.029487156427940992	0.9997125081061701	0.9998167345559451	-0.0004682030426428257	0	1.199777973967807	0.10628391747708268	0.09349405649072427
2.4749999999999983	0.10471975511965977	0	1	0.09081879198264228	0.637756531950504	0.014921405967741323	-0.02946685973905536	0.9997113639507039	0.9998156917789429	-0.00046461811668807335	0	1.1999531535003087	0.10628391747708268	0.09366923602322606
2.4899999999999984	0.10471975511965977	0	1	0.09092347216252902	0.6383919893342849	0.014868000365152512	-0.02944681068223914	0.9997102227785786	0.9998146480080876	-0.0004610735619195119	0	1.2001269386838664	0.10628391747708268	0.0938430212067838
2.5049999999999986	0.10471975511965977	0	1	0.09102746878949793	0.6390234384678342	0.01481482123422903	-0.02942700539161069	0.9997090845905278	0.9998136032829567	-0.00045756874677773117	0	1.2002993456197557	0.10628391747708268	0.09401542814267316
2.5199999999999987	0.10471975511965977	0	1	0.09113078822155506	0.6396509161413081	0.014761867815269988	-0.029407440205681524	0.999707949387047	0.9998125576427397	-0.0004541030561583719	0	1.2004703901584397	0.10628391747708268	0.09418647268135706
2.534999999999999	0.10471975511965977	0	1	0.09123343674434038	0.6402744589929547	0.014709139365336521	-0.02938811161309622	0.9997068171683856	0.9998115111262401	-0.00045067589067444814	0	1.2006400879057049	0.10628391747708268	0.09435617042862232
2.549999999999999	0.10471975511965977	0	1	0.09133542057296745	0.640894103487908	0.014656635154907442	-0.02936901624736827	0.999705687934542	0.9998104637718768	-0.0004472866658876773	0	1.2008084542284647	0.10628391747708268	0.09452453675138199
2.564999999999999	0.10471975511965977	0	1	0.09143674585354361	0.6415098858182735	0.014604354456603283	-0.029350150851307655	0.9997045616852616	0.9998094156176845	-0.00044393481148221535	0	1.2009755042602162	0.10628391747708268	0.09469158678313357
2.579999999999999	0.10471975511965977	0	1	0.09153741866437154	0.6421218419037813	0.014552296544823748	-0.029331512282066114	0.9997034384200395	0.9998083667013161	-0.0004406197704244281	0	1.2011412529061558	0.10628391747708268	0.09485733542907304
2.5949999999999993	0.10471975511965977	0	1	0.09163744501683972	0.6427300071687029	0.014500460672207102	-0.029313097427815245	0.9997023181381243	0.9998073170600437	-0.0004373409980850497	0	1.2013057148479473	0.10628391747708268	0.09502179737086466
2.6099999999999994	0.10471975511965977	0	1	0.0917368308560189	0.6433344166561538	0.0144488460818714	-0.02929490325841513	0.999701200838526	0.9998062667307595	-0.00043409796140300694	0	1.201468904548159	0.10628391747708268	0.09518498707107638
2.6249999999999996	0.10471975511965977	0	1	0.09183558206099102	0.6439351048009727	0.014397451984064037	-0.02927692674037327	0.9997000865200271	0.9998052157499777	-0.0004308901380190178	0	1.2016308362543806	0.10628391747708268	0.09534691877729795
2.6399999999999997	0.10471975511965977	0	1	0.09193370444494375	0.644532105488516	0.014346277563119375	-0.02925916486471932	0.9996989751811957	0.9998041641538363	-0.00042771701549294225	0	1.2017915240030446	0.10628391747708268	0.09550760652596202
2.655	0.10471975511965977	0	1	0.09203120375507313	0.6451254519001264	0.014295321962205225	-0.029241614589283864	0.9996978668204007	0.9998031119780982	-0.0004245780905379811	0	1.20195098162298	0.10628391747708268	0.09566706414589746
2.67	0.10471975511965977	0	1	0.09212808567234404	0.6457151765817924	0.014244584291681829	-0.029224272868335108	0.9996967614358298	0.9998020592581536	-0.000421472868358044	0	1.2021092227387322	0.10628391747708268	0.09582530526164966
2.685	0.10471975511965977	0	1	0.09222435581116149	0.6463013113493983	0.014194063620379387	-0.029207136615863903	0.9996956590255064	0.9998010060290211	-0.0004184008620436156	0	1.2022662607736894	0.10628391747708268	0.09598234329660671
2.7	0.10471975511965977	0	1	0.0923200197190111	0.6468838872847361	0.014143758976441843	-0.029190202703157832	0.9996945595873092	0.9997999523253512	-0.0004153615920841972	0	1.2024221089530556	0.10628391747708268	0.09613819147597281
2.7150000000000003	0.10471975511965977	0	1	0.092415082876125	0.6474629347891093	0.014093669354184782	-0.029173467977399867	0.9996934631189903	0.9997988981814275	-0.00041235458598360737	0	1.2025767803067164	0.10628391747708268	0.09629286282963385
2.7300000000000004	0.10471975511965977	0	1	0.0925095506952287	0.6480384835304921	0.014043793709661967	-0.029156929236161002	0.9996923696181929	0.9997978436311696	-0.00040937937797409703	0	1.20273028767204	0.10628391747708268	0.09644637019495746
2.7450000000000006	0.10471975511965977	0	1	0.09260342852141872	0.6486105625777339	0.013994130975728547	-0.02914058327433206	0.9996912790824668	0.9997967887081358	-0.0004064355088590491	0	1.2028826436966524	0.10628391747708268	0.0965987262195698
2.7600000000000007	0.10471975511965977	0	1	0.09269672163221117	0.6491792003370848	0.013944680056116501	-0.029124426851040972	0.9996901915092832	0.9997957334455254	-0.0004035225259302553	0	1.203033860841226	0.10628391747708268	0.09674994336414337
2.775000000000001	0.10471975511965977	0	1	0.0927894352377932	0.6497444247189066	0.013895439843454455	-0.029108456746589278	0.9996891068960461	0.9997946778761823	-0.000400639983005877	0	1.2031839513823102	0.10628391747708268	0.09690003390522746
2.790000000000001	0.10471975511965977	0	1	0.09288157448149632	0.6503062631085681	0.013846409216433285	-0.02909266974073577	0.9996880252401009	0.9997936220325971	-0.00039778744051247164	0	1.2033329274152267	0.10628391747708268	0.09704900993814404
2.805000000000001	0.10471975511965977	0	1	0.0929731444404969	0.6508647424749706	0.013797587051156177	-0.029077062645074987	0.9996869465387416	0.9997925659469108	-0.0003949644656483503	0	1.2034808008570435	0.10628391747708268	0.09719688337996085
2.820000000000001	0.10471975511965977	0	1	0.09306415012673877	0.651419889486513	0.013748972232994101	-0.02906163233823754	0.9996858707892126	0.999791509650917	-0.00039217063257190106	0	1.2036275834496335	0.10628391747708268	0.09734366597255081
2.8350000000000013	0.10471975511965977	0	1	0.09315459648805878	0.6519717304684282	0.013700563651513259	-0.029046375738451802	0.9996847979887107	0.9997904531760657	-0.0003894055225951115	0	1.2037732867628137	0.10628391747708268	0.09748936928573108
2.8500000000000014	0.10471975511965977	0	1	0.09324448840948843	0.6525202915561817	0.013652360215784157	-0.029031289854595972	0.999683728134383	0.9997893965534655	-0.0003866687243971721	0	1.2039179221975578	0.10628391747708268	0.09763400472047506
2.8650000000000015	0.10471975511965977	0	1	0.0933338307146947	0.6530655987140722	0.013604360855339913	-0.02901637178474247	0.9996826612233228	0.999788339813887	-0.0003839598341910109	0	1.20406150098926	0.10628391747708268	0.09777758351217722
2.8800000000000017	0.10471975511965977	0	1	0.09342262816752092	0.6536076776994172	0.01355656451527823	-0.029001618694328404	0.9996815972525647	0.9997872829877655	-0.0003812784558599812	0	1.2042040342110358	0.10628391747708268	0.09792011673395325
2.895000000000002	0.10471975511965977	0	1	0.09351088547358435	0.6541465542323439	0.013508970172886582	-0.02898702787725953	0.999680536219078	0.9997862261052033	-0.0003786242010636995	0	1.2043455327770316	0.10628391747708268	0.09806161529994896
2.910000000000002	0.10471975511965977	0	1	0.09359860728188912	0.6546822539404393	0.013461576830566147	-0.02897259672907016	0.99967947811976	0.999785169195973	-0.0003759966892583431	0	1.204486007445718	0.10628391747708268	0.09820208996863523
2.925000000000002	0.10471975511965977	0	1	0.09368579818641591	0.655214802305661	0.013414383509002002	-0.02895832272234468	0.9996784229514285	0.9997841122895195	-0.0003733955476778811	0	1.2046254688231464	0.10628391747708268	0.09834155134606379
2.940000000000002	0.10471975511965977	0	1	0.09377246272765388	0.6557442247903267	0.013367389259204256	-0.028944203454406823	0.9996773707108154	0.9997830554149625	-0.0003708204112674247	0	1.2047639273661441	0.10628391747708268	0.09848000988906139
2.9550000000000023	0.10471975511965977	0	1	0.09385860539404944	0.6562705467319953	0.013320593150339448	-0.028930236604370673	0.9996763213945605	0.9997819986010994	-0.0003682709225375485	0	1.2049013933854282	0.10628391747708268	0.09861747590834549
2.9700000000000024	0.10471975511965977	0	1	0.09394423062334914	0.6567937933565642	0.013273994270095395	-0.028916419937980015	0.9996752749992059	0.9997809418764069	-0.00036574673139757723	0	1.2050378770486263	0.10628391747708268	0.09875395957154358
2.9850000000000025	0.10471975511965977	0	1	0.09402934280382662	0.6573139897692792	0.013227591722845655	-0.028902751304278284	0.9996742315211922	0.9997798852690432	-0.00036324749494020007	0	1.205173388383191	0.10628391747708268	0.09888947090610829
3.0000000000000027	0.10471975511965977	0	1	0.09411394627538465	0.6578311608741273	0.013181384620420324	-0.02888922860430577	0.9996731909568555	0.9997788288068508	-0.0003607728771956366	0	1.2053079372792	0.10628391747708268	0.09902401980211731
3.015000000000003	0.10471975511965977	0	1	0.09419804533053572	0.6583453314999095	0.013135372094729952	-0.028875849841986302	0.9996721533024259	0.9997777725173579	-0.0003583225488859592	0	1.205441533492043	0.10628391747708268	0.09915761601496041
3.030000000000003	0.10471975511965977	0	1	0.09428164421526426	0.658856526146735	0.013089553270621786	-0.02886261302441967	0.9996711185540265	0.9997767164277809	-0.0003558961871292108	0	1.2055741866449923	0.10628391747708268	0.0992902691679097
3.045000000000003	0.10471975511965977	0	1	0.094364747129782	0.659364769189709	0.013043927286904428	-0.028849516243450682	0.9996700867076747	0.9997756605650261	-0.0003534934752019762	0	1.205705906231662	0.10628391747708268	0.09942198875457921
3.060000000000003	0.10471975511965977	0	1	0.09444735822918952	0.6598700847277668	0.012998493280176118	-0.028836557616154525	0.9996690577592835	0.9997746049556923	-0.000351114102249149	0	1.2058367016183629	0.10628391747708268	0.09955278414128012
3.0750000000000033	0.10471975511965977	0	1	0.09452948162405875	0.6603724965941433	0.012953250385725708	-0.028823735289122694	0.9996680317046639	0.9997735496260719	-0.00034875776304665786	0	1.2059665820463603	0.10628391747708268	0.09968266456927773
3.0900000000000034	0.10471975511965977	0	1	0.09461112138095323	0.6608720283682529	0.01290819773864587	-0.028811047442864963	0.9996670085395281	0.999772494602154	-0.0003464241577658849	0	1.2060955566340443	0.10628391747708268	0.09981163915696166
3.1050000000000035	0.10471975511965977	0	1	0.09469228152290252	0.6613687033880945	0.012863334475047478	-0.028798492295988257	0.999665988259493	0.9997714399096258	-0.0003441129917629105	0	1.20622363437902	0.10628391747708268	0.09993971690193738
3.1200000000000037	0.10471975511965977	0	1	0.09477296602984814	0.6618625446498648	0.012818659721443672	-0.028786068064132968	0.999664970860084	0.9997703855738749	-0.0003418239753812383	0	1.206350824160134	0.10628391747708268	0.10006690668305127
3.135000000000004	0.10471975511965977	0	1	0.0948531788390735	0.6623535749213745	0.012774172606616362	-0.028773773003344893	0.9996639563367384	0.999769331619991	-0.0003395568238030677	0	1.2064771347394387	0.10628391747708268	0.10019321726235603
3.150000000000004	0.10471975511965977	0	1	0.09493292384563433	0.6628418166808676	0.012729872255122641	-0.02876160538369651	0.9996629446848101	0.9997682780727689	-0.00033731125689602184	0	1.206602574764112	0.10628391747708268	0.10031865728702946
3.165000000000004	0.10471975511965977	0	1	0.095012204902799	0.6633272921504564	0.012685757790725456	-0.0287495635001221	0.999661935899572	0.9997672249567097	-0.0003350869991054024	0	1.206727152768336	0.10628391747708268	0.10044323529125333
3.180000000000004	0.10471975511965977	0	1	0.09509102582250972	0.6638100232833205	0.012641828334931555	-0.028737645664566387	0.9996609299762195	0.999766172296023	-0.00033288377935618247	0	1.206850877175143	0.10628391747708268	0.10056695969806038
3.1950000000000043	0.10471975511965977	0	1	0.09516939037587024	0.6642900318074412	0.012598083011431047	-0.02872585022031503	0.9996599269098734	0.9997651201146301	-0.00033070133098337285	0	1.2069737562982388	0.10628391747708268	0.10068983882115604
3.2100000000000044	0.10471975511965977	0	1	0.09524730229366725	0.6647673392029486	0.012554520943510852	-0.028714175529788125	0.9996589266955814	0.9997640684361647	-0.00032853939167081284	0	1.2070957983438038	0.10628391747708268	0.10081188086672117
3.2250000000000045	0.10471975511965977	0	1	0.09532476526692592	0.6652419667586824	0.012511141259744112	-0.028702619993650202	0.9996579293283204	0.9997630172839761	-0.00032639770341454853	0	1.2072170114122813	0.10628391747708268	0.10093309393519868
3.2400000000000047	0.10471975511965977	0	1	0.09540178294750196	0.6657139355252544	0.01246794308874926	-0.028691182028781948	0.9996569348029962	0.9997619666811306	-0.0003242760124840604	0	1.207337403500151	0.10628391747708268	0.1010534860230682
3.255000000000005	0.10471975511965977	0	1	0.09547835894870803	0.6661832663803209	0.012424925565692559	-0.028679860090806485	0.999655943114445	0.9997609166504142	-0.0003221740694068098	0	1.2074569825016923	0.10628391747708268	0.10117306502460971
3.270000000000005	0.10471975511965977	0	1	0.09555449684597145	0.6666499800670207	0.012382087835924122	-0.028668652686022672	0.9996549542574319	0.9997598672143345	-0.00032009162894702613	0	1.2075757562107399	0.10628391747708268	0.10129183873365713
3.285000000000005	0.10471975511965977	0	1	0.09563020017751848	0.6671140971319776	0.01233942904801693	-0.028657558343643988	0.9996539682266512	0.9997588183951224	-0.0003180284500812299	0	1.2076937323224235	0.10628391747708268	0.1014098148453408
3.300000000000005	0.10471975511965977	0	1	0.09570547244507871	0.6675756379414408	0.012296948354985376	-0.02864657561922991	0.9996529850167246	0.9997577702147347	-0.0003159842959836943	0	1.2078109184349004	0.10628391747708268	0.10152700095781764
3.3150000000000053	0.10471975511965977	0	1	0.09578031711460262	0.6680346227701297	0.012254644923120873	-0.02863570312719881	0.9996520046221995	0.9997567226948558	-0.00031395893400565795	0	1.2079273220510693	0.10628391747708268	0.10164340457398671
3.3300000000000054	0.10471975511965977	0	1	0.09585473761698259	0.6684910717709761	0.012212517928296668	-0.028624939526412343	0.9996510270375473	0.9997556758568996	-0.0003119521356345697	0	1.2080429505802681	0.10628391747708268	0.10175903310318535
3.3450000000000055	0.10471975511965977	0	1	0.09592873734876957	0.6689450049462158	0.012170566552411013	-0.02861428350660998	0.9996500522571616	0.9997546297220117	-0.0003099636764514016	0	1.2081578113399463	0.10628391747708268	0.1018738938628636
3.3600000000000056	0.10471975511965977	0	1	0.09600231967287402	0.6693964421735117	0.012128789985625436	-0.02860373379708245	0.9996490802753563	0.9997535843110708	-0.00030799333607824624	0	1.208271911557313	0.10628391747708268	0.10198799408023047
3.3750000000000058	0.10471975511965977	0	1	0.096075487919241	0.6698454031822012	0.012087187423383987	-0.02859328915596139	0.9996481110863634	0.9997525396446912	-0.0003060408981036059	0	1.2083852583709496	0.10628391747708268	0.10210134089386697
3.390000000000006	0.10471975511965977	0	1	0.09614824538548956	0.6702919076314398	0.01204575807417791	-0.028582948400402996	0.9996471446843324	0.9997514957432243	-0.0003041061500021965	0	1.2084978588323843	0.10628391747708268	0.10221394135530154
3.405000000000006	0.10471975511965977	0	1	0.09622059533750335	0.6707359750055861	0.01200450114815338	-0.028572710364718874	0.9996461810633286	0.9997504526267601	-0.00030218888301765493	0	1.2086097199076202	0.10628391747708268	0.10232580243053768
3.420000000000006	0.10471975511965977	0	1	0.09629254100996522	0.6711776246479885	0.011963415860326794	-0.028562573913909203	0.9996452202173332	0.9997494103151293	-0.0003002888920483371	0	1.208720848478616	0.10628391747708268	0.10243693100153338
3.4350000000000063	0.10471975511965977	0	1	0.0963640856068228	0.6716168757609488	0.011922501430322786	-0.02855253794425763	0.9996442621402436	0.9997483688279052	-0.0002984059755023224	0	1.2088312513447026	0.10628391747708268	0.10254733386762004
3.4500000000000064	0.10471975511965977	0	1	0.09643523230167889	0.6720537473798306	0.011881757079479735	-0.028542601374134818	0.9996433068258749	0.9997473281844048	-0.00029653993513438514	0	1.208940935223942	0.10628391747708268	0.10265701774685936
3.4650000000000065	0.10471975511965977	0	1	0.0965059842380976	0.6724882582932604	0.01184118202238671	-0.028532763113822475	0.9996423542679622	0.9997462884036914	-0.00029469057586516096	0	1.2090499067544127	0.10628391747708268	0.10276598927733006
3.4800000000000066	0.10471975511965977	0	1	0.09657634452982311	0.6729204271551992	0.011800775478688089	-0.028523022111852283	0.9996414044601641	0.9997452495045756	-0.00029285770560146456	0	1.209158172495425	0.10628391747708268	0.10287425501834234
3.4950000000000068	0.10471975511965977	0	1	0.0966463162609078	0.6733502723583615	0.011760536659911065	-0.028513377306895328	0.9996404573960675	0.9997442115056175	-0.0002910411350155767	0	1.2092657389286585	0.10628391747708268	0.10298182145157594
3.510000000000007	0.10471975511965977	0	1	0.09671590248575075	0.6737778120174683	0.011720464767942251	-0.02850382762343001	0.9996395130691932	0.9997431744251283	-0.00028924067734398224	0	1.2093726124592228	0.10628391747708268	0.10308869498214006
3.525000000000007	0.10471975511965977	0	1	0.09678510622905234	0.674203064036425	0.011680559002424415	-0.028494372000696606	0.9996385714730028	0.9997421382811724	-0.00028745614817966944	0	1.20947879941664	0.10628391747708268	0.10319488193955745
3.540000000000007	0.10471975511965977	0	1	0.09685393048569282	0.6746260459644162	0.011640818546057329	-0.028485009337817148	0.9996376326009074	0.9997411030915689	-0.000285687365250509	0	1.2095843060557578	0.10628391747708268	0.1033003885786751
3.5550000000000073	0.10471975511965977	0	1	0.09692237822054738	0.6750467750784533	0.01160124257377506	-0.028475738528457487	0.9996366964462755	0.9997400688738941	-0.00028393414823984613	0	1.2096891385575883	0.10628391747708268	0.10340522108050565
3.5700000000000074	0.10471975511965977	0	1	0.096992342047084	0.6753241353315086	0.011544680688209456	-0.02834553768719907	0.9996357370495774	0.9997390355160425	-0.00021046225040885014	0	1.2098040450890821	0.10628391747708268	0.10352012761199947
3.5850000000000075	0.10471975511965977	0	1	0.09705961010507241	0.6743953434104925	0.011364591401400781	-0.028134886683022726	0.9996348122350548	0.9997380030665961	-0.00024458298741388495	0	1.209906239571646	0.10628391747708268	0.10362232209456339
3.6000000000000076	0.10471975511965977	0	1	0.09712604732595014	0.6744591016653358	0.011289785810804781	-0.027959640216794594	0.9996338965399809	0.9997369717336184	-0.00026189697331188293	0	1.2100058300070131	0.10628391747708268	0.10372191252993056
3.6150000000000078	0.10471975511965977	0	1	0.09719206085066455	0.6748106166621717	0.011245689233730365	-0.027931142192083914	0.9996329844107377	0.9997359415690419	-0.0002602311117008617	0	1.2101045364044645	0.10628391747708268	0.10382061892738183
3.630000000000008	0.10471975511965977	0	1	0.09725772169869228	0.6752163358761569	0.011207668094481205	-0.027935825890220704	0.999632074900395	0.9997349125919982	-0.00026112598256767806	0	1.2102026801063874	0.10628391747708268	0.10391876262930481
3.645000000000008	0.10471975511965977	0	1	0.09732303608055791	0.6756209372964522	0.011169901055930916	-0.027934809373370027	0.9996311679532045	0.999733884816452	-0.0002611235085431673	0	1.2103002864322503	0.10628391747708268	0.1040163689551677
3.660000000000008	0.10471975511965977	0	1	0.09738801128358163	0.6760263994306204	0.011132587957956998	-0.027933557047151718	0.9996302634975807	0.9997328582555947	-0.0002606259704510528	0	1.2103973779224195	0.10628391747708268	0.10411346044533684
3.6750000000000083	0.10471975511965977	0	1	0.09745265029681009	0.6764298672293587	0.011095425877555916	-0.027931430407270627	0.9996293615210109	0.999731832922069	-0.00025990684306066903	0	1.2104939577377825	0.10628391747708268	0.10421004026069983
3.6900000000000084	0.10471975511965977	0	1	0.09751695499077215	0.6768306215187605	0.011058337745419158	-0.02792834170514933	0.9996284620262262	0.9997308088283435	-0.0002590277859346096	0	1.2105900241469452	0.10628391747708268	0.10430610666986252
3.7050000000000085	0.10471975511965977	0	1	0.09758092712263043	0.6772286926795137	0.011021325403048295	-0.027924518040659298	0.999627565017276	0.9997297859867965	-0.00025803889545742884	0	1.2106855752015109	0.10628391747708268	0.10440165772442822
3.7200000000000086	0.10471975511965977	0	1	0.09764456846694163	0.6776241761985364	0.01098439750353608	-0.027920123841420477	0.9996266704977045	0.9997287644097205	-0.0002569722562473666	0	1.210780609400527	0.10628391747708268	0.10449669192344427
3.7350000000000088	0.10471975511965977	0	1	0.0977078808618213	0.6780171833795968	0.010947564274052898	-0.027915288216500005	0.9996257784698952	0.9997277441093154	-0.00025584865165520325	0	1.2108751258856414	0.10628391747708268	0.1045912084085588
3.750000000000009	0.10471975511965977	0	1	0.09777086620725528	0.6784078133528048	0.010910834575833077	-0.027910110336491895	0.9996248889350844	0.9997267250976779	-0.00025468266659807085	0	1.2109691244079777	0.10628391747708268	0.10468520693089489
3.765000000000009	0.10471975511965977	0	1	0.09783352645141204	0.6787961474910114	0.010874215334066399	-0.02790466507993725	0.9996240018935446	0.9997257073867917	-0.00025348484730072747	0	1.2110626052388271	0.10628391747708268	0.10477868776174448
3.780000000000009	0.10471975511965977	0	1	0.0978958635776104	0.6791822523667873	0.010837711864698181	-0.027899009707348287	0.999623117344762	0.9997246909885198	-0.0002522630329704449	0	1.2111555690842264	0.10628391747708268	0.10487165160714368
3.7950000000000093	0.10471975511965977	0	1	0.09795787959373928	0.6795661830030011	0.010801328229116725	-0.02789318860783419	0.9996222352875813	0.9997236759145991	-0.0002510231901744665	0	1.2112480170127535	0.10628391747708268	0.10496409953567089
3.8100000000000094	0.10471975511965977	0	1	0.09801957652414613	0.6799479856356201	0.010765067534566707	-0.02788723667164833	0.9996213557203188	0.9997226621766357	-0.0002497699471714593	0	1.211339950396754	0.10628391747708268	0.10505603291967121
3.8250000000000095	0.10471975511965977	0	1	0.09808095640353366	0.6803276999055488	0.010728932172101968	-0.02788118171763711	0.9996204786408467	0.9997216497861009	-0.0002485069519778781	0	1.2114313708647835	0.10628391747708268	0.10514745338770089
3.8400000000000096	0.10471975511965977	0	1	0.0981420212723737	0.6807053603853206	0.010692923982775944	-0.027875046190101626	0.9996196040466577	0.9997206387543291	-0.00024723711944200536	0	1.2115222802628831	0.10628391747708268	0.10523836278580048
3.8550000000000098	0.10471975511965977	0	1	0.09820277317344482	0.6810809977916462	0.010657044389440873	-0.02786884842203628	0.9996187319349147	0.9997196290925152	-0.0002459628060458514	0	1.2116126806227234	0.10628391747708268	0.10532876314564077
3.87000000000001	0.10471975511965977	0	1	0.09826321414919582	0.6814546397644242	0.010621294481970994	-0.0278626035163775	0.9996178623024892	0.999718620811713	-0.00024468593628231163	0	1.211702574135127	0.10628391747708268	0.10541865665804445
3.88500000000001	0.10471975511965977	0	1	0.09832334623971696	0.6818263115584298	0.01058567509256398	-0.027856324046519224	0.9996169951459903	0.999717613922834	-0.00024340809578180994	0	1.2117919631278378	0.10628391747708268	0.1055080456507551
3.90000000000001	0.10471975511965977	0	1	0.0983831714811588	0.6821960364797635	0.01055018684366825	-0.027850020551905025	0.9996161304617901	0.999716608436646	-0.0002421306010504613	0	1.2118808500466867	0.10628391747708268	0.10559693256960402
3.9150000000000102	0.10471975511965977	0	1	0.09844269190447927	0.6825638362900236	0.01051483019211575	-0.02784370194592478	0.9996152682460415	0.9997156043637727	-0.00024085455248819442	0	1.2119692374395064	0.10628391747708268	0.10568531996242363
3.9300000000000104	0.10471975511965977	0	1	0.09850190953443151	0.6829297314287713	0.01047960545386191	-0.027837375796695825	0.9996144084946957	0.9997146017146926	-0.00023958087520651604	0	1.2120571279422887	0.10628391747708268	0.10577321046520602
3.9450000000000105	0.10471975511965977	0	1	0.09856082638872961	0.6832937412797085	0.010444512833102035	-0.027831048584193774	0.9996135512035155	0.9997136004997388	-0.00023831035084840812	0	1.2121445242671998	0.10628391747708268	0.10586060679011722
3.9600000000000106	0.10471975511965977	0	1	0.09861944447734187	0.6836558843316717	0.010409552440176398	-0.027824725884667834	0.9996126963680873	0.9997126007290986	-0.00023704364264262817	0	1.2122314291921361	0.10628391747708268	0.10594751171505354
3.9750000000000107	0.10471975511965977	0	1	0.09867776580187891	0.6840161782491428	0.010374724299849265	-0.027818412495430066	0.999611843983832	0.9997116024128132	-0.0002357813153314934	0	1.212317845551578	0.10628391747708268	0.10603392807449531
3.990000000000011	0.10471975511965977	0	1	0.09873579235505017	0.6843746400321968	0.01034002836890413	-0.02781211257680681	0.9996109940460155	0.9997106055607773	-0.0002345238511755321	0	1.2124037762285402	0.10628391747708268	0.10611985875145762
4.0050000000000106	0.10471975511965977	0	1	0.09879352612016953	0.6847312860937009	0.010305464544982386	-0.027805829746902194	0.9996101465497577	0.9997096101827397	-0.00023327166289416348	0	1.2124892241474559	0.10628391747708268	0.10620530667037324
4.02000000000001	0.10471975511965977	0	1	0.09885096907069654	0.685086132329181	0.01027103267460746	-0.027799567162145714	0.9996093014900412	0.9997086162883028	-0.00023202510422193101	0	1.212574192267858	0.10628391747708268	0.10629027479077517
4.03500000000001	0.10471975511965977	0	1	0.09890812316980381	0.6854391941109905	0.010236732553221363	-0.02779332755878832	0.9996084588617205	0.9997076238869226	-0.00023078447857140274	0	1.2126586835787516	0.10628391747708268	0.10637476610166886
4.05000000000001	0.10471975511965977	0	1	0.09896499036996181	0.6857904863915405	0.01020256393666305	-0.027787113330466944	0.99960761865953	0.9997066329879096	-0.00022955004620651233	0	1.2127427010935803	0.10628391747708268	0.10645878361649756
4.065000000000009	0.10471975511965977	0	1	0.09902157261253641	0.6861400237660125	0.010168526548373094	-0.027780926583845646	0.9996067808780927	0.9997056436004287	-0.00022832203019512216	0	1.2128262478457092	0.10628391747708268	0.10654233036862665
4.080000000000009	0.10471975511965977	0	1	0.0990778718273952	0.6864878204053865	0.01013462007295736	-0.027774769138070577	0.9996059455119286	0.9997046557334993	-0.00022710062138486985	0	1.2129093268843611	0.10628391747708268	0.10662540940727842
4.095000000000009	0.10471975511965977	0	1	0.09913388993251963	0.6868338901167306	0.010100844163120098	-0.027768642570818677	0.9996051125554625	0.9997036693959963	-0.00022588598259945235	0	1.2129919412709453	0.10628391747708268	0.10670802379386268
4.110000000000008	0.10471975511965977	0	1	0.0991896288336221	0.6871782464269105	0.01006719844905258	-0.027762548270404818	0.9996042820030326	0.9997026845966503	-0.00022467825217890164	0	1.2130740940757372	0.10628391747708268	0.10679017659865453
4.125000000000008	0.10471975511965977	0	1	0.09924509042376796	0.6875209025191256	0.010033682532347626	-0.027756487426805854	0.9996034538488993	0.9997017013440483	-0.0002234775469775025	0	1.2131557883748623	0.10628391747708268	0.10687187089777964
4.140000000000008	0.10471975511965977	0	1	0.09930027658300297	0.6878618712282213	0.010000295986085705	-0.027750461043695347	0.9996026280872522	0.9997007196466345	-0.0002222839649331538	0	1.2132370272475534	0.10628391747708268	0.1069531097704709
4.155000000000007	0.10471975511965977	0	1	0.09935518917799012	0.6882011652168913	0.009967038373921419	-0.02774447002030405	0.9996018047122196	0.9996997395127107	-0.00022109758728088876	0	1.2133178137736524	0.10628391747708268	0.10703389629656984
4.170000000000007	0.10471975511965977	0	1	0.09940983006165831	0.6885387966966203	0.009933909221306332	-0.02773851505090407	0.9996009837178759	0.9996987609504377	-0.00021991848042050697	0	1.2133981510313283	0.10628391747708268	0.10711423355424558
4.185000000000007	0.10471975511965977	0	1	0.09946420107286748	0.6888747777917065	0.00990090805428153	-0.027732596777972594	0.9996001650982493	0.9996977839678358	-0.00021874669760873805	0	1.213478042094994	0.10628391747708268	0.10719412461791127
4.200000000000006	0.10471975511965977	0	1	0.09951830403609617	0.6892091202308764	0.009868034367569424	-0.027726715677169483	0.9995993488473304	0.9996968085727858	-0.0002175822803475641	0	1.213557490033404	0.10628391747708268	0.10727357255632146
4.215000000000006	0.10471975511965977	0	1	0.09957214076115738	0.6895418355444433	0.009835287645764787	-0.027720872141759393	0.9995985349590779	0.9996958347730301	-0.00021642525968273112	0	1.2136364979079173	0.10628391747708268	0.10735258043083473
4.230000000000006	0.10471975511965977	0	1	0.0996257130429471	0.6898729350795821	0.009802667365368126	-0.02771506649373891	0.9995977234274269	0.9996948625761741	-0.000215275657302184	0	1.2137150687709126	0.10628391747708268	0.1074311512938299
4.245000000000005	0.10471975511965977	0	1	0.09967902266123306	0.6902024298616111	0.00977017298058256	-0.02770929893292778	0.999596914246294	0.9996938919896868	-0.00021413348651840155	0	1.2137932056643475	0.10628391747708268	0.10750928818726486
4.260000000000005	0.10471975511965977	0	1	0.09973207138048759	0.6905303307855261	0.009737803943766228	-0.027703569616240258	0.9995961074095835	0.9996929230209026	-0.00021299875317380614	0	1.2138709116184536	0.10628391747708268	0.10758699414137096
4.275000000000005	0.10471975511965977	0	1	0.09978486094976763	0.6908566485554227	0.0097055596993263	-0.027697878636184413	0.9995953029111917	0.9996919556770218	-0.00021187145641993278	0	1.2139481896505542	0.10628391747708268	0.10766427217347156
4.2900000000000045	0.10471975511965977	0	1	0.09983739310264658	0.691181393645436	0.009673439679808743	-0.027692226007255603	0.9995945007450117	0.9996909899651127	-0.00021075158943723924	0	1.2140250427640045	0.10628391747708268	0.10774112528692179
4.305000000000004	0.10471975511965977	0	1	0.0998896695571975	0.6915045764113034	0.009641443317753497	-0.02768661171158086	0.9995937009049358	0.9996900258921123	-0.00020963914009642937	0	1.2141014739472429	0.10628391747708268	0.10781755647016032
4.320000000000004	0.10471975511965977	0	1	0.09994169201602791	0.6918262070848616	0.009609570045179122	-0.027681035697649643	0.9995929033848588	0.9996890634648278	-0.0002085340915418518	0	1.214177486172949	0.10628391747708268	0.10789356869586642
4.3350000000000035	0.10471975511965977	0	1	0.09999346216636516	0.6921462957286797	0.009577819288812899	-0.027675497862941708	0.9995921081786793	0.999688102689938	-0.00020743642272762477	0	1.214253082397301	0.10628391747708268	0.1079691649202183
4.350000000000003	0.10471975511965977	0	1	0.10004498168018747	0.6924648523023718	0.009546190476999103	-0.027669998080584544	0.9995913152803003	0.9996871435739947	-0.0002063461089148285	0	1.214328265559326	0.10628391747708268	0.10804434808224322
4.365000000000003	0.10471975511965977	0	1	0.10009625221439826	0.6927818866822897	0.009514683041651512	-0.02766453620738723	0.9995905246836303	0.9996861861234235	-0.00020526312211273026	0	1.2144030385803384	0.10628391747708268	0.10811912110325562
4.380000000000003	0.10471975511965977	0	1	0.10014727541103569	0.6930974086437313	0.009483296416219575	-0.02765911207690447	0.9995897363825824	0.9996852303445259	-0.000204187431480575	0	1.214477404363456	0.10628391747708268	0.10819348688637341
4.395000000000002	0.10471975511965977	0	1	0.10019805289751328	0.6934114278767323	0.009452030037143164	-0.02765372550580628	0.9995889503710735	0.9996842762434799	-0.00020311900369261615	0	1.214551365793192	0.10628391747708268	0.10826744831610922
4.410000000000002	0.10471975511965977	0	1	0.10024858628688285	0.6937239540346622	0.009420883348725095	-0.027648376313305623	0.999588166643023	0.9996833238263415	-0.00020205780326819703	0	1.2146249257351085	0.10628391747708268	0.10834100825802585
4.425000000000002	0.10471975511965977	0	1	0.10029887717811313	0.6940349966715127	0.009389855796282626	-0.02764306429648183	0.9995873851923515	0.999682373099046	-0.0002010037928554425	0	1.214698087035534	0.10628391747708268	0.10841416955845139
4.440000000000001	0.10471975511965977	0	1	0.10034892715637757	0.6943445653470327	0.009358946836926868	-0.027637789272300338	0.9995866060129786	0.9996814240674092	-0.00019995693350302745	0	1.2147708525213294	0.10628391747708268	0.10848693504424682
4.455000000000001	0.10471975511965977	0	1	0.10039873779334346	0.6946526694813776	0.009328155924011317	-0.027632551020349817	0.9995858290988217	0.9996804767371286	-0.00019891718486935494	0	1.2148432249997019	0.10628391747708268	0.10855930752261915
4.470000000000001	0.10471975511965977	0	1	0.1004483106474567	0.6949593184787493	0.009297482519855765	-0.02762734933242764	0.9995850544437933	0.999679531113784	-0.00019788450544227528	0	1.2149152072580558	0.10628391747708268	0.10863128978097311
4.485	0.10471975511965977	0	1	0.10049764726421706	0.6952645217811023	0.009266926101130238	-0.027622184034459225	0.9995842820418	0.9996785872028399	-0.0001968588527062377	0	1.2149868020638799	0.10628391747708268	0.1087028845867973
4.5	0.10471975511965977	0	1	0.10054674917643956	0.6955682886617912	0.009236486136921088	-0.0276170549053362	0.9995835118867408	0.9996776450096447	-0.00019584018327518048	0	1.2150580121646615	0.10628391747708268	0.10877409468757884
4.515	0.10471975511965977	0	1	0.1005956179044985	0.6958706284027694	0.009206162107130433	-0.027611961747974166	0.9995827439725049	0.9996767045394339	-0.00019482845304724403	0	1.2151288402878235	0.10628391747708268	0.10884492281074097
4.529999999999999	0.10471975511965977	0	1	0.10064425495655277	0.6961715501892443	0.00917595349120083	-0.027606904348300192	0.9995819782929718	0.9996757657973294	-0.0001938236172939383	0	1.215199289140684	0.10628391747708268	0.10891537166360123
4.544999999999999	0.10471975511965977	0	1	0.1006926618287511	0.6964710631948712	0.009145859776890516	-0.02760188250983506	0.9995812148420096	0.9996748287883412	-0.00019282563076856112	0	1.2152693614104286	0.10628391747708268	0.10898544393334589
4.559999999999999	0.10471975511965977	0	1	0.10074084000541816	0.6967691765291235	0.009115880454585418	-0.027596896033559613	0.9995804536134746	0.9996738935173687	-0.00019183444777682923	0	1.2153390597641018	0.10628391747708268	0.10905514228701922
4.574999999999998	0.10471975511965977	0	1	0.1007887909592218	0.6970658992500692	0.00908601501850817	-0.027591944723664878	0.999579694601211	0.999672959989201	-0.00019085002225291813	0	1.2154083868486063	0.10628391747708268	0.10912446937152356
4.589999999999998	0.10471975511965977	0	1	0.10083651615132457	0.697361240289565	0.009056262958740638	-0.027587028358461576	0.9995789377990509	0.9996720282085185	-0.0001898723078136927	0	1.215477345290715	0.10628391747708268	0.10919342781363231
4.604999999999998	0.10471975511965977	0	1	0.10088401703152075	0.6976552085770837	0.009026623774140582	-0.027582146739989447	0.999578183200814	0.9996710981798935	-0.0001889012578287087	0	1.2155459376970927	0.10628391747708268	0.10926202022001004
4.619999999999997	0.10471975511965977	0	1	0.10093129503836351	0.6979478129166978	0.008997096959325629	-0.02757729964559335	0.9995774308003081	0.9996701699077913	-0.00018793682545219847	0	1.2156141666543283	0.10628391747708268	0.10933024917724557
4.634999999999997	0.10471975511965977	0	1	0.100978351599282	0.6982390621501139	0.008967682021733578	-0.027572486892860504	0.9995766805913293	0.999669243396571	-0.0001869789636907277	0	1.2156820347289734	0.10628391747708268	0.10939811725189073
4.649999999999997	0.10471975511965977	0	1	0.10102518813069539	0.6985289648975839	0.008938378454319162	-0.0275677082369561	0.9995759325676623	0.9996683186504867	-0.00018602762541762599	0	1.2157495444675943	0.10628391747708268	0.10946562699051168
4.6649999999999965	0.10471975511965977	0	1	0.10107180603812135	0.6988175298441128	0.008909185765568983	-0.027562963484233323	0.9995751867230809	0.9996673956736879	-0.0001850827634533443	0	1.2158166983968288	0.10628391747708268	0.10953278091974623
4.679999999999996	0.10471975511965977	0	1	0.10111820671628569	0.6991047655385848	0.008880103458320382	-0.027558252412457504	0.9995744430513481	0.9996664744702213	-0.0001841443305694857	0	1.215883499023456	0.10628391747708268	0.10959958154637328
4.694999999999996	0.10471975511965977	0	1	0.10116439154923043	0.6993906804900705	0.008851131039815288	-0.0275535748089195	0.9995737015462172	0.999665555044031	-0.00018321227955117844	0	1.2159499488344712	0.10628391747708268	0.10966603135738862
4.7099999999999955	0.10471975511965977	0	1	0.10121036191042523	0.699675283139167	0.008822268018615131	-0.027548930458867343	0.9995729622014307	0.9996646373989595	-0.0001822865632232428	0	1.2160160502971746	0.10628391747708268	0.10973213282009209
4.724999999999995	0.10471975511965977	0	1	0.10125611916287909	0.6999585818288394	0.008793513901461047	-0.02754431913371574	0.999572225010722	0.9996637215387489	-0.00018136713448606642	0	1.2160818058592635	0.10628391747708268	0.10979788838218092
4.739999999999995	0.10471975511965977	0	1	0.10130166465925557	0.7002405849323855	0.008764868206643447	-0.027539740641590482	0.9995714899678148	0.999662807467042	-0.00018045394635878652	0	1.216147217948936	0.10628391747708268	0.10986330047185336
4.754999999999995	0.10471975511965977	0	1	0.10134699974198938	0.7005213006411756	0.008736330441609402	-0.027535194742846894	0.9995707570664228	0.9996618951873821	-0.00017954695198763005	0	1.216212288975001	0.10628391747708268	0.10992837149791844
4.769999999999994	0.10471975511965977	0	1	0.10139212574340457	0.7008007371798954	0.008707900125499393	-0.027530681235227037	0.9995700263002513	0.9996609847032153	-0.00017864610470381056	0	1.216277021326996	0.10628391747708268	0.1099931038499134
4.784999999999994	0.10471975511965977	0	1	0.10143704398583378	0.7010789026860995	0.008679576776399384	-0.02752619990582959	0.9995692976629952	0.9996600760178904	-0.00017775135802554516	0	1.2163414173753095	0.10628391747708268	0.11005749989822698
4.799999999999994	0.10471975511965977	0	1	0.1014817557817376	0.7013558052379327	0.008651359914164575	-0.027521750541878824	0.9995685711483403	0.9996591691346602	-0.00017686266569269234	0	1.2164054794713117	0.10628391747708268	0.11012156199422905
4.814999999999993	0.10471975511965977	0	1	0.10152626243382341	0.7016314528627529	0.008623249061235724	-0.02751733293395667	0.9995678467499632	0.9996582640566823	-0.00017597998168552957	0	1.216469209947487	0.10628391747708268	0.11018529247040426
4.829999999999993	0.10471975511965977	0	1	0.10157056523516211	0.7019058535457208	0.008595243743453565	-0.027512946879228745	0.9995671244615308	0.99965736078702	-0.0001751032602425405	0	1.2165326111175723	0.10628391747708268	0.11024869364048966
4.844999999999993	0.10471975511965977	0	1	0.1016146654693032	0.7021790151882392	0.008567343485603271	-0.02750859216480487	0.9995664042767003	0.9996564593286427	-0.00017423245587247976	0	1.2165956852766993	0.10628391747708268	0.11031176779961653
4.859999999999992	0.10471975511965977	0	1	0.10165856441038547	0.7024509456731995	0.008539547818189622	-0.027504268593512377	0.9995656861891197	0.9996555596844274	-0.00017336752337333722	0	1.216658434701536	0.10628391747708268	0.11037451722445323
4.874999999999992	0.10471975511965977	0	1	0.10170226332324496	0.7027216528344272	0.00851185627414558	-0.02749997597167487	0.9995649701924272	0.9996546618571591	-0.00017250841783606586	0	1.2167208616504337	0.10628391747708268	0.1104369441733511
4.889999999999992	0.10471975511965977	0	1	0.10174576346351644	0.7029911444299966	0.008484268385955021	-0.0274957140984793	0.9995642562802519	0.9996537658495319	-0.00017165509465180435	0	1.2167829683635727	0.10628391747708268	0.11049905088648992
4.904999999999991	0.10471975511965977	0	1	0.10178906607773072	0.7032594281417319	0.008456783685532085	-0.02749148276573157	0.9995635444462136	0.9996528716641494	-0.0001708075095178956	0	1.2168447570631078	0.10628391747708268	0.11056083958602515
4.919999999999991	0.10471975511965977	0	1	0.1018321724034049	0.7035265116817728	0.008429401715361773	-0.027487281800137073	0.9995628346839233	0.9996519793035261	-0.0001699656184476554	0	1.2169062299533158	0.10628391747708268	0.11062231247623305
4.934999999999991	0.10471975511965977	0	1	0.1018750836691265	0.703792402574021	0.00840212200547634	-0.027483110976618232	0.9995621269869831	0.9996510887700875	-0.00016912937774812893	0	1.216967389220739	0.10628391747708268	0.11068347174365635
4.94999999999999	0.10471975511965977	0	1	0.10191780109463038	0.7040571084284915	0.008374944102246193	-0.027478970127190964	0.9995614213489872	0.9996502000661714	-0.00016829874405218314	0	1.21702823703433	0.10628391747708268	0.1107443195572474
4.96499999999999	0.10471975511965977	0	1	0.10196032589086858	0.7043206367148444	0.00834786754454138	-0.02747485905118828	0.999560717763522	0.9996493131940287	-0.00016747367427980984	0	1.2170887755455921	0.10628391747708268	0.11080485806850938
4.97999999999999	0.10471975511965977	0	1	0.10200265926007283	0.704582994841753	0.008320891872046016	-0.027470777546824227	0.999560016224167	0.999648428155824	-0.0001666541256555111	0	1.217149006888718	0.10628391747708268	0.11086508941163543
4.9949999999999894	0.10471975511965977	0	1	0.10204480239580968	0.7048441902206396	0.00829401663193878	-0.027466725436566742	0.9995593167244955	0.9996475449536363	-0.00016584005569842477	0	1.2172089331807274	0.10628391747708268	0.11092501570364467
5.009999999999989	0.10471975511965977	0	1	0.10208675648302842	0.705104230150066	0.008267241366731959	-0.027462702521371223	0.9995586192580751	0.9996466635894601	-0.0001650314222040743	0	1.2172685565215977	0.10628391747708268	0.11098463904451507
5.024999999999989	0.10471975511965977	0	1	0.10212852269810242	0.7053631218680415	0.008240565619767312	-0.027458708601532274	0.9995579238184694	0.9996457840652058	-0.00016422818324701507	0	1.2173278789943962	0.10628391747708268	0.11104396151731355
5.0399999999999885	0.10471975511965977	0	1	0.10217010220886341	0.7056208725662124	0.00821398893671392	-0.027454743482412745	0.9995572303992382	0.9996449063827011	-0.00016343029716924732	0	1.2173869026654043	0.10628391747708268	0.11110298518832158
5.054999999999988	0.10471975511965977	0	1	0.10221149617463024	0.7058774894025361	0.00818751086691323	-0.027450806979576126	0.999556538993939	0.9996440305436911	-0.00016263772257058806	0	1.2174456295842415	0.10628391747708268	0.11116171210715876
5.069999999999988	0.10471975511965977	0	1	0.10225270574623191	0.7061329793832472	0.008161130950993148	-0.02744689887202549	0.9995558495961286	0.9996431565498396	-0.00016185041829082307	0	1.2175040617839845	0.10628391747708268	0.11122014430690183
5.0849999999999875	0.10471975511965977	0	1	0.10229373206602574	0.7063873495691685	0.008134848742577777	-0.027443018984153657	0.9995551621993636	0.9996422844027297	-0.00016106834342313105	0	1.2175622012812832	0.10628391747708268	0.11127828380420049
5.099999999999987	0.10471975511965977	0	1	0.10233457626791181	0.7066406068336492	0.008108663782875725	-0.027439167089737385	0.9995544767972023	0.9996414141038645	-0.00016029145727296164	0	1.2176200500764736	0.10628391747708268	0.11133613259939086
5.114999999999987	0.10471975511965977	0	1	0.10237523947734403	0.7068927580630449	0.008082575621784993	-0.02743534299153488	0.9995537933832058	0.9996405456546683	-0.00015951971938241705	0	1.2176776101536875	0.10628391747708268	0.1113936926766049
5.129999999999987	0.10471975511965977	0	1	0.10241572281133823	0.7071438100662925	0.00805658380842618	-0.027431546485418627	0.99955311195094	0.999639679056487	-0.00015875308950083708	0	1.2177348834809598	0.10628391747708268	0.11145096600387709
5.144999999999986	0.10471975511965977	0	1	0.10245602737847968	0.7073937695446771	0.00803068788800225	-0.0274277773483729	0.9995524324939759	0.9996388143105892	-0.00015799152758385452	0	1.2177918720103322	0.10628391747708268	0.11150795453324963
5.159999999999986	0.10471975511965977	0	1	0.10249615427892873	0.7076426431714438	0.008004887410205386	-0.027424035370055642	0.999551755005892	0.9996379514181669	-0.00015723499379449173	0	1.2178485776779573	0.10628391747708268	0.1115646602008746
5.174999999999986	0.10471975511965977	0	1	0.10253610460442728	0.7078904375542491	0.007979181925308429	-0.02742032033782251	0.9995510794802758	0.9996370903803365	-0.00015648344849044925	0	1.2179050024041969	0.10628391747708268	0.11162108492711412
5.189999999999985	0.10471975511965977	0	1	0.10257587943830558	0.7081371592314446	0.007953570983811137	-0.02741663203520187	0.9995504059107244	0.9996362311981394	-0.0001557368522238961	0	1.2179611480937225	0.10628391747708268	0.11167723061663977
5.204999999999985	0.10471975511965977	0	1	0.10261547985549088	0.7083828146190475	0.007928054130900752	-0.027412970220710736	0.9995497342908466	0.999635373872543	-0.0001549951657356332	0	1.218017016635613	0.10628391747708268	0.11173309915853044
5.219999999999985	0.10471975511965977	0	1	0.10265490692251789	0.7086274101647368	0.007902630922668907	-0.02740933468884049	0.999549064614264	0.9996345184044415	-0.0001542583499675373	0	1.2180726099034516	0.10628391747708268	0.11178869242636888
5.234999999999984	0.10471975511965977	0	1	0.10269416169754265	0.7088709521895913	0.007877300909504018	-0.02740572520709814	0.9995483968746118	0.9996336647946571	-0.00015352636604179875	0	1.218127929755422	0.10628391747708268	0.11184401227833922
5.249999999999984	0.10471975511965977	0	1	0.10273324523035947	0.7091134469408304	0.007852063641656734	-0.02740214153674662	0.9995477310655413	0.9996328130439401	-0.00015279917527770762	0	1.2181829780344056	0.10628391747708268	0.11189906055732292
5.264999999999984	0.10471975511965977	0	1	0.10277215856242133	0.709354900638923	0.007826918674208053	-0.02739858345129391	0.9995470671807193	0.9996319631529708	-0.0001520767391918418	0	1.2182377565680782	0.10628391747708268	0.1119538390909955
5.279999999999983	0.10471975511965977	0	1	0.10281090272686552	0.7095953194366861	0.007801865562780411	-0.027395050720037412	0.9995464052138308	0.9996311151223592	-0.00015135901949604502	0	1.218292267169007	0.10628391747708268	0.11200834969192447
5.294999999999983	0.10471975511965977	0	1	0.10284947874854261	0.7098347094223509	0.007776903863864676	-0.027391543109046925	0.9995457451585787	0.999630268952647	-0.00015064597810577517	0	1.2183465116347494	0.10628391747708268	0.11206259415766669
5.309999999999983	0.10471975511965977	0	1	0.10288788764405132	0.7100730766308694	0.00775203313600549	-0.027388060385377926	0.9995450870086855	0.9996294246443076	-0.0001499375771446834	0	1.2184004917479507	0.10628391747708268	0.11211657427086817
5.324999999999982	0.10471975511965977	0	1	0.10292613042177716	0.710310427025752	0.00772725293788365	-0.027384602309610886	0.9995444307578936	0.9996285821977474	-0.00014923377894844635	0	1.2184542092764465	0.10628391747708268	0.11217029179936382
5.339999999999982	0.10471975511965977	0	1	0.10296420808193676	0.7105467664989954	0.007702562828291903	-0.02738116863553232	0.999543776399966	0.9996277416133069	-0.00014853454607267145	0	1.2185076659733622	0.10628391747708268	0.11222374849627967
5.354999999999982	0.10471975511965977	0	1	0.10300212161662686	0.7107821009739013	0.0076779623769187705	-0.027377759150643464	0.9995431239286876	0.9996269028912608	-0.00014783984130672977	0	1.2185608635772185	0.10628391747708268	0.1122769461001359
5.3699999999999815	0.10471975511965977	0	1	0.10303987200987791	0.7110164362150762	0.0076534511443488995	-0.027374373600485828	0.9995424733378643	0.9996260660318196	-0.00014714962766066634	0	1.2186138038120349	0.10628391747708268	0.11232988633495217
5.384999999999981	0.10471975511965977	0	1	0.10307746023771219	0.7112497780119305	0.007629028701313642	-0.02737101176114494	0.9995418246213248	0.9996252310351301	-0.00014646386839913106	0	1.218666488387436	0.10628391747708268	0.11238257091035339
5.399999999999981	0.10471975511965977	0	1	0.10311488726820661	0.7114821320651099	0.007604694616711885	-0.027367673393901858	0.9995411777729201	0.9996243979012766	-0.00014578252702634084	0	1.2187189189987622	0.10628391747708268	0.11243500152167948
5.4149999999999805	0.10471975511965977	0	1	0.10315215406155927	0.7117135040397135	0.007580448463155323	-0.027364358266051533	0.9995405327865238	0.9996235666302808	-0.00014510556730699676	0	1.218771097327177	0.10628391747708268	0.11248717985009438
5.42999999999998	0.10471975511965977	0	1	0.1031892615701591	0.7119438995665037	0.007556289817043038	-0.027361066151098557	0.9995398896560325	0.9996227372221044	-0.00014443295326839708	0	1.2188230250397807	0.10628391747708268	0.11253910756269793
5.44499999999998	0.10471975511965977	0	1	0.10322621073865963	0.7121733242182777	0.007532218256019296	-0.027357796819103487	0.9995392483753657	0.9996219096766478	-0.00014376464920625356	0	1.218874703789722	0.10628391747708268	0.11259078631263941
5.4599999999999795	0.10471975511965977	0	1	0.10326300250405489	0.7124017835438113	0.007508233362479397	-0.027354550049871088	0.9995386089384659	0.9996210839937527	-0.0001431006196950191	0	1.218926135216315	0.10628391747708268	0.11264221773923226
5.474999999999979	0.10471975511965977	0	1	0.10329963779575764	0.7126292829957505	0.0074843347159251755	-0.02735132560409649	0.9995379713392982	0.9996202601732019	-0.00014244082958594041	0	1.2189773209451529	0.10628391747708268	0.1126934034680702
5.489999999999979	0.10471975511965977	0	1	0.10333611753567946	0.7128558280315616	0.0074605219035067255	-0.02734812326315006	0.9995373355718509	0.9996194382147205	-0.00014178524402523352	0	1.2190282625882267	0.10628391747708268	0.11274434511114403
5.504999999999979	0.10471975511965977	0	1	0.10337244263831237	0.7130814240836527	0.007436794516811035	-0.027344942817003157	0.9995367016301345	0.9996186181179769	-0.00014113382844860385	0	1.2190789617440432	0.10628391747708268	0.11279504426696049
5.519999999999978	0.10471975511965977	0	1	0.10340861401081107	0.7133060765256916	0.007413152148249322	-0.027341784050622497	0.9995360695081822	0.9996177998825828	-0.00014048654858628477	0	1.2191294199977438	0.10628391747708268	0.11284550252066114
5.534999999999978	0.10471975511965977	0	1	0.10344463255307593	0.7135297906693407	0.0073895943906400335	-0.027338646742471197	0.9995354392000492	0.9996169835080948	-0.00013984337046859087	0	1.2191796389212244	0.10628391747708268	0.11289572144414176
5.549999999999978	0.10471975511965977	0	1	0.10348049915783643	0.713752571818924	0.007366120842879409	-0.027335530685980828	0.999534810699813	0.999616168994015	-0.00013920426043183176	0	1.219229620073256	0.10628391747708268	0.11294570259617334
5.564999999999977	0.10471975511965977	0	1	0.10351621471073397	0.7139744252409624	0.007342731106664641	-0.027332435677268823	0.9995341840015726	0.9996153563397913	-0.00013856918511576382	0	1.2192793649996048	0.10628391747708268	0.11299544752252216
5.579999999999977	0.10471975511965977	0	1	0.10355178009040551	0.7141953561113202	0.007319424780862449	-0.027329361493960633	0.9995335590994486	0.9996145455448187	-0.00013793811146390543	0	1.2193288752331535	0.10628391747708268	0.1130449577560709
5.594999999999977	0.10471975511965977	0	1	0.10358719616856614	0.7144153696613226	0.0072962014767910255	-0.027326307952982774	0.9995329359875829	0.9996137366084398	-0.00013731100673884826	0	1.2193781522940226	0.10628391747708268	0.11309423481694
5.609999999999976	0.10471975511965977	0	1	0.10362246381009176	0.7146344710537333	0.007273060805108644	-0.027323274861145535	0.9995323146601383	0.9996129295299455	-0.00013668783850440157	0	1.2194271976896913	0.10628391747708268	0.11314328021260861
5.624999999999976	0.10471975511965977	0	1	0.10365758387310217	0.7148526653316898	0.007250002370369019	-0.027320261994670525	0.9995316951112978	0.9996121243085759	-0.00013606857463420674	0	1.2194760129151188	0.10628391747708268	0.11319209543803618
5.639999999999976	0.10471975511965977	0	1	0.10369255720904356	0.7150699576146022	0.007227025791534475	-0.02731726917672053	0.9995310773352655	0.9996113209435208	-0.00013545318332748753	0	1.2195245994528665	0.10628391747708268	0.11324068197578392
5.654999999999975	0.10471975511965977	0	1	0.10372738466277202	0.7152863529747553	0.007204130688927307	-0.027314296228190572	0.9995304613262648	0.9996105194339203	-0.00013484163308939053	0	1.2195729587732194	0.10628391747708268	0.11328904129613672
5.669999999999975	0.10471975511965977	0	1	0.10376206707263742	0.7155018563952518	0.007181316679729599	-0.027311342950801436	0.9995298470785386	0.9996097197788661	-0.00013423389274001802	0	1.219621092334308	0.10628391747708268	0.11333717485722533
5.684999999999975	0.10471975511965977	0	1	0.10379660527056885	0.7157164728730997	0.007158583388735887	-0.0273084091677203	0.9995292345863496	0.9996089219774015	-0.00013362993142514805	0	1.2196690015822313	0.10628391747708268	0.11338508410514864
5.699999999999974	0.10471975511965977	0	1	0.10383100008216084	0.7159302073238691	0.007135930438248311	-0.027305494685479548	0.9995286238439784	0.9996081260285221	-0.00013302971860456212	0	1.2197166879511796	0.10628391747708268	0.11343277047409692
5.714999999999974	0.10471975511965977	0	1	0.10386525232676154	0.7161430647307446	0.0071133574636558505	-0.027302599352825484	0.9995280148457243	0.9996073319311771	-0.000132433224073209	0	1.2197641528635579	0.10628391747708268	0.11348023538647513
5.729999999999974	0.10471975511965977	0	1	0.10389936281756326	0.7163550499363119	0.007090864091459523	-0.027299722977788154	0.9995274075859039	0.9996065396842694	-0.00013184041793877626	0	1.2198113977301108	0.10628391747708268	0.11352748025302821
5.7449999999999735	0.10471975511965977	0	1	0.10393333236169386	0.7165661678088192	0.0070684499566552594	-0.027296865393370232	0.9995268020588508	0.999605749286656	-0.00013125127065189568	0	1.2198584239500478	0.10628391747708268	0.1135745064729652
5.759999999999973	0.10471975511965977	0	1	0.10396716176031158	0.716776423231835	0.007046114701549727	-0.02729402645310676	0.9995261982589152	0.9996049607371497	-0.00013066575299662414	0	1.2199052329111693	0.10628391747708268	0.11362131543408652
5.774999999999973	0.10471975511965977	0	1	0.10400085180869956	0.7169858209630818	0.007023857960825955	-0.027291205974763113	0.9995255961804628	0.9996041740345181	-0.00013008383608504936	0	1.2199518259899922	0.10628391747708268	0.11366790851290956
5.7899999999999725	0.10471975511965977	0	1	0.10403440329636358	0.7171943658355887	0.007001679382583462	-0.027288403819846666	0.9995249958178739	0.9996033891774857	-0.0001295054913848063	0	1.21999820455188	0.10628391747708268	0.11371428707479732
5.804999999999972	0.10471975511965977	0	1	0.1040678170071294	0.7174020625775831	0.006979578609306383	-0.027285619821859137	0.9995243971655433	0.9996026061647336	-0.00012893069069302936	0	1.2200443699511687	0.10628391747708268	0.11376045247408609
5.819999999999972	0.10471975511965977	0	1	0.10410109371923948	0.7176089159576058	0.006957555293013978	-0.027282853843643963	0.9995238002178789	0.9996018249949005	-0.000128359406163107	0	1.2200903235312957	0.10628391747708268	0.11380640605421298
5.8349999999999715	0.10471975511965977	0	1	0.10413423420545026	0.7178149307214429	0.006935609088529332	-0.02728010575212077	0.999523204969301	0.9996010456665827	-0.00012779161028791364	0	1.2201360666249277	0.10628391747708268	0.11385214914784511
5.849999999999971	0.10471975511965977	0	1	0.10416723923312582	0.7180201115311269	0.006913739646969716	-0.02727737539392097	0.9995226114142418	0.9996002681783355	-0.00012722727590150246	0	1.2201816005540893	0.10628391747708268	0.11389768307700673
5.864999999999971	0.10471975511965977	0	1	0.10420010956432899	0.7182244630721607	0.006891946626920789	-0.02727466263778719	0.9995220195471446	0.9995994925286728	-0.0001266663761862085	0	1.2202269266302876	0.10628391747708268	0.11394300915320504
5.879999999999971	0.10471975511965977	0	1	0.10423284595590847	0.7184279900096054	0.006870229689730403	-0.027271967357057912	0.9995214293624626	0.9995987187160682	-0.0001261088846580539	0	1.220272046154639	0.10628391747708268	0.11398812867755641
5.89499999999997	0.10471975511965977	0	1	0.10426544915958057	0.718630696977379	0.0068485884983000705	-0.027269289425386624	0.9995208408546592	0.9995979467389555	-0.00012555477516414034	0	1.2203169604179915	0.10628391747708268	0.11403304294090888
5.90999999999997	0.10471975511965977	0	1	0.10429791992200432	0.7188325885893403	0.006827022718174119	-0.027266628721133696	0.9995202540182068	0.9995971765957289	-0.00012500402187570094	0	1.2203616707010452	0.10628391747708268	0.11407775322396248
5.92499999999997	0.10471975511965977	0	1	0.10433025898485021	0.7190336694304601	0.006805532016544089	-0.02726398512390026	0.9995196688475865	0.9995964082847434	-0.0001244565992769042	0	1.2204061782744702	0.10628391747708268	0.11412226079738746
5.939999999999969	0.10471975511965977	0	1	0.1043624670848613	0.7192339440517436	0.006784116061657061	-0.027261358512590893	0.9995190853372882	0.9995956418043159	-0.00012391248215525764	0	1.2204504843990205	0.10628391747708268	0.1141665669219379
5.954999999999969	0.10471975511965977	0	1	0.10439454495390631	0.719433416992169	0.006762774525073803	-0.027258748774216572	0.9995185034818103	0.9995948771527252	-0.0001233716455902777	0	1.2204945903256452	0.10628391747708268	0.11421067284856268
5.969999999999969	0.10471975511965977	0	1	0.1044264933190252	0.7196320927540675	0.00674150707904296	-0.027256155794238984	0.9995179232756594	0.9995941143282121	-0.00012283406493834704	0	1.2205384972955944	0.10628391747708268	0.11425457981851161
5.984999999999968	0.10471975511965977	0	1	0.10445831290246695	0.7198299758171294	0.006720313397944919	-0.02725357946225346	0.9995173447133509	0.9995933533289808	-0.0001222997158212898	0	1.2205822065405214	0.10628391747708268	0.11429828906343874
5.999999999999968	0.10471975511965977	0	1	0.10449000442171989	0.7200270706295708	0.0066991931573449764	-0.027251019668608437	0.9995167677894087	0.9995925941531987	-0.0001217685741114344	0	1.2206257192825822	0.10628391747708268	0.11434180180549951
