0.015	0.29670597283903605	0	1	0.34386730837688906	33.39122076556168	9.431820304297759	-7.255371695861432	0.21480850487853684	0.21480850487853684	-0.01	0	1.4984216943845927	0.10628391747708268	0.39213777690751
0.03	0.29670597283903605	0	1	0.14821835205617306	-76.91503728314501	-23.659627032995676	32.100696095722725	0.9974880312066498	0.21871213530155986	-0.1311307245643807	0	1.1122478155854296	0.10628391747708268	0.005963898108347059
0.045	0.29670597283903605	0	1	0.14948999190185353	3.8496819578053594	1.0301382581210337	-1.2710122951247318	0.9973646937204254	0.22646046978967715	-0.008007776676919428	0	1.1177552715733352	0.10628391747708268	0.011471354096252658
0.06	0.29670597283903605	0	1	0.15084337453470534	3.258710893661214	0.846789678775495	-1.1110260235322205	0.9972267469009805	0.2341304069686243	-0.02486946045215638	0	1.1207037667836164	0.10628391747708268	0.014419849306533818
0.075	0.29670597283903605	0	1	0.152205343933212	3.4170307771858206	0.8924810890755586	-1.1635988333894483	0.9970806438378337	0.24172261372428516	-0.01951694714131963	0	1.1262103211872863	0.10628391747708268	0.019926403710203544
0.09	0.29670597283903605	0	1	0.15348941226232055	3.2342744560273844	0.8340278249757983	-1.0736543829982328	0.9969358655328281	0.24923782961800722	-0.01740320515804542	0	1.136285743894261	0.10628391747708268	0.030001826417178423
0.105	0.29670597283903605	0	1	0.154732909789009	3.23443083392581	0.8315574208891683	-1.076614665129504	0.9967888239876881	0.2566768160080142	-0.014997387236675864	0	1.1410523868071514	0.10628391747708268	0.03476846933006879
0.12	0.29670597283903605	0	1	0.15591147262085248	3.110584605908756	0.791288360016437	-1.0133364881196214	0.9966429529634743	0.26404032599688054	-0.01330315614578439	0	1.1453327633605275	0.10628391747708268	0.03904884588344474
0.135	0.29670597283903605	0	1	0.15704889334794467	3.1380672641862755	0.7973518467622143	-1.0168524333815059	0.9964958933645228	0.27132911046818464	-0.012124775592468185	0	1.1510890129396456	0.10628391747708268	0.044805095462563026
0.15000000000000002	0.29670597283903605	0	1	0.15818077573751718	3.1326879698944765	0.7933629381772167	-1.0253874549994668	0.9963431547758762	0.2785438787306952	-0.011277582373480697	0	1.1542341256959072	0.10628391747708268	0.04795020821882452
0.16500000000000004	0.29670597283903605	0	1	0.15927088850176188	3.01498080612009	0.7551025497994712	-0.9687001615986321	0.996189762059831	0.2856853358127085	-0.010554998999339392	0	1.157734938881467	0.10628391747708268	0.05145102140438442
0.18000000000000005	0.29670597283903605	0	1	0.16033221270651657	3.051344309500306	0.7639913346877544	-0.9794290962299927	0.996034240455874	0.29275419730858354	-0.009909488650057599	0	1.1542384653192113	0.10628391747708268	0.04795454784212862
0.19500000000000006	0.29670597283903605	0	1	0.16138876957169923	3.0450916647012134	0.7598463643409861	-0.9892168915807046	0.9958731123809871	0.29975114702916517	-0.009359709363247082	0	1.1572063178594894	0.10628391747708268	0.050922400382406696
0.21000000000000008	0.29670597283903605	0	1	0.1624086783023384	2.9352809888980365	0.7241040786973242	-0.9361308275816199	0.9957113659518947	0.306676869601591	-0.008872887421973199	0	1.1601101706503418	0.10628391747708268	0.05382625317325917
0.2250000000000001	0.29670597283903605	0	1	0.16340537161225716	2.97613698667353	0.7344614013975218	-0.950543386159679	0.9955471782088938	0.3135320585030502	-0.008434860850436035	0	1.161704210801329	0.10628391747708268	0.0554202933242463
0.2400000000000001	0.29670597283903605	0	1	0.16439843675287868	2.9691552004489488	0.7301880299749964	-0.96088281976628	0.9953773367981006	0.3203173752421341	-0.008060673672858856	0	1.1654754891377814	0.10628391747708268	0.05919157166069873
0.2550000000000001	0.29670597283903605	0	1	0.16536033400768493	2.857438416049047	0.6939487291460675	-0.9063086963397534	0.9952066518990885	0.3270334827944108	-0.007722450591675237	0	1.16841116280799	0.10628391747708268	0.062127245330907466
0.27000000000000013	0.29670597283903605	0	1	0.16630444872458547	2.8934110834336724	0.702889329635571	-0.9195321117278658	0.995032995086299	0.3336810507943804	-0.00740942558725797	0	1.1797277451374037	0.10628391747708268	0.07344382766032102
0.28500000000000014	0.29670597283903605	0	1	0.16724251488756056	2.8797543778803827	0.6966582881501295	-0.9271115662860027	0.9948542202423398	0.34026072094714177	-0.007138190621119696	0	1.1828201487585188	0.10628391747708268	0.0765362312814361
0.30000000000000016	0.29670597283903605	0	1	0.16815634022721773	2.7918546982022527	0.6677708963305518	-0.8829452332426292	0.9946738797207008	0.34677313563973866	-0.0068863255690302695	0	1.1856759332262177	0.10628391747708268	0.07939201574913501
0.31500000000000017	0.29670597283903605	0	1	0.1690559041829664	2.821573875780635	0.674863907348118	-0.8939417373162957	0.9944901815684207	0.35321893955902517	-0.006645705066960293	0	1.1882229857505422	0.10628391747708268	0.08193906827345948
0.3300000000000002	0.29670597283903605	0	1	0.16994703029128647	2.802236992478282	0.6669671857559292	-0.8987958661748903	0.9943019602456564	0.35959875627113247	-0.006433196006908796	0	1.1897712498127027	0.10628391747708268	0.08348733233561993
0.3450000000000002	0.29670597283903605	0	1	0.17081851371764611	2.7262451957301717	0.6417829773479957	-0.8595157747997151	0.9941116705012487	0.36591320959655493	-0.006232568529198559	0	1.1919163961849228	0.10628391747708268	0.08563247870784027
0.3600000000000002	0.29670597283903605	0	1	0.17167780550137332	2.743423881174585	0.6451013685241866	-0.8648823217078406	0.9939178215864842	0.3721629218955774	-0.006037122952337626	0	1.1821428004552472	0.10628391747708268	0.07585888297816448
0.3750000000000002	0.29670597283903605	0	1	0.17252380592821068	2.71414234762658	0.6342358759705695	-0.8646276932891861	0.9937207377330513	0.37834850355495153	-0.005862611822175925	0	1.1838914010659387	0.10628391747708268	0.0776074835888561
0.39000000000000024	0.29670597283903605	0	1	0.1733562046396114	2.670545007532873	0.6190151830821948	-0.840782193997451	0.993520590581009	0.3844705613530842	-0.005696970098137091	0	1.1858185186504024	0.10628391747708268	0.07953460117331983
0.40500000000000025	0.29670597283903605	0	1	0.1741742321927254	2.6765303262484146	0.6189772186126535	-0.8415300297681277	0.993317684711858	0.3905296984017318	-0.00553817087266037	0	1.1878491970339005	0.10628391747708268	0.08156527955681789
0.42000000000000026	0.29670597283903605	0	1	0.174980904617673	2.685904323940757	0.6199925942344644	-0.8429967940897376	0.9931113738368823	0.39652651009974005	-0.005384623934140759	0	1.1907159871706734	0.10628391747708268	0.0844320696935908
0.4350000000000003	0.29670597283903605	0	1	0.17577920231028527	2.665546976333549	0.6119289792873265	-0.8465213166734016	0.9929009346808441	0.4024615791069851	-0.005247166201071995	0	1.194124822063031	0.10628391747708268	0.08784090458594833
0.4500000000000003	0.29670597283903605	0	1	0.1765631996828216	2.603562399581736	0.591163449060857	-0.8127551860131476	0.9926880094206914	0.40833548688681365	-0.005116830559119436	0	1.1964184830158802	0.10628391747708268	0.09013456553879749
0.4650000000000003	0.29670597283903605	0	1	0.17733513649805957	2.6148230967732298	0.592811274933145	-0.8164843051618863	0.9924721208495498	0.4141488148863781	-0.0049904602985017055	0	1.1984604799681453	0.10628391747708268	0.09217656249106268
0.4800000000000003	0.29670597283903605	0	1	0.17809800614423485	2.6244957815533723	0.5939869869013634	-0.8183993063684828	0.9922525064872029	0.41990213259624065	-0.004867840747832275	0	1.2155438724505683	0.10628391747708268	0.10925995497348567
0.49500000000000033	0.29670597283903605	0	1	0.17885252985976463	2.603701827871982	0.5858600805598425	-0.8212356311274882	0.9920289932404611	0.42559599919321267	-0.004757029397725686	0	1.2176804488919917	0.10628391747708268	0.11139653141490906
0.5100000000000003	0.29670597283903605	0	1	0.1795945413122748	2.546216644672452	0.5665375882271204	-0.7891390748036838	0.9918028987427816	0.43123097400292765	-0.004652460426897644	0	1.219691502963645	0.10628391747708268	0.11340758548656246
0.5250000000000004	0.29670597283903605	0	1	0.18032606124372627	2.560034321833183	0.5690321943051011	-0.7945140728843586	0.9915737241571049	0.43680761483662345	-0.004549092596804167	0	1.2215653087640117	0.10628391747708268	0.11528139128692909
0.5400000000000004	0.29670597283903605	0	1	0.18105027440483362	2.570280165523311	0.570445133401983	-0.7969850527103071	0.9913405276539003	0.4423264667822775	-0.004448189455573802	0	1.2087085349662323	0.10628391747708268	0.1024246174891497
0.5550000000000004	0.29670597283903605	0	1	0.1817666673637523	2.5474276613029296	0.5617506790837821	-0.798142842336501	0.9911035003194181	0.4477880657832318	-0.004355579818582908	0	1.2072632003474981	0.10628391747708268	0.10097928287041547
0.5700000000000004	0.29670597283903605	0	1	0.18247145383217778	2.486792088830701	0.5415258682242357	-0.763597015977735	0.9908639829941182	0.45319295008586613	-0.004268940314532748	0	1.2075539077177637	0.10628391747708268	0.10126999024068103
0.5850000000000004	0.29670597283903605	0	1	0.1831667549562764	2.498304638461752	0.5433752556546667	-0.7679801028282742	0.9906213710882594	0.45854165621963117	-0.0041816033817519225	0	1.2087103884141237	0.10628391747708268	0.102426470937041
0.6000000000000004	0.29670597283903605	0	1	0.1838557192550449	2.505530546551109	0.5439230423437614	-0.7690344574163858	0.9903746159100446	0.46383470714468356	-0.004096188140205821	0	1.1471676591967914	0.10628391747708268	0.04088374171970868
0.6150000000000004	0.29670597283903605	0	1	0.1845354112254008	2.4789396740529264	0.5341482492150649	-0.7674840437096798	0.9901248206087447	0.46907262091533397	-0.00401668359257883	0	1.1455617507628637	0.10628391747708268	0.03927783328578109
0.6300000000000004	0.29670597283903605	0	1	0.18520614717747674	2.435523984815073	0.5192453195965595	-0.7417423675968929	0.9898719624718779	0.4742559157924261	-0.003942943134279223	0	1.1447438680177846	0.10628391747708268	0.03845995054070198
0.6450000000000005	0.29670597283903605	0	1	0.1858679608440578	2.443202264548834	0.5199792645491302	-0.7442142310630562	0.9896161226760112	0.47938510517217814	-0.0038674632945425906	0	1.1454163656956824	0.10628391747708268	0.039132448218599666
0.6600000000000005	0.29670597283903605	0	1	0.18652426112819956	2.44833530534348	0.5199428100137454	-0.7442637133705785	0.9893560325301747	0.48446069141765824	-0.003793697681882739	0	1.092729192415435	0.10628391747708268	-0.013554725061647715
0.6750000000000005	0.29670597283903605	0	1	0.18717083730074394	2.4173152109750498	0.5088714901419341	-0.7394367003226421	0.9890934262167913	0.48948317424654614	-0.0037242480137947937	0	1.0964761764198048	0.10628391747708268	-0.009807741057277927
0.6900000000000005	0.29670597283903605	0	1	0.1878103246427665	2.38243343832844	0.4966315382650517	-0.7179634131432154	0.9888273268381967	0.49445305213808255	-0.0036605831345481277	0	1.0974614138404746	0.10628391747708268	-0.0088225036366081
0.7050000000000005	0.29670597283903605	0	1	0.18844139020855416	2.3839577513143464	0.495537524674469	-0.7170498465742741	0.9885583678995533	0.49937081692318036	-0.0035945430178628266	0	1.0988889790883978	0.10628391747708268	-0.007394938388684976
0.7200000000000005	0.29670597283903605	0	1	0.18906370964438424	2.384907256285412	0.49428427089385507	-0.7155117697183119	0.9882867965729182	0.5042369599155903	-0.003531716535884713	0	1.0994729664472764	0.10628391747708268	-0.006810951029806118
0.7350000000000005	0.29670597283903605	0	1	0.18968155481955729	2.394328682119747	0.4956272064759545	-0.7180484111872812	0.9880108016214035	0.5090519597334553	-0.0034692457665906	0	1.117308415599993	0.10628391747708268	0.01102449812291045
0.7500000000000006	0.29670597283903605	0	1	0.19029162119528475	2.3649154499768725	0.4851116310035265	-0.713131289250712	0.9877319011949401	0.5138162888158662	-0.0034104464451152985	0	1.1267157728112955	0.10628391747708268	0.020431855334212934
0.7650000000000006	0.29670597283903605	0	1	0.1908945256620566	2.3287063545154845	0.47253142663738523	-0.6904959437207584	0.9874499014187322	0.5185304214681512	-0.0033569124271772693	0	1.1292596976408786	0.10628391747708268	0.022975780163795874
0.7800000000000006	0.29670597283903605	0	1	0.1914900192447592	2.3339589581454274	0.4726412075317723	-0.6918887650303478	0.9871650054023448	0.5231948273271035	-0.0033004533782245867	0	1.1310795769006698	0.10628391747708268	0.024795659423587253
0.7950000000000006	0.29670597283903605	0	1	0.19208106690770801	2.336457730624474	0.4719156198046246	-0.6906795598875711	0.9868758416748905	0.527809965524273	-0.0032456098379426176	0	1.196385759480551	0.10628391747708268	0.09010184200346823
0.8100000000000006	0.29670597283903605	0	1	0.19266281653440676	2.301261800565831	0.45968455486208043	-0.6815246248533949	0.9865848658524194	0.5323762960640863	-0.0031932970310562113	0	1.2035263619726255	0.10628391747708268	0.09724244449554297
0.8250000000000006	0.29670597283903605	0	1	0.19324018570075996	2.2824092847354005	0.45245684924968976	-0.6687487014382425	0.9862897029123916	0.5368942747147278	-0.003146204793600464	0	1.2066692864071935	0.10628391747708268	0.10038536893011091
0.8400000000000006	0.29670597283903605	0	1	0.19381033980177803	2.279349030142946	0.45007131744361517	-0.6652256275601269	0.9859918559890806	0.5413643484199311	-0.0030959257334215416	0	1.2086282780137931	0.10628391747708268	0.10234436053671046
0.8550000000000006	0.29670597283903605	0	1	0.19437330179774726	2.277223848438987	0.4479857646494978	-0.6619565253844267	0.9856914181498563	0.5457869675999627	-0.003048196712600156	0	1.2099916745066313	0.10628391747708268	0.10370775702954863
0.8700000000000007	0.29670597283903605	0	1	0.19493238471702828	2.280929285099446	0.4476885826231616	-0.6614301712279569	0.9853866736380699	0.5501625700978214	-0.0030006829859933813	0	1.250353746669323	0.10628391747708268	0.14406982919224046
0.8850000000000007	0.29670597283903605	0	1	0.1954831078529604	2.2453063836665548	0.43538488829971644	-0.6508728523752669	0.9850801408859959	0.5544915934459371	-0.0029560535957368164	0	1.2524997514738783	0.10628391747708268	0.1462158339967956
0.9000000000000007	0.29670597283903605	0	1	0.19603038795509073	2.2349147889986476	0.4308000622626647	-0.6430974825223607	0.9847691551573984	0.5587744700308778	-0.0029152644495734617	0	1.2539545049429277	0.10628391747708268	0.14767058746584497
0.9150000000000007	0.29670597283903605	0	1	0.19657101019501708	2.2317778213426944	0.42844646037744777	-0.6395467715551065	0.9844555888791371	0.5630116240515202	-0.0028713517870623344	0	1.255176737595891	0.10628391747708268	0.1488928201188085
0.9300000000000007	0.29670597283903605	0	1	0.19710513519595707	2.2298175782084657	0.4264656072425247	-0.6364061269675928	0.9841394518980379	0.5672034848271935	-0.002829688104696482	0	1.256331532214771	0.10628391747708268	0.1500476147376884
0.9450000000000007	0.29670597283903605	0	1	0.1976332014551465	2.2323275203342523	0.4258634128802102	-0.6359243322596156	0.9838205809233422	0.5713504766398787	-0.002789198904569883	0	1.2574655397804428	0.10628391747708268	0.1511816223033603
0.9600000000000007	0.29670597283903605	0	1	0.19815773192359437	2.2388017523279267	0.4264787661994369	-0.6372245993572172	0.9834974987673911	0.5754530113720218	-0.002748663596241688	0	1.2537589393207003	0.10628391747708268	0.14747502184361758
0.9750000000000008	0.29670597283903605	0	1	0.19867718098943718	2.205978657417863	0.41508937192322093	-0.6272197343735062	0.9831711887808497	0.5795114943814937	-0.0027107306995566697	0	1.2535488526707415	0.10628391747708268	0.14726493519365874
0.9900000000000008	0.29670597283903605	0	1	0.19919126798531672	2.1790531600387095	0.4055135437945768	-0.6090164810202233	0.9828418949812724	0.5835263330898502	-0.0026762232600449167	0	1.2541916527632304	0.10628391747708268	0.14790773528614778
1.0050000000000008	0.29670597283903605	0	1	0.19969957264103183	2.18045747959728	0.40461071106629387	-0.608372935940429	0.9825099703527219	0.587497933836223	-0.0026380974026907742	0	1.255103724131788	0.10628391747708268	0.14881980665470523
1.0200000000000007	0.29670597283903605	0	1	0.20020186600490894	2.1795103399251072	0.40300138445296124	-0.6059451762130956	0.9821756639237124	0.591426701910371	-0.0026021129918203548	0	1.2560830998742516	0.10628391747708268	0.14979918239716897
1.0350000000000006	0.29670597283903605	0	1	0.20070050563777944	2.1834166859903945	0.4028822381264022	-0.6058356670320554	0.9818374691475823	0.595313032291261	-0.0025660357686558195	0	1.247426514258453	0.10628391747708268	0.14114259678137042
1.0500000000000005	0.29670597283903605	0	1	0.20119318071769549	2.1482617115792135	0.39083334963974237	-0.5933616262757438	0.9814970180470555	0.5991573166910427	-0.002533002465868934	0	1.2484976599555737	0.10628391747708268	0.14221374247849103
1.0650000000000004	0.29670597283903605	0	1	0.20168260494234905	2.1395456316244412	0.3868730683354704	-0.5865358302259364	0.9811524950796884	0.6029599419683601	-0.0025018604052052637	0	1.2495629641262014	0.10628391747708268	0.1432790466491188
1.0800000000000003	0.29670597283903605	0	1	0.20216636027413598	2.137056627799037	0.3848285076866318	-0.5834467610165166	0.9808056591008534	0.6067212908949833	-0.002467628876261617	0	1.2506056248798905	0.10628391747708268	0.14432170740280784
1.0950000000000002	0.29670597283903605	0	1	0.2026446408321131	2.1349044730739384	0.3828984357659042	-0.5802562422648815	0.9804564741409817	0.6104417509832161	-0.002435323190609543	0	1.2515876134876414	0.10628391747708268	0.14530369601055879
1.11	0.29670597283903605	0	1	0.20311783529269117	2.1359581050911216	0.3819590406508694	-0.5790339353158852	0.9801047514179198	0.6141217047694917	-0.00240385832355564	0	1.2525169108752778	0.10628391747708268	0.14623299339819512
1.125	0.29670597283903605	0	1	0.20358746762233565	2.139818004199574	0.3818841948249154	-0.5789892853071743	0.9797494180689912	0.6177615246961582	-0.0023722307607592437	0	1.2609817245579629	0.10628391747708268	0.1546978070808803
1.14	0.29670597283903605	0	1	0.20405291577702186	2.1051696804413247	0.37004452499845314	-0.5656862874258222	0.9793909891407498	0.6213615767442688	-0.0023440491457495053	0	1.26289738759325	0.10628391747708268	0.1566134701161674
1.1549999999999998	0.29670597283903605	0	1	0.20451462257770725	2.0923206951140254	0.3648767897073393	-0.5560980043805542	0.979029173893254	0.6249222243592261	-0.0023165939122361135	0	1.2641481498423532	0.10628391747708268	0.1578642323652707
1.1699999999999997	0.29670597283903605	0	1	0.20497117898700049	2.090476735283162	0.36308469956186923	-0.5534559535684018	0.9786651488875701	0.6284438317953744	-0.002286222753970675	0	1.265171044472797	0.10628391747708268	0.15888712699571444
1.1849999999999996	0.29670597283903605	0	1	0.20542271947523608	2.088094148932358	0.3611387356776269	-0.550141350328199	0.9782989083521191	0.6319267654927361	-0.0022577379907135395	0	1.2660995060431404	0.10628391747708268	0.15981558856605774
1.1999999999999995	0.29670597283903605	0	1	0.2058696348014536	2.0887653524971217	0.3601362421691995	-0.5487432005352507	0.9779302288659576	0.6353713871022353	-0.002229993093742069	0	1.2669848599160132	0.10628391747708268	0.1607009424389306
1.2149999999999994	0.29670597283903605	0	1	0.20631298392391492	2.0918689102143313	0.35988443764550365	-0.5483367671271325	0.9775583028489416	0.638778049539728	-0.0022021650698687747	0	1.2745671567291266	0.10628391747708268	0.16828323925204386
1.2299999999999993	0.29670597283903605	0	1	0.20675237615051373	2.057145930596535	0.34807606755476284	-0.5339137202308216	0.9771835124979197	0.6421471001079795	-0.0021784993670477155	0	1.2753599580566253	0.10628391747708268	0.1690760405795426
1.2449999999999992	0.29670597283903605	0	1	0.2071890266034764	2.0536906742697827	0.34583212756760445	-0.5305548284677406	0.9768048603060684	0.6454788795756561	-0.0021535664042315805	0	1.2761604748959714	0.10628391747708268	0.16987655741888869
1.2599999999999991	0.29670597283903605	0	1	0.20762081986625716	2.050805032817903	0.343773082692327	-0.5272344710715695	0.9764242409783086	0.6487737298203268	-0.002126524031108149	0	1.276961629829707	0.10628391747708268	0.1706777123526245
1.274999999999999	0.29670597283903605	0	1	0.20804809088296997	2.048457161224689	0.34188836391781713	-0.5239529268882644	0.9760414602873824	0.652031997751858	-0.002101175361769837	0	1.2777673590567746	0.10628391747708268	0.17148344157969198
1.289999999999999	0.29670597283903605	0	1	0.20847116068652866	2.048151855031021	0.3406372301365783	-0.5219479541688651	0.975656320124143	0.6552540248763514	-0.002076537295870295	0	1.2785756079185395	0.10628391747708268	0.1722916904414568
1.3049999999999988	0.29670597283903605	0	1	0.20889019052005559	2.04981887442306	0.33999783434951525	-0.5212674510559262	0.9752687552053716	0.6584401479931186	-0.002052524991060007	0	1.2793855797367715	0.10628391747708268	0.17310166225968882
1.3199999999999987	0.29670597283903605	0	1	0.2093057676271674	2.053384071344384	0.33994595880802775	-0.5212994127269724	0.9748782898142191	0.661590697853637	-0.0020285327673608996	0	1.2748916710892864	0.10628391747708268	0.16860775361220365
1.3349999999999986	0.29670597283903605	0	1	0.20971924059841515	2.019888230581156	0.32856691619157324	-0.5065723849577749	0.9744836836158585	0.6647059933713426	-0.0020085888272351835	0	1.2750736740648407	0.10628391747708268	0.168789756587758
1.3499999999999985	0.29670597283903605	0	1	0.21012910093384565	2.0094257810451817	0.3242376168033037	-0.49842187444201685	0.9740864081226238	0.6677863514702855	-0.00198671111931343	0	1.2756568040575718	0.10628391747708268	0.16937288658048902
1.3649999999999984	0.29670597283903605	0	1	0.21053465573781324	2.0082939072824697	0.32277066483477335	-0.4963318541944494	0.9736872179682666	0.6708320969874146	-0.0019627113174876124	0	1.2763685822645574	0.10628391747708268	0.17008466478747467
1.3799999999999983	0.29670597283903605	0	1	0.2109360799402101	2.0062651926975263	0.32103880920266853	-0.4933035477392237	0.9732860381107008	0.6738435548982027	-0.001940478942946818	0	1.2771098818413433	0.10628391747708268	0.17082596436426076
1.3949999999999982	0.29670597283903605	0	1	0.21133370884523536	2.0063720350119287	0.31996828114198633	-0.4916509002788218	0.9728826213689347	0.6768210453393355	-0.001918839350259623	0	1.2778523637247299	0.10628391747708268	0.1715684462476472
1.4099999999999981	0.29670597283903605	0	1	0.21172767913870655	2.008112809509283	0.31940539778870103	-0.4911188190906685	0.9724769084541867	0.6797648837397092	-0.0018977544377289516	0	1.278586386858551	0.10628391747708268	0.17230246938146826
1.424999999999998	0.29670597283903605	0	1	0.21211824147977076	2.0114870362784436	0.3193493705665386	-0.49116501784112915	0.9720687138450111	0.6826753811701292	-0.0018771382567723573	0	1.2757425651866094	0.10628391747708268	0.1694586477095268
1.439999999999998	0.29670597283903605	0	1	0.21250702119144413	1.9786692304057554	0.30823130203645827	-0.47588446422228314	0.9716563700693405	0.6855528363689656	-0.001860677750188145	0	1.2766644973544452	0.10628391747708268	0.17038057987736252
1.4549999999999979	0.29670597283903605	0	1	0.212892786282134	1.974157955911855	0.30577385599213797	-0.4718677413621434	0.9712412071289583	0.6883975434604312	-0.0018404631156036671	0	1.277476255896116	0.10628391747708268	0.17119233841903314
1.4699999999999978	0.29670597283903605	0	1	0.21327452688663515	1.9726353436166497	0.3042394590799019	-0.4695382568667232	0.9708243893196937	0.6912098060494308	-0.0018190567221613226	0	1.2782391879110078	0.10628391747708268	0.17195527043392522
1.4849999999999977	0.29670597283903605	0	1	0.2136525329883498	1.9708935320343197	0.3026466160542544	-0.4667354064038114	0.9704056965891403	0.6939899294004215	-0.0017992330835681976	0	1.278966603336968	0.10628391747708268	0.17268268585988544
1.4999999999999976	0.29670597283903605	0	1	0.21402708512736596	1.9706045016909546	0.3015057693111143	-0.46485890584034706	0.9699849033695221	0.6967382135233621	-0.0017799912305879386	0	1.2796703002464465	0.10628391747708268	0.17338638276936372
1.5149999999999975	0.29670597283903605	0	1	0.21439830847444027	1.9715934526799401	0.30076317551033616	-0.4638743948246546	0.9695619465317163	0.6994549540087918	-0.0017612427853931538	0	1.280354066425933	0.10628391747708268	0.17407014894885023
1.5299999999999974	0.29670597283903605	0	1	0.2147661983991262	1.9738409240803296	0.30041294663342377	-0.46324526719382175	0.9691369078831295	0.7021404436008032	-0.001743773115713312	0	1.2858726285895732	0.10628391747708268	0.17958871111249045
1.5449999999999973	0.29670597283903605	0	1	0.21513261028602093	1.940686267077347	0.2892416008025583	-0.44672766841284245	0.968707677605884	0.7047949620138578	-0.0017299572474996933	0	1.2870248548519725	0.10628391747708268	0.18074093737488972
1.5599999999999972	0.29670597283903605	0	1	0.21549635779080098	1.9391456238198077	0.287741409603986	-0.4448597916444425	0.9682756640631058	0.7074187827331734	-0.0017108974875808794	0	1.2878519311632683	0.10628391747708268	0.18156801368618578
1.574999999999997	0.29670597283903605	0	1	0.21585635349030688	1.9368592129418631	0.2860221176871391	-0.44198574000082225	0.9678422343151603	0.7100121903301934	-0.001691634307292825	0	1.2885603395309149	0.10628391747708268	0.18227642205383213
1.589999999999997	0.29670597283903605	0	1	0.21621295108962268	1.9348395977539699	0.2843923450362567	-0.4389928109782785	0.9674070579431373	0.7125754716810928	-0.001673786451111352	0	1.2892250132308014	0.10628391747708268	0.18294109575371875
1.6049999999999969	0.29670597283903605	0	1	0.21656638848957876	1.9338807745740976	0.2830942114378987	-0.4366693202294618	0.9669699273709901	0.7151089081325392	-0.0016565356293539082	0	1.289871216623442	0.10628391747708268	0.18358729914635938
1.6199999999999968	0.29670597283903605	0	1	0.21691678056614927	1.9340142738760473	0.282137073313575	-0.4351242782015438	0.9665307763067706	0.7176127768709955	-0.001639741796554713	0	1.2905074037049884	0.10628391747708268	0.18422348622790585
1.6349999999999967	0.29670597283903605	0	1	0.21726419589375062	1.9352258145057921	0.2815164107635444	-0.4343766209389484	0.9660895917217809	0.7200873519309083	-0.0016233072566756027	0	1.291136415067223	0.10628391747708268	0.1848524975901405
1.6499999999999966	0.29670597283903605	0	1	0.21760844727251283	1.937458476869445	0.281215397787467	-0.43386186164847224	0.9656466889378137	0.7225329061280539	-0.0016093845143809904	0	1.294048369699258	0.10628391747708268	0.18776445222217542
1.6649999999999965	0.29670597283903605	0	1	0.2179513236095237	1.9052232256353094	0.27037886695747737	-0.4170527269563319	0.9651998053944779	0.7249496998439088	-0.0015979050342146478	0	1.29449438273504	0.10628391747708268	0.18821046525795734
1.6799999999999964	0.29670597283903605	0	1	0.218292066507028	1.908195082235081	0.2703108040935728	-0.41858552197171345	0.9647499433902027	0.7273379846398101	-0.001579714984272836	0	1.2950211005568977	0.10628391747708268	0.188737183079815
1.6949999999999963	0.29670597283903605	0	1	0.21862936567268854	1.9058556515166685	0.26862728565546395	-0.41567732919733047	0.9642989005708987	0.7296980235138659	-0.0015626248070614978	0	1.2955864968703696	0.10628391747708268	0.18930257939328707
1.7099999999999962	0.29670597283903605	0	1	0.21896363270603375	1.904254555288425	0.2671767281368289	-0.4130136886036402	0.9638462188119216	0.7320300834834823	-0.001546669850710334	0	1.2961627265882087	0.10628391747708268	0.189878809111126
1.724999999999996	0.29670597283903605	0	1	0.2192950575529438	1.9032387363741472	0.26591182985960676	-0.41068711508375344	0.9633917193791416	0.7343344257442478	-0.0015313546220893641	0	1.2967415343347852	0.10628391747708268	0.19045761685770252
1.739999999999996	0.29670597283903605	0	1	0.21962374342244143	1.903051778010737	0.2649068009680896	-0.40896053009194455	0.9629353332276658	0.7366113076614539	-0.0015164557249609583	0	1.2973197263774603	0.10628391747708268	0.19103580890037772
1.754999999999996	0.29670597283903605	0	1	0.21994974896797576	1.9036641107847876	0.26415246715149016	-0.40783981408880227	0.9624770487000662	0.7388609836387782	-0.0015018870693711134	0	1.2978962508589522	0.10628391747708268	0.1916123333818695
1.7699999999999958	0.29670597283903605	0	1	0.2202731182785772	1.9050541302071404	0.263642130085147	-0.4073177513256425	0.962016872371617	0.7410837055234817	-0.0014876001528451885	0	1.2984707029391611	0.10628391747708268	0.1921867854620785
1.7849999999999957	0.29670597283903605	0	1	0.22059358273463736	1.90718504977076	0.26336535526504923	-0.4068555871387363	0.9615552624541706	0.7432797249748753	-0.0014776742304383702	0	1.295093710489066	0.10628391747708268	0.18880979301198342
1.7999999999999956	0.29670597283903605	0	1	0.22091338858699436	1.8759787578821183	0.25289693444748906	-0.3898455284972064	0.9610890087569738	0.7454492774112677	-0.0014666059513411898	0	1.2953216460018135	0.10628391747708268	0.18903772852473094
1.8149999999999955	0.29670597283903605	0	1	0.22123071518649692	1.8753228832281397	0.2517745770096417	-0.3887326818986591	0.9606207805820899	0.7475925932906774	-0.0014504560940710983	0	1.2957805782081868	0.10628391747708268	0.18949666073110405
1.8299999999999954	0.29670597283903605	0	1	0.22154504400265235	1.874051781032747	0.25047152971038616	-0.3866359075681101	0.9601514211025645	0.7497099182301701	-0.00143514008596256	0	1.2963087798565345	0.10628391747708268	0.1900248623794518
1.8449999999999953	0.29670597283903605	0	1	0.22185665813963354	1.8727808283223268	0.2491751439956496	-0.38425476168745487	0.9596805933438277	0.7518014979065819	-0.0014211021361782517	0	1.296853496804467	0.10628391747708268	0.19056957932738422
1.8599999999999952	0.29670597283903605	0	1	0.22216573317975366	1.872114867658916	0.24806985955086647	-0.382243906634166	0.9592081069316543	0.7538675729304432	-0.001407618077029665	0	1.2973982246082827	0.10628391747708268	0.19111430713120012
1.8749999999999951	0.29670597283903605	0	1	0.2224723527128341	1.8720926812639402	0.2471673198608088	-0.38070818568367565	0.9587339033838584	0.7559083802817282	-0.0013945257124872872	0	1.2979376470835606	0.10628391747708268	0.1916537296064779
1.889999999999995	0.29670597283903605	0	1	0.22277656625585632	1.8727162563898192	0.24646801721400258	-0.37967465116696086	0.9582579731190903	0.7579241542444081	-0.0013817242542925393	0	1.298470169197939	0.10628391747708268	0.19218625172085643
1.904999999999995	0.29670597283903605	0	1	0.22307841037206377	1.8739610068783132	0.24596435654111326	-0.3791326870219322	0.9577803248551746	0.7599151267672204	-0.0013691682186760482	0	1.2989953929937452	0.10628391747708268	0.19271147551666257
1.9199999999999948	0.29670597283903605	0	1	0.22337762136632106	1.8758028077812303	0.24564976432562152	-0.37857312755798206	0.9573014493887773	0.7618815299820965	-0.0013635434838272082	0	1.2984394002278778	0.10628391747708268	0.1921554827507952
1.9349999999999947	0.29670597283903605	0	1	0.22367564137615356	1.845163504419919	0.23540702610771813	-0.3611619112391748	0.9568190810138868	0.7638235848466106	-0.0013534268362394024	0	1.299147216686813	0.10628391747708268	0.1928632992097304
1.9499999999999946	0.29670597283903605	0	1	0.22397207225151022	1.8506476728229446	0.23621185146293555	-0.3648619260840768	0.9563338788471085	0.7657415021632342	-0.0013371120734399426	0	1.2997623437777572	0.10628391747708268	0.19347842630067455
1.9649999999999945	0.29670597283903605	0	1	0.2242657501987832	1.8487959567405385	0.23478083003953787	-0.3623149510992401	0.9558478065138012	0.7676355037015037	-0.0013237336896319775	0	1.3003140834956906	0.10628391747708268	0.19403016601860795
1.9799999999999944	0.29670597283903605	0	1	0.22455703035579327	1.8477843124699265	0.23361258645835153	-0.36015687320196227	0.9553603582673861	0.7695058162466665	-0.0013110323201647013	0	1.300841432610899	0.10628391747708268	0.1945575151338163
1.9949999999999943	0.29670597283903605	0	1	0.22484602425224057	1.846915210185635	0.23249356245808855	-0.3580256648707995	0.9548714178253034	0.7713526612376165	-0.001299012768689552	0	1.30135483566328	0.10628391747708268	0.19507091818619735
2.0099999999999945	0.29670597283903605	0	1	0.22513280307885386	1.846524641268622	0.23152629635069877	-0.35625302351553745	0.9543809311661849	0.7731762570633918	-0.0012873353931762094	0	1.3018586762243762	0.10628391747708268	0.19557475874729352
2.0249999999999946	0.29670597283903605	0	1	0.22541740634971497	1.8465872227146698	0.23070293577002565	-0.3548425433043778	0.9538888951553934	0.7749768196563006	-0.0012759331132607243	0	1.302354415001055	0.10628391747708268	0.19607049752397254
2.0399999999999947	0.29670597283903605	0	1	0.22569986475793538	1.8471032127225766	0.23002349303382852	-0.3538019404325713	0.9533953202945852	0.7767545628369097	-0.0012647524260335288	0	1.3028426747968185	0.10628391747708268	0.1965587573197358
2.054999999999995	0.29670597283903605	0	1	0.22598020520202977	1.8480573867237506	0.22948325753212429	-0.3531215038342139	0.9529002225904218	0.7785096984301854	-0.0012537682119893193	0	1.3033237683862064	0.10628391747708268	0.19703985090912374
2.069999999999995	0.29670597283903605	0	1	0.2262584532085773	1.8494347712333723	0.2290775989232256	-0.3527899427289619	0.952403619536754	0.7802424363200862	-0.0012429636383109312	0	1.303797913547767	0.10628391747708268	0.19751399607068446
2.084999999999995	0.29670597283903605	0	1	0.22653441063737692	1.8512284666595071	0.22880502056351726	-0.35232695796721397	0.9519059336034752	0.7819529864960842	-0.0012425265040558685	0	1.3076824863904457	0.10628391747708268	0.20139856891336302
2.099999999999995	0.29670597283903605	0	1	0.2268095517645166	1.821817155776934	0.21899354658606296	-0.3349950713419498	0.9514045390019622	0.7836415458586139	-0.0012299931725014406	0	1.3084083323209255	0.10628391747708268	0.20212441484384278
2.1149999999999953	0.29670597283903605	0	1	0.2270828419465069	1.8235084095698193	0.2186956093583709	-0.3357951577704132	0.9509013427292908	0.7853083058292473	-0.0012162853531007697	0	1.3089516268785442	0.10628391747708268	0.20266770940146145
2.1299999999999955	0.29670597283903605	0	1	0.22735381465003832	1.822781105513175	0.21766418698384826	-0.3341486942512347	0.9503972691369067	0.7869534699988524	-0.001204238260599174	0	1.3094328658203593	0.10628391747708268	0.20314894834327674
2.1449999999999956	0.29670597283903605	0	1	0.22762267111761947	1.822151531802031	0.21666800878924497	-0.33234288082467994	0.9498920177119154	0.7885772430209486	-0.0011931697952071946	0	1.3098913505210217	0.10628391747708268	0.203607433043939
2.1599999999999957	0.29670597283903605	0	1	0.22788950739529296	1.8217289685874023	0.21574021988029535	-0.3306288262233832	0.9493854742602845	0.7901798254518344	-0.0011826542578749488	0	1.3103404133765952	0.10628391747708268	0.20405649589951264
2.174999999999996	0.29670597283903605	0	1	0.2281543774315342	1.8216472055915995	0.2149215833891019	-0.3291744103036885	0.9488775993039089	0.7917614150886376	-0.0011724670918301708	0	1.3107843945084037	0.10628391747708268	0.204500477031321
2.189999999999996	0.29670597283903605	0	1	0.228417314768382	1.8219086646072067	0.214212759585295	-0.3280019860799786	0.9483683898628213	0.7933222075495932	-0.0011625234142292908	0	1.3112247517676419	0.10628391747708268	0.20494083429055923
2.204999999999996	0.29670597283903605	0	1	0.2286783459979613	1.822507929892088	0.2136120328353413	-0.3271137446676888	0.9478578549396445	0.7948623965366144	-0.0011527762636149934	0	1.3116619775733294	0.10628391747708268	0.2053780600962468
2.219999999999996	0.29670597283903605	0	1	0.22893749494843776	1.823433197463907	0.21311574223025087	-0.3265021182939915	0.9473460078580717	0.7963821739353771	-0.0011432008177159065	0	1.312096247372477	0.10628391747708268	0.20581232989539447
2.2349999999999963	0.29670597283903605	0	1	0.2291947843172145	1.8246720198153834	0.21272003305585374	-0.3261574838095673	0.9468328632357574	0.79788172986129	-0.0011337812763893749	0	1.3125276293455723	0.10628391747708268	0.20624371186848975
2.2499999999999964	0.29670597283903605	0	1	0.22945011761028916	1.8262299487335867	0.21242691246430906	-0.32562954476746453	0.9463186765802644	0.7993612538849727	-0.0011391307801557305	0	1.3133325789294548	0.10628391747708268	0.20704866145237205
2.2649999999999966	0.29670597283903605	0	1	0.22970387468946982	1.7974628686353908	0.20286640721754462	-0.30807468848168545	0.9458027372379266	0.8008209314143794	-0.0011256062522739855	0	1.3135644987649528	0.10628391747708268	0.20728058128787016
2.2799999999999967	0.29670597283903605	0	1	0.2299567542269677	1.8044105293502644	0.20422679958665457	-0.31322652656506866	0.9452836487498951	0.8022609355210346	-0.0011112235871255877	0	1.313901125053294	0.10628391747708268	0.20761720757621124
2.294999999999997	0.29670597283903605	0	1	0.2302075678663744	1.803239346249801	0.20311042147226643	-0.3112211086220728	0.9447638900064025	0.8036814429877589	-0.0011010489223647081	0	1.3142870584602677	0.10628391747708268	0.2080031409831851
2.309999999999997	0.29670597283903605	0	1	0.23045655771043205	1.8028706276682467	0.2022440778118207	-0.3096637357303044	0.9442430272237193	0.8050826389767022	-0.0010909933468233805	0	1.3146861401365026	0.10628391747708268	0.20840222265942004
2.324999999999997	0.29670597283903605	0	1	0.23070376073545004	1.802379360308808	0.20134486946493718	-0.3079403193333481	0.9437210435334681	0.8064647045707741	-0.001081684501389057	0	1.3150881736498614	0.10628391747708268	0.20880425617277865
2.339999999999997	0.29670597283903605	0	1	0.23094921902872317	1.8021230124886995	0.20052197515015724	-0.3063979181542688	0.9431979089783474	0.8078278188179547	-0.0010726521455512396	0	1.3154893536583052	0.10628391747708268	0.20920543618122256
2.3549999999999973	0.29670597283903605	0	1	0.23119295805283932	1.8020846976596407	0.19977017165883437	-0.30504046504667587	0.9426736269680495	0.8091721588530054	-0.0010638601331654758	0	1.3158884998577896	0.10628391747708268	0.20960458238070678
2.3699999999999974	0.29670597283903605	0	1	0.2314349999076535	1.8022747069072118	0.19909255460163078	-0.30388216400037293	0.9421482069841418	0.810497900112378	-0.0010552508741474111	0	1.3162852243149747	0.10628391747708268	0.21000130683789198
2.3849999999999976	0.29670597283903605	0	1	0.23167536466492997	1.8026870491686904	0.19848724741541302	-0.30291980820606107	0.94162166195974	0.8118052163984599	-0.0010468004996986766	0	1.3166794175639138	0.10628391747708268	0.2103955000868311
2.3999999999999977	0.29670597283903605	0	1	0.23191407155668534	1.803315827911543	0.19795240463158092	-0.30214893646393903	0.9410940058258254	0.8130942799179397	-0.0010384922799813138	0	1.3170710580533036	0.10628391747708268	0.2107871405762209
2.414999999999998	0.29670597283903605	0	1	0.23215113927861028	1.8041541303433173	0.19748587136531226	-0.3015638102805729	0.9405652528991773	0.8143652613045604	-0.0010303150023066906	0	1.317460152442526	0.10628391747708268	0.21117623496544338
2.429999999999998	0.29670597283903605	0	1	0.2323865861293557	1.8051947253310099	0.19708539627805227	-0.30115828140481	0.9400354176055911	0.8156183296372292	-0.0010222602081961089	0	1.317846715146291	0.10628391747708268	0.21156279766920832
2.444999999999998	0.29670597283903605	0	1	0.23262041989433055	1.8064597719946136	0.19675774533897378	-0.3005148623394867	0.9395045384990545	0.8168536525763689	-0.0010345017909424675	0	1.3154973352780457	0.10628391747708268	0.20921341780096311
2.459999999999998	0.29670597283903605	0	1	0.23285243327293428	1.7785868230108364	0.18752656668878193	-0.28292256457507065	0.9389731467593179	0.8180713989547526	-0.0010171143055854336	0	1.3156801094842754	0.10628391747708268	0.20939619200719264
2.4749999999999983	0.29670597283903605	0	1	0.2330839204797138	1.7854721238991813	0.18892295568744777	-0.2881660307345841	0.9384383078654315	0.8192717239253123	-0.0010041401609400197	0	1.316015558188325	0.10628391747708268	0.20973164071124228
2.4899999999999984	0.29670597283903605	0	1	0.23331368373743344	1.7847333468055593	0.18799301139889057	-0.28652916636456716	0.9379028169503094	0.820454780474979	-0.0009953492188994595	0	1.3163819349715336	0.10628391747708268	0.21009801749445084
2.5049999999999986	0.29670597283903605	0	1	0.23354188864531134	1.7846593172054002	0.18727038949701652	-0.2852733649442766	0.9373663473530051	0.8216207323104632	-0.000986472691241	0	1.316758250533312	0.10628391747708268	0.21047433305622934
2.5199999999999987	0.29670597283903605	0	1	0.23376853825204716	1.7843952780641505	0.1864937691852795	-0.2838025137820175	0.9368289466869105	0.8227697401259373	-0.0009783592017283552	0	1.3171345943230597	0.10628391747708268	0.21085067684597694
2.534999999999999	0.29670597283903605	0	1	0.23399365960977173	1.7842804078168337	0.18576677843418404	-0.28244773148060204	0.9362906052862765	0.8239019632047199	-0.0009704922595583234	0	1.317508371433805	0.10628391747708268	0.21122445395672232
2.549999999999999	0.29670597283903605	0	1	0.23421727085771538	1.7843071392099603	0.18508706143694598	-0.28121756524092395	0.9357513334923099	0.8250175592488433	-0.0009628490630005904	0	1.3178786762928392	0.10628391747708268	0.21159475881575643
2.564999999999999	0.29670597283903605	0	1	0.23443938925996105	1.7844881263118193	0.18445844705748066	-0.28012751189689716	0.9352111429191344	0.8261166845004243	-0.0009553705702229672	0	1.3182452788948362	0.10628391747708268	0.21196136141775349
2.579999999999999	0.29670597283903605	0	1	0.2346600309435636	1.7848199642799911	0.1838798576739903	-0.27917614163673343	0.934670047176287	0.8271994937724587	-0.000948033222071739	0	1.3186081464678283	0.10628391747708268	0.21232422899074577
2.5949999999999993	0.29670597283903605	0	1	0.23487921149551075	1.785298712688912	0.18335005331373544	-0.27836045798717474	0.9341280604901724	0.8282661404760214	-0.0009408201461261645	0	1.3189673150647832	0.10628391747708268	0.21268339758770055
2.6099999999999994	0.29670597283903605	0	1	0.23509694608870926	1.7859194354756516	0.1828674906219731	-0.2776762549387168	0.933585197431753	0.8293167766389951	-0.0009337201233469283	0	1.3193228422492274	0.10628391747708268	0.2130389247721448
2.6249999999999996	0.29670597283903605	0	1	0.2353132495692713	1.7866769746612994	0.18243055915128242	-0.27711901625686963	0.9330414727267855	0.8303515529223153	-0.0009267247761989048	0	1.3196747925782095	0.10628391747708268	0.21339087510112695
2.6399999999999997	0.29670597283903605	0	1	0.23552813649740809	1.7875659983925452	0.1820375959302672	-0.2766840373649623	0.9324969011737286	0.8313706186347024	-0.0009198275933198789	0	1.3200232325803207	0.10628391747708268	0.21373931510323818
2.655	0.29670597283903605	0	1	0.2357416211747048	1.7885810649162217	0.18168690494483247	-0.27636650638602506	0.9319514975918691	0.8323741217465814	-0.0009130232939052106	0	1.3203682290861083	0.10628391747708268	0.21408431160902555
2.67	0.29670597283903605	0	1	0.23595371766401532	1.789716650975175	0.18137676576428885	-0.2761615374228482	0.9314052767854675	0.8333622089034263	-0.0009063074690265592	0	1.3207098486158488	0.10628391747708268	0.21442593113876626
2.685	0.29670597283903605	0	1	0.2361645088986198	1.7910103253524892	0.18111841855577726	-0.27568486477860665	0.9308580748048335	0.83433502454733	-0.0009266694226884525	0	1.3212868002439027	0.10628391747708268	0.21500288276682
2.7	0.29670597283903605	0	1	0.2363731209047354	1.764360482561297	0.17232306580129908	-0.25840263546403247	0.9303122316908093	0.8352927225405408	-0.0009049976421369918	0	1.3217972277450103	0.10628391747708268	0.21551331026792755
2.7150000000000003	0.29670597283903605	0	1	0.23658179702465587	1.7725166099951308	0.17416819486142215	-0.2649105356454913	0.9297619090710861	0.8362354377081418	-0.000892563378565591	0	1.322213158715164	0.10628391747708268	0.21592924123808133
2.7300000000000004	0.29670597283903605	0	1	0.23678904168335682	1.771999421610584	0.17336550701097125	-0.26349713518360035	0.9292110602004549	0.8371632942768528	-0.0008853581550712919	0	1.3225747144121498	0.10628391747708268	0.21629079693506717
2.7450000000000006	0.29670597283903605	0	1	0.23699498501820654	1.7722484837872745	0.1728005737273236	-0.2625980899144293	0.928659390757015	0.8380764333879824	-0.0008775087999611066	0	1.322918259696276	0.10628391747708268	0.21663434221919337
2.7600000000000007	0.29670597283903605	0	1	0.23719959647545397	1.772223830285088	0.17215555122216397	-0.2614163259035449	0.9281070315081403	0.8389749939700494	-0.0008705302471065224	0	1.323253347298835	0.10628391747708268	0.2169694298217524
2.775000000000001	0.29670597283903605	0	1	0.23740289118530647	1.7722778279381048	0.17153813239062243	-0.26029452992630475	0.9275539914777823	0.8398591142631701	-0.0008637584170514274	0	1.3235837131439727	0.10628391747708268	0.21729979566689014
2.790000000000001	0.29670597283903605	0	1	0.237604881130638	1.7724028683206718	0.1709459642426	-0.25923837921096343	0.9270002875662174	0.8407289312610218	-0.0008572003453397813	0	1.323910555827545	0.10628391747708268	0.21762663835046236
2.805000000000001	0.29670597283903605	0	1	0.2378055796757275	1.7726136962844914	0.17038352335922208	-0.25826462953567103	0.9264459323171382	0.8415845807406038	-0.0008507921235623784	0	1.3242343203410383	0.10628391747708268	0.21795040286395562
2.820000000000001	0.29670597283903605	0	1	0.23800499987535068	1.772909302579051	0.1698504705700024	-0.2573736044957267	0.925890938489282	0.8424261972537962	-0.0008445108057907797	0	1.3245551820967365	0.10628391747708268	0.21827126461965374
2.8350000000000013	0.29670597283903605	0	1	0.2382031545984992	1.773288073840809	0.16934628238839144	-0.2565641906488807	0.9253353187317425	0.8432539141400703	-0.0008383393487004806	0	1.3248732291392014	0.10628391747708268	0.21858931166211867
2.8500000000000014	0.29670597283903605	0	1	0.238400056495236	1.7737474869612497	0.16887015767913116	-0.2558341842749602	0.9247790856884586	0.8440678635379821	-0.0008322666522417296	0	1.325188519344335	0.10628391747708268	0.21890460186725216
2.8650000000000015	0.29670597283903605	0	1	0.23859571802436294	1.7742848565865965	0.16842124611004838	-0.25518114181544016	0.9242222519333126	0.8448681763967472	-0.0008262845633904542	0	1.3255011002264117	0.10628391747708268	0.21921718274932894
2.8800000000000017	0.29670597283903605	0	1	0.23879015146850763	1.774897391654922	0.16799866539436148	-0.2546024957862267	0.9236648299381712	0.8456549824872178	-0.0008203868855964149	0	1.3258110154316736	0.10628391747708268	0.219527097954591
2.895000000000002	0.29670597283903605	0	1	0.2389833689451803	1.7755822466659676	0.16760151693496972	-0.2540956214206938	0.9231068320509062	0.8464284104124837	-0.0008145687063742008	0	1.3261183069317588	0.10628391747708268	0.2198343894546761
2.910000000000002	0.29670597283903605	0	1	0.23917538241294065	1.776336538163831	0.16722889084839093	-0.2536578585869968	0.9225482704865005	0.8471885876182128	-0.0008088260131142845	0	1.3264230157471204	0.10628391747708268	0.2201390982700378
2.925000000000002	0.29670597283903605	0	1	0.23936620367438424	1.7771573585097313	0.1668798701700444	-0.2532865265150882	0.9219891573269254	0.8479356404028452	-0.0008031554433865662	0	1.326725182182835	0.10628391747708268	0.22044126470575223
2.940000000000002	0.29670597283903605	0	1	0.23955584437686905	1.778041787652322	0.16655353445433513	-0.2529789349812391	0.9214295045275118	0.8486696939277166	-0.0007975541190125703	0	1.327024845899491	0.10628391747708268	0.22074092842240836
2.9550000000000023	0.29670597283903605	0	1	0.23974431601168836	1.7789869031064467	0.16624896283183366	-0.2527323937037809	0.9208693239280423	0.8493908722271679	-0.0007920195309551383	0	1.327322045929083	0.10628391747708268	0.22103812845200044
2.9700000000000024	0.29670597283903605	0	1	0.23993162991218314	1.7799897894582217	0.16596523692494136	-0.25254422084134487	0.9203086272673092	0.8500992982186817	-0.0007865494572170642	0	1.327616820672811	0.10628391747708268	0.22133290319572838
2.9850000000000025	0.29670597283903605	0	1	0.24011789059354868	1.7811068255040716	0.1657192722357202	-0.2520671872627477	0.9197471458281696	0.8507950923147143	-0.0008165065623857024	0	1.3300637634645962	0.10628391747708268	0.22377984598751358
3.0000000000000027	0.29670597283903605	0	1	0.24030189504793556	1.755675543528327	0.1573633408198833	-0.23510742927233985	0.9191885803566949	0.8514783908535981	-0.0007884921833846252	0	1.3304831775721455	0.10628391747708268	0.22419926009506277
3.015000000000003	0.29670597283903605	0	1	0.24048631657580924	1.7633534526433479	0.15912814204859527	-0.2414125011493725	0.9186248471253196	0.852149306864808	-0.0007776923083041491	0	1.3308005468038555	0.10628391747708268	0.22451662932677277
3.030000000000003	0.29670597283903605	0	1	0.24066961530953995	1.7632984133701004	0.1585318476494217	-0.2404698359091129	0.9180606492276179	0.8528079355932597	-0.0007716848462913062	0	1.3310959922850907	0.10628391747708268	0.2248120748080081
3.045000000000003	0.29670597283903605	0	1	0.24085186173534848	1.7638535711336247	0.15812499818827247	-0.23994709252691132	0.9174958122478718	0.8534543938060504	-0.0007648776516028115	0	1.3313810998594615	0.10628391747708268	0.22509718238237875
3.060000000000003	0.29670597283903605	0	1	0.24103300373582207	1.7641203633222127	0.15763304813762175	-0.2391295510556281	0.9169305399677713	0.8540887972592267	-0.0007589857168006516	0	1.3316619171974702	0.10628391747708268	0.2253779997203876
3.0750000000000033	0.29670597283903605	0	1	0.24121304620926162	1.7644136017805494	0.1571522374978781	-0.23832850476633521	0.9163648611955156	0.8547112617120218	-0.0007532839163352183	0	1.331940029779415	0.10628391747708268	0.22565611230233235
3.0900000000000034	0.29670597283903605	0	1	0.24139199631618302	1.7647337091636905	0.15668268057830603	-0.23755440182943943	0.9157987974862191	0.8553219020223165	-0.0007477893994722536	0	1.3322160425197025	0.10628391747708268	0.22593212504261992
3.1050000000000035	0.29670597283903605	0	1	0.24156986412354767	1.7650957575446344	0.1562289611239952	-0.23682396111519313	0.9152323608407033	0.8559208320719609	-0.0007424346238442197	0	1.3324901564803875	0.10628391747708268	0.22620623900330475
3.1200000000000037	0.29670597283903605	0	1	0.24174665993660463	1.765500321573376	0.15579122967547365	-0.23613869919848726	0.9146655619731925	0.8565081647226557	-0.0007371956668015526	0	1.332762452885661	0.10628391747708268	0.22647853540857824
3.135000000000004	0.29670597283903605	0	1	0.24192239400402812	1.7659468401131728	0.1553692895669096	-0.23549837126857884	0.9140984112346968	0.8570840118179051	-0.0007320546079700034	0	1.3330329701516357	0.10628391747708268	0.22674905267455292
3.150000000000004	0.29670597283903605	0	1	0.2420970763656552	1.7664338522376832	0.1549626695641606	-0.23490168326560962	0.9135309191092301	0.8576484841920097	-0.0007269998032125466	0	1.3333017323388288	0.10628391747708268	0.2270178148617461
3.165000000000004	0.29670597283903605	0	1	0.24227071684171206	1.7669597401077057	0.15457085102308998	-0.23434712078256453	0.9129630962654333	0.858201691681689	-0.0007220227645134467	0	1.3335687581178848	0.10628391747708268	0.22728484064080212
3.180000000000004	0.29670597283903605	0	1	0.24244332504244104	1.7675228313544775	0.1541932991644842	-0.23383309497836027	0.9123949535423722	0.8587437431377736	-0.0007171171063109382	0	1.3338340639074155	0.10628391747708268	0.22755014643033283
3.1950000000000043	0.29670597283903605	0	1	0.2426149103842174	1.7681214521937039	0.15382947926496476	-0.2333580079603213	0.9118265019126811	0.8592747464365267	-0.000712277830332989	0	1.3340976649598335	0.10628391747708268	0.22781374748275093
3.2100000000000044	0.29670597283903605	0	1	0.24278548210479894	1.7687539405113528	0.15347886061253557	-0.23292027049889044	0.9112577524466866	0.8597948084904916	-0.0007075009123593987	0	1.3343595757784261	0.10628391747708268	0.22807565830134344
3.2250000000000045	0.29670597283903605	0	1	0.2429550492768126	1.7694186525966382	0.1531409185252559	-0.23251830992278635	0.9106887162806436	0.8603040352588948	-0.0007027830337519337	0	1.3346198103004863	0.10628391747708268	0.22833589282340355
3.2400000000000047	0.29670597283903605	0	1	0.24312362081944103	1.770113966895635	0.1528151354645534	-0.2321505741413717	0.9101194045894618	0.8608025317576506	-0.0006981214030237955	0	1.3348783819967343	0.10628391747708268	0.2285944645196515
3.255000000000005	0.29670597283903605	0	1	0.24329120550853583	1.7708382869381016	0.1525010019005929	-0.2318155345498398	0.9095498285634166	0.8612904020690171	-0.00069351363234792	0	1.3351353039372624	0.10628391747708268	0.22885138646017983
3.270000000000005	0.29670597283903605	0	1	0.243457811985339	1.7715900438025471	0.1521980170407532	-0.23151168841667633	0.9089799993884466	0.8617677493509394	-0.0006889576496289586	0	1.3353905888418283	0.10628391747708268	0.22910667136474555
3.285000000000005	0.29670597283903605	0	1	0.24362344876393013	1.7723676985065797	0.1519056895391862	-0.2312375610556554	0.9084099282298429	0.8622346758461232	-0.0006844516342141852	0	1.3356442491211302	0.10628391747708268	0.2293603316440475
3.300000000000005	0.29670597283903605	0	1	0.24378812423748625	1.7731697436983296	0.1516235379963654	-0.23099170756036388	0.907839626219203	0.8626912828908708	-0.0006799939687914063	0	1.3358962969118475	0.10628391747708268	0.2296123794347649
3.3150000000000053	0.29670597283903605	0	1	0.24395184668345601	1.7739947054161131	0.15135109148286258	-0.23077271442828573	0.9072691044444856	0.863137670923715	-0.0006755832026727618	0	1.3361467441068355	0.10628391747708268	0.22986282662975277
3.3300000000000054	0.29670597283903605	0	1	0.24411462426778144	1.77484114444585	0.15108788994310335	-0.230579200887136	0.9066983739428406	0.8635739394938818	-0.0006712180233068028	0	1.3363956023813197	0.10628391747708268	0.2301116849042371
3.3450000000000055	0.29670597283903605	0	1	0.24427646504836084	1.7757076573726693	0.15083348450797712	-0.23040981996787835	0.906127445695684	0.8640001872696099	-0.0006668972339114182	0	1.336642883215728	0.10628391747708268	0.2303589657386454
3.3600000000000056	0.29670597283903605	0	1	0.24443737697798076	1.7765928775759627	0.15058743779178962	-0.23026325943443354	0.9055563306253058	0.8644165120463442	-0.0006626197357751375	0	1.3368885979156893	0.10628391747708268	0.23060468043860666
3.3750000000000058	0.29670597283903605	0	1	0.2445973679069507	1.7774954761132329	0.15034932415610713	-0.23013824255591786	0.9049850395922596	0.8648230107548196	-0.0006583845141897988	0	1.3371327576296586	0.10628391747708268	0.23084884015257592
3.390000000000006	0.29670597283903605	0	1	0.24475644558564613	1.7784141622444403	0.1501187298639235	-0.23003352862869414	0.9044135833928351	0.8652197794690377	-0.0006541906272169136	0	1.3373753733645686	0.10628391747708268	0.2310914558874859
3.405000000000006	0.29670597283903605	0	1	0.2449146176670899	1.779347684112454	0.14989525328137188	-0.22994791347161592	0.9038419727561473	0.8656069134141379	-0.0006500371966595352	0	1.3376164559998294	0.10628391747708268	0.23133253852274666
3.420000000000006	0.29670597283903605	0	1	0.24507194201792995	1.7803741440027518	0.14970259196759778	-0.22957419318532968	0.9032700379008536	0.8659845060742101	-0.000691813328858967	0	1.3372824621927197	0.10628391747708268	0.23099854471563697
3.4350000000000063	0.29670597283903605	0	1	0.24522671181225464	1.7560422628307832	0.1417650144003959	-0.2129589476356156	0.9027040690933631	0.8663526805334322	-0.0006594677395623783	0	1.3373562003219044	0.10628391747708268	0.23107228284482165
3.4500000000000064	0.29670597283903605	0	1	0.24538273028298122	1.765791882178613	0.1442428561456347	-0.22145136758537964	0.9021301810267939	0.8667115206143791	-0.0006467923846439746	0	1.337530604245486	0.10628391747708268	0.23124668676840324
3.4650000000000065	0.29670597283903605	0	1	0.24553787500921218	1.765849388210325	0.14376002076184707	-0.22072978041494162	0.9015561501204722	0.867061079182775	-0.0006427681937249709	0	1.3377463269275487	0.10628391747708268	0.2314624094504661
3.4800000000000066	0.29670597283903605	0	1	0.24569223102308135	1.766718330996863	0.14352749658499253	-0.22064653896072062	0.9009816962157606	0.8674014457726367	-0.0006367277750015558	0	1.337974171526922	0.10628391747708268	0.23169025404983942
3.4950000000000068	0.29670597283903605	0	1	0.2458457223298821	1.7672460589778565	0.14319313297191372	-0.22021672963411654	0.9004071364284918	0.8677327092183963	-0.000631929589825512	0	1.3382051030860707	0.10628391747708268	0.23192118560898792
3.510000000000007	0.29670597283903605	0	1	0.24599834588588698	1.7677667739725123	0.1428591207437931	-0.21977346547071516	0.8998325192089499	0.8680549592859488	-0.000627294064619236	0	1.3384359939434098	0.10628391747708268	0.23215207646632727
3.525000000000007	0.29670597283903605	0	1	0.24615010423430478	1.7682826921541557	0.14252613444765327	-0.21932739285239147	0.899257872268179	0.8683682852266544	-0.0006228799022200175	0	1.3386658354902692	0.10628391747708268	0.23238191801318656
3.540000000000007	0.29670597283903605	0	1	0.2463010040707373	1.768810137225494	0.14219914824588714	-0.21889634289513082	0.8986832074533468	0.868672775600416	-0.0006186042198051448	0	1.3388943033838068	0.10628391747708268	0.23261038590672423
3.5550000000000073	0.29670597283903605	0	1	0.2464510528237417	1.76935126423381	0.1418788020522167	-0.21848318606099296	0.8981085334295531	0.8689685181879607	-0.0006144397994406216	0	1.3391213034358522	0.10628391747708268	0.23283738595876952
3.5700000000000074	0.29670597283903605	0	1	0.24660025805749108	1.7699066750947774	0.14156526041361034	-0.21808872452499917	0.8975338579043661	0.869255599978027	-0.0006103660383771102	0	1.3393468167440745	0.10628391747708268	0.23306289926699186
3.5850000000000075	0.29670597283903605	0	1	0.24674862723543864	1.7704760401619635	0.14125840330895495	-0.2177126923392108	0.8969591885275794	0.869534107170204	-0.0006063697280811741	0	1.3395708489267784	0.10628391747708268	0.2332869314496956
3.6000000000000076	0.29670597283903605	0	1	0.24689616767761355	1.7710588320323484	0.14095805063627337	-0.21735457258871937	0.8963845330653877	0.8698041251830777	-0.0006024414246893956	0	1.339793413241217	0.10628391747708268	0.23350949576413438
3.6150000000000078	0.29670597283903605	0	1	0.24704288656022222	1.7716544666870884	0.14066400536728174	-0.2170137741348391	0.8958098994140596	0.8700657386632291	-0.0005985741739693526	0	1.3400145250612785	0.10628391747708268	0.2337306075841959
3.630000000000008	0.29670597283903605	0	1	0.2471887909270376	1.7722623596185787	0.1403760706723302	-0.2166896988972942	0.8952352955671796	0.8703190314940457	-0.000594762662721385	0	1.3402342000957288	0.10628391747708268	0.23395028261864612
3.645000000000008	0.29670597283903605	0	1	0.24733388770135828	1.7728819397113076	0.1400940541273734	-0.2163817597139019	0.8946607295792405	0.870564086804103	-0.0005910027198302995	0	1.3404524538405471	0.10628391747708268	0.23416853636346444
3.660000000000008	0.29670597283903605	0	1	0.24747818369621477	1.7735126529350984	0.13981776881180868	-0.21608938546051287	0.8940862095347473	0.8708009869751264	-0.0005872909930326309	0	1.340669301431835	0.10628391747708268	0.23438538395475234
3.6750000000000083	0.29670597283903605	0	1	0.24762168562255835	1.77415396292795	0.13954703346179392	-0.21581202211309264	0.893511743524158	0.8710298136496013	-0.0005836247337664926	0	1.3408847576252136	0.10628391747708268	0.23460084014813107
3.6900000000000084	0.29670597283903605	0	1	0.2477644000957252	1.7748053507952575	0.1392816723894894	-0.21554913276124563	0.8929373396258032	0.8712506477380979	-0.0005800016487086121	0	1.3410988368121903	0.10628391747708268	0.23481491933510765
3.7050000000000085	0.29670597283903605	0	1	0.24790633364050998	1.775466314797136	0.13902151537252339	-0.21530019741144849	0.8923630058926408	0.8714635694263666	-0.0005764197945683837	0	1.341311553044931	0.10628391747708268	0.2350276355678485
3.7200000000000086	0.29670597283903605	0	1	0.24804749269514206	1.7761363702366062	0.13876639760836829	-0.2150647128648899	0.891788750342916	0.8716686581822518	-0.0005728775017626487	0	1.341522920060813	0.10628391747708268	0.23523900258373032
3.7350000000000088	0.29670597283903605	0	1	0.24818788361438796	1.7768150491154222	0.13851615960046365	-0.2148421925200644	0.8912145809539287	0.8718659927624579	-0.0005693733179129067	0	1.3417329513044995	0.10628391747708268	0.23544903382741694
3.750000000000009	0.29670597283903605	0	1	0.24832751267195996	1.7775019002294792	0.13827064718094406	-0.21463216637320975	0.8906405056583185	0.8720556512192001	-0.0005659059652795313	0	1.3419416599472664	0.10628391747708268	0.2356577424701839
3.765000000000009	0.29670597283903605	0	1	0.24846638606237822	1.7781964889072586	0.1380297114259722	-0.2144341808792939	0.8900665323423561	0.8722377109067606	-0.0005624743081860807	0	1.3421490589038338	0.10628391747708268	0.23586514142675113
3.780000000000009	0.29670597283903605	0	1	0.248604509902409	1.7788983970162566	0.13779320865434996	-0.21424779892264986	0.8894926688458173	0.8724122484879717	-0.0005590773277528953	0	1.3423551608470694	0.10628391747708268	0.2360712433699867
3.7950000000000093	0.29670597283903605	0	1	0.24874189023218188	1.7796072227830864	0.13756100037018099	-0.21407259970488382	0.8889189229630555	0.872579339940638	-0.0005557141020546696	0	1.3425599782209028	0.10628391747708268	0.2362760607438201
3.8100000000000094	0.29670597283903605	0	1	0.24887853301607327	1.7803225808588314	0.1373329532812494	-0.21390817872419993	0.8883453024449739	0.8727390605639108	-0.0005523837903749101	0	1.3427635232517376	0.10628391747708268	0.23647960577465502
3.8250000000000095	0.29670597283903605	0	1	0.24901444414342816	1.781044102152481	0.13710893924699907	-0.21375414764791303	0.8877718150016143	0.8728914849846217	-0.0005490856205845044	0	1.3429658079585967	0.10628391747708268	0.23668189048151392
3.8400000000000096	0.29670597283903605	0	1	0.24914962942917535	1.7817714335036232	0.1368888351776934	-0.21361013410629326	0.8871984683051499	0.8730366871635795	-0.0005458188789404858	0	1.3431668441621918	0.10628391747708268	0.2368829266851092
3.8550000000000098	0.29670597283903605	0	1	0.2492840946143862	1.782504237923309	0.13667252310744565	-0.2134757817084808	0.8866252699930879	0.873174740401838	-0.000542582901772746	0	1.343366643493089	0.10628391747708268	0.23708272601600647
3.87000000000001	0.29670597283903605	0	1	0.24941784536680964	1.7832421941333445	0.13645989005281461	-0.21335074975774415	0.8860522276715518	0.8733057173469304	-0.0005393770686629057	0	1.343565217399083	0.10628391747708268	0.23728129992200042
3.88500000000001	0.29670597283903605	0	1	0.24955088728141542	1.7839849965513197	0.13625082800762878	-0.21323471313861822	0.885479348918499	0.8734296899990774	-0.0005362007968114043	0	1.3437625771519084	0.10628391747708268	0.2374786596748258
3.90000000000001	0.29670597283903605	0	1	0.24968322588097283	1.7847323550824767	0.1360452338786164	-0.21312736211423933	0.8849066412867612	0.8735467297173617	-0.0005330535363686485	0	1.3439587338533692	0.10628391747708268	0.23767481637628649
3.9150000000000102	0.29670597283903605	0	1	0.2498148666166945	1.7854839948642351	0.1358430094063311	-0.21302840209387336	0.8843341123067626	0.8736569072258714	-0.0005299347665518954	0	1.3441536984409777	0.10628391747708268	0.23786978096389505
3.9300000000000104	0.29670597283903605	0	1	0.2499458148689777	1.786239656182782	0.1356440611383385	-0.21293755346188376	0.8837617694887745	0.8737602926198069	-0.0005268439924242715	0	1.3443474816931744	0.10628391747708268	0.2380635642160918
3.9450000000000105	0.29670597283903605	0	1	0.2500760759482834	1.7869990941362561	0.13544830032445826	-0.2128545512933363	0.8831896203245084	0.8738569553715453	-0.0005237807422274987	0	1.3445400942342045	0.10628391747708268	0.2382561767571218
3.9600000000000106	0.29670597283903605	0	1	0.25020565509618964	1.7877620785064052	0.1352556428751438	-0.21277914514687893	0.8826176722878583	0.8739469643366571	-0.0005207445652002751	0	1.3447315465387115	0.10628391747708268	0.23844762906162897
3.9750000000000107	0.29670597283903605	0	1	0.2503345574866606	1.7885283935046117	0.1350660092807226	-0.21271109879832897	0.8820459328345874	0.8740303877598644	-0.0005177350298052064	0	1.3449218489361219	0.10628391747708268	0.2386379314590392
3.990000000000011	0.29670597283903605	0	1	0.2504627882275605	1.789297837689993	0.1348793245824111	-0.2126501900382881	0.8814744094007997	0.8741072932809311	-0.0005147517223079829	0	1.345111011614869	0.10628391747708268	0.23882709413778636
4.0050000000000106	0.29670597283903605	0	1	0.2505903523624145	1.7900702234215768	0.13469551820004172	-0.21259621027234182	0.8809031094001325	0.8741777479404724	-0.0005117942456393536	0	1.3452990446265038	0.10628391747708268	0.23901512714942114
4.02000000000001	0.29670597283903605	0	1	0.2507172548724103	1.7908453771658628	0.13451452402048497	-0.2125489644696859	0.8803320402196853	0.874241818185673	-0.0005088622184734353	0	1.345485957889729	0.10628391747708268	0.23920204041264637
4.03500000000001	0.29670597283903605	0	1	0.2508435006785848	1.7916231386006178	0.13433628011740234	-0.21250827061391386	0.8797612092148704	0.874299569875902	-0.0005059552744471871	0	1.345671761194362	0.10628391747708268	0.23938784371727936
4.05000000000001	0.29670597283903605	0	1	0.2509690946441292	1.792403360949892	0.13416072884699637	-0.21247395965991356	0.8791906237034943	0.8743510682882165	-0.0005030730614592977	0	1.3458564642052302	0.10628391747708268	0.2395725467281476
4.065000000000009	0.29670597283903605	0	1	0.2510940415767143	1.7931859103233219	0.1339878166392408	-0.21244587508232282	0.8786202909594599	0.8743963781227506	-0.000500215240979283	0	1.346040076465971	0.10628391747708268	0.23975615898888836
4.080000000000009	0.29670597283903605	0	1	0.2512183462307431	1.7939706655906218	0.13381749395294118	-0.21242387264532472	0.8780502182065618	0.8744355635079881	-0.0004973814873366076	0	1.3462226074027133	0.10628391747708268	0.23993868992563064
4.095000000000009	0.29670597283903605	0	1	0.25134201330943484	1.7947575178623392	0.13364971511094298	-0.21240782001298625	0.8774804126127801	0.8744686880059231	-0.0004945714869595752	0	1.3464040663275982	0.10628391747708268	0.24012014885051564
4.110000000000008	0.29670597283903605	0	1	0.25146504746668064	1.7955463703765544	0.1334844382601738	-0.21239759652826287	0.8769108812854086	0.8744958146171175	-0.0004917849375765131	0	1.3465844624421135	0.10628391747708268	0.24030054496503095
4.125000000000008	0.29670597283903605	0	1	0.25158745330863863	1.7963371379488287	0.1333216251989915	-0.21239309281335086	0.8763416312671869	0.8745170057856634	-0.0004890215473941122	0	1.346763804840222	0.10628391747708268	0.24047988736313927
4.140000000000008	0.29670597283903605	0	1	0.25170923539507556	1.7971297466064846	0.13316124126170203	-0.21239421044558765	0.8757726695334432	0.8745323234040644	-0.00048628103429785387	0	1.3469421025112742	0.10628391747708268	0.2406581850341915
4.155000000000007	0.29670597283903605	0	1	0.2518303982404965	1.797924133265718	0.13300325521685374	-0.21240086165032623	0.8752040029901014	0.874541828818043	-0.000483563125102436	0	1.3471193643427297	0.10628391747708268	0.24083544686564715
4.170000000000007	0.29670597283903605	0	1	0.2519509463151153	1.798720245451942	0.13284763917925468	-0.21241296901022486	0.8746356384723054	0.8745455828312833	-0.0004808675548879164	0	1.3472955991226931	0.10628391747708268	0.2410116816456105
4.185000000000007	0.29670597283903605	0	1	0.25207088404573497	1.7995180408582037	0.13269436847276622	-0.21243046510613703	0.8740675827433936	0.8745436457101157	-0.0004781940664305747	0	1.3474708155423076	0.10628391747708268	0.24118689806522495
4.200000000000006	0.29670597283903605	0	1	0.2521902158165891	1.8003174870278158	0.13254342153118598	-0.2124532922079937	0.8734998424939738	0.8745360771881437	-0.00047554240973077277	0	1.3476450221980316	0.10628391747708268	0.24136110472094893
4.215000000000006	0.29670597283903605	0	1	0.25230894597017867	1.8011185611462823	0.13239477983254416	-0.21248140201045282	0.872932424340926	0.8745229364708171	-0.00047291234162226756	0	1.3478182275938158	0.10628391747708268	0.2415343101167331
4.230000000000006	0.29670597283903605	0	1	0.2524270788081264	1.8019212496172885	0.13224842776730822	-0.2125147552798841	0.872365334826251	0.8745042822399467	-0.00047030362544111794	0	1.3479904401432101	0.10628391747708268	0.24170652266612744
4.245000000000005	0.29670597283903605	0	1	0.2525446185920469	1.802725547796352	0.13210435255472314	-0.2125533215672456	0.8717985804157683	0.8744801726581637	-0.00046771603073562755	0	1.3481616681713995	0.10628391747708268	0.2418777506943168
4.260000000000005	0.29670597283903605	0	1	0.252661569544417	1.8035314597282932	0.13196254416030084	-0.21259707892451987	0.8712321674977085	0.8744506653733205	-0.00046514933299210876	0	1.3483319199171742	0.10628391747708268	0.2420480024400916
4.275000000000005	0.29670597283903605	0	1	0.25277793584943115	1.8043389978010966	0.13182299518778456	-0.21264601358848473	0.8706661023813085	0.8744158175228339	-0.00046260331336836534	0	1.3485012035348312	0.10628391747708268	0.24221728605774853
4.2900000000000045	0.29670597283903605	0	1	0.2528937216538181	1.8051481824559685	0.13168570078840747	-0.21270011968995742	0.8701003912955066	0.8743756857379711	-0.0004600777584200543	0	1.3486695270960019	0.10628391747708268	0.24238560961891925
4.305000000000004	0.29670597283903605	0	1	0.2530089310676024	1.8059590418124187	0.13155065854434067	-0.212759398930173	0.8695350403878335	0.8743303261480818	-0.0004575724598197742	0	1.3488368985913994	0.10628391747708268	0.2425529811143167
4.320000000000004	0.29670597283903605	0	1	0.2531235681647931	1.8067716115088681	0.13141786841826286	-0.21282386034818826	0.8689700557235798	0.8742797943847783	-0.0004550872140675432	0	1.3490033259324798	0.10628391747708268	0.24271940845539727
4.3350000000000035	0.29670597283903605	0	1	0.25323763698399526	1.8075859341777745	0.1312873325914352	-0.2128935199396429	0.8684054432853021	0.874224145586067	-0.00045262182219623113	0	1.3491688169530118	0.10628391747708268	0.24288489947592926
4.350000000000003	0.29670597283903605	0	1	0.25335114152893823	1.8084020593302725	0.13115905542724365	-0.2129684004459927	0.8678412089726666	0.8741634344004359	-0.0004501760894746482	0	1.3493333794105566	0.10628391747708268	0.2430494619334739
4.365000000000003	0.29670597283903605	0	1	0.25346408576892265	1.8092200428616867	0.13103304331908827	-0.2130485309894373	0.8672773586026711	0.8740977149909017	-0.00044774982511543263	0	1.349497020987851	0.10628391747708268	0.24321310351076822
4.380000000000003	0.29670597283903605	0	1	0.25357647363919295	1.8100399470071082	0.13090930467611195	-0.21313394689461893	0.8667138979102076	0.8740270410390211	-0.00044534284199103976	0	1.3496597492941045	0.10628391747708268	0.24337583181702188
4.395000000000002	0.29670597283903605	0	1	0.25368830904124245	1.810861839737142	0.13078784973798485	-0.21322468928133997	0.8661508325489243	0.8739514657488681	-0.00044295495635984333	0	1.349821571866205	0.10628391747708268	0.24353765438912242
4.410000000000002	0.29670597283903605	0	1	0.2537995958430601	1.8116857946399767	0.13066869053856134	-0.21332080485864835	0.8655881680923876	0.8738710418509823	-0.0004405859876112703	0	1.3499824961698408	0.10628391747708268	0.2436985786927582
4.425000000000002	0.29670597283903605	0	1	0.2539103378793315	1.8125118906037576	0.1305518408086262	-0.21342234563841259	0.8650259100354515	0.8737858216062916	-0.0004382357580231135	0	1.3501425296005483	0.10628391747708268	0.24385861212346555
4.440000000000001	0.29670597283903605	0	1	0.2540205389516003	1.813340211523528	0.1304373158862775	-0.21352936866005198	0.8644640637958327	0.8736958568100085	-0.00043590409254174297	0	1.35030167948468	0.10628391747708268	0.2440177620075973
4.455000000000001	0.29670597283903605	0	1	0.25413020282840193	1.8141708459887653	0.13032513262146395	-0.213641935708614	0.8639026347158214	0.8736011987955058	-0.0004335908185759861	0	1.3504599530803107	0.10628391747708268	0.24417603560322812
4.470000000000001	0.29670597283903605	0	1	0.25423933324537723	1.8150038869712224	0.1302153092806731	-0.21376011303411743	0.8633416280641097	0.8735018984381702	-0.0004312957658124023	0	1.3506173575780775	0.10628391747708268	0.2443334401009949
4.485	0.29670597283903605	0	1	0.2543479339053718	1.8158394317300592	0.13010786551809622	-0.21388397116193172	0.8627810490376835	0.8733980061592365	-0.00042901876604495537	0	1.3507739001019619	0.10628391747708268	0.24448998262487914
4.5	0.29670597283903605	0	1	0.2544560084785283	1.8166775813172276	0.13000282222459392	-0.21401358453953748	0.8622209027637772	0.8732895719296028	-0.0004267596530212236	0	1.3509295877100205	0.10628391747708268	0.24464567023293773
4.515	0.29670597283903605	0	1	0.25456356060237456	1.8175184404007754	0.12990020147386755	-0.21414903131534083	0.8616611943018341	0.8731766452736274	-0.00042451826230333853	0	1.3510844273950648	0.10628391747708268	0.24480050991798213
4.529999999999999	0.29670597283903605	0	1	0.25467059388191277	1.8183621169982078	0.12980002644112465	-0.2142903930819303	0.8611019286454936	0.8730592752729069	-0.0004222944311413252	0	1.351238426085297	0.10628391747708268	0.24495450860821424
4.544999999999999	0.29670597283903605	0	1	0.25477711188971097	1.8192087222804076	0.12970232134329973	-0.21443775464945047	0.8605431107245513	0.8729375105700371	-0.0004200879983578818	0	1.3513915906449023	0.10628391747708268	0.24510767316781956
4.559999999999999	0.29670597283903605	0	1	0.25488311816599923	1.8200583701298179	0.1296071113041276	-0.214591203718851	0.8599847454069108	0.8728113993723554	-0.00041789880424433025	0	1.3515439278746024	0.10628391747708268	0.24526001039751968
4.574999999999998	0.29670597283903605	0	1	0.2549886162187714	1.8209111771432513	0.12951442235512522	-0.21475083073945406	0.8594268375005119	0.8726809894556656	-0.0004157266904654359	0	1.3516954445121732	0.10628391747708268	0.24541152703509042
4.589999999999998	0.29670597283903605	0	1	0.2550936095238948	1.8217672620616843	0.12942428126135513	-0.21491672853158908	0.8588693917552184	0.8725463281679444	-0.0004135714999706243	0	1.3518461472329288	0.10628391747708268	0.2455622297558462
4.604999999999998	0.29670597283903605	0	1	0.2551981015252244	1.8226267457113057	0.12933671550347298	-0.21508899212064325	0.8583124128646773	0.8724074624330299	-0.0004114330769156979	0	1.3519960426501716	0.10628391747708268	0.24571212517308896
4.619999999999997	0.29670597283903605	0	1	0.255302095634727	1.8234897508766954	0.12925175323898558	-0.2152677185445718	0.8577559054681358	0.8722644387542915	-0.00040931126658932715	0	1.3521451373156153	0.10628391747708268	0.24586121983853254
4.634999999999997	0.29670597283903605	0	1	0.25540559523261425	1.824356401730074	0.12916942312775287	-0.21545300647905857	0.857199874152207	0.8721173032182807	-0.00040720591534603405	0	1.3522934377197797	0.10628391747708268	0.24600952024269707
4.649999999999997	0.29670597283903605	0	1	0.2555086036674847	1.825226823806337	0.12908975432431463	-0.21564495608817633	0.8566443234525861	0.8719661014983645	-0.0004051168705502571	0	1.3524409502923598	0.10628391747708268	0.2461570328152772
4.6649999999999965	0.29670597283903605	0	1	0.25561112425648097	1.826101143636811	0.1290127763658222	-0.21584366873562721	0.8560892578556709	0.8718108788583366	-0.00040304398052464505	0	1.3525876814025741	0.10628391747708268	0.24630376392549155
4.679999999999996	0.29670597283903605	0	1	0.255713160285465	1.8269794887056452	0.12893851915854448	-0.21604924682916618	0.8555346818000975	0.871651680156011	-0.00040098709451317794	0	1.3527336373594951	0.10628391747708268	0.2464497198824126
4.694999999999996	0.29670597283903605	0	1	0.25581471500921427	1.8278619868480104	0.1288670127936387	-0.21626179343565588	0.8549805996781341	0.8714885498467931	-0.00039894606265204546	0	1.3528788244123622	0.10628391747708268	0.24659490693527952
4.7099999999999955	0.29670597283903605	0	1	0.2559157916516502	1.8287487664039659	0.12879828759384032	-0.21648141220764008	0.8544270158369023	0.8713215319872277	-0.0003969207359576942	0	1.3530232487508886	0.10628391747708268	0.24673933127380587
4.724999999999995	0.29670597283903605	0	1	0.2560163934061004	1.829639955746549	0.12873237396871118	-0.21670820705285382	0.8538739345793858	0.8711506702385247	-0.00039491096632731347	0	1.3531669165055602	0.10628391747708268	0.24688299902847757
4.739999999999995	0.29670597283903605	0	1	0.2561165234356055	1.8305356831006876	0.12866930235864693	-0.2169422819231832	0.853321360165172	0.870976007870056	-0.00039291660655617084	0	1.3533098337479366	0.10628391747708268	0.24702591627085382
4.754999999999995	0.29670597283903605	0	1	0.2562161848732764	1.8314360763317914	0.12860910316943658	-0.2171837405916305	0.8527692968109027	0.8707975877628262	-0.00039093751037117767	0	1.3534520064909565	0.10628391747708268	0.2471680890138739
4.769999999999994	0.29670597283903605	0	1	0.25631538082270644	1.832341262683368	0.12855180669104604	-0.21743268640833985	0.8522177486903658	0.8706154524129088	-0.00038897353247864454	0	1.3535934406892567	0.10628391747708268	0.247309523212174
4.784999999999994	0.29670597283903605	0	1	0.25641411435844286	1.8332513685996328	0.12849744304217958	-0.21768922209172864	0.8516667199342322	0.8704296439348493	-0.0003870245286267679	0	1.3537341422395024	0.10628391747708268	0.2474502247624198
4.799999999999994	0.29670597283903605	0	1	0.2565123885265203	1.8341665194600445	0.12844604208769794	-0.21795344948355636	0.8511162146293889	0.870240204065029	-0.0003850903556765438	0	1.3538741169807418	0.10628391747708268	0.2475901995036591
4.814999999999993	0.29670597283903605	0	1	0.25661020634505144	1.835086839407266	0.12839763338439825	-0.21822546934260162	0.8505662368178938	0.8700471741649868	-0.0003831708716829155	0	1.354013370694778	0.10628391747708268	0.2477294532176952
4.829999999999993	0.29670597283903605	0	1	0.2567075708048762	1.8360124510448166	0.12835224608674917	-0.2185053810849871	0.8500167904955482	0.869850595224696	-0.0003812659359750501	0	1.3541519091065684	0.10628391747708268	0.24786799162948567
4.844999999999993	0.29670597283903605	0	1	0.25680448487025764	1.8369434752513651	0.12830990888812	-0.2187932825727812	0.8494678796101192	0.869650507865792	-0.0003793754092399163	0	1.354289737884644	0.10628391747708268	0.2480058204075613
4.859999999999992	0.29670597283903605	0	1	0.25690095147961906	1.8378800310304109	0.12827064997268178	-0.21908926991774227	0.848919508059266	0.8694469523447493	-0.000377499153597371	0	1.3544268626415525	0.10628391747708268	0.2481429451644698
4.874999999999992	0.29670597283903605	0	1	0.25699697354631124	1.8388222351026902	0.12823449688853977	-0.21939343717936577	0.8483716796882067	0.8692399685560046	-0.00037563703266553993	0	1.3545632889343195	0.10628391747708268	0.24827937145723697
4.889999999999992	0.29670597283903605	0	1	0.25709255395939495	1.8397702019189504	0.12820147654932534	-0.21970587623665147	0.8478243982872081	0.8690295960350246	-0.00037378891161638997	0	1.3546990222649276	0.10628391747708268	0.24841510478784493
4.904999999999991	0.29670597283903605	0	1	0.25718769558442967	1.8407240431877798	0.12817161508749464	-0.22002667646070848	0.8472776675889644	0.8688158739613187	-0.0003719546572113123	0	1.3548340680808	0.10628391747708268	0.24855015060371735
4.919999999999991	0.29670597283903605	0	1	0.2572824012642523	1.8416838678402043	0.12814493784118575	-0.22035592456761285	0.8467314912659412	0.8685988411613934	-0.0003701341378224707	0	1.3549684317752955	0.10628391747708268	0.2486845142982129
4.934999999999991	0.29670597283903605	0	1	0.25737667381973556	1.8426497816278191	0.128121469229095	-0.22069370432111754	0.8461858729277477	0.8683785361116539	-0.00036832722343066573	0	1.3551021186881989	0.10628391747708268	0.24881820121111617
4.94999999999999	0.29670597283903605	0	1	0.25747051605051224	1.8436218870367989	0.12810123272203588	-0.2210400963657967	0.8456408161186315	0.8681549969412488	-0.00036653378560779013	0	1.3552351341062046	0.10628391747708268	0.2489512166291219
4.96499999999999	0.29670597283903605	0	1	0.2575639307356572	1.8446002829254464	0.12808425073010765	-0.221395177946985	0.8450963243151405	0.8679282614348631	-0.0003647536974761145	0	1.3553674832633873	0.10628391747708268	0.24908356578630453
4.97999999999999	0.29670597283903605	0	1	0.2576569206343161	1.8455850643249352	0.12807054453993083	-0.22175902269823586	0.8445524009240113	0.8676983670354624	-0.0003629868336506461	0	1.3554991713416515	0.10628391747708268	0.24921525386456886
4.9949999999999894	0.29670597283903605	0	1	0.2577494884862771	1.8465763222509157	0.1280601342553907	-0.22213170043388827	0.844009049280348	0.867465350846989	-0.00036123307016471977	0	1.35563020347116	0.10628391747708268	0.2493462859940774
5.009999999999989	0.29670597283903605	0	1	0.25784163701247903	1.8475741433438937	0.1280530386862383	-0.2225132768713655	0.8434662726460935	0.8672292496370142	-0.000359492284380602	0	1.3557605847307304	0.10628391747708268	0.2494766672536477
5.024999999999989	0.29670597283903605	0	1	0.25793336891545393	1.8485786096106926	0.128049275267813	-0.22290381339538143	0.8429240742088484	0.8669900998393524	-0.0003577643548880028	0	1.3558903201481978	0.10628391747708268	0.24960640267111509
5.0399999999999885	0.29670597283903605	0	1	0.2580246868797046	1.8495897984599112	0.12804886007086225	-0.2233033669438681	0.8423824570810343	0.8667479375566375	-0.00035604916139582253	0	1.3560194147007443	0.10628391747708268	0.24973549722366153
5.054999999999988	0.29670597283903605	0	1	0.25811559357201974	1.8506077820258575	0.12805180759403434	-0.22371198960089222	0.8418414242993847	0.8665027985628679	-0.00035434658461353733	0	1.3561478733151893	0.10628391747708268	0.2498639558381067
5.069999999999988	0.29670597283903605	0	1	0.2582060916417264	1.8516326272158417	0.12805813077773148	-0.22412972848761398	0.8413009788247866	0.8662547183059225	-0.00035265650613499824	0	1.3562757008682411	0.10628391747708268	0.24999178339115855
5.0849999999999875	0.29670597283903605	0	1	0.25829618372088675	1.8526643954282487	0.12806784091749462	-0.22455662551846559	0.8407611235424294	0.8660037319100515	-0.00035097880831775973	0	1.3564029021867068	0.10628391747708268	0.2501189847096241
5.099999999999987	0.29670597283903605	0	1	0.25838587242444677	1.853703142146578	0.128080947539628	-0.22499271710605076	0.8402218612622477	0.865749874178346	-0.00034931337416453493	0	1.3565294820476692	0.10628391747708268	0.2502455645705866
5.114999999999987	0.29670597283903605	0	1	0.2584751603503348	1.854748916948966	0.12809745840401615	-0.22543803403787221	0.839683194719625	0.865493179595188	-0.0003476600872104393	0	1.356655445178621	0.10628391747708268	0.2503715277015384
5.129999999999987	0.29670597283903605	0	1	0.25856405007952066	1.8558017630120105	0.12811737935246437	-0.22589260114524976	0.8391451265763674	0.8652336823286844	-0.0003460188314095408	0	1.3567807962575644	0.10628391747708268	0.25049687878048166
5.144999999999986	0.29670597283903605	0	1	0.2586532145312519	1.8567811733519748	0.12811381117971754	-0.2266833067850475	0.8386035757858674	0.8649713958658689	-0.0002965662842260961	0	1.3579268947933851	0.10628391747708268	0.2516429773163024
5.159999999999986	0.29670597283903605	0	1	0.2587434949882739	1.8854332725799041	0.1365667341217952	-0.2453413455453955	0.8380533911494986	0.8647062876150791	-0.0003178406541366467	0	1.3579028358908785	0.10628391747708268	0.25161891841379574
5.174999999999986	0.29670597283903605	0	1	0.2588301182603347	1.8692868963931133	0.13133572034037483	-0.22979578884042026	0.8375237340104553	0.8644384451881787	-0.00033376496008959036	0	1.3580132573787425	0.10628391747708268	0.25172933990165985
5.189999999999985	0.29670597283903605	0	1	0.2589169946383987	1.8741461088341107	0.1325257997381421	-0.23345548219218654	0.8369907896477039	0.8641679812662688	-0.00032790145843546067	0	1.358122218216358	0.10628391747708268	0.2518383007392753
5.204999999999985	0.29670597283903605	0	1	0.25900338054275146	1.8743131665146484	0.1322829135879346	-0.23304781278460154	0.8364591208376496	0.8638949119821806	-0.0003292590279366029	0	1.358240054288767	0.10628391747708268	0.2519561368116843
5.219999999999985	0.29670597283903605	0	1	0.2590894184935952	1.8752247039234438	0.1322687243061858	-0.23334664402352273	0.8359278699288581	0.8636192716741079	-0.0003281417712622496	0	1.3583586996427164	0.10628391747708268	0.25207478216563367
5.234999999999984	0.29670597283903605	0	1	0.2591750810608997	1.8759282920146907	0.13219213971039945	-0.233475461832828	0.8353972224239515	0.8633410910075521	-0.0003272763254568505	0	1.3584776777315875	0.10628391747708268	0.2521937602545047
5.249999999999984	0.29670597283903605	0	1	0.25926037484736103	1.8766604779173022	0.1321254582889278	-0.2336366128168472	0.8348671542135937	0.8630604011432254	-0.0003261815486716545	0	1.3585963720502394	0.10628391747708268	0.25231245457315665
5.264999999999984	0.29670597283903605	0	1	0.2593452999600915	1.877388559466694	0.13205868286167166	-0.233798025044531	0.834337681255923	0.8627772328917315	-0.0003250223038798184	0	1.3587146663290717	0.10628391747708268	0.2524307488519891
5.279999999999983	0.29670597283903605	0	1	0.25942985807563335	1.878124199162139	0.13199537453134125	-0.23396913991089996	0.8338088096971705	0.8624916168669524	-0.00032380218940372766	0	1.358832503153788	0.10628391747708268	0.25254858567670546
5.294999999999983	0.29670597283903605	0	1	0.25951405075938216	1.878866925825562	0.13193538512945352	-0.23414921515168177	0.8332805462761227	0.8622035834422683	-0.0003225435500021199	0	1.358949867451579	0.10628391747708268	0.2526659499744964
5.309999999999983	0.29670597283903605	0	1	0.25959787975115706	1.8796176722854991	0.13187899512821233	-0.23433897436711282	0.832752896534307	0.8619131627499199	-0.0003212570993265274	0	1.3590667542826778	0.10628391747708268	0.25278283680559505
5.324999999999982	0.29670597283903605	0	1	0.2596813468656091	1.8803767385881274	0.13182629127058926	-0.23453864711967873	0.8322258654281354	0.8616203846745479	-0.0003199511882916964	0	1.359183163301383	0.10628391747708268	0.2528992458243003
5.339999999999982	0.29670597283903605	0	1	0.2597644539807014	1.8811444253823988	0.13177736025458964	-0.2347484865221304	0.8316994573941947	0.8613252788501604	-0.0003186316653032463	0	1.3592990957586335	0.10628391747708268	0.25301517828155085
5.354999999999982	0.29670597283903605	0	1	0.2598472030169859	1.881920980650419	0.13173227251759645	-0.23496870605749176	0.8311736764745088	0.8610278746580791	-0.00031730290734416984	0	1.359414553662844	0.10628391747708268	0.25313063618576126
5.3699999999999815	0.29670597283903605	0	1	0.2599295959249991	1.8827066361960154	0.1316910934349546	-0.23519950695131892	0.8306485263924395	0.860728201225906	-0.0003159682279587316	0	1.359529539416793	0.10628391747708268	0.2532456219397103
5.384999999999981	0.29670597283903605	0	1	0.260011634675519	1.8835016101440765	0.13165388411731288	-0.23544107871369668	0.8301240106117973	0.8604262874271723	-0.0003146301894628439	0	1.3596440556745948	0.10628391747708268	0.2533601381975122
5.399999999999981	0.29670597283903605	0	1	0.2600933212524392	1.8843061105771373	0.13162070254677816	-0.23569360188168056	0.8296001323802942	0.8601221618815005	-0.0003132908023098493	0	1.3597581052683483	0.10628391747708268	0.25347418779126557
5.4149999999999805	0.29670597283903605	0	1	0.26017465764739683	1.8851203369054947	0.1315916040141878	-0.23595724906033155	0.8290768947625702	0.8598158529551451	-0.0003119516647111112	0	1.3598716911648936	0.10628391747708268	0.2535877736878109
5.42999999999998	0.29670597283903605	0	1	0.26025564585569355	1.885944480709817	0.13156664139072155	-0.2362321856462397	0.828554300665501	0.8595073887618186	-0.00031061406099780015	0	1.3599848164357666	0.10628391747708268	0.25370089895868403
5.44499999999998	0.29670597283903605	0	1	0.2603362878731624	1.886778726176674	0.13154586527184792	-0.2365185702361411	0.8280323528578756	0.8591967971637328	-0.00030927903279545356	0	1.3600974842343503	0.10628391747708268	0.2538135667572677
5.4599999999999795	0.29670597283903605	0	1	0.26041658569373927	1.8876232504788721	0.1315293241020013	-0.23681655492698878	0.8275110539858661	0.8588841057728037	-0.00030794743141267754	0	1.3602096977775144	0.10628391747708268	0.2539257803004317
5.474999999999979	0.29670597283903605	0	1	0.26049654130756805	1.8884782237804467	0.13151706418269693	-0.2371262853974076	0.82699040658532	0.8585693419519842	-0.0003066199570609076	0	1.3603214603304015	0.10628391747708268	0.25403754285331875
5.489999999999979	0.29670597283903605	0	1	0.2605761566995187	1.8893438094331236	0.1315091297377775	-0.2374479010225622	0.8264704130915757	0.8582525328166919	-0.0003052971886480799	0	1.360432775193587	0.10628391747708268	0.2541488577165043
5.504999999999979	0.29670597283903605	0	1	0.2606554338480268	1.8902201640254181	0.13150556293251686	-0.23778153489541767	0.8259510758473643	0.8579337052363116	-0.0003039796067142293	0	1.360543645692089	0.10628391747708268	0.2542597282150063
5.519999999999978	0.29670597283903605	0	1	0.2607343747241887	1.891107437048152	0.13150640377457956	-0.23812731366500048	0.8254323971091488	0.8576128858357538	-0.00030266761130266166	0	1.3606540751658598	0.10628391747708268	0.2543701576887771
5.534999999999978	0.29670597283903605	0	1	0.26081298129106517	1.8920057712190648	0.13151169021577697	-0.2384853576277795	0.8249143790522356	0.8572901009970536	-0.00030136153603795934	0	1.360764066961495	0.10628391747708268	0.2544801494844124
5.549999999999978	0.29670597283903605	0	1	0.2608912555031492	1.8929153020117748	0.13152145801000903	-0.23885578047742273	0.8243970237748514	0.8569653768610012	-0.00030006165932454555	0	1.3608736244249329	0.10628391747708268	0.2545897069478503
5.564999999999977	0.29670597283903605	0	1	0.2609691993059684	1.893836157691883	0.13153574072579527	-0.23923868925185862	0.8238803333014214	0.8566387393287911	-0.00029876821333915015	0	1.360982750894986	0.10628391747708268	0.25469883341790356
5.579999999999977	0.29670597283903605	0	1	0.26104681463579354	1.8947684592967886	0.13155456974123503	-0.23963418424915486	0.8233643095851749	0.8563102140636846	-0.0002974813913058113	0	1.361091449697569	0.10628391747708268	0.25480753222048635
5.594999999999977	0.29670597283903605	0	1	0.2611241034194304	1.8957123201697552	0.13157797410240185	-0.24004235875239407	0.8228489545102586	0.8559798264926801	-0.00029620135342619077	0	1.3611997241405056	0.10628391747708268	0.25491580666342295
5.609999999999976	0.29670597283903605	0	1	0.2612010675740706	1.8966678460762356	0.13160598055955125	-0.2404632989886911	0.8223342698934493	0.8556476018081844	-0.00029492823174778217	0	1.3613075775088355	0.10628391747708268	0.25502366003175286
5.624999999999976	0.29670597283903605	0	1	0.2612777090071904	1.8976351348156297	0.13163861344890138	-0.24089708387596173	0.8218202574855992	0.8553135649696844	-0.0002936621341776695	0	1.361415013060538	0.10628391747708268	0.25513109558345526
5.639999999999976	0.29670597283903605	0	1	0.2613540296164756	1.8986142761181157	0.13167589466147966	-0.2413437848827125	0.8213069189729072	0.8549777407054142	-0.00029240314781631924	0	1.3615220340226117	0.10628391747708268	0.255238116545529
5.654999999999975	0.29670597283903605	0	1	0.26143003128976605	1.8996053514550673	0.13171784358548094	-0.24180346584908188	0.8207942559780723	0.8546401535140198	-0.0002911513417352795	0	1.3616286435874634	0.10628391747708268	0.25534472611038067
5.669999999999975	0.29670597283903605	0	1	0.2615057159050083	1.9006084337835711	0.13176447702845073	-0.2422761827774558	0.8202822700614066	0.8543008276662161	-0.0002899067693041235	0	1.361734844909552	0.10628391747708268	0.2554509274324694
5.684999999999975	0.29670597283903605	0	1	0.26158108533020774	1.9016235873827754	0.1318158091675442	-0.24276198365832286	0.819770962721958	0.8539597872064402	-0.0002886694701474395	0	1.3618406411022608	0.10628391747708268	0.2555567236251781
5.699999999999974	0.29670597283903605	0	1	0.2616561414233785	1.9026508675669003	0.13187185146208347	-0.24326090824275803	0.819260335398663	0.8536170559544994	-0.00028743947179898027	0	1.3619460352349584	0.10628391747708268	0.25566211775787573
5.714999999999974	0.29670597283903605	0	1	0.2617308860324858	1.9036903204979156	0.13193261259661293	-0.24377298785376186	0.8187503894715529	0.8532726575072134	-0.0002862167911022637	0	1.3620510303302291	0.10628391747708268	0.2557671128531464
5.729999999999974	0.29670597283903605	0	1	0.26180532099538023	1.904741983000916	0.13199809842480376	-0.24429824519682922	0.8182411262630407	0.8529266152400539	-0.0002850014354060785	0	1.3621556293612465	0.10628391747708268	0.25587171188416385
5.7449999999999735	0.29670597283903605	0	1	0.2618794481397219	1.9058058822717905	0.13206831188046686	-0.24483669412422038	0.8177325470392706	0.8525789523087806	-0.0002837934035850007	0	1.362259835249271	0.10628391747708268	0.2559759177721882
5.759999999999973	0.29670597283903605	0	1	0.26195326928290197	1.9068820356474259	0.1321432529076902	-0.2453883394232551	0.8172246530115169	0.8522296916510737	-0.00028259268691802644	0	1.3623636508612618	0.10628391747708268	0.2560797333841791
5.774999999999973	0.29670597283903605	0	1	0.2620267862319563	1.907970450347915	0.13222291838244465	-0.24595317659173646	0.8167174453376324	0.8518788559881662	-0.00028139926985115167	0	1.362467079007584	0.10628391747708268	0.25618316153050125
5.7899999999999725	0.29670597283903605	0	1	0.2621000007834873	1.9090711233587454	0.13230730207695718	-0.246531191669637	0.8162109251234724	0.8515264678264721	-0.00028021313066003425	0	1.3625701224398115	0.10628391747708268	0.25628620496272886
5.804999999999972	0.29670597283903605	0	1	0.26217291472358967	1.9101840410163364	0.1323963945333752	-0.24712236094747392	0.8157050934242829	0.8511725494592143	-0.0002790342420389758	0	1.3626727838486041	0.10628391747708268	0.25638886637152153
5.819999999999972	0.29670597283903605	0	1	0.2622455298278014	1.9113091789821437	0.13249018305613897	-0.24772665083357456	0.8151999512459437	0.8508171229680475	-0.0002778625716248075	0	1.3627750658616768	0.10628391747708268	0.25649114838459414
5.8349999999999715	0.29670597283903605	0	1	0.26231784786108	1.9124465018181627	0.13258865158240335	-0.2483440175565647	0.8146954995460355	0.8504602102246785	-0.0002766980824752937	0	1.3628769710418365	0.10628391747708268	0.25659305356475376
5.849999999999971	0.29670597283903605	0	1	0.26238987057782076	1.9135959628605854	0.1326917806434662	-0.24897440698974654	0.8141917392346185	0.8501018328924781	-0.0002755407335104835	0	1.362978501885102	0.10628391747708268	0.2566945844080192
5.864999999999971	0.29670597283903605	0	1	0.26246159972192873	1.9147575039712668	0.13279954728865534	-0.24961775442515818	0.8136886711746342	0.8497420124280828	-0.00027439047992426066	0	1.363079660818907	0.10628391747708268	0.25679574334182437
5.879999999999971	0.29670597283903605	0	1	0.2625330370269482	1.9159310553153754	0.1329119250170196	-0.2502739843582912	0.8131862961818972	0.8493807700829836	-0.0002732472735778628	0	1.3631804502003828	0.10628391747708268	0.2568965327233002
5.89499999999997	0.29670597283903605	0	1	0.26260521723170344	1.9170610389193576	0.13300835211276896	-0.25131417128178135	0.8126773162216264	0.849018090502164	-0.0002368196236705456	0	1.3611269289070758	0.10628391747708268	0.2548430114299932
5.90999999999997	0.29670597283903605	0	1	0.26267772163090986	1.94754531266401	0.14207809884398126	-0.27079527900146794	0.8121646548971017	0.8486539368473656	-0.0002479482163013713	0	1.3610502139428435	0.10628391747708268	0.2547662964657608
5.92499999999997	0.29670597283903605	0	1	0.2627471863051552	1.9306938098443374	0.13668627241495274	-0.25498258140404917	0.8116721740633512	0.8482884061671814	-0.00026352633410953484	0	1.3610534365617433	0.10628391747708268	0.2547695190846605
5.939999999999969	0.29670597283903605	0	1	0.26281710716771434	1.9361099181286483	0.13810069902259153	-0.25906765401435056	0.8111751554253679	0.8479215896794707	-0.0002587644018715884	0	1.3611246346146377	0.10628391747708268	0.254840717137555
5.954999999999969	0.29670597283903605	0	1	0.2628866693044735	1.9362336543546836	0.13789826008144995	-0.25871275489377626	0.8106793852226644	0.8475534838853155	-0.0002601944438475585	0	1.3612083229355993	0.10628391747708268	0.25492440545851675
5.969999999999969	0.29670597283903605	0	1	0.2629559930202569	1.9371572986618548	0.1379411378343448	-0.25910436430777867	0.8101840192836571	0.8471841098253444	-0.0002594783315637918	0	1.3612978695650981	0.10628391747708268	0.2550139520880156
5.984999999999968	0.29670597283903605	0	1	0.26302504203877297	1.937843043523454	0.1379121687120115	-0.25930817646574067	0.8096893278026747	0.8468134854891043	-0.00025896324422359726	0	1.3613886535012265	0.10628391747708268	0.25510473602414385
5.999999999999968	0.29670597283903605	0	1	0.2630938202079001	1.9385651595476294	0.13789519309924042	-0.2595510713610808	0.8091952951151803	0.8464416299498938	-0.0002582467895551364	0	1.3614796383294818	0.10628391747708268	0.25519572085239906
