   2.5862069e-02  -1.0000000e+01  -1.9540444e+00  -1.4875573e-02  -1.9269412e+00   3.2466667e-01  -2.6650989e-01
   5.1724138e-02  -1.0000000e+01  -1.1484447e-01   1.3355978e-01  -8.9907307e-02   1.5147324e-01   1.5768176e-01
   7.7586207e-02  -1.0000000e+01   1.5577535e+00  -1.4051077e-01   1.5096883e+00  -4.0887715e-01   5.9548014e-01
   1.0344828e-01  -1.0000000e+01  -4.3210365e+00   3.0147203e-02  -4.2501552e+00   7.8002931e-01  -8.7233194e-01
   1.2931034e-01  -1.0000000e+01   3.3828079e+00  -1.8766643e-02   3.3281566e+00  -6.0589995e-01   9.6701209e-01
   1.5517241e-01  -1.0000000e+01  -3.0184206e+00  -3.6072158e-02  -2.9788279e+00   4.8861910e-01  -5.4885161e-01
   1.8103448e-01  -1.0000000e+01  -2.7501858e-01   3.8157271e-02  -2.6421449e-01   8.5334052e-02   1.1287447e-01
   2.0689655e-01  -1.0000000e+01   1.9175730e-01  -3.9220569e-02   1.8203349e-01  -7.1923025e-02   2.1959109e-01
   2.3275862e-01  -1.0000000e+01  -8.7267937e-01  -1.8184957e-02  -8.6257919e-01   1.3363049e-01  -3.8563865e-02
   2.5862069e-01  -1.0000000e+01  -1.1140980e+00   6.3687077e-03  -1.0960664e+00   1.9973304e-01  -9.6943491e-02
   2.8448276e-01  -1.0000000e+01   5.2986028e-01  -3.5128568e-02   5.1571050e-01  -1.2660416e-01   2.9067013e-01
   3.1034483e-01  -1.0000000e+01  -1.9563677e+00   8.3075589e-03  -1.9252035e+00   3.4790104e-01  -2.9936253e-01
   3.3620690e-01  -1.0000000e+01   8.1358889e-01  -1.9223607e-02   7.9789050e-01  -1.6020978e-01   3.7354501e-01
   3.6206897e-01  -1.0000000e+01  -1.7643699e+00  -1.7143202e-02  -1.7405420e+00   2.8949686e-01  -2.5226120e-01
   3.8793103e-01  -1.0000000e+01   2.6786872e-01   1.1991684e-03   2.6400743e-01  -4.5333965e-02   2.4295970e-01
   4.1379310e-01  -1.0000000e+01  -1.1732077e+00  -3.0193429e-02  -1.1606271e+00   1.7399066e-01  -1.1271896e-01
   4.3965517e-01  -1.0000000e+01  -2.8601063e-01  -3.1950205e-03  -2.8222030e-01   4.6518744e-02   9.5032143e-02
   4.6551724e-01  -1.0000000e+01  -8.1318030e-01  -2.0206392e-02  -8.0433507e-01   1.2130787e-01  -1.0020035e-02
   4.9137931e-01  -1.0000000e+01  -3.8040245e-01  -5.1018274e-03  -3.7550921e-01   6.1031874e-02   9.2807211e-02
   5.1724138e-01  -1.0000000e+01  -1.0059516e+00  -2.0376355e-02  -9.9420725e-01   1.5461487e-01  -6.7858974e-02
   5.4310345e-01  -1.0000000e+01  -4.8456014e-02  -9.1056977e-03  -4.9301046e-02  -5.5306308e-04   1.7018498e-01
   5.6896552e-01  -1.0000000e+01  -1.4178169e+00  -2.4404830e-02  -1.4005149e+00   2.2216725e-01  -1.6887710e-01
   5.9482759e-01  -1.0000000e+01   7.9168571e-02  -3.8384418e-03   7.7299284e-02  -1.7527605e-02   2.0572726e-01
   6.2068966e-01  -1.0000000e+01  -9.7527267e-01  -1.5392796e-02  -9.6312901e-01   1.5419538e-01  -5.3189746e-02
   6.4655172e-01  -1.0000000e+01  -6.5505994e-01  -1.4537369e-02  -6.4763249e-01   9.9433450e-02   2.1831758e-02
   6.7241379e-01  -1.0000000e+01  -5.4074986e-01  -9.7845706e-03  -5.3423373e-01   8.4264308e-02   5.7635186e-02
   6.9827586e-01  -1.0000000e+01  -7.2145868e-01  -1.7301719e-02  -7.1350251e-01   1.0824112e-01   8.4013689e-03
   7.2413793e-01  -1.0000000e+01  -7.1604646e-01  -2.8463060e-03  -7.0566236e-01   1.2153710e-01   2.5588568e-02
   7.5000000e-01  -1.0000000e+01  -5.4418708e-01  -1.6589505e-02  -5.3880040e-01   7.8159622e-02   5.1026294e-02
   7.7586207e-01  -1.0000000e+01  -8.7538958e-01  -1.1611861e-02  -8.6410683e-01   1.4057436e-01  -2.6542574e-02
   8.0172414e-01  -1.0000000e+01  -4.0259271e-01  -7.7073338e-03  -3.9781478e-01   6.2319248e-02   9.2660828e-02
   8.2758621e-01  -1.0000000e+01  -9.5395644e-01  -1.0852866e-02  -9.4134828e-01   1.5496481e-01  -3.7756520e-02
   8.5344828e-01  -1.0000000e+01  -5.0254272e-01  -8.2578759e-03  -4.9634194e-01   7.9133208e-02   7.0307265e-02
   8.7931034e-01  -1.0000000e+01  -6.8982913e-01  -1.3070636e-02  -6.8161877e-01   1.0691551e-01   1.9134624e-02
   9.0517241e-01  -1.0000000e+01  -8.0128784e-01  -1.1997745e-02  -7.9119786e-01   1.2732670e-01  -8.1550092e-03
   9.3103448e-01  -1.0000000e+01  -5.1936567e-01  -6.7721872e-03  -5.1265132e-01   8.3517601e-02   6.4763054e-02
   9.5689655e-01  -1.0000000e+01  -7.9750228e-01  -1.1567264e-02  -7.8739507e-01   1.2709329e-01  -6.9522831e-03
   9.8275862e-01  -1.0000000e+01  -6.4753541e-01  -9.5184180e-03  -6.3935075e-01   1.0306953e-01   3.2587010e-02
   1.0086207e+00  -1.0000000e+01  -7.1175591e-01  -9.7895275e-03  -7.0264267e-01   1.1395431e-01   1.7774437e-02
   1.0344828e+00  -1.0000000e+01  -7.9575164e-01  -6.3646340e-03  -7.8476759e-01   1.3191288e-01   5.1147671e-03
   1.0603448e+00  -1.0000000e+01  -5.8026710e-01  -5.9715393e-03  -5.7248849e-01   9.4881506e-02   5.7177436e-02
   1.0862069e+00  -1.0000000e+01  -8.4135520e-01  -9.4905126e-03  -8.3022114e-01   1.3675347e-01  -6.9575689e-03
   1.1120690e+00  -1.0000000e+01  -6.9976865e-01  -7.9379766e-03  -6.9051600e-01   1.1369617e-01   2.8906768e-02
   1.1379310e+00  -1.0000000e+01  -6.7787851e-01  -7.6720506e-03  -6.6891225e-01   1.1015687e-01   3.5119722e-02
   1.1637931e+00  -1.0000000e+01  -8.1165491e-01  -4.0739677e-03  -8.0003149e-01   1.3693032e-01   5.4111572e-03
   1.1896552e+00  -1.0000000e+01  -6.4252050e-01  -8.6149515e-03  -6.3425514e-01   1.0308844e-01   4.2678215e-02
   1.2155172e+00  -1.0000000e+01  -8.2463366e-01  -7.1392054e-03  -8.1334533e-01   1.3616539e-01  -2.8599289e-03
   1.2413793e+00  -1.0000000e+01  -6.6957198e-01  -7.1443332e-03  -6.6064028e-01   1.0923416e-01   3.5599472e-02
   1.2672414e+00  -1.0000000e+01  -7.4192477e-01  -4.4125141e-03  -7.3141949e-01   1.2448841e-01   1.9837291e-02
   1.2931034e+00  -1.0000000e+01  -7.7883448e-01  -5.2363462e-03  -7.6791151e-01   1.3008639e-01   9.7864276e-03
   1.3189655e+00  -1.0000000e+01  -6.8096996e-01  -7.2102329e-03  -6.7187654e-01   1.1114850e-01   3.0550430e-02
   1.3448276e+00  -1.0000000e+01  -7.9010842e-01  -4.4934406e-03  -7.7888517e-01   1.3277571e-01   7.1771380e-03
   1.3706897e+00  -1.0000000e+01  -7.2731883e-01  -4.1724150e-03  -7.1699376e-01   1.2218856e-01   2.4185857e-02
   1.3965517e+00  -1.0000000e+01  -7.2478969e-01  -2.8137799e-03  -7.1426711e-01   1.2308738e-01   2.3405660e-02
   1.4224138e+00  -1.0000000e+01  -7.9306476e-01  -5.8677216e-03  -7.8203525e-01   1.3193567e-01   3.4135013e-03
   1.4482759e+00  -1.0000000e+01  -7.0306506e-01  -5.5917101e-03  -6.9335492e-01   1.1657921e-01   2.5337172e-02
   1.4741379e+00  -1.0000000e+01  -8.0852242e-01  -2.4546686e-03  -7.9666539e-01   1.3798107e-01   2.1838916e-03
   1.5000000e+00  -1.0000000e+01  -7.1167740e-01  -3.1445813e-03  -7.0141147e-01   1.2048468e-01   2.5445566e-02
   1.5258621e+00  -1.0000000e+01  -7.7023252e-01  -3.6274023e-03  -7.5916085e-01   1.3017718e-01   9.5403152e-03
   1.5517241e+00  -1.0000000e+01  -7.9866202e-01  -4.8825578e-03  -7.8737640e-01   1.3387782e-01   1.9826870e-03
   1.5775862e+00  -1.0000000e+01  -7.3804695e-01  -3.3038226e-03  -7.2740806e-01   1.2490688e-01   1.8073162e-02
   1.6034483e+00  -1.0000000e+01  -7.9300109e-01  -1.4698830e-03  -7.8120887e-01   1.3625564e-01   6.0689760e-03
   1.6293103e+00  -1.0000000e+01  -7.6443719e-01  -3.2400964e-03  -7.5338631e-01   1.2955225e-01   1.1059275e-02
   1.6551724e+00  -1.0000000e+01  -7.9625004e-01  -3.4016456e-03  -7.8474391e-01   1.3491740e-01   1.3829830e-03
   1.6810345e+00  -1.0000000e+01  -8.0091223e-01  -3.0657914e-03  -7.8927694e-01   1.3605773e-01   9.9672279e-04
   1.7068966e+00  -1.0000000e+01  -7.6211903e-01  -1.1184734e-03  -7.5073495e-01   1.3123910e-01   1.2330740e-02
   1.7327586e+00  -1.0000000e+01  -8.2602055e-01  -1.5751143e-03  -8.1374496e-01   1.4188578e-01  -3.5260449e-03
   1.7586207e+00  -1.0000000e+01  -7.7819777e-01  -2.5091528e-03  -7.6681091e-01   1.3266159e-01   5.9356529e-03
   1.7844828e+00  -1.0000000e+01  -8.0967163e-01  -1.7984291e-03  -7.9768319e-01   1.3882690e-01  -1.0716244e-03
   1.8103448e+00  -1.0000000e+01  -8.0959596e-01  -8.7319934e-04  -7.9744800e-01   1.3972493e-01   8.2188342e-04
   1.8362069e+00  -1.0000000e+01  -7.8860736e-01   2.9868980e-04  -7.7657477e-01   1.3723438e-01   6.7955320e-03
   1.8620690e+00  -1.0000000e+01  -8.2347672e-01  -1.3408133e-03  -8.1119909e-01   1.4167479e-01  -3.6093732e-03
   1.8879310e+00  -1.0000000e+01  -7.9779076e-01  -7.2210753e-04  -7.8579592e-01   1.3782378e-01   2.2745661e-03
   1.9137931e+00  -1.0000000e+01  -8.1942569e-01   4.9497909e-04  -8.0689082e-01   1.4277924e-01  -1.3869779e-03
   1.9396552e+00  -1.0000000e+01  -8.1040390e-01   1.0277574e-03  -7.9791358e-01   1.4173730e-01   2.0064258e-03
   1.9655172e+00  -1.0000000e+01  -8.0022007e-01   9.9474383e-04  -7.8789020e-01   1.3993639e-01   3.2631722e-03
   1.9913793e+00  -1.0000000e+01  -8.3262276e-01  -1.6126386e-04  -8.2000135e-01   1.4442461e-01  -5.0548217e-03
   2.0172414e+00  -1.0000000e+01  -7.9925408e-01   1.4491677e-03  -7.8685997e-01   1.4021617e-01   4.1515773e-03
   2.0431034e+00  -1.0000000e+01  -8.1944583e-01   2.1383845e-03  -8.0662528e-01   1.4440117e-01  -1.2379751e-04
   2.0689655e+00  -1.0000000e+01  -8.1672490e-01   2.0255262e-03  -8.0396529e-01   1.4381755e-01  -3.3001318e-04
   2.0948276e+00  -1.0000000e+01  -8.1788497e-01   1.6260174e-03  -8.0517711e-01   1.4362555e-01  -2.7274484e-03
   2.1206897e+00  -1.0000000e+01  -8.3489536e-01   1.9819872e-03  -8.2186725e-01   1.4692993e-01  -7.4353031e-03
   2.1465517e+00  -1.0000000e+01  -8.1132539e-01   3.4798025e-03  -7.9839527e-01   1.4431211e-01  -1.2275554e-03
   2.1724138e+00  -1.0000000e+01  -8.3495422e-01   3.4881400e-03  -8.2166368e-01   1.4842343e-01  -7.9821375e-03
   2.1982759e+00  -1.0000000e+01  -8.3282450e-01   2.9347059e-03  -8.1966242e-01   1.4750858e-01  -9.3776077e-03
   2.2241379e+00  -1.0000000e+01  -8.3419180e-01   3.2799400e-03  -8.2094900e-01   1.4808600e-01  -1.0909714e-02
   2.2500000e+00  -1.0000000e+01  -8.4612811e-01   4.1817171e-03  -8.3254738e-01   1.5104679e-01  -1.4042290e-02
   2.2758621e+00  -1.0000000e+01  -8.3955475e-01   4.7888287e-03  -8.2596845e-01   1.5050323e-01  -1.3645231e-02
   2.3017241e+00  -1.0000000e+01  -8.6021585e-01   4.3132950e-03  -8.4639824e-01   1.5362268e-01  -2.1335796e-02
   2.3275862e+00  -1.0000000e+01  -8.6026326e-01   4.2362681e-03  -8.4645831e-01   1.5355506e-01  -2.3702963e-02
   2.3534483e+00  -1.0000000e+01  -8.6696842e-01   5.1644031e-03  -8.5290043e-01   1.5563343e-01  -2.6085224e-02
   2.3793103e+00  -1.0000000e+01  -8.7586128e-01   5.9329090e-03  -8.6152474e-01   1.5793449e-01  -2.8808425e-02
   2.4051724e+00  -1.0000000e+01  -8.7240152e-01   5.5604771e-03  -8.5818222e-01   1.5696694e-01  -3.0096187e-02
   2.4310345e+00  -1.0000000e+01  -8.9155377e-01   5.3893288e-03  -8.7707322e-01   1.6012414e-01  -3.6905200e-02
   2.4568966e+00  -1.0000000e+01  -8.8883665e-01   5.9610094e-03  -8.7429811e-01   1.6021531e-01  -3.7069861e-02
   2.4827586e+00  -1.0000000e+01  -8.9301760e-01   6.8265230e-03  -8.7826524e-01   1.6179369e-01  -3.8778357e-02
   2.5086207e+00  -1.0000000e+01  -9.0103845e-01   7.0528832e-03  -8.8612493e-01   1.6340942e-01  -4.2116051e-02
   2.5344828e+00  -1.0000000e+01  -9.0383064e-01   6.5010853e-03  -8.8897052e-01   1.6335086e-01  -4.5316395e-02
   2.5603448e+00  -1.0000000e+01  -9.1751347e-01   6.9499310e-03  -9.0236753e-01   1.6616889e-01  -4.9766243e-02
   2.5862069e+00  -1.0000000e+01  -9.1253555e-01   7.8819551e-03  -8.9730340e-01   1.6622235e-01  -4.9172691e-02
   2.6120690e+00  -1.0000000e+01  -9.2072472e-01   8.2146384e-03  -9.0531039e-01   1.6797201e-01  -5.2442293e-02
   2.6379310e+00  -1.0000000e+01  -9.2940774e-01   8.0397747e-03  -9.1389185e-01   1.6930759e-01  -5.6539853e-02
   2.6637931e+00  -1.0000000e+01  -9.2941529e-01   7.9712584e-03  -9.1391119e-01   1.6924143e-01  -5.8311803e-02
   2.6896552e+00  -1.0000000e+01  -9.3813672e-01   8.8615845e-03  -9.2234552e-01   1.7163269e-01  -6.1092306e-02
   2.7155172e+00  -1.0000000e+01  -9.3668791e-01   9.3742513e-03  -9.2082970e-01   1.7188598e-01  -6.1559551e-02
   2.7413793e+00  -1.0000000e+01  -9.4566997e-01   9.3450385e-03  -9.2968037e-01   1.7341693e-01  -6.5733325e-02
   2.7672414e+00  -1.0000000e+01  -9.5126078e-01   9.1843301e-03  -9.3521415e-01   1.7422950e-01  -6.8916290e-02
   2.7931034e+00  -1.0000000e+01  -9.5325925e-01   9.7324481e-03  -9.3708707e-01   1.7511632e-01  -7.0590601e-02
   2.8189655e+00  -1.0000000e+01  -9.6009887e-01   1.0538096e-02  -9.4368289e-01   1.7709742e-01  -7.3171594e-02
   2.8448276e+00  -1.0000000e+01  -9.6127051e-01   1.0576947e-02  -9.4482998e-01   1.7733913e-01  -7.5274988e-02
   2.8706897e+00  -1.0000000e+01  -9.6982255e-01   1.0534565e-02  -9.5325946e-01   1.7878244e-01  -7.9480139e-02
   2.8965517e+00  -1.0000000e+01  -9.7404600e-01   1.0894365e-02  -9.5735627e-01   1.7987017e-01  -8.1880102e-02
   2.9224138e+00  -1.0000000e+01  -9.7489005e-01   1.1655123e-02  -9.5805538e-01   1.8076594e-01  -8.3014105e-02
   2.9482759e+00  -1.0000000e+01  -9.8261062e-01   1.1888136e-02  -9.6561820e-01   1.8233607e-01  -8.6458931e-02
   2.9741379e+00  -1.0000000e+01  -9.8592585e-01   1.1732428e-02  -9.6891010e-01   1.8275841e-01  -8.9513887e-02
   3.0000000e+00  -1.0000000e+01  -9.9408664e-01   1.2069341e-02  -9.7688841e-01   1.8450731e-01  -9.3276169e-02
   3.0258621e+00  -1.0000000e+01  -9.9642828e-01   1.2769467e-02  -9.7907290e-01   1.8560343e-01  -9.5056697e-02
   3.0517241e+00  -1.0000000e+01  -9.9939055e-01   1.3286719e-02  -9.8190035e-01   1.8662721e-01  -9.7276859e-02
   3.0775862e+00  -1.0000000e+01  -1.0087395e+00   1.3152333e-02  -9.9113062e-01   1.8811830e-01  -1.0182553e-01
   3.1034483e+00  -1.0000000e+01  -1.0118803e+00   1.3167856e-02  -9.9422095e-01   1.8867897e-01  -1.0472612e-01
   3.1293103e+00  -1.0000000e+01  -1.0168196e+00   1.3841469e-02  -9.9896825e-01   1.9020005e-01  -1.0728492e-01
   3.1551724e+00  -1.0000000e+01  -1.0196619e+00   1.4289258e-02  -1.0016896e+00   1.9113460e-01  -1.0935609e-01
   3.1810345e+00  -1.0000000e+01  -1.0250453e+00   1.4475816e-02  -1.0069589e+00   1.9225315e-01  -1.1266617e-01
   3.2068966e+00  -1.0000000e+01  -1.0321556e+00   1.4551310e-02  -1.0139480e+00   1.9356219e-01  -1.1651353e-01
   3.2327586e+00  -1.0000000e+01  -1.0345993e+00   1.4998240e-02  -1.0162770e+00   1.9442667e-01  -1.1874378e-01
   3.2586207e+00  -1.0000000e+01  -1.0395749e+00   1.5571026e-02  -1.0210775e+00   1.9585475e-01  -1.2134201e-01
   3.2844828e+00  -1.0000000e+01  -1.0431673e+00   1.5840689e-02  -1.0245685e+00   1.9674413e-01  -1.2405044e-01
   3.3103448e+00  -1.0000000e+01  -1.0477266e+00   1.5829736e-02  -1.0290604e+00   1.9752506e-01  -1.2715245e-01
   3.3362069e+00  -1.0000000e+01  -1.0529435e+00   1.6230126e-02  -1.0341286e+00   1.9882528e-01  -1.3003805e-01
   3.3620690e+00  -1.0000000e+01  -1.0534912e+00   1.6825795e-02  -1.0345645e+00   1.9950700e-01  -1.3135583e-01
   3.3879310e+00  -1.0000000e+01  -1.0583086e+00   1.7209557e-02  -1.0392421e+00   2.0072147e-01  -1.3397228e-01
   3.4137931e+00  -1.0000000e+01  -1.0609344e+00   1.7361825e-02  -1.0418016e+00   2.0132738e-01  -1.3647229e-01
   3.4396552e+00  -1.0000000e+01  -1.0648145e+00   1.7569686e-02  -1.0455867e+00   2.0220587e-01  -1.3913502e-01
   3.4655172e+00  -1.0000000e+01  -1.0673369e+00   1.8137290e-02  -1.0479721e+00   2.0320284e-01  -1.4096348e-01
   3.4913793e+00  -1.0000000e+01  -1.0678215e+00   1.8636838e-02  -1.0483626e+00   2.0377896e-01  -1.4243614e-01
   3.5172414e+00  -1.0000000e+01  -1.0719718e+00   1.8871202e-02  -1.0524092e+00   2.0473046e-01  -1.4502493e-01
   3.5431034e+00  -1.0000000e+01  -1.0743279e+00   1.9137177e-02  -1.0546833e+00   2.0540152e-01  -1.4718478e-01
   3.5689655e+00  -1.0000000e+01  -1.0749242e+00   1.9576176e-02  -1.0551944e+00   2.0593741e-01  -1.4844510e-01
   3.5948276e+00  -1.0000000e+01  -1.0753701e+00   2.0151689e-02  -1.0555335e+00   2.0658160e-01  -1.4952164e-01
   3.6206897e+00  -1.0000000e+01  -1.0757300e+00   2.0407736e-02  -1.0558434e+00   2.0689625e-01  -1.5087933e-01
   3.6465517e+00  -1.0000000e+01  -1.0785169e+00   2.0706501e-02  -1.0585362e+00   2.0767442e-01  -1.5291920e-01
   3.6724138e+00  -1.0000000e+01  -1.0776153e+00   2.1127175e-02  -1.0575753e+00   2.0793215e-01  -1.5387995e-01
   3.6982759e+00  -1.0000000e+01  -1.0775622e+00   2.1746189e-02  -1.0574155e+00   2.0853254e-01  -1.5474879e-01
   3.7241379e+00  -1.0000000e+01  -1.0775120e+00   2.2213555e-02  -1.0572848e+00   2.0898407e-01  -1.5581099e-01
   3.7500000e+00  -1.0000000e+01  -1.0772107e+00   2.2422881e-02  -1.0569517e+00   2.0913790e-01  -1.5702657e-01
   3.7758621e+00  -1.0000000e+01  -1.0763179e+00   2.2872720e-02  -1.0559944e+00   2.0942587e-01  -1.5780673e-01
   3.8017241e+00  -9.9999999e+00  -1.0746116e+00   2.3374773e-02  -1.0542269e+00   2.0962400e-01  -1.5813805e-01
   3.8275862e+00  -9.9999999e+00  -1.0727735e+00   2.3987954e-02  -1.0523102e+00   2.0990869e-01  -1.5845303e-01
   3.8534483e+00  -9.9999998e+00  -1.0713176e+00   2.4256756e-02  -1.0508297e+00   2.0992059e-01  -1.5918132e-01
   3.8793103e+00  -9.9999998e+00  -1.0695515e+00   2.4672715e-02  -1.0490182e+00   2.1002354e-01  -1.5968415e-01
   3.9051724e+00  -9.9999997e+00  -1.0672879e+00   2.5284547e-02  -1.0466828e+00   2.1023301e-01  -1.5979933e-01
   3.9310345e+00  -9.9999996e+00  -1.0636690e+00   2.5843831e-02  -1.0430218e+00   2.1015539e-01  -1.5955830e-01
   3.9568966e+00  -9.9999993e+00  -1.0609129e+00   2.6289202e-02  -1.0402302e+00   2.1011540e-01  -1.5973184e-01
   3.9827586e+00  -9.9999991e+00  -1.0583745e+00   2.6680738e-02  -1.0376623e+00   2.1006018e-01  -1.5994746e-01
   4.0086207e+00  -9.9999987e+00  -1.0540233e+00   2.7210898e-02  -1.0332852e+00   2.0982670e-01  -1.5954583e-01
   4.0344828e+00  -9.9999981e+00  -1.0502981e+00   2.7839508e-02  -1.0295075e+00   2.0979889e-01  -1.5917650e-01
   4.0603448e+00  -9.9999973e+00  -1.0458610e+00   2.8330051e-02  -1.0250526e+00   2.0951146e-01  -1.5875445e-01
   4.0862069e+00  -9.9999960e+00  -1.0420428e+00   2.8755374e-02  -1.0212185e+00   2.0926727e-01  -1.5858990e-01
   4.1120690e+00  -9.9999943e+00  -1.0375413e+00   2.9316118e-02  -1.0166880e+00   2.0903779e-01  -1.5816514e-01
   4.1379310e+00  -9.9999917e+00  -1.0322588e+00   2.9919418e-02  -1.0113811e+00   2.0871460e-01  -1.5739787e-01
   4.1637931e+00  -9.9999881e+00  -1.0272041e+00   3.0489194e-02  -1.0063042e+00   2.0839791e-01  -1.5672211e-01
   4.1896552e+00  -9.9999828e+00  -1.0221373e+00   3.0965128e-02  -1.0012317e+00   2.0798667e-01  -1.5619886e-01
   4.2155172e+00  -9.9999753e+00  -1.0171283e+00   3.1449409e-02  -9.9621475e-01   2.0759366e-01  -1.5565667e-01
   4.2413793e+00  -9.9999643e+00  -1.0110683e+00   3.2052528e-02  -9.9014213e-01   2.0713512e-01  -1.5467819e-01
   4.2672414e+00  -9.9999486e+00  -1.0051247e+00   3.2639492e-02  -9.8418699e-01   2.0668081e-01  -1.5373083e-01
   4.2931034e+00  -9.9999259e+00  -9.9883709e-01   3.3156380e-02  -9.7790523e-01   2.0609764e-01  -1.5282203e-01
   4.3189655e+00  -9.9998932e+00  -9.9229395e-01   3.3578195e-02  -9.7138836e-01   2.0537629e-01  -1.5189540e-01
   4.3448276e+00  -9.9998461e+00  -9.8562865e-01   3.4190110e-02  -9.6471824e-01   2.0482071e-01  -1.5086976e-01
   4.3706897e+00  -9.9997782e+00  -9.7747798e-01   3.4799312e-02  -9.5658585e-01   2.0400420e-01  -1.4935005e-01
   4.3965517e+00  -9.9996802e+00  -9.6912956e-01   3.5365527e-02  -9.4826628e-01   2.0311054e-01  -1.4785887e-01
   4.4224138e+00  -9.9995392e+00  -9.5976744e-01   3.5862875e-02  -9.3896052e-01   2.0197235e-01  -1.4616056e-01
   4.4482759e+00  -9.9993358e+00  -9.4858437e-01   3.6423897e-02  -9.2785062e-01   2.0057973e-01  -1.4376224e-01
   4.4741379e+00  -9.9990427e+00  -9.3393907e-01   3.7107606e-02  -9.1331009e-01   1.9870542e-01  -1.4030301e-01
   4.5000000e+00  -9.9986203e+00  -9.1655334e-01   3.7782469e-02  -8.9607271e-01   1.9634471e-01  -1.3606659e-01
   4.5258621e+00  -9.9980117e+00  -8.9480162e-01   3.8400043e-02  -8.7454618e-01   1.9316698e-01  -1.3067097e-01
   4.5517241e+00  -9.9971348e+00  -8.6679668e-01   3.9187492e-02  -8.4683271e-01   1.8906746e-01  -1.2331340e-01
   4.5775862e+00  -9.9958716e+00  -8.2920682e-01   4.0174781e-02  -8.0964625e-01   1.8349635e-01  -1.1304728e-01
   4.6034483e+00  -9.9940528e+00  -7.8060515e-01   4.1225838e-02  -7.6160549e-01   1.7607113e-01  -9.9624818e-02
   4.6293103e+00  -9.9914346e+00  -7.1855049e-01   4.2481120e-02  -7.0028222e-01   1.6650603e-01  -8.2283021e-02
   4.6551724e+00  -9.9876680e+00  -6.3926940e-01   4.3859212e-02  -6.2197457e-01   1.5406699e-01  -6.0222595e-02
   4.6810345e+00  -9.9822544e+00  -5.4249227e-01   4.5591362e-02  -5.2637679e-01   1.3893850e-01  -3.3359821e-02
   4.7068966e+00  -9.9744829e+00  -4.3071093e-01   4.7545341e-02  -4.1596542e-01   1.2142995e-01  -3.1016585e-03
   4.7327586e+00  -9.9633461e+00  -3.1069089e-01   4.9597031e-02  -2.9742406e-01   1.0260420e-01   2.7911478e-02
   4.7586207e+00  -9.9474269e+00  -1.9422815e-01   5.1598650e-02  -1.8239487e-01   8.4374789e-02   5.5671257e-02
   4.7844828e+00  -9.9247525e+00  -9.3179675e-02   5.3542070e-02  -8.2557012e-02   6.8800762e-02   7.6196249e-02
   4.8103448e+00  -9.8926177e+00  -1.8888870e-02   5.5249044e-02  -9.1161149e-03   5.7672721e-02   8.6083200e-02
   4.8362069e+00  -9.8473915e+00   2.4315392e-02   5.6509015e-02   3.3621574e-02   5.1517927e-02   8.4519532e-02
   4.8620690e+00  -9.7843451e+00   4.1276385e-02   5.7457946e-02   5.0440412e-02   4.9607664e-02   7.3853437e-02
   4.8879310e+00  -9.6975785e+00   4.4540818e-02   5.8189723e-02   5.3706282e-02   4.9855426e-02   5.8794812e-02
   4.9137931e+00  -9.5801576e+00   4.3138017e-02   5.8820460e-02   5.2325731e-02   5.0820792e-02   4.3050920e-02
   4.9396552e+00  -9.4245986e+00   4.5634455e-02   5.9279131e-02   5.4725407e-02   5.1006359e-02   2.9657500e-02
   4.9655172e+00  -9.2237677e+00   5.7168058e-02   5.9734337e-02   6.6003723e-02   4.9798458e-02   2.0040223e-02
   4.9913793e+00  -8.9720898e+00   7.9050196e-02   6.0058129e-02   8.7449236e-02   4.6995143e-02   1.4821258e-02
   5.0172414e+00  -8.6667311e+00   1.0934137e-01   6.0198684e-02   1.1716401e-01   4.3035005e-02   1.3155617e-02
   5.0431034e+00  -8.3082742e+00   1.4741288e-01   6.0286756e-02   1.5457715e-01   3.8353014e-02   1.4622170e-02
   5.0689655e+00  -7.9005769e+00   1.9194909e-01   6.0304933e-02   1.9841631e-01   3.3348255e-02   1.8483876e-02
   5.0948276e+00  -7.4498734e+00   2.3934499e-01   6.0014383e-02   2.4510599e-01   2.8474609e-02   2.3501917e-02
   5.1206897e+00  -6.9635429e+00   2.8866528e-01   5.9519092e-02   2.9375190e-01   2.4082915e-02   2.9287000e-02
   5.1465517e+00  -6.4489628e+00   3.3971153e-01   5.8813272e-02   3.4416774e-01   2.0285356e-02   3.5501302e-02
   5.1724138e+00  -5.9127565e+00   3.9075782e-01   5.7840805e-02   3.9463736e-01   1.7279562e-02   4.1666692e-02
   5.1982759e+00  -5.3604360e+00   4.4078413e-01   5.6617031e-02   4.4414566e-01   1.5191008e-02   4.7357204e-02
   5.2241379e+00  -4.7963489e+00   4.9016450e-01   5.5053661e-02   4.9305132e-01   1.3876091e-02   5.2704802e-02
   5.2500000e+00  -4.2237949e+00   5.3880347e-01   5.3323446e-02   5.4126747e-01   1.3494463e-02   5.7861992e-02
   5.2758621e+00  -3.6452163e+00   5.8627028e-01   5.1297334e-02   5.8834556e-01   1.3919593e-02   6.2645632e-02
   5.3017241e+00  -3.0623823e+00   6.3210710e-01   4.8934326e-02   6.3381866e-01   1.5095255e-02   6.6616702e-02
   5.3275862e+00  -2.4765580e+00   6.7772514e-01   4.6313874e-02   6.7909338e-01   1.6985684e-02   7.0574256e-02
   5.3534483e+00  -1.8886411e+00   7.2175027e-01   4.3422869e-02   7.2278928e-01   1.9612530e-02   7.4113166e-02
   5.3793103e+00  -1.2992632e+00   7.6609949e-01   4.0226257e-02   7.6681463e-01   2.2845010e-02   7.7609416e-02
   5.4051724e+00  -7.0886603e-01   8.0926434e-01   3.6806274e-02   8.0965776e-01   2.6791457e-02   8.0747964e-02
   5.4310345e+00  -1.1776162e-01   8.5251603e-01   3.3032232e-02   8.5258212e-01   3.1279963e-02   8.3875460e-02
   5.4568966e+00   4.7383449e-01   8.9551174e-01   2.9014741e-02   8.9524117e-01   3.6419521e-02   8.6862397e-02
   5.4827586e+00   1.0657727e+00   9.3880556e-01   2.4780252e-02   9.3818223e-01   4.2237907e-02   9.0027788e-02
   5.5086207e+00   1.6579483e+00   9.8143632e-01   2.0233728e-02   9.8044005e-01   4.8620780e-02   9.2844810e-02
   5.5344828e+00   2.2502890e+00   1.0248624e+00   1.5338555e-02   1.0234698e+00   5.5567799e-02   9.5976503e-02
   5.5603448e+00   2.8427438e+00   1.0683770e+00   1.0152752e-02   1.0665587e+00   6.3126292e-02   9.9191664e-02
   5.5862069e+00   3.4352807e+00   1.1117318e+00   4.6543630e-03   1.1094553e+00   7.1262132e-02   1.0218371e-01
   5.6120690e+00   4.0278704e+00   1.1550262e+00  -1.2214377e-03   1.1522591e+00   7.9912598e-02   1.0504020e-01
   5.6379310e+00   4.6204983e+00   1.1983563e+00  -7.4749535e-03   1.1950639e+00   8.9083565e-02   1.0796827e-01
   5.6637931e+00   5.2131526e+00   1.2415001e+00  -1.4040387e-02   1.2376405e+00   9.8821867e-02   1.1080147e-01
   5.6896552e+00   5.8058252e+00   1.2843040e+00  -2.0935034e-02   1.2798338e+00   1.0908927e-01   1.1350688e-01
   5.7155172e+00   6.3985107e+00   1.3277987e+00  -2.8244161e-02   1.3226752e+00   1.1990578e-01   1.1637152e-01
   5.7413793e+00   6.9912073e+00   1.3711942e+00  -3.5964759e-02   1.3653767e+00   1.3120032e-01   1.1923160e-01
   5.7672414e+00   7.5839073e+00   1.4150265e+00  -4.4007450e-02   1.4084568e+00   1.4312984e-01   1.2250662e-01
   5.7931034e+00   8.1766115e+00   1.4602834e+00  -5.2423498e-02   1.4528946e+00   1.5579806e-01   1.2641507e-01
   5.8189655e+00   8.7693183e+00   1.5057816e+00  -6.1232472e-02   1.4975146e+00   1.6904970e-01   1.3081612e-01
   5.8448276e+00   9.3620267e+00   1.5534908e+00  -7.0399285e-02   1.5442506e+00   1.8324798e-01   1.3616794e-01
   5.8706897e+00   9.9547359e+00   1.6036986e+00  -8.0044218e-02   1.5933916e+00   1.9839244e-01   1.4259086e-01
   5.8965517e+00   1.0547447e+01   1.6534667e+00  -9.0239350e-02   1.6420474e+00   2.1395195e-01   1.4927065e-01
   5.9224138e+00   1.1140156e+01   1.7064191e+00  -1.0076096e-01   1.6937339e+00   2.3083430e-01   1.5726168e-01
   5.9482759e+00   1.1732863e+01   1.7611733e+00  -1.1187790e-01   1.7471262e+00   2.4859232e-01   1.6584795e-01
   5.9741379e+00   1.2325568e+01   1.8149286e+00  -1.2348984e-01   1.7994561e+00   2.6678277e-01   1.7424766e-01
   6.0000000e+00   1.2918269e+01   1.8717281e+00  -1.3548274e-01   1.8546432e+00   2.8639157e-01   1.8350833e-01
   6.0258621e+00   1.3510964e+01   1.9273751e+00  -1.4817653e-01   1.9086541e+00   3.0621964e-01   1.9206872e-01
   6.0517241e+00   1.4103651e+01   1.9843773e+00  -1.6107801e-01   1.9638122e+00   3.2732421e-01   2.0078845e-01
   6.0775862e+00   1.4696328e+01   2.0390728e+00  -1.7465251e-01   2.0166712e+00   3.4836595e-01   2.0854328e-01
   6.1034483e+00   1.5288986e+01   2.0938024e+00  -1.8853214e-01   2.0694124e+00   3.7025016e-01   2.1585667e-01
   6.1293103e+00   1.5881618e+01   2.1453271e+00  -2.0287930e-01   2.1189562e+00   3.9193494e-01   2.2176114e-01
   6.1551724e+00   1.6474215e+01   2.1997121e+00  -2.1731257e-01   2.1710347e+00   4.1541141e-01   2.2807037e-01
   6.1810345e+00   1.7066759e+01   2.2495821e+00  -2.3183821e-01   2.2185595e+00   4.3859145e-01   2.3262181e-01
   6.2068966e+00   1.7659228e+01   2.3008364e+00  -2.4643477e-01   2.2671726e+00   4.6314821e-01   2.3663286e-01
   6.2327586e+00   1.8251591e+01   2.3487195e+00  -2.6081444e-01   2.3122410e+00   4.8790292e-01   2.3888109e-01
   6.2586207e+00   1.8843796e+01   2.3978449e+00  -2.7451188e-01   2.3579911e+00   5.1467925e-01   2.4072515e-01
   6.2844828e+00   1.9435777e+01   2.4397195e+00  -2.8732718e-01   2.3963004e+00   5.4086289e-01   2.4047100e-01
   6.3103448e+00   2.0027433e+01   2.4764271e+00  -2.9894377e-01   2.4290538e+00   5.6723581e-01   2.3805893e-01
   6.3362069e+00   2.0618625e+01   2.5014238e+00  -3.0954058e-01   2.4501989e+00   5.9115317e-01   2.3204541e-01
   6.3620690e+00   2.1209145e+01   2.5136060e+00  -3.1943901e-01   2.4589141e+00   6.1155358e-01   2.2262982e-01
   6.3879310e+00   2.1798706e+01   2.5051507e+00  -3.2878642e-01   2.4481117e+00   6.2500356e-01   2.0753413e-01
   6.4137931e+00   2.2386881e+01   2.4808196e+00  -3.3790020e-01   2.4225406e+00   6.3240793e-01   1.8624459e-01
   6.4396552e+00   2.2973076e+01   2.4277521e+00  -3.4587099e-01   2.3701961e+00   6.2910868e-01   1.5713261e-01
   6.4655172e+00   2.3556438e+01   2.3652477e+00  -3.5305552e-01   2.3092436e+00   6.2164214e-01   1.2365374e-01
   6.4913793e+00   2.4135766e+01   2.2741549e+00  -3.5765283e-01   2.2215906e+00   6.0351592e-01   8.7388547e-02
   6.5172414e+00   2.4709378e+01   2.1919523e+00  -3.5935492e-01   2.1414727e+00   5.8981832e-01   5.4572161e-02
   6.5431034e+00   2.5274950e+01   2.1237081e+00  -3.6105371e-01   2.0745605e+00   5.8025403e-01   2.6145946e-02
   6.5689655e+00   2.5829321e+01   2.0718431e+00  -3.6029040e-01   2.0218331e+00   5.7838908e-01   6.9300378e-03
   6.5948276e+00   2.6368316e+01   2.0476429e+00  -3.5701997e-01   1.9931678e+00   5.8956495e-01  -1.0463262e-03
   6.6206897e+00   2.6886602e+01   2.0585691e+00  -3.5160513e-01   1.9950496e+00   6.1734103e-01   1.9170811e-03
   6.6465517e+00   2.7377712e+01   2.0784802e+00  -3.4508567e-01   2.0043678e+00   6.4936413e-01   1.0270964e-02
   6.6724138e+00   2.7834345e+01   2.1057628e+00  -3.3815012e-01   2.0200167e+00   6.8418947e-01   2.2875796e-02
   6.6982759e+00   2.8249058e+01   2.1353070e+00  -3.3052809e-01   2.0374295e+00   7.1949019e-01   3.5861473e-02
   6.7241379e+00   2.8615358e+01   2.1650364e+00  -3.2256416e-01   2.0550720e+00   7.5373034e-01   4.7349696e-02
   6.7500000e+00   2.8928951e+01   2.1904977e+00  -3.1502704e-01   2.0695542e+00   7.8387978e-01   5.7341648e-02
   6.7758621e+00   2.9188725e+01   2.2168219e+00  -3.0743506e-01   2.0852579e+00   8.1272079e-01   6.7267723e-02
   6.8017241e+00   2.9397018e+01   2.2328793e+00  -3.0030944e-01   2.0927818e+00   8.3438617e-01   7.5585216e-02
   6.8275862e+00   2.9559053e+01   2.2557697e+00  -2.9361535e-01   2.1070225e+00   8.5741643e-01   8.3984875e-02
   6.8534483e+00   2.9681811e+01   2.2691100e+00  -2.8662790e-01   2.1133105e+00   8.7460533e-01   8.9451902e-02
   6.8793103e+00   2.9772790e+01   2.2846277e+00  -2.8006864e-01   2.1221314e+00   8.9135890e-01   9.4785664e-02
   6.9051724e+00   2.9839048e+01   2.2934709e+00  -2.7385727e-01   2.1256794e+00   9.0360036e-01   9.7155124e-02
   6.9310345e+00   2.9886662e+01   2.3082180e+00  -2.6697264e-01   2.1342832e+00   9.1868383e-01   1.0069674e-01
   6.9568966e+00   2.9920535e+01   2.3131658e+00  -2.6049368e-01   2.1347963e+00   9.2802884e-01   1.0333116e-01
   6.9827586e+00   2.9944459e+01   2.3255600e+00  -2.5357925e-01   2.1416970e+00   9.4109825e-01   1.0799112e-01
   7.0086207e+00   2.9961266e+01   2.3243839e+00  -2.4770240e-01   2.1374668e+00   9.4623055e-01   1.1144423e-01
   7.0344828e+00   2.9973030e+01   2.3375690e+00  -2.4244480e-01   2.1460676e+00   9.5781104e-01   1.1589338e-01
   7.0603448e+00   2.9981241e+01   2.3415619e+00  -2.3705391e-01   2.1466950e+00   9.6478345e-01   1.1886552e-01
   7.0862069e+00   2.9986963e+01   2.3527090e+00  -2.3072923e-01   2.1530925e+00   9.7604722e-01   1.2367696e-01
   7.1120690e+00   2.9990944e+01   2.3575263e+00  -2.2589163e-01   2.1547788e+00   9.8279467e-01   1.2684863e-01
   7.1379310e+00   2.9993711e+01   2.3657894e+00  -2.2034923e-01   2.1591172e+00   9.9182970e-01   1.3228041e-01
   7.1637931e+00   2.9995635e+01   2.3724227e+00  -2.1512771e-01   2.1622183e+00   9.9974055e-01   1.3667611e-01
   7.1896552e+00   2.9996970e+01   2.3791586e+00  -2.1037895e-01   2.1656545e+00   1.0072713e+00   1.4184628e-01
   7.2155172e+00   2.9997897e+01   2.3903959e+00  -2.0484382e-01   2.1726028e+00   1.0177182e+00   1.4935829e-01
   7.2413793e+00   2.9998541e+01   2.3975172e+00  -1.9991427e-01   2.1762941e+00   1.0255724e+00   1.5481106e-01
   7.2672414e+00   2.9998988e+01   2.3989579e+00  -1.9482709e-01   2.1749902e+00   1.0307153e+00   1.5897347e-01
   7.2931034e+00   2.9999298e+01   2.4092438e+00  -1.9021913e-01   2.1815887e+00   1.0398606e+00   1.6566288e-01
   7.3189655e+00   2.9999513e+01   2.4172784e+00  -1.8506116e-01   2.1859640e+00   1.0483530e+00   1.7191969e-01
   7.3448276e+00   2.9999662e+01   2.4241061e+00  -1.8040349e-01   2.1895454e+00   1.0558061e+00   1.7845411e-01
   7.3706897e+00   2.9999765e+01   2.4334473e+00  -1.7622070e-01   2.1955419e+00   1.0641031e+00   1.8346997e-01
   7.3965517e+00   2.9999838e+01   2.4431914e+00  -1.7016635e-01   2.2009520e+00   1.0742211e+00   1.9305565e-01
   7.4224138e+00   2.9999887e+01   2.4531278e+00  -1.6613421e-01   2.2075402e+00   1.0826831e+00   2.0151349e-01
   7.4482759e+00   2.9999921e+01   2.4627192e+00  -1.6152935e-01   2.2135435e+00   1.0914680e+00   2.0903719e-01
   7.4741379e+00   2.9999945e+01   2.4695845e+00  -1.5717819e-01   2.2173131e+00   1.0986698e+00   2.1685513e-01
   7.5000000e+00   2.9999962e+01   2.4857315e+00  -1.5244205e-01   2.2289284e+00   1.1108456e+00   2.2707812e-01
   7.5258621e+00   2.9999974e+01   2.4911839e+00  -1.4799768e-01   2.2314279e+00   1.1174212e+00   2.3529950e-01
   7.5517241e+00   2.9999982e+01   2.5050494e+00  -1.4331453e-01   2.2410940e+00   1.1284099e+00   2.4556528e-01
   7.5775862e+00   2.9999988e+01   2.5151307e+00  -1.3912486e-01   2.2477297e+00   1.1370792e+00   2.5421340e-01
   7.6034483e+00   2.9999991e+01   2.5261149e+00  -1.3484160e-01   2.2551006e+00   1.1462809e+00   2.6357818e-01
   7.6293103e+00   2.9999994e+01   2.5383785e+00  -1.3092870e-01   2.2637647e+00   1.1558014e+00   2.7359404e-01
   7.6551724e+00   2.9999996e+01   2.5469194e+00  -1.2686215e-01   2.2691280e+00   1.1635937e+00   2.8309107e-01
   7.6810345e+00   2.9999997e+01   2.5612444e+00  -1.2214380e-01   2.2791747e+00   1.1748425e+00   2.9532041e-01
   7.7068966e+00   2.9999998e+01   2.5725359e+00  -1.1812158e-01   2.2869422e+00   1.1839716e+00   3.0684907e-01
   7.7327586e+00   2.9999999e+01   2.5836153e+00  -1.1404587e-01   2.2944995e+00   1.1930410e+00   3.1830992e-01
   7.7586207e+00   2.9999993e+01   2.6018965e+00  -1.0962237e-01   2.3081198e+00   1.2060122e+00   3.3080937e-01
   7.7844828e+00   2.9999939e+01   2.6123698e+00  -1.0557390e-01   2.3151668e+00   1.2147527e+00   3.4129619e-01
   7.8103448e+00   2.9999791e+01   2.6262428e+00  -1.0133339e-01   2.3250641e+00   1.2253556e+00   3.5292831e-01
   7.8362069e+00   2.9999505e+01   2.6403270e+00  -9.7659202e-02   2.3354306e+00   1.2355680e+00   3.6484529e-01
   7.8620690e+00   2.9999033e+01   2.6512265e+00  -9.3889418e-02   2.3429952e+00   1.2442631e+00   3.7478604e-01
   7.8879310e+00   2.9998331e+01   2.6641617e+00  -9.0011495e-02   2.3522740e+00   1.2540601e+00   3.8590692e-01
   7.9137931e+00   2.9997353e+01   2.6765387e+00  -8.6735829e-02   2.3613768e+00   1.2630448e+00   3.9543812e-01
   7.9396552e+00   2.9996052e+01   2.6817292e+00  -8.4067732e-02   2.3645668e+00   1.2678969e+00   4.0220200e-01
   7.9655172e+00   2.9994385e+01   2.6891071e+00  -8.0338398e-02   2.3691292e+00   1.2747463e+00   4.0917537e-01
   7.9913793e+00   2.9992304e+01   2.6899163e+00  -7.8535680e-02   2.3689752e+00   1.2766261e+00   4.1278125e-01
   8.0172414e+00   2.9989764e+01   2.6915953e+00  -7.5992002e-02   2.3692146e+00   1.2795634e+00   4.1633683e-01
   8.0431034e+00   2.9986721e+01   2.6819121e+00  -7.4356870e-02   2.3600782e+00   1.2760141e+00   4.1741871e-01
