   2.5862069e-02   7.5029298e-02   6.9467631e-02   1.8996590e-02   6.9442695e-02   1.9087542e-02   1.1305842e-02
   5.1724138e-02   8.0536701e-02   2.5984398e-01   1.6667670e-01   2.5960944e-01   1.6704178e-01   1.0942783e-01
   7.7586207e-02   8.6434187e-02  -5.8298928e-02  -5.0819156e-02  -5.8222198e-02  -5.0907045e-02  -5.1323555e-02
   1.0344828e-01   9.2747292e-02   2.4313444e-01   5.9720044e-02   2.4303745e-01   6.0113539e-02   6.0773777e-02
   1.2931034e-01   9.9502925e-02   1.2772977e-02   3.7348442e-02   1.2708097e-02   3.7370568e-02   5.8806308e-03
   1.5517241e-01   1.0672939e-01   1.8713750e-01   3.4724191e-03   1.8713071e-01   3.8210087e-03   3.8863179e-02
   1.8103448e-01   1.1445641e-01   1.6240615e-01   8.1525014e-02   1.6224297e-01   8.1849280e-02   5.7537231e-02
   2.0689655e-01   1.2271516e-01   9.1424191e-02   2.3836051e-03   9.1418876e-02   2.5794103e-03   9.1563900e-03
   2.3275862e-01   1.3153824e-01   1.2242404e-01   3.2102367e-02   1.2235002e-01   3.2383340e-02   3.0076854e-02
   2.5862069e-01   1.4095971e-01   2.2169733e-01   4.4081630e-02   2.2158821e-01   4.4626918e-02   6.2627725e-02
   2.8448276e-01   1.5101506e-01   6.6755733e-02   8.7437457e-03   6.6732456e-02   8.9196639e-03   6.5569376e-03
   3.1034483e-01   1.6174118e-01   2.1364344e-01   4.3282060e-02   2.1352041e-01   4.3884984e-02   5.5031867e-02
   3.3620690e-01   1.7317631e-01   9.3498710e-02   2.3415303e-02   9.3427510e-02   2.3697795e-02   1.4175845e-02
   3.6206897e-01   1.8536003e-01   1.9355706e-01   2.6498195e-02   1.9347032e-01   2.7124240e-02   4.8193747e-02
   3.8793103e-01   1.9833313e-01   1.7128074e-01   3.6705159e-02   1.7115265e-01   3.7297837e-02   4.4622368e-02
   4.1379310e-01   2.1213756e-01   1.6791849e-01   1.9006203e-02   1.6784697e-01   1.9627789e-02   3.4421907e-02
   4.3965517e-01   2.2681627e-01   1.6021672e-01   2.7258672e-02   1.6010756e-01   2.7892705e-02   3.4158986e-02
   4.6551724e-01   2.4241315e-01   1.9644248e-01   2.8355240e-02   1.9632076e-01   2.9186114e-02   4.5138732e-02
   4.9137931e-01   2.5897280e-01   1.7757385e-01   2.8822796e-02   1.7744176e-01   2.9625120e-02   4.1237967e-02
   5.1724138e-01   2.7654041e-01   2.0484322e-01   2.3236522e-02   2.0472868e-01   2.4224931e-02   4.2270846e-02
   5.4310345e-01   2.9516155e-01   1.6494555e-01   2.8803963e-02   1.6479498e-01   2.9653301e-02   3.3626001e-02
   5.6896552e-01   3.1488192e-01   2.0853118e-01   1.8288509e-02   2.0842752e-01   1.9434257e-02   3.8596653e-02
   5.9482759e-01   3.3574715e-01   2.0947752e-01   3.5049305e-02   2.0926854e-01   3.6276212e-02   5.0968340e-02
   6.2068966e-01   3.5780250e-01   2.1535111e-01   2.1643007e-02   2.1521175e-01   2.2987407e-02   4.3514009e-02
   6.4655172e-01   3.8109263e-01   2.1356095e-01   2.3304222e-02   2.1340122e-01   2.4724158e-02   4.1321892e-02
   6.7241379e-01   4.0566125e-01   2.1561469e-01   2.7258100e-02   2.1541630e-01   2.8783983e-02   4.3616464e-02
   6.9827586e-01   4.3155085e-01   2.3574708e-01   1.9182910e-02   2.3559591e-01   2.0957992e-02   4.7299894e-02
   7.2413793e-01   4.5880236e-01   2.4938457e-01   3.3057898e-02   2.4911187e-01   3.5053792e-02   5.4321669e-02
   7.5000000e-01   4.8745486e-01   2.2313134e-01   1.8708708e-02   2.2296410e-01   2.0606340e-02   3.9011171e-02
   7.7586207e-01   5.1754520e-01   2.4382058e-01   2.3190628e-02   2.4360116e-01   2.5392051e-02   4.4183802e-02
   8.0172414e-01   5.4910775e-01   2.4868124e-01   2.6303235e-02   2.4841774e-01   2.8685287e-02   4.8380337e-02
   8.2758621e-01   5.8217405e-01   2.7371499e-01   2.2751293e-02   2.7346969e-01   2.5531249e-02   5.3719160e-02
   8.5344828e-01   6.1677248e-01   2.6320522e-01   2.5744968e-02   2.6291284e-01   2.8576750e-02   4.8989959e-02
   8.7931034e-01   6.5292811e-01   2.6175708e-01   1.9871132e-02   2.6151364e-01   2.2852694e-02   4.4251694e-02
   9.0517241e-01   6.9066229e-01   2.8606783e-01   2.2813894e-02   2.8577205e-01   2.6260509e-02   5.2494005e-02
   9.3103448e-01   7.2999258e-01   2.8929437e-01   2.5435865e-02   2.8894683e-01   2.9119535e-02   5.4608418e-02
   9.5689655e-01   7.7093245e-01   2.9608777e-01   2.1354029e-02   2.9577365e-01   2.5335929e-02   5.1896830e-02
   9.8275862e-01   8.1349126e-01   2.8676365e-01   2.1837351e-02   2.8642471e-01   2.5906512e-02   4.7059739e-02
   1.0086207e+00   8.5767401e-01   2.9686623e-01   2.0222613e-02   2.9653026e-01   2.4664042e-02   4.8079974e-02
   1.0344828e+00   9.0348147e-01   3.1871939e-01   2.4093219e-02   3.1829986e-01   2.9115814e-02   5.6626207e-02
   1.0603448e+00   9.5091006e-01   3.1823909e-01   2.1367641e-02   3.1784065e-01   2.6646115e-02   5.3918964e-02
   1.0862069e+00   9.9995171e-01   3.2318213e-01   2.0665392e-02   3.2277227e-01   2.6302278e-02   5.1659515e-02
   1.1120690e+00   1.0505946e+00   3.2501080e-01   2.0028364e-02   3.2458894e-01   2.5984170e-02   5.0733019e-02
   1.1379310e+00   1.1028222e+00   3.4060794e-01   2.0767211e-02   3.4014514e-01   2.7318940e-02   5.5714415e-02
   1.1637931e+00   1.1566145e+00   3.5489091e-01   2.3087994e-02   3.5435257e-01   3.0246891e-02   5.9054625e-02
   1.1896552e+00   1.2119477e+00   3.4139253e-01   1.7992468e-02   3.4093560e-01   2.5209203e-02   5.0328497e-02
   1.2155172e+00   1.2687945e+00   3.5369113e-01   1.9839622e-02   3.5316510e-01   2.7666481e-02   5.2154149e-02
   1.2413793e+00   1.3271245e+00   3.6010675e-01   1.8783587e-02   3.5957512e-01   2.7118845e-02   5.3272412e-02
   1.2672414e+00   1.3869038e+00   3.7691290e-01   2.1176811e-02   3.7628992e-01   3.0293284e-02   5.8577152e-02
   1.2931034e+00   1.4480967e+00   3.7826766e-01   1.9099146e-02   3.7766419e-01   2.8652387e-02   5.5643854e-02
   1.3189655e+00   1.5106650e+00   3.7443480e-01   1.6489144e-02   3.7386996e-01   2.6354646e-02   5.1235895e-02
   1.3448276e+00   1.5745678e+00   3.9062145e-01   1.8495866e-02   3.8996573e-01   2.9222352e-02   5.5836926e-02
   1.3706897e+00   1.6397637e+00   4.0218368e-01   1.8069585e-02   4.0150192e-01   2.9570820e-02   5.8541299e-02
   1.3965517e+00   1.7062088e+00   4.0560170e-01   1.8601381e-02   4.0486802e-01   3.0669747e-02   5.7619041e-02
   1.4224138e+00   1.7738590e+00   4.0393879e-01   1.5596855e-02   4.0326242e-01   2.8093199e-02   5.2918091e-02
   1.4482759e+00   1.8426696e+00   4.0861867e-01   1.5694493e-02   4.0790271e-01   2.8825555e-02   5.2843189e-02
   1.4741379e+00   1.9125942e+00   4.2602455e-01   1.7196545e-02   4.2521328e-01   3.1405478e-02   5.7834093e-02
   1.5000000e+00   1.9835879e+00   4.3194835e-01   1.6128576e-02   4.3113125e-01   3.1070036e-02   5.7787482e-02
   1.5258621e+00   2.0556044e+00   4.3293657e-01   1.5097676e-02   4.3211643e-01   3.0617122e-02   5.4992192e-02
   1.5517241e+00   2.1285988e+00   4.3794293e-01   1.3513311e-02   4.3713882e-01   2.9770286e-02   5.3870517e-02
   1.5775862e+00   2.2025263e+00   4.4971262e-01   1.4574031e-02   4.4882027e-01   3.1846561e-02   5.7292942e-02
   1.6034483e+00   2.2773424e+00   4.6241065e-01   1.5029646e-02   4.6144821e-01   3.3392430e-02   5.9840627e-02
   1.6293103e+00   2.3530040e+00   4.5960659e-01   1.2994748e-02   4.5868556e-01   3.1853457e-02   5.5750919e-02
   1.6551724e+00   2.4294692e+00   4.6316744e-01   1.2065149e-02   4.6223969e-01   3.1687755e-02   5.3874566e-02
   1.6810345e+00   2.5066962e+00   4.7231071e-01   1.1809708e-02   4.7134225e-01   3.2455457e-02   5.5278271e-02
   1.7068966e+00   2.5846454e+00   4.8314064e-01   1.2951039e-02   4.8206511e-01   3.4725224e-02   5.8239827e-02
   1.7327586e+00   2.6632778e+00   4.9007322e-01   1.1382272e-02   4.8901498e-01   3.4141832e-02   5.7389079e-02
   1.7586207e+00   2.7425561e+00   4.8895735e-01   9.8024377e-03   4.8792827e-01   3.3187016e-02   5.4187594e-02
   1.7844828e+00   2.8224449e+00   4.9846619e-01   9.6143671e-03   4.9738809e-01   3.4147696e-02   5.5566359e-02
   1.8103448e+00   2.9029088e+00   5.1155167e-01   9.8509560e-03   5.1039635e-01   3.5745155e-02   5.8682975e-02
   1.8362069e+00   2.9839156e+00   5.1755314e-01   9.7335555e-03   5.1634475e-01   3.6661904e-02   5.8682516e-02
   1.8620690e+00   3.0654327e+00   5.1763397e-01   7.4240129e-03   5.1649629e-01   3.5094577e-02   5.5139602e-02
   1.8879310e+00   3.1474304e+00   5.2241484e-01   7.0174192e-03   5.2124151e-01   3.5690229e-02   5.4521510e-02
   1.9137931e+00   3.2298803e+00   5.3472723e-01   7.1788597e-03   5.3347336e-01   3.7295162e-02   5.7179447e-02
   1.9396552e+00   3.3127543e+00   5.4288800e-01   7.0115011e-03   5.4157565e-01   3.8371253e-02   5.8187624e-02
   1.9655172e+00   3.3960268e+00   5.4494315e-01   5.5285919e-03   5.4365870e-01   3.7799763e-02   5.5953546e-02
   1.9913793e+00   3.4796734e+00   5.4974887e-01   3.9273532e-03   5.4849698e-01   3.7286808e-02   5.4662292e-02
   2.0172414e+00   3.5636701e+00   5.5912486e-01   4.2390013e-03   5.5778022e-01   3.8984710e-02   5.6608947e-02
   2.0431034e+00   3.6479956e+00   5.7025966e-01   4.0442996e-03   5.6884686e-01   4.0319746e-02   5.8619273e-02
   2.0689655e+00   3.7326282e+00   5.7364107e-01   2.9063715e-03   5.7223500e-01   4.0244572e-02   5.7065089e-02
   2.0948276e+00   3.8175488e+00   5.7481772e-01   1.2871187e-03   5.7345657e-01   3.9555343e-02   5.4498866e-02
   2.1206897e+00   3.9027389e+00   5.8397342e-01   7.8233533e-04   5.8256596e-01   4.0527494e-02   5.5471149e-02
   2.1465517e+00   3.9881807e+00   5.9320225e-01   9.9488389e-04   5.9169657e-01   4.2250100e-02   5.7311526e-02
   2.1724138e+00   4.0738584e+00   6.0059500e-01  -9.0297500e-05   5.9908389e-01   4.2577610e-02   5.7235384e-02
   2.1982759e+00   4.1597556e+00   6.0197458e-01  -1.6366883e-03   6.0050750e-01   4.2033456e-02   5.4886470e-02
   2.2241379e+00   4.2458585e+00   6.0909364e-01  -2.5671453e-03   6.0761207e-01   4.2535004e-02   5.5028127e-02
   2.2500000e+00   4.3321535e+00   6.2064415e-01  -2.6384071e-03   6.1907021e-01   4.4251548e-02   5.7413717e-02
   2.2758621e+00   4.4186275e+00   6.2756333e-01  -3.1478505e-03   6.2594058e-01   4.5210979e-02   5.7836129e-02
   2.3017241e+00   4.5052687e+00   6.3083377e-01  -4.9150802e-03   6.2927065e-01   4.4652585e-02   5.5877993e-02
   2.3275862e+00   4.5920660e+00   6.3492701e-01  -6.0079719e-03   6.3336989e-01   4.4844139e-02   5.4776832e-02
   2.3534483e+00   4.6790087e+00   6.4415048e-01  -6.4147894e-03   6.4252702e-01   4.6152113e-02   5.6102185e-02
   2.3793103e+00   4.7660873e+00   6.5322117e-01  -6.7749202e-03   6.5152539e-01   4.7523358e-02   5.7326174e-02
   2.4051724e+00   4.8532920e+00   6.5735775e-01  -8.2170747e-03   6.5569606e-01   4.7427920e-02   5.6034697e-02
   2.4310345e+00   4.9406149e+00   6.6146112e-01  -9.7546573e-03   6.5984356e-01   4.7248717e-02   5.4712274e-02
   2.4568966e+00   5.0280476e+00   6.7009533e-01  -1.0310067e-02   6.6842036e-01   4.8459035e-02   5.5799246e-02
   2.4827586e+00   5.1155825e+00   6.7992250e-01  -1.0835569e-02   6.7818043e-01   4.9833005e-02   5.7415999e-02
   2.5086207e+00   5.2032132e+00   6.8607340e-01  -1.1879231e-02   6.8432361e-01   5.0388639e-02   5.7068187e-02
   2.5344828e+00   5.2909322e+00   6.8873584e-01  -1.3616778e-02   6.8705699e-01   4.9951636e-02   5.5180528e-02
   2.5603448e+00   5.3787342e+00   6.9605891e-01  -1.4533538e-02   6.9435639e-01   5.0778179e-02   5.5405100e-02
   2.5862069e+00   5.4666133e+00   7.0500954e-01  -1.4989277e-02   7.0323103e-01   5.2242132e-02   5.6736370e-02
   2.6120690e+00   5.5545640e+00   7.1237721e-01  -1.5967121e-02   7.1057774e-01   5.3061440e-02   5.7017332e-02
   2.6379310e+00   5.6425815e+00   7.1649777e-01  -1.7570511e-02   7.1475363e-01   5.2962486e-02   5.5693516e-02
   2.6637931e+00   5.7306611e+00   7.2198434e-01  -1.8903167e-02   7.2026359e-01   5.3283050e-02   5.5214807e-02
   2.6896552e+00   5.8187984e+00   7.3204446e-01  -1.9476094e-02   7.3024713e-01   5.4840905e-02   5.6829338e-02
   2.7155172e+00   5.9069900e+00   7.4009526e-01  -2.0305931e-02   7.3825532e-01   5.5967970e-02   5.7623216e-02
   2.7413793e+00   5.9952313e+00   7.4503606e-01  -2.1877459e-02   7.4324616e-01   5.6058003e-02   5.6637280e-02
   2.7672414e+00   6.0835196e+00   7.4984569e-01  -2.3316687e-02   7.4809397e-01   5.6281812e-02   5.5722624e-02
   2.7931034e+00   6.1718510e+00   7.5798332e-01  -2.4227359e-02   7.5619469e-01   5.7404552e-02   5.6481770e-02
   2.8189655e+00   6.2602226e+00   7.6668038e-01  -2.4917927e-02   7.6482574e-01   5.8832733e-02   5.7548954e-02
   2.8448276e+00   6.3486322e+00   7.7224372e-01  -2.6338096e-02   7.7042031e-01   5.9216541e-02   5.6979844e-02
   2.8706897e+00   6.4370763e+00   7.7722834e-01  -2.7953542e-02   7.7546230e-01   5.9359297e-02   5.6071176e-02
   2.8965517e+00   6.5255532e+00   7.8481661e-01  -2.9055165e-02   7.8303401e-01   6.0324598e-02   5.6552952e-02
   2.9224138e+00   6.6140602e+00   7.9405359e-01  -2.9887624e-02   7.9221128e-01   6.1771114e-02   5.7880601e-02
   2.9482759e+00   6.7025951e+00   8.0133870e-01  -3.1072086e-02   7.9948844e-01   6.2669104e-02   5.8112939e-02
   2.9741379e+00   6.7911565e+00   8.0594497e-01  -3.2820721e-02   8.0417135e-01   6.2713118e-02   5.7058275e-02
   3.0000000e+00   6.8797419e+00   8.1241731e-01  -3.4066184e-02   8.1064835e-01   6.3495176e-02   5.6997240e-02
   3.0258621e+00   6.9683499e+00   8.2126236e-01  -3.5033995e-02   8.1944632e-01   6.4861197e-02   5.8053926e-02
   3.0517241e+00   7.0569793e+00   8.2876169e-01  -3.6135079e-02   8.2692280e-01   6.5957297e-02   5.8534646e-02
   3.0775862e+00   7.1456279e+00   8.3446614e-01  -3.7784787e-02   8.3268512e-01   6.6309332e-02   5.7888586e-02
   3.1034483e+00   7.2342950e+00   8.4013357e-01  -3.9332573e-02   8.3839872e-01   6.6776077e-02   5.7460603e-02
   3.1293103e+00   7.3229787e+00   8.4909611e-01  -4.0365473e-02   8.4731546e-01   6.8191602e-02   5.8540121e-02
   3.1551724e+00   7.4116780e+00   8.5757097e-01  -4.1500459e-02   8.5575934e-01   6.9470979e-02   5.9447154e-02
   3.1810345e+00   7.5003924e+00   8.6396224e-01  -4.3004714e-02   8.6218369e-01   7.0138804e-02   5.9266595e-02
   3.2068966e+00   7.5891201e+00   8.6962277e-01  -4.4677527e-02   8.6790590e-01   7.0563303e-02   5.8685703e-02
   3.2327586e+00   7.6778606e+00   8.7728062e-01  -4.5941234e-02   8.7555360e-01   7.1678179e-02   5.9205212e-02
   3.2586207e+00   7.7666126e+00   8.8596682e-01  -4.7002382e-02   8.8419145e-01   7.3156762e-02   6.0173733e-02
   3.2844828e+00   7.8553754e+00   8.9290774e-01  -4.8470458e-02   8.9115349e-01   7.4020803e-02   6.0231015e-02
   3.3103448e+00   7.9441489e+00   8.9863377e-01  -5.0186842e-02   8.9694603e-01   7.4492926e-02   5.9718462e-02
   3.3362069e+00   8.0329313e+00   9.0611123e-01  -5.1611510e-02   9.0443270e-01   7.5516923e-02   6.0035481e-02
   3.3620690e+00   8.1217226e+00   9.1470777e-01  -5.2773755e-02   9.1298909e-01   7.6982333e-02   6.1092735e-02
   3.3879310e+00   8.2105223e+00   9.2298170e-01  -5.4151100e-02   9.2125452e-01   7.8215613e-02   6.1702788e-02
   3.4137931e+00   8.2993294e+00   9.2897394e-01  -5.5887419e-02   9.2731228e-01   7.8790252e-02   6.1342735e-02
   3.4396552e+00   8.3881438e+00   9.3595066e-01  -5.7447293e-02   9.3431868e-01   7.9702153e-02   6.1391653e-02
   3.4655172e+00   8.4769643e+00   9.4429760e-01  -5.8754574e-02   9.4264246e-01   8.1087885e-02   6.2205124e-02
   3.4913793e+00   8.5657912e+00   9.5263205e-01  -6.0068031e-02   9.5095273e-01   8.2491753e-02   6.2956654e-02
   3.5172414e+00   8.6546238e+00   9.5924472e-01  -6.1778524e-02   9.5761846e-01   8.3270076e-02   6.2836636e-02
   3.5431034e+00   8.7434614e+00   9.6609316e-01  -6.3478830e-02   9.6451551e-01   8.4115261e-02   6.2749199e-02
   3.5689655e+00   8.8323041e+00   9.7408848e-01  -6.4863339e-02   9.7249702e-01   8.5470269e-02   6.3461666e-02
   3.5948276e+00   8.9211514e+00   9.8324777e-01  -6.6202859e-02   9.8161953e-01   8.7075257e-02   6.4544143e-02
   3.6206897e+00   9.0100027e+00   9.9064469e-01  -6.7819977e-02   9.8904221e-01   8.8158640e-02   6.4773371e-02
   3.6465517e+00   9.0988583e+00   9.9738523e-01  -6.9618134e-02   9.9584439e-01   8.8982771e-02   6.4666700e-02
   3.6724138e+00   9.1877172e+00   1.0053117e+00  -7.1114739e-02   1.0037689e+00   9.0315308e-02   6.5194179e-02
   3.6982759e+00   9.2765796e+00   1.0142084e+00  -7.2510269e-02   1.0126329e+00   9.1928854e-02   6.6157771e-02
   3.7241379e+00   9.3654453e+00   1.0220920e+00  -7.4061297e-02   1.0205201e+00   9.3251897e-02   6.6625919e-02
   3.7500000e+00   9.4543137e+00   1.0293013e+00  -7.5835991e-02   1.0277771e+00   9.4268279e-02   6.6649608e-02
   3.7758621e+00   9.5431851e+00   1.0369331e+00  -7.7481568e-02   1.0354287e+00   9.5504826e-02   6.6999802e-02
   3.8017241e+00   9.6320588e+00   1.0459439e+00  -7.8915501e-02   1.0444029e+00   9.7204766e-02   6.7984684e-02
   3.8275862e+00   9.7209350e+00   1.0545273e+00  -8.0437244e-02   1.0529680e+00   9.8774120e-02   6.8732909e-02
   3.8534483e+00   9.8098134e+00   1.0621896e+00  -8.2184375e-02   1.0606615e+00   9.9991293e-02   6.8958584e-02
   3.8793103e+00   9.8986936e+00   1.0698519e+00  -8.3903724e-02   1.0683489e+00   1.0125997e-01   6.9192664e-02
   3.9051724e+00   9.9875759e+00   1.0786237e+00  -8.5428153e-02   1.0770937e+00   1.0293717e-01   7.0009533e-02
   3.9310345e+00   1.0076460e+01   1.0878401e+00  -8.6879899e-02   1.0862611e+00   1.0479115e-01   7.0907279e-02
   3.9568966e+00   1.0165345e+01   1.0959518e+00  -8.8573932e-02   1.0943805e+00   1.0624037e-01   7.1274945e-02
   3.9827586e+00   1.0254233e+01   1.1037923e+00  -9.0315137e-02   1.1022396e+00   1.0762038e-01   7.1471572e-02
   4.0086207e+00   1.0343122e+01   1.1126920e+00  -9.1864680e-02   1.1111046e+00   1.0940378e-01   7.2186947e-02
   4.0344828e+00   1.0432011e+01   1.1218688e+00  -9.3330107e-02   1.1202240e+00   1.1134785e-01   7.3084608e-02
   4.0603448e+00   1.0520903e+01   1.1308527e+00  -9.4915055e-02   1.1291721e+00   1.1316779e-01   7.3679730e-02
   4.0862069e+00   1.0609794e+01   1.1390368e+00  -9.6630695e-02   1.1373553e+00   1.1474006e-01   7.3886719e-02
   4.1120690e+00   1.0698688e+01   1.1479566e+00  -9.8180154e-02   1.1462282e+00   1.1663789e-01   7.4462786e-02
   4.1379310e+00   1.0787582e+01   1.1576000e+00  -9.9601487e-02   1.1557849e+00   1.1882485e-01   7.5351044e-02
   4.1637931e+00   1.0876477e+01   1.1671870e+00  -1.0107879e-01   1.1652927e+00   1.2097614e-01   7.6004333e-02
   4.1896552e+00   1.0965374e+01   1.1759686e+00  -1.0267508e-01   1.1740285e+00   1.2288724e-01   7.6291557e-02
   4.2155172e+00   1.1054271e+01   1.1851320e+00  -1.0422425e-01   1.1831269e+00   1.2494520e-01   7.6665158e-02
   4.2413793e+00   1.1143168e+01   1.1950428e+00  -1.0559523e-01   1.1929205e+00   1.2735099e-01   7.7429187e-02
   4.2672414e+00   1.1232066e+01   1.2051328e+00  -1.0689236e-01   1.2028709e+00   1.2989480e-01   7.8143738e-02
   4.2931034e+00   1.1320965e+01   1.2148348e+00  -1.0832404e-01   1.2124622e+00   1.3226173e-01   7.8456127e-02
   4.3189655e+00   1.1409864e+01   1.2241274e+00  -1.0970026e-01   1.2216367e+00   1.3463208e-01   7.8599245e-02
   4.3448276e+00   1.1498764e+01   1.2350491e+00  -1.1091994e-01   1.2323720e+00   1.3750942e-01   7.9291640e-02
   4.3706897e+00   1.1587666e+01   1.2454054e+00  -1.1200053e-01   1.2425194e+00   1.4044311e-01   7.9864385e-02
   4.3965517e+00   1.1676566e+01   1.2561406e+00  -1.1316677e-01   1.2530491e+00   1.4340139e-01   8.0308811e-02
   4.4224138e+00   1.1765467e+01   1.2656499e+00  -1.1437641e-01   1.2623812e+00   1.4610025e-01   8.0250271e-02
   4.4482759e+00   1.1854369e+01   1.2764317e+00  -1.1531633e-01   1.2728979e+00   1.4935380e-01   8.0660973e-02
   4.4741379e+00   1.1943271e+01   1.2869454e+00  -1.1607241e-01   1.2831073e+00   1.5276471e-01   8.1080430e-02
   4.5000000e+00   1.2032174e+01   1.2970961e+00  -1.1696607e-01   1.2929827e+00   1.5599745e-01   8.1361938e-02
   4.5258621e+00   1.2121077e+01   1.3063385e+00  -1.1776939e-01   1.3019440e+00   1.5915880e-01   8.1411011e-02
   4.5517241e+00   1.2209981e+01   1.3161749e+00  -1.1834458e-01   1.3114311e+00   1.6269696e-01   8.1812383e-02
   4.5775862e+00   1.2298884e+01   1.3261342e+00  -1.1861814e-01   1.3209661e+00   1.6658581e-01   8.2324432e-02
   4.6034483e+00   1.2387787e+01   1.3349807e+00  -1.1897597e-01   1.3294232e+00   1.7018361e-01   8.2697847e-02
   4.6293103e+00   1.2476691e+01   1.3443493e+00  -1.1930924e-01   1.3383770e+00   1.7394485e-01   8.3230642e-02
   4.6551724e+00   1.2565596e+01   1.3530483e+00  -1.1973143e-01   1.3466880e+00   1.7750182e-01   8.3603056e-02
   4.6810345e+00   1.2654500e+01   1.3617335e+00  -1.1995580e-01   1.3549343e+00   1.8127498e-01   8.4228049e-02
   4.7068966e+00   1.2743405e+01   1.3709357e+00  -1.2022612e-01   1.3636865e+00   1.8514340e-01   8.4755594e-02
   4.7327586e+00   1.2832309e+01   1.3789004e+00  -1.2060040e-01   1.3712465e+00   1.8866319e-01   8.5077193e-02
   4.7586207e+00   1.2921214e+01   1.3875258e+00  -1.2097074e-01   1.3794419e+00   1.9235848e-01   8.5566327e-02
   4.7844828e+00   1.3010119e+01   1.3949160e+00  -1.2131186e-01   1.3864191e+00   1.9583005e-01   8.5849228e-02
   4.8103448e+00   1.3099024e+01   1.4036559e+00  -1.2182494e-01   1.3947423e+00   1.9946213e-01   8.6223081e-02
   4.8362069e+00   1.3187930e+01   1.4122182e+00  -1.2248795e-01   1.4029188e+00   2.0293403e-01   8.6343532e-02
   4.8620690e+00   1.3276836e+01   1.4191933e+00  -1.2318245e-01   1.4095504e+00   2.0603662e-01   8.5835224e-02
   4.8879310e+00   1.3365741e+01   1.4265964e+00  -1.2387710e-01   1.4165922e+00   2.0925907e-01   8.5326271e-02
   4.9137931e+00   1.3454647e+01   1.4345377e+00  -1.2427707e-01   1.4240822e+00   2.1291572e-01   8.6062014e-02
   4.9396552e+00   1.3543552e+01   1.4404277e+00  -1.2493433e-01   1.4296303e+00   2.1586557e-01   8.6167755e-02
   4.9655172e+00   1.3632459e+01   1.4474245e+00  -1.2570078e-01   1.4362739e+00   2.1898791e-01   8.6386223e-02
   4.9913793e+00   1.3721364e+01   1.4533888e+00  -1.2643160e-01   1.4418998e+00   2.2192107e-01   8.5502429e-02
   5.0172414e+00   1.3810270e+01   1.4606666e+00  -1.2728141e-01   1.4488239e+00   2.2507021e-01   8.4792680e-02
   5.0431034e+00   1.3899177e+01   1.4665936e+00  -1.2773908e-01   1.4543364e+00   2.2829759e-01   8.3769903e-02
   5.0689655e+00   1.3988083e+01   1.4735653e+00  -1.2814514e-01   1.4608435e+00   2.3184518e-01   8.2468533e-02
   5.0948276e+00   1.4076989e+01   1.4799230e+00  -1.2869528e-01   1.4667826e+00   2.3512446e-01   8.1355354e-02
   5.1206897e+00   1.4165895e+01   1.4867597e+00  -1.2920550e-01   1.4731696e+00   2.3857861e-01   8.0054340e-02
   5.1465517e+00   1.4254801e+01   1.4971171e+00  -1.2949064e-01   1.4829064e+00   2.4313825e-01   7.9741870e-02
   5.1724138e+00   1.4343708e+01   1.5061985e+00  -1.2971171e-01   1.4913804e+00   2.4747463e-01   8.0287702e-02
   5.1982759e+00   1.4432614e+01   1.5145444e+00  -1.3033492e-01   1.4992324e+00   2.5126510e-01   8.1061751e-02
   5.2241379e+00   1.4521520e+01   1.5262108e+00  -1.3046386e-01   1.5101668e+00   2.5639163e-01   8.3241988e-02
   5.2500000e+00   1.4610427e+01   1.5361752e+00  -1.3063976e-01   1.5194536e+00   2.6107792e-01   8.5048230e-02
   5.2758621e+00   1.4699333e+01   1.5452471e+00  -1.3082478e-01   1.5278686e+00   2.6555835e-01   8.6076848e-02
   5.3017241e+00   1.4788240e+01   1.5563901e+00  -1.3049634e-01   1.5381448e+00   2.7109064e-01   8.7610023e-02
   5.3275862e+00   1.4877146e+01   1.5629444e+00  -1.3036012e-01   1.5440219e+00   2.7529152e-01   8.7243956e-02
   5.3534483e+00   1.4966053e+01   1.5716935e+00  -1.3000264e-01   1.5519529e+00   2.8029183e-01   8.6059872e-02
   5.3793103e+00   1.5054959e+01   1.5780336e+00  -1.2971837e-01   1.5575647e+00   2.8462100e-01   8.4342574e-02
   5.4051724e+00   1.5143865e+01   1.5775126e+00  -1.3045869e-01   1.5568117e+00   2.8618682e-01   8.0295465e-02
   5.4310345e+00   1.5232772e+01   1.5771460e+00  -1.3093727e-01   1.5561377e+00   2.8804412e-01   7.5697060e-02
   5.4568966e+00   1.5321679e+01   1.5712160e+00  -1.3119351e-01   1.5500373e+00   2.8864438e-01   6.9377095e-02
   5.4827586e+00   1.5410585e+01   1.5653207e+00  -1.3200787e-01   1.5441207e+00   2.8869759e-01   6.2001038e-02
   5.5086207e+00   1.5499491e+01   1.5539894e+00  -1.3247408e-01   1.5328762e+00   2.8761594e-01   5.4003486e-02
   5.5344828e+00   1.5588398e+01   1.5447098e+00  -1.3298051e-01   1.5236259e+00   2.8701269e-01   4.6508682e-02
   5.5603448e+00   1.5677304e+01   1.5384622e+00  -1.3276929e-01   1.5171064e+00   2.8789172e-01   4.0656694e-02
   5.5862069e+00   1.5766210e+01   1.5355307e+00  -1.3266852e-01   1.5138093e+00   2.8954594e-01   3.6180227e-02
   5.6120690e+00   1.5855116e+01   1.5380156e+00  -1.3204324e-01   1.5155777e+00   2.9317494e-01   3.4259927e-02
   5.6379310e+00   1.5944023e+01   1.5459923e+00  -1.3109737e-01   1.5225310e+00   2.9862700e-01   3.5043866e-02
   5.6637931e+00   1.6032929e+01   1.5618499e+00  -1.2971406e-01   1.5369245e+00   3.0669835e-01   3.8965738e-02
   5.6896552e+00   1.6121835e+01   1.5807935e+00  -1.2866699e-01   1.5543547e+00   3.1534903e-01   4.3991067e-02
   5.7155172e+00   1.6210741e+01   1.6015617e+00  -1.2757587e-01   1.5735013e+00   3.2460616e-01   5.0177294e-02
   5.7413793e+00   1.6299648e+01   1.6277958e+00  -1.2619707e-01   1.5977884e+00   3.3573365e-01   5.8276797e-02
   5.7672414e+00   1.6388553e+01   1.6527715e+00  -1.2505367e-01   1.6209039e+00   3.4635636e-01   6.6214333e-02
   5.7931034e+00   1.6477459e+01   1.6781295e+00  -1.2356580e-01   1.6442590e+00   3.5749035e-01   7.4736256e-02
   5.8189655e+00   1.6566364e+01   1.7024590e+00  -1.2254032e-01   1.6667295e+00   3.6796117e-01   8.2675139e-02
   5.8448276e+00   1.6655271e+01   1.7263255e+00  -1.2139717e-01   1.6886942e+00   3.7848267e-01   9.0407793e-02
   5.8706897e+00   1.6744176e+01   1.7474937e+00  -1.2052013e-01   1.7081228e+00   3.8804091e-01   9.6457083e-02
   5.8965517e+00   1.6833081e+01   1.7683177e+00  -1.1956719e-01   1.7271744e+00   3.9763333e-01   1.0268764e-01
   5.9224138e+00   1.6921987e+01   1.7891900e+00  -1.1849283e-01   1.7462112e+00   4.0741602e-01   1.0874862e-01
   5.9482759e+00   1.7010892e+01   1.8090307e+00  -1.1773384e-01   1.7643276e+00   4.1665536e-01   1.1422926e-01
   5.9741379e+00   1.7099797e+01   1.8272675e+00  -1.1691585e-01   1.7808690e+00   4.2553668e-01   1.1917449e-01
   6.0000000e+00   1.7188702e+01   1.8422087e+00  -1.1622508e-01   1.7942763e+00   4.3337484e-01   1.2316531e-01
   6.0258621e+00   1.7277606e+01   1.8580294e+00  -1.1549425e-01   1.8084914e+00   4.4155507e-01   1.2725467e-01
   6.0517241e+00   1.7366511e+01   1.8704468e+00  -1.1489923e-01   1.8194778e+00   4.4863502e-01   1.3041831e-01
   6.0775862e+00   1.7455416e+01   1.8848434e+00  -1.1430707e-01   1.8323355e+00   4.5634107e-01   1.3386855e-01
   6.1034483e+00   1.7544320e+01   1.8960719e+00  -1.1348795e-01   1.8420845e+00   4.6334949e-01   1.3659922e-01
   6.1293103e+00   1.7633224e+01   1.9082616e+00  -1.1275094e-01   1.8527570e+00   4.7060213e-01   1.3937240e-01
   6.1551724e+00   1.7722128e+01   1.9201922e+00  -1.1189261e-01   1.8631277e+00   4.7792570e-01   1.4251874e-01
   6.1810345e+00   1.7811031e+01   1.9307351e+00  -1.1112961e-01   1.8721881e+00   4.8476731e-01   1.4543760e-01
   6.2068966e+00   1.7899934e+01   1.9432549e+00  -1.0998311e-01   1.8829950e+00   4.9261077e-01   1.4873059e-01
   6.2327586e+00   1.7988837e+01   1.9553429e+00  -1.0905994e-01   1.8934405e+00   5.0014312e-01   1.5209167e-01
   6.2586207e+00   1.8077739e+01   1.9669491e+00  -1.0813384e-01   1.9034081e+00   5.0756233e-01   1.5565413e-01
   6.2844828e+00   1.8166642e+01   1.9797359e+00  -1.0698800e-01   1.9144103e+00   5.1559052e-01   1.5942427e-01
   6.3103448e+00   1.8255543e+01   1.9921053e+00  -1.0571253e-01   1.9249554e+00   5.2364643e-01   1.6350625e-01
   6.3362069e+00   1.8344445e+01   2.0054147e+00  -1.0435425e-01   1.9363461e+00   5.3211071e-01   1.6815005e-01
   6.3620690e+00   1.8433345e+01   2.0197793e+00  -1.0295316e-01   1.9487027e+00   5.4098579e-01   1.7327857e-01
   6.3879310e+00   1.8522246e+01   2.0321869e+00  -1.0179417e-01   1.9592576e+00   5.4904928e-01   1.7776270e-01
   6.4137931e+00   1.8611145e+01   2.0472596e+00  -1.0043533e-01   1.9722543e+00   5.5818675e-01   1.8295843e-01
   6.4396552e+00   1.8700045e+01   2.0623892e+00  -9.8779097e-02   1.9851857e+00   5.6766574e-01   1.8867856e-01
   6.4655172e+00   1.8788944e+01   2.0756059e+00  -9.7560591e-02   1.9964225e+00   5.7615569e-01   1.9416965e-01
   6.4913793e+00   1.8877841e+01   2.0936927e+00  -9.6008534e-02   2.0121379e+00   5.8657315e-01   2.0079767e-01
   6.5172414e+00   1.8966739e+01   2.1091881e+00  -9.4542198e-02   2.0254029e+00   5.9611741e-01   2.0724070e-01
   6.5431034e+00   1.9055635e+01   2.1233823e+00  -9.3262106e-02   2.0374739e+00   6.0510330e-01   2.1315037e-01
   6.5689655e+00   1.9144532e+01   2.1421799e+00  -9.1459224e-02   2.0536994e+00   6.1613170e-01   2.2055656e-01
   6.5948276e+00   1.9233426e+01   2.1579952e+00  -9.0213155e-02   2.0672631e+00   6.2570363e-01   2.2710723e-01
   6.6206897e+00   1.9322320e+01   2.1725480e+00  -8.8811409e-02   2.0795591e+00   6.3504827e-01   2.3375853e-01
   6.6465517e+00   1.9411214e+01   2.1908430e+00  -8.6985468e-02   2.0952196e+00   6.4607633e-01   2.4147688e-01
   6.6724138e+00   1.9500106e+01   2.2065888e+00  -8.5489802e-02   2.1085580e+00   6.5599213e-01   2.4845423e-01
   6.6982759e+00   1.9588997e+01   2.2177846e+00  -8.4384189e-02   2.1177148e+00   6.6405788e-01   2.5429764e-01
   6.7241379e+00   1.9677886e+01   2.2376097e+00  -8.2280058e-02   2.1346409e+00   6.7599953e-01   2.6277494e-01
   6.7500000e+00   1.9766774e+01   2.2520569e+00  -8.0968786e-02   2.1467421e+00   6.8543033e-01   2.6962948e-01
   6.7758621e+00   1.9855662e+01   2.2667135e+00  -7.8988095e-02   2.1587886e+00   6.9560098e-01   2.7670009e-01
   6.8017241e+00   1.9944546e+01   2.2803040e+00  -7.7560242e-02   2.1699953e+00   7.0492722e-01   2.8346752e-01
   6.8275862e+00   2.0033430e+01   2.2990922e+00  -7.5824233e-02   2.1859558e+00   7.1635991e-01   2.9173333e-01
   6.8534483e+00   2.0122312e+01   2.3101038e+00  -7.4070357e-02   2.1945780e+00   7.2518520e-01   2.9836444e-01
   6.8793103e+00   2.0211192e+01   2.3275554e+00  -7.2492874e-02   2.2092824e+00   7.3609818e-01   3.0654534e-01
   6.9051724e+00   2.0300070e+01   2.3439686e+00  -7.0581028e-02   2.2228683e+00   7.4701179e-01   3.1492013e-01
   6.9310345e+00   2.0388945e+01   2.3586486e+00  -6.8876556e-02   2.2348735e+00   7.5717105e-01   3.2290374e-01
   6.9568966e+00   2.0477818e+01   2.3700551e+00  -6.7210180e-02   2.2437990e+00   7.6618825e-01   3.2991950e-01
   6.9827586e+00   2.0566689e+01   2.3889764e+00  -6.5146636e-02   2.2595983e+00   7.7824671e-01   3.3932906e-01
   7.0086207e+00   2.0655557e+01   2.4017187e+00  -6.3522802e-02   2.2697388e+00   7.8776475e-01   3.4706166e-01
   7.0344828e+00   2.0744423e+01   2.4160156e+00  -6.1514020e-02   2.2811729e+00   7.9822671e-01   3.5515700e-01
   7.0603448e+00   2.0833284e+01   2.4321550e+00  -5.9541525e-02   2.2943148e+00   8.0934717e-01   3.6401428e-01
   7.0862069e+00   2.0922141e+01   2.4461233e+00  -5.7719854e-02   2.3054536e+00   8.1959394e-01   3.7232171e-01
   7.1120690e+00   2.1010997e+01   2.4579343e+00  -5.5890148e-02   2.3145495e+00   8.2911116e-01   3.7994462e-01
   7.1379310e+00   2.1099846e+01   2.4755655e+00  -5.3905799e-02   2.3289958e+00   8.4089783e-01   3.8933626e-01
   7.1637931e+00   2.1188692e+01   2.4883166e+00  -5.1870093e-02   2.3388423e+00   8.5101515e-01   3.9789028e-01
   7.1896552e+00   2.1277535e+01   2.4994651e+00  -5.0168422e-02   2.3472910e+00   8.6027201e-01   4.0564471e-01
   7.2155172e+00   2.1366371e+01   2.5154852e+00  -4.7730278e-02   2.3599850e+00   8.7201757e-01   4.1505200e-01
   7.2413793e+00   2.1455202e+01   2.5290825e+00  -4.5738006e-02   2.3705565e+00   8.8250319e-01   4.2373183e-01
   7.2672414e+00   2.1544028e+01   2.5379868e+00  -4.3888488e-02   2.3767886e+00   8.9116731e-01   4.3125140e-01
   7.2931034e+00   2.1632847e+01   2.5513230e+00  -4.1875303e-02   2.3870590e+00   9.0163861e-01   4.4009847e-01
   7.3189655e+00   2.1721660e+01   2.5647830e+00  -3.9762943e-02   2.3973810e+00   9.1228151e-01   4.4904912e-01
   7.3448276e+00   2.1810465e+01   2.5738923e+00  -3.7681622e-02   2.4036480e+00   9.2131301e-01   4.5690969e-01
   7.3706897e+00   2.1899262e+01   2.5840694e+00  -3.5651785e-02   2.4109030e+00   9.3071627e-01   4.6506517e-01
   7.3965517e+00   2.1988052e+01   2.5973194e+00  -3.3410534e-02   2.4209049e+00   9.4149045e-01   4.7418508e-01
   7.4224138e+00   2.2076832e+01   2.6065603e+00  -3.1142747e-02   2.4271541e+00   9.5081523e-01   4.8227127e-01
   7.4482759e+00   2.2165603e+01   2.6137660e+00  -2.9250490e-02   2.4316373e+00   9.5904561e-01   4.8961018e-01
   7.4741379e+00   2.2254364e+01   2.6244812e+00  -2.6905427e-02   2.4391775e+00   9.6903989e-01   4.9814088e-01
   7.5000000e+00   2.2343113e+01   2.6336166e+00  -2.4677368e-02   2.4452762e+00   9.7835058e-01   5.0641528e-01
   7.5258621e+00   2.2431851e+01   2.6388352e+00  -2.2924995e-02   2.4479130e+00   9.8574766e-01   5.1313448e-01
   7.5517241e+00   2.2520575e+01   2.6475249e+00  -2.0517271e-02   2.4534885e+00   9.9508953e-01   5.2123063e-01
   7.5775862e+00   2.2609286e+01   2.6552461e+00  -1.8249148e-02   2.4582007e+00   1.0039493e+00   5.2902090e-01
   7.6034483e+00   2.2697982e+01   2.6600275e+00  -1.6019179e-02   2.4601942e+00   1.0116557e+00   5.3604674e-01
   7.6293103e+00   2.2786662e+01   2.6637212e+00  -1.3786808e-02   2.4611663e+00   1.0189510e+00   5.4259599e-01
   7.6551724e+00   2.2875325e+01   2.6691498e+00  -1.1690572e-02   2.4637733e+00   1.0268000e+00   5.4967880e-01
   7.6810345e+00   2.2963969e+01   2.6730517e+00  -9.3733899e-03   2.4648705e+00   1.0342664e+00   5.5651948e-01
   7.7068966e+00   2.3052593e+01   2.6743494e+00  -7.2859523e-03   2.4636444e+00   1.0405067e+00   5.6239075e-01
   7.7327586e+00   2.3141196e+01   2.6767702e+00  -5.0043359e-03   2.4633618e+00   1.0473646e+00   5.6855747e-01
   7.7586207e+00   2.3229776e+01   2.6775676e+00  -2.8319719e-03   2.4616155e+00   1.0534826e+00   5.7454244e-01
   7.7844828e+00   2.3318331e+01   2.6784935e+00  -6.0848440e-04   2.4599545e+00   1.0596943e+00   5.8015953e-01
   7.8103448e+00   2.3406860e+01   2.6773780e+00   1.4622473e-03   2.4564679e+00   1.0649511e+00   5.8529505e-01
   7.8362069e+00   2.3495360e+01   2.6751457e+00   3.5800491e-03   2.4519285e+00   1.0697964e+00   5.9003581e-01
   7.8620690e+00   2.3583829e+01   2.6722057e+00   5.8656008e-03   2.4466648e+00   1.0744995e+00   5.9446077e-01
   7.8879310e+00   2.3672265e+01   2.6713191e+00   7.9352156e-03   2.4433604e+00   1.0798142e+00   5.9946155e-01
   7.9137931e+00   2.3760666e+01   2.6653147e+00   9.9236109e-03   2.4353949e+00   1.0829832e+00   6.0309064e-01
   7.9396552e+00   2.3849028e+01   2.6586788e+00   1.1887789e-02   2.4268584e+00   1.0858513e+00   6.0604793e-01
   7.9655172e+00   2.3937351e+01   2.6544869e+00   1.4177617e-02   2.4204211e+00   1.0899831e+00   6.1003717e-01
   7.9913793e+00   2.4025627e+01   2.6477240e+00   1.6285266e-02   2.4117038e+00   1.0928825e+00   6.1321723e-01
   8.0172414e+00   2.4113857e+01   2.6395197e+00   1.8144422e-02   2.4017701e+00   1.0949400e+00   6.1557906e-01
   8.0431034e+00   2.4202037e+01   2.6300551e+00   1.9899579e-02   2.3907299e+00   1.0963560e+00   6.1744123e-01
   8.0689655e+00   2.4290161e+01   2.6211702e+00   2.2089284e-02   2.3800417e+00   1.0983727e+00   6.1962256e-01
   8.0948276e+00   2.4378226e+01   2.6104849e+00   2.3960485e-02   2.3678457e+00   1.0993235e+00   6.2100471e-01
   8.1206897e+00   2.4466229e+01   2.6008764e+00   2.5786538e-02   2.3566524e+00   1.1006417e+00   6.2265789e-01
   8.1465517e+00   2.4554163e+01   2.5869183e+00   2.7397289e-02   2.3415953e+00   1.0999221e+00   6.2281230e-01
   8.1724138e+00   2.4642024e+01   2.5747539e+00   2.9095489e-02   2.3281411e+00   1.0999831e+00   6.2327022e-01
   8.1982759e+00   2.4729806e+01   2.5622330e+00   3.0816917e-02   2.3143604e+00   1.0998743e+00   6.2380279e-01
   8.2241379e+00   2.4817506e+01   2.5489564e+00   3.2441763e-02   2.2999416e+00   1.0993177e+00   6.2385775e-01
   8.2500000e+00   2.4905113e+01   2.5339993e+00   3.4002521e-02   2.2840346e+00   1.0979501e+00   6.2313611e-01
   8.2758621e+00   2.4992626e+01   2.5150764e+00   3.5182286e-02   2.2647056e+00   1.0945117e+00   6.2108019e-01
   8.3017241e+00   2.5080033e+01   2.5003851e+00   3.6607976e-02   2.2491227e+00   1.0930292e+00   6.1995274e-01
   8.3275862e+00   2.5167329e+01   2.4833232e+00   3.7905795e-02   2.2314606e+00   1.0903735e+00   6.1810073e-01
   8.3534483e+00   2.5254504e+01   2.4653540e+00   3.9082563e-02   2.2130453e+00   1.0871653e+00   6.1564393e-01
   8.3793103e+00   2.5341551e+01   2.4454506e+00   4.0232193e-02   2.1929108e+00   1.0830464e+00   6.1219257e-01
   8.4051724e+00   2.5428460e+01   2.4225825e+00   4.0746313e-02   2.1703920e+00   1.0770166e+00   6.0722926e-01
   8.4310345e+00   2.5515222e+01   2.3993970e+00   4.1486162e-02   2.1475157e+00   1.0709824e+00   6.0190907e-01
   8.4568966e+00   2.5601825e+01   2.3738148e+00   4.2042603e-02   2.1225835e+00   1.0636745e+00   5.9558813e-01
   8.4827586e+00   2.5688257e+01   2.3458718e+00   4.2506668e-02   2.0955941e+00   1.0551810e+00   5.8785529e-01
   8.5086207e+00   2.5774508e+01   2.3086682e+00   4.2628735e-02   2.0604479e+00   1.0422670e+00   5.7697146e-01
   8.5344828e+00   2.5860564e+01   2.2669319e+00   4.2656324e-02   2.0213113e+00   1.0271807e+00   5.6388620e-01
   8.5603448e+00   2.5946411e+01   2.2196141e+00   4.2668706e-02   1.9772163e+00   1.0095163e+00   5.4849526e-01
   8.5862069e+00   2.6032034e+01   2.1636495e+00   4.2599245e-02   1.9254490e+00   9.8784613e-01   5.3018662e-01
   8.6120690e+00   2.6117418e+01   2.1018263e+00   4.2464461e-02   1.8685234e+00   9.6337805e-01   5.0998475e-01
   8.6379310e+00   2.6202546e+01   2.0394244e+00   4.2311651e-02   1.8111681e+00   9.3846277e-01   4.8966593e-01
   8.6637931e+00   2.6287400e+01   1.9768788e+00   4.2526347e-02   1.7536038e+00   9.1363672e-01   4.7046784e-01
   8.6896552e+00   2.6371962e+01   1.9254773e+00   4.3307882e-02   1.7058542e+00   8.9409166e-01   4.5593737e-01
   8.7155172e+00   2.6456211e+01   1.8780007e+00   4.4130876e-02   1.6616664e+00   8.7618437e-01   4.4416897e-01
   8.7413793e+00   2.6540127e+01   1.8405393e+00   4.4879410e-02   1.6265330e+00   8.6254807e-01   4.3641086e-01
   8.7672414e+00   2.6623688e+01   1.8136114e+00   4.6084589e-02   1.6006606e+00   8.5392956e-01   4.3310096e-01
   8.7931034e+00   2.6706869e+01   1.7964830e+00   4.7547520e-02   1.5834606e+00   8.4986134e-01   4.3384509e-01
   8.8189655e+00   2.6789645e+01   1.7844355e+00   4.9380003e-02   1.5706509e+00   8.4835396e-01   4.3698509e-01
   8.8448276e+00   2.6871991e+01   1.7749110e+00   5.1257186e-02   1.5600854e+00   8.4797981e-01   4.4133696e-01
   8.8706897e+00   2.6953878e+01   1.7721167e+00   5.3588049e-02   1.5553246e+00   8.5101971e-01   4.4806684e-01
   8.8965517e+00   2.7035277e+01   1.7681431e+00   5.5953468e-02   1.5494995e+00   8.5352927e-01   4.5486123e-01
   8.9224138e+00   2.7116158e+01   1.7699248e+00   5.8930450e-02   1.5485220e+00   8.5917760e-01   4.6367761e-01
   8.9482759e+00   2.7196489e+01   1.7684548e+00   6.1976124e-02   1.5446164e+00   8.6338496e-01   4.7236307e-01
   8.9741379e+00   2.7276236e+01   1.7669180e+00   6.4656926e-02   1.5408188e+00   8.6721245e-01   4.8116770e-01
   9.0000000e+00   2.7355366e+01   1.7654986e+00   6.7510018e-02   1.5370479e+00   8.7122138e-01   4.8970642e-01
   9.0258621e+00   2.7433840e+01   1.7629949e+00   6.9736797e-02   1.5326051e+00   8.7414860e-01   4.9803261e-01
   9.0517241e+00   2.7511622e+01   1.7610454e+00   7.2419495e-02   1.5284487e+00   8.7770718e-01   5.0644130e-01
   9.0775862e+00   2.7588672e+01   1.7521928e+00   7.3784730e-02   1.5187887e+00   8.7687201e-01   5.1190273e-01
   9.1034483e+00   2.7664952e+01   1.7394968e+00   7.5675469e-02   1.5054975e+00   8.7467306e-01   5.1536795e-01
   9.1293103e+00   2.7740417e+01   1.7318225e+00   7.6982145e-02   1.4969438e+00   8.7423962e-01   5.1946737e-01
   9.1551724e+00   2.7815027e+01   1.7259547e+00   7.7528000e-02   1.4903595e+00   8.7393293e-01   5.2380264e-01
   9.1810345e+00   2.7888738e+01   1.7060730e+00   7.8076551e-02   1.4714048e+00   8.6703459e-01   5.2275807e-01
   9.2068966e+00   2.7961506e+01   1.6932368e+00   7.7929093e-02   1.4590338e+00   8.6275376e-01   5.2246489e-01
   9.2327586e+00   2.8033285e+01   1.6776805e+00   7.7659359e-02   1.4443475e+00   8.5703164e-01   5.2064315e-01
   9.2586207e+00   2.8104030e+01   1.6601567e+00   7.7629951e-02   1.4278444e+00   8.5053342e-01   5.1815183e-01
   9.2844828e+00   2.8173695e+01   1.6381783e+00   7.6591099e-02   1.4079252e+00   8.4097608e-01   5.1243754e-01
   9.3103448e+00   2.8242236e+01   1.6327986e+00   7.6054963e-02   1.4024326e+00   8.3964176e-01   5.1147596e-01
   9.3362069e+00   2.8309604e+01   1.6095345e+00   7.4956645e-02   1.3814836e+00   8.2929055e-01   5.0501767e-01
   9.3620690e+00   2.8375759e+01   1.6084761e+00   7.4406606e-02   1.3798554e+00   8.2989813e-01   5.0424437e-01
   9.3879310e+00   2.8440653e+01   1.5888128e+00   7.3057276e-02   1.3622670e+00   8.2090933e-01   4.9728602e-01
   9.4137931e+00   2.8504244e+01   1.5850512e+00   7.1959055e-02   1.3585735e+00   8.1966055e-01   4.9453016e-01
   9.4396552e+00   2.8566491e+01   1.5675154e+00   7.1139723e-02   1.3426730e+00   8.1203124e-01   4.8777209e-01
   9.4655172e+00   2.8627353e+01   1.5717690e+00   7.0437979e-02   1.3458795e+00   8.1487899e-01   4.8723297e-01
   9.4913793e+00   2.8686793e+01   1.5544648e+00   6.9050002e-02   1.3305194e+00   8.0675083e-01   4.7905010e-01
   9.5172414e+00   2.8744776e+01   1.5560099e+00   6.7959352e-02   1.3315815e+00   8.0788365e-01   4.7638328e-01
   9.5431034e+00   2.8801267e+01   1.5438324e+00   6.7206385e-02   1.3204760e+00   8.0266952e-01   4.6967917e-01
   9.5689655e+00   2.8856239e+01   1.5478861e+00   6.5987490e-02   1.3238439e+00   8.0482490e-01   4.6660658e-01
   9.5948276e+00   2.8909663e+01   1.5353009e+00   6.5322362e-02   1.3123975e+00   7.9939266e-01   4.5923873e-01
   9.6206897e+00   2.8961517e+01   1.5375580e+00   6.4082709e-02   1.3142486e+00   8.0058838e-01   4.5454630e-01
   9.6465517e+00   2.9011784e+01   1.5312752e+00   6.3410093e-02   1.3083775e+00   7.9810574e-01   4.4877951e-01
   9.6724138e+00   2.9060445e+01   1.5298448e+00   6.1431274e-02   1.3074101e+00   7.9679219e-01   4.4249845e-01
   9.6982759e+00   2.9107491e+01   1.5306881e+00   6.0733941e-02   1.3078314e+00   7.9766641e-01   4.3859815e-01
   9.7241379e+00   2.9152914e+01   1.5285523e+00   5.8855141e-02   1.3062486e+00   7.9602173e-01   4.3163766e-01
   9.7500000e+00   2.9196713e+01   1.5224291e+00   5.7566058e-02   1.3009233e+00   7.9290779e-01   4.2476303e-01
   9.7758621e+00   2.9238889e+01   1.5168941e+00   5.5236596e-02   1.2966473e+00   7.8912895e-01   4.1692013e-01
   9.8017241e+00   2.9279448e+01   1.5206875e+00   5.4011396e-02   1.2999964e+00   7.9083321e-01   4.1223724e-01
   9.8275862e+00   2.9318399e+01   1.5125883e+00   5.1847361e-02   1.2934563e+00   7.8586408e-01   4.0314658e-01
   9.8534483e+00   2.9355758e+01   1.5110326e+00   4.9891928e-02   1.2925463e+00   7.8424029e-01   3.9618563e-01
   9.8793103e+00   2.9391544e+01   1.5014822e+00   4.7599814e-02   1.2848600e+00   7.7836325e-01   3.8636293e-01
   9.9051724e+00   2.9425778e+01   1.5064648e+00   4.4961174e-02   1.2900308e+00   7.7928049e-01   3.8011768e-01
   9.9310345e+00   2.9458486e+01   1.4990561e+00   4.3168432e-02   1.2840166e+00   7.7481230e-01   3.7105613e-01
   9.9568966e+00   2.9489698e+01   1.4975889e+00   3.9903897e-02   1.2839242e+00   7.7194778e-01   3.6277742e-01
   9.9827586e+00   2.9519445e+01   1.4938987e+00   3.7582709e-02   1.2814558e+00   7.6877617e-01   3.5503539e-01
   1.0008621e+01   2.9547763e+01   1.4844094e+00   3.3721116e-02   1.2747248e+00   7.6137043e-01   3.4439340e-01
   1.0034483e+01   2.9574689e+01   1.4882111e+00   3.1299507e-02   1.2788685e+00   7.6173964e-01   3.3896063e-01
   1.0060345e+01   2.9600263e+01   1.4801962e+00   2.7835508e-02   1.2732705e+00   7.5533955e-01   3.2933023e-01
   1.0086207e+01   2.9624526e+01   1.4816847e+00   2.4400662e-02   1.2759424e+00   7.5362861e-01   3.2191440e-01
   1.0112069e+01   2.9647520e+01   1.4822269e+00   2.1228877e-02   1.2776800e+00   7.5165226e-01   3.1484235e-01
   1.0137931e+01   2.9669290e+01   1.4760576e+00   1.7071160e-02   1.2740918e+00   7.4547127e-01   3.0545554e-01
   1.0163793e+01   2.9689880e+01   1.4778153e+00   1.4089108e-02   1.2768278e+00   7.4420913e-01   2.9872097e-01
   1.0189655e+01   2.9709337e+01   1.4753617e+00   1.0069047e-02   1.2764363e+00   7.3993506e-01   2.9028305e-01
   1.0215517e+01   2.9727706e+01   1.4787406e+00   6.6404877e-03   1.2808333e+00   7.3904240e-01   2.8414257e-01
   1.0241379e+01   2.9745030e+01   1.4825873e+00   3.2192466e-03   1.2856472e+00   7.3836774e-01   2.7852471e-01
   1.0267241e+01   2.9761359e+01   1.4850791e+00  -6.7054187e-04   1.2895307e+00   7.3659425e-01   2.7160209e-01
   1.0293103e+01   2.9776734e+01   1.4928278e+00  -3.9865458e-03   1.2977053e+00   7.3791026e-01   2.6720573e-01
   1.0318966e+01   2.9791202e+01   1.4935803e+00  -7.8532417e-03   1.3000932e+00   7.3525615e-01   2.6076739e-01
   1.0344828e+01   2.9804806e+01   1.4974340e+00  -1.1728087e-02   1.3051885e+00   7.3411798e-01   2.5537747e-01
   1.0370690e+01   2.9817589e+01   1.5114804e+00  -1.4764808e-02   1.3187214e+00   7.3875886e-01   2.5337996e-01
   1.0396552e+01   2.9829592e+01   1.5216949e+00  -1.8504563e-02   1.3292881e+00   7.4087178e-01   2.4955984e-01
   1.0422414e+01   2.9840856e+01   1.5303750e+00  -2.1715600e-02   1.3382694e+00   7.4266693e-01   2.4578717e-01
   1.0448276e+01   2.9851420e+01   1.5381484e+00  -2.5454965e-02   1.3467358e+00   7.4353970e-01   2.4175072e-01
   1.0474138e+01   2.9861323e+01   1.5607879e+00  -2.8021778e-02   1.3675190e+00   7.5281868e-01   2.4254343e-01
   1.0500000e+01   2.9870600e+01   1.5722416e+00  -3.0933187e-02   1.3787792e+00   7.5621987e-01   2.4060552e-01
   1.0525862e+01   2.9879287e+01   1.5857810e+00  -3.4149085e-02   1.3920063e+00   7.6038548e-01   2.3927034e-01
   1.0551724e+01   2.9887417e+01   1.6079219e+00  -3.6766255e-02   1.4123988e+00   7.6934665e-01   2.4017276e-01
   1.0577586e+01   2.9895023e+01   1.6246007e+00  -3.9688180e-02   1.4282125e+00   7.7531393e-01   2.4059635e-01
   1.0603448e+01   2.9902136e+01   1.6457217e+00  -4.1866036e-02   1.4475113e+00   7.8413251e-01   2.4217019e-01
   1.0629310e+01   2.9908783e+01   1.6610746e+00  -4.4570933e-02   1.4620772e+00   7.8961109e-01   2.4170631e-01
   1.0655172e+01   2.9914996e+01   1.6953375e+00  -4.6014684e-02   1.4924095e+00   8.0560561e-01   2.4779497e-01
   1.0681034e+01   2.9920799e+01   1.7113754e+00  -4.8246784e-02   1.5073416e+00   8.1182192e-01   2.4927610e-01
   1.0706897e+01   2.9926218e+01   1.7357711e+00  -5.0290436e-02   1.5294274e+00   8.2236395e-01   2.5295133e-01
   1.0732759e+01   2.9931277e+01   1.7601219e+00  -5.1814175e-02   1.5512180e+00   8.3332854e-01   2.5749292e-01
   1.0758621e+01   2.9936013e+01   1.7865192e+00  -5.3502937e-02   1.5748673e+00   8.4516640e-01   2.6219383e-01
   1.0784483e+01   2.9940464e+01   1.8122226e+00  -5.4037355e-02   1.5973415e+00   8.5765425e-01   2.6771336e-01
   1.0810345e+01   2.9944672e+01   1.8392668e+00  -5.5707813e-02   1.6215464e+00   8.6982357e-01   2.7291195e-01
   1.0836207e+01   2.9948675e+01   1.8649124e+00  -5.6464584e-02   1.6440846e+00   8.8208403e-01   2.7899561e-01
   1.0862069e+01   2.9952514e+01   1.8908097e+00  -5.7278699e-02   1.6668704e+00   8.9441886e-01   2.8494308e-01
   1.0887931e+01   2.9956227e+01   1.9181499e+00  -5.7352727e-02   1.6905371e+00   9.0811473e-01   2.9208548e-01
   1.0913793e+01   2.9959854e+01   1.9442294e+00  -5.7750736e-02   1.7132731e+00   9.2090086e-01   2.9919400e-01
   1.0939655e+01   2.9963436e+01   1.9705781e+00  -5.8086948e-02   1.7362105e+00   9.3387651e-01   3.0634629e-01
   1.0965517e+01   2.9967011e+01   1.9903745e+00  -5.8305127e-02   1.7534111e+00   9.4368412e-01   3.1241069e-01
   1.0991379e+01   2.9970620e+01   2.0197550e+00  -5.7778396e-02   1.7785403e+00   9.5892806e-01   3.2109456e-01
   1.1017241e+01   2.9974301e+01   2.0374295e+00  -5.7710495e-02   1.7937553e+00   9.6793154e-01   3.2736694e-01
   1.1043103e+01   2.9978095e+01   2.0613849e+00  -5.7250599e-02   1.8142119e+00   9.8041844e-01   3.3511765e-01
   1.1068966e+01   2.9982041e+01   2.0780879e+00  -5.6776869e-02   1.8283755e+00   9.8930070e-01   3.4127433e-01
   1.1094828e+01   2.9986179e+01   2.1011149e+00  -5.5824726e-02   1.8477730e+00   1.0017661e+00   3.4973117e-01
   1.1120690e+01   2.9990548e+01   2.1140152e+00  -5.5143698e-02   1.8585292e+00   1.0089452e+00   3.5505367e-01
   1.1146552e+01   2.9995189e+01   2.1321298e+00  -5.4198311e-02   1.8736633e+00   1.0189704e+00   3.6212603e-01
   1.1172414e+01   3.0000140e+01   2.1408385e+00  -5.3138780e-02   1.8805874e+00   1.0244043e+00   3.6661083e-01
   1.1198276e+01   3.0005441e+01   2.1565475e+00  -5.1926514e-02   1.8934900e+00   1.0334839e+00   3.7319615e-01
   1.1224138e+01   3.0011133e+01   2.1631052e+00  -5.0689377e-02   1.8984471e+00   1.0380232e+00   3.7763432e-01
   1.1250000e+01   3.0017254e+01   2.1732031e+00  -4.9373232e-02   1.9064213e+00   1.0444172e+00   3.8243810e-01
   1.1275862e+01   3.0023844e+01   2.1773361e+00  -4.8099482e-02   1.9092422e+00   1.0478073e+00   3.8594489e-01
   1.1301724e+01   3.0030943e+01   2.1835218e+00  -4.6542158e-02   1.9136883e+00   1.0524879e+00   3.9004876e-01
   1.1327586e+01   3.0038591e+01   2.1859975e+00  -4.4601936e-02   1.9147197e+00   1.0556622e+00   3.9385070e-01
   1.1353448e+01   3.0046827e+01   2.1897814e+00  -4.2906760e-02   1.9169946e+00   1.0592994e+00   3.9743680e-01
   1.1379310e+01   3.0055690e+01   2.1838128e+00  -4.1450753e-02   1.9109354e+00   1.0578669e+00   3.9858452e-01
   1.1405172e+01   3.0065221e+01   2.1835621e+00  -3.9981313e-02   1.9098063e+00   1.0593309e+00   4.0044242e-01
   1.1431034e+01   3.0075459e+01   2.1823526e+00  -3.7757887e-02   1.9074560e+00   1.0609901e+00   4.0324407e-01
   1.1456897e+01   3.0086444e+01   2.1797805e+00  -3.5526065e-02   1.9039082e+00   1.0619975e+00   4.0547336e-01
   1.1482759e+01   3.0098215e+01   2.1761812e+00  -3.3784616e-02   1.8997027e+00   1.0620902e+00   4.0702765e-01
   1.1508621e+01   3.0110812e+01   2.1664507e+00  -3.2265264e-02   1.8902895e+00   1.0589407e+00   4.0691780e-01
   1.1534483e+01   3.0124274e+01   2.1607698e+00  -3.0117800e-02   1.8840493e+00   1.0583911e+00   4.0837411e-01
   1.1560345e+01   3.0138641e+01   2.1583725e+00  -2.7923604e-02   1.8806089e+00   1.0595574e+00   4.1110729e-01
   1.1586207e+01   3.0153954e+01   2.1491893e+00  -2.5851585e-02   1.8713442e+00   1.0572386e+00   4.1171867e-01
   1.1612069e+01   3.0170251e+01   2.1429694e+00  -2.3910442e-02   1.8646906e+00   1.0563231e+00   4.1309712e-01
   1.1637931e+01   3.0187571e+01   2.1325249e+00  -2.2555480e-02   1.8546618e+00   1.0528061e+00   4.1251051e-01
   1.1663793e+01   3.0205956e+01   2.1243809e+00  -1.9943245e-02   1.8459714e+00   1.0515614e+00   4.1352662e-01
   1.1689655e+01   3.0225444e+01   2.1181102e+00  -1.7967010e-02   1.8392006e+00   1.0507401e+00   4.1482924e-01
   1.1715517e+01   3.0246075e+01   2.1070582e+00  -1.6100761e-02   1.8283346e+00   1.0474474e+00   4.1455340e-01
   1.1741379e+01   3.0267888e+01   2.1006685e+00  -1.3963055e-02   1.8213395e+00   1.0467690e+00   4.1567004e-01
   1.1767241e+01   3.0290924e+01   2.0899263e+00  -1.2439859e-02   1.8108747e+00   1.0433982e+00   4.1575212e-01
   1.1793103e+01   3.0315222e+01   2.0761260e+00  -1.0383312e-02   1.7974806e+00   1.0389756e+00   4.1472356e-01
   1.1818966e+01   3.0340821e+01   2.0688445e+00  -8.6336449e-03   1.7898482e+00   1.0376104e+00   4.1580505e-01
   1.1844828e+01   3.0367761e+01   2.0567835e+00  -7.0560387e-03   1.7781564e+00   1.0337156e+00   4.1522954e-01
   1.1870690e+01   3.0396082e+01   2.0439472e+00  -5.3128451e-03   1.7656913e+00   1.0296031e+00   4.1390851e-01
   1.1896552e+01   3.0425823e+01   2.0356277e+00  -3.4603825e-03   1.7570447e+00   1.0279037e+00   4.1453182e-01
   1.1922414e+01   3.0457024e+01   2.0183111e+00  -2.3378825e-03   1.7409887e+00   1.0210504e+00   4.1239607e-01
   1.1948276e+01   3.0489725e+01   2.0055689e+00  -7.3244317e-04   1.7286108e+00   1.0169621e+00   4.1085976e-01
   1.1974138e+01   3.0523966e+01   1.9970178e+00   1.0658386e-03   1.7197233e+00   1.0152009e+00   4.1087019e-01
   1.2000000e+01   3.0559785e+01   1.9794521e+00   2.0660437e-03   1.7034540e+00   1.0082061e+00   4.0842503e-01
   1.2025862e+01   3.0597223e+01   1.9710056e+00   4.0329172e-03   1.6945232e+00   1.0067126e+00   4.0808706e-01
   1.2051724e+01   3.0636319e+01   1.9496874e+00   4.9064905e-03   1.6750482e+00   9.9775685e-01   4.0432879e-01
   1.2077586e+01   3.0677112e+01   1.9374697e+00   6.1235995e-03   1.6632085e+00   9.9376254e-01   4.0288419e-01
   1.2103448e+01   3.0719644e+01   1.9166792e+00   7.3237054e-03   1.6439842e+00   9.8540801e-01   3.9943983e-01
   1.2129310e+01   3.0763952e+01   1.9111510e+00   8.9079789e-03   1.6376610e+00   9.8521267e-01   3.9972957e-01
   1.2155172e+01   3.0810077e+01   1.8864138e+00   9.8832459e-03   1.6151217e+00   9.7469811e-01   3.9488578e-01
   1.2181034e+01   3.0858058e+01   1.8728923e+00   1.0977689e-02   1.6021362e+00   9.7005450e-01   3.9238528e-01
   1.2206897e+01   3.0907936e+01   1.8551974e+00   1.2047879e-02   1.5855593e+00   9.6327789e-01   3.8947398e-01
   1.2232759e+01   3.0959748e+01   1.8389493e+00   1.2984184e-02   1.5702727e+00   9.5715562e-01   3.8657466e-01
   1.2258621e+01   3.1013537e+01   1.8184612e+00   1.4394648e-02   1.5510875e+00   9.4928187e-01   3.8279142e-01
   1.2284483e+01   3.1069340e+01   1.8074438e+00   1.4984090e-02   1.5404211e+00   9.4561116e-01   3.8088446e-01
   1.2310345e+01   3.1127197e+01   1.7787427e+00   1.5920550e-02   1.5144126e+00   9.3313109e-01   3.7491950e-01
   1.2336207e+01   3.1187149e+01   1.7705348e+00   1.7250760e-02   1.5057248e+00   9.3160280e-01   3.7428387e-01
   1.2362069e+01   3.1249234e+01   1.7488060e+00   1.7947792e-02   1.4857765e+00   9.2255772e-01   3.6970312e-01
   1.2387931e+01   3.1313493e+01   1.7317019e+00   1.8876374e-02   1.4696456e+00   9.1612744e-01   3.6633534e-01
   1.2413793e+01   3.1379965e+01   1.7113925e+00   1.9880422e-02   1.4507202e+00   9.0811369e-01   3.6225412e-01
   1.2439655e+01   3.1448689e+01   1.6970197e+00   2.0661579e-02   1.4369608e+00   9.0302074e-01   3.5956646e-01
   1.2465517e+01   3.1519706e+01   1.6751607e+00   2.1771076e-02   1.4166265e+00   8.9431924e-01   3.5518926e-01
   1.2491379e+01   3.1593054e+01   1.6604050e+00   2.2269411e-02   1.4026506e+00   8.8882627e-01   3.5229680e-01
   1.2517241e+01   3.1668775e+01   1.6432812e+00   2.3238837e-02   1.3863917e+00   8.8251412e-01   3.4879319e-01
   1.2543103e+01   3.1746906e+01   1.6276113e+00   2.4320020e-02   1.3712927e+00   8.7707825e-01   3.4607926e-01
   1.2568966e+01   3.1827488e+01   1.6090512e+00   2.4765759e-02   1.3540534e+00   8.6959684e-01   3.4235233e-01
   1.2594828e+01   3.1910561e+01   1.5897678e+00   2.5368479e-02   1.3361033e+00   8.6187764e-01   3.3817837e-01
   1.2620690e+01   3.1996164e+01   1.5791122e+00   2.6456345e-02   1.3252009e+00   8.5914951e-01   3.3656557e-01
   1.2646552e+01   3.2084336e+01   1.5590924e+00   2.6976892e-02   1.3066386e+00   8.5099503e-01   3.3257551e-01
   1.2672414e+01   3.2175118e+01   1.5459380e+00   2.7759241e-02   1.2937378e+00   8.4672160e-01   3.3036391e-01
   1.2698276e+01   3.2268548e+01   1.5249629e+00   2.7873522e-02   1.2745587e+00   8.3772843e-01   3.2557982e-01
   1.2724138e+01   3.2364668e+01   1.5134702e+00   2.8487324e-02   1.2631155e+00   8.3423176e-01   3.2335344e-01
   1.2750000e+01   3.2463515e+01   1.4993309e+00   2.9387495e-02   1.2492615e+00   8.2957973e-01   3.2067058e-01
   1.2775862e+01   3.2565131e+01   1.4861386e+00   2.9832616e-02   1.2364305e+00   8.2506831e-01   3.1810194e-01
   1.2801724e+01   3.2669554e+01   1.4710137e+00   3.0231015e-02   1.2219775e+00   8.1949142e-01   3.1473871e-01
   1.2827586e+01   3.2776824e+01   1.4545869e+00   3.0126529e-02   1.2066863e+00   8.1279698e-01   3.1062490e-01
   1.2853448e+01   3.2886981e+01   1.4424470e+00   3.0599569e-02   1.1946701e+00   8.0892091e-01   3.0795923e-01
   1.2879310e+01   3.3000064e+01   1.4294475e+00   3.0980991e-02   1.1819612e+00   8.0451705e-01   3.0508902e-01
   1.2905172e+01   3.3116113e+01   1.4212029e+00   3.1481953e-02   1.1731502e+00   8.0282465e-01   3.0346560e-01
   1.2931034e+01   3.3235168e+01   1.4047710e+00   3.1194871e-02   1.1578927e+00   7.9601457e-01   2.9919781e-01
   1.2956897e+01   3.3357268e+01   1.3918228e+00   3.1232878e-02   1.1453577e+00   7.9139234e-01   2.9578364e-01
   1.2982759e+01   3.3482453e+01   1.3801341e+00   3.1287031e-02   1.1338470e+00   7.8748968e-01   2.9291387e-01
   1.3008621e+01   3.3610763e+01   1.3712515e+00   3.1374331e-02   1.1246347e+00   7.8518262e-01   2.9041331e-01
   1.3034483e+01   3.3742237e+01   1.3588479e+00   3.1198955e-02   1.1126133e+00   7.8072566e-01   2.8688272e-01
   1.3060345e+01   3.3876914e+01   1.3468083e+00   3.0679446e-02   1.1010690e+00   7.7619649e-01   2.8303405e-01
   1.3086207e+01   3.4014835e+01   1.3377753e+00   3.0820347e-02   1.0916311e+00   7.7390835e-01   2.8061391e-01
   1.3112069e+01   3.4156040e+01   1.3288633e+00   3.0380516e-02   1.0825927e+00   7.7122869e-01   2.7758119e-01
   1.3137931e+01   3.4300566e+01   1.3187437e+00   3.0257287e-02   1.0723536e+00   7.6815252e-01   2.7422401e-01
   1.3163793e+01   3.4448456e+01   1.3059679e+00   2.9483845e-02   1.0602694e+00   7.6305324e-01   2.7019231e-01
   1.3189655e+01   3.4599747e+01   1.2976167e+00   2.8833003e-02   1.0517462e+00   7.6057237e-01   2.6659296e-01
   1.3215517e+01   3.4754480e+01   1.2902907e+00   2.8565190e-02   1.0438220e+00   7.5901365e-01   2.6411480e-01
   1.3241379e+01   3.4912694e+01   1.2817208e+00   2.7830574e-02   1.0351150e+00   7.5638588e-01   2.6077379e-01
   1.3267241e+01   3.5074428e+01   1.2764184e+00   2.7604972e-02   1.0287659e+00   7.5607320e-01   2.5836553e-01
   1.3293103e+01   3.5239724e+01   1.2662578e+00   2.5964659e-02   1.0192282e+00   7.5183563e-01   2.5417965e-01
   1.3318966e+01   3.5408619e+01   1.2602475e+00   2.5497230e-02   1.0123797e+00   7.5097343e-01   2.5122508e-01
   1.3344828e+01   3.5581155e+01   1.2531429e+00   2.4820650e-02   1.0047293e+00   7.4933451e-01   2.4792418e-01
   1.3370690e+01   3.5757369e+01   1.2444093e+00   2.3475319e-02   9.9611880e-01   7.4622580e-01   2.4327789e-01
   1.3396552e+01   3.5937303e+01   1.2449997e+00   2.3260678e-02   9.9437442e-01   7.4952309e-01   2.4193021e-01
   1.3422414e+01   3.6120995e+01   1.2363340e+00   2.1690796e-02   9.8589179e-01   7.4633073e-01   2.3778717e-01
   1.3448276e+01   3.6308486e+01   1.2357745e+00   2.0959889e-02   9.8342621e-01   7.4863261e-01   2.3595690e-01
   1.3474138e+01   3.6499814e+01   1.2242095e+00   1.9446418e-02   9.7252444e-01   7.4381669e-01   2.3130315e-01
   1.3500000e+01   3.6695020e+01   1.2260646e+00   1.8592636e-02   9.7198230e-01   7.4754970e-01   2.2976695e-01
   1.3525862e+01   3.6894144e+01   1.2237482e+00   1.7803389e-02   9.6799970e-01   7.4890134e-01   2.2747147e-01
   1.3551724e+01   3.7097224e+01   1.2162259e+00   1.5920848e-02   9.6047477e-01   7.4628882e-01   2.2279574e-01
   1.3577586e+01   3.7304300e+01   1.2207249e+00   1.5387587e-02   9.6167314e-01   7.5205773e-01   2.2233168e-01
   1.3603448e+01   3.7515413e+01   1.2163559e+00   1.3711298e-02   9.5645098e-01   7.5160580e-01   2.1892446e-01
   1.3629310e+01   3.7730601e+01   1.2118009e+00   1.2511461e-02   9.5075308e-01   7.5145628e-01   2.1549433e-01
   1.3655172e+01   3.7949905e+01   1.2195993e+00   1.1870798e-02   9.5441327e-01   7.5938044e-01   2.1538569e-01
   1.3681034e+01   3.8173364e+01   1.2134647e+00   1.0099980e-02   9.4771617e-01   7.5791342e-01   2.1163886e-01
   1.3706897e+01   3.8401017e+01   1.2180929e+00   9.3852641e-03   9.4876826e-01   7.6398772e-01   2.1097411e-01
   1.3732759e+01   3.8632904e+01   1.2148268e+00   7.4575967e-03   9.4432058e-01   7.6427633e-01   2.0802202e-01
   1.3758621e+01   3.8869066e+01   1.2219819e+00   6.3450840e-03   9.4743137e-01   7.7178607e-01   2.0767341e-01
   1.3784483e+01   3.9109540e+01   1.2218411e+00   5.4398461e-03   9.4464556e-01   7.7496448e-01   2.0611401e-01
   1.3810345e+01   3.9354368e+01   1.2225556e+00   3.4060670e-03   9.4316762e-01   7.7787440e-01   2.0394433e-01
   1.3836207e+01   3.9603589e+01   1.2268906e+00   2.3860703e-03   9.4376542e-01   7.8394713e-01   2.0316363e-01
   1.3862069e+01   3.9857242e+01   1.2333928e+00   1.4227620e-03   9.4589431e-01   7.9154518e-01   2.0288414e-01
   1.3887931e+01   4.0115367e+01   1.2317021e+00  -3.5366748e-04   9.4217038e-01   7.9335066e-01   1.9982389e-01
   1.3913793e+01   4.0378004e+01   1.2445247e+00  -8.6113974e-04   9.4862066e-01   8.0558129e-01   2.0134870e-01
   1.3939655e+01   4.0645192e+01   1.2459123e+00  -2.3711771e-03   9.4689018e-01   8.0975436e-01   1.9989182e-01
   1.3965517e+01   4.0916971e+01   1.2556447e+00  -3.5134172e-03   9.5114098e-01   8.1974795e-01   2.0070313e-01
   1.3991379e+01   4.1193381e+01   1.2611299e+00  -4.6355871e-03   9.5204194e-01   8.2709513e-01   2.0090526e-01
   1.4017241e+01   4.1474460e+01   1.2667414e+00  -6.1914707e-03   9.5320780e-01   8.3430631e-01   2.0057006e-01
   1.4043103e+01   4.1760250e+01   1.2786208e+00  -7.0469180e-03   9.5846550e-01   8.4632422e-01   2.0221198e-01
   1.4068966e+01   4.2050789e+01   1.2805914e+00  -8.8210334e-03   9.5681317e-01   8.5117609e-01   2.0092437e-01
   1.4094828e+01   4.2346117e+01   1.2891097e+00  -9.7048160e-03   9.5930422e-01   8.6118138e-01   2.0159000e-01
   1.4120690e+01   4.2646274e+01   1.2986149e+00  -1.0496775e-02   9.6230766e-01   8.7205203e-01   2.0275940e-01
   1.4146552e+01   4.2951299e+01   1.3053682e+00  -1.1837095e-02   9.6350773e-01   8.8078319e-01   2.0275129e-01
   1.4172414e+01   4.3261232e+01   1.3179407e+00  -1.2542111e-02   9.6836811e-01   8.9408507e-01   2.0487962e-01
   1.4198276e+01   4.3576113e+01   1.3260340e+00  -1.3794037e-02   9.7016616e-01   9.0406533e-01   2.0597391e-01
   1.4224138e+01   4.3895981e+01   1.3408932e+00  -1.4575020e-02   9.7635294e-01   9.1920729e-01   2.0859747e-01
   1.4250000e+01   4.4220876e+01   1.3472116e+00  -1.5527545e-02   9.7631736e-01   9.2845285e-01   2.0927110e-01
   1.4275862e+01   4.4550837e+01   1.3594065e+00  -1.6473829e-02   9.8030862e-01   9.4194085e-01   2.1151876e-01
   1.4301724e+01   4.4885904e+01   1.3674888e+00  -1.7143218e-02   9.8098214e-01   9.5288691e-01   2.1302225e-01
   1.4327586e+01   4.5226117e+01   1.3774924e+00  -1.8366845e-02   9.8322111e-01   9.6493469e-01   2.1450381e-01
   1.4353448e+01   4.5571516e+01   1.3892937e+00  -1.8862533e-02   9.8600143e-01   9.7892492e-01   2.1671474e-01
   1.4379310e+01   4.5922140e+01   1.3993762e+00  -1.9638636e-02   9.8756375e-01   9.9164378e-01   2.1857932e-01
   1.4405172e+01   4.6278028e+01   1.4114104e+00  -2.0094755e-02   9.9003237e-01   1.0061406e+00   2.2091670e-01
   1.4431034e+01   4.6639220e+01   1.4210909e+00  -2.0912587e-02   9.9091119e-01   1.0188384e+00   2.2304792e-01
   1.4456897e+01   4.7005757e+01   1.4371123e+00  -2.1249013e-02   9.9554461e-01   1.0366456e+00   2.2698341e-01
   1.4482759e+01   4.7377677e+01   1.4488408e+00  -2.1842971e-02   9.9717373e-01   1.0513141e+00   2.2976410e-01
   1.4508621e+01   4.7755020e+01   1.4559214e+00  -2.2459591e-02   9.9544509e-01   1.0626855e+00   2.3146491e-01
   1.4534483e+01   4.8137826e+01   1.4694783e+00  -2.2688171e-02   9.9754022e-01   1.0792566e+00   2.3483753e-01
   1.4560345e+01   4.8526135e+01   1.4819207e+00  -2.3045487e-02   9.9871102e-01   1.0950783e+00   2.3824661e-01
   1.4586207e+01   4.8919985e+01   1.4909613e+00  -2.3415897e-02   9.9737986e-01   1.1084888e+00   2.4033346e-01
   1.4612069e+01   4.9319417e+01   1.5030370e+00  -2.3815143e-02   9.9780215e-01   1.1243124e+00   2.4325064e-01
   1.4637931e+01   4.9724471e+01   1.5151831e+00  -2.3842445e-02   9.9770180e-01   1.1405874e+00   2.4669574e-01
   1.4663793e+01   5.0135186e+01   1.5230447e+00  -2.3857760e-02   9.9455096e-01   1.1537342e+00   2.4906761e-01
   1.4689655e+01   5.0551601e+01   1.5354607e+00  -2.3850588e-02   9.9402301e-01   1.1705241e+00   2.5274717e-01
   1.4715517e+01   5.0973756e+01   1.5455881e+00  -2.4008446e-02   9.9187131e-01   1.1855843e+00   2.5589705e-01
   1.4741379e+01   5.1401691e+01   1.5568615e+00  -2.3739958e-02   9.8981192e-01   1.2019375e+00   2.5953957e-01
   1.4767241e+01   5.1835446e+01   1.5674226e+00  -2.3765641e-02   9.8723054e-01   1.2176840e+00   2.6291669e-01
   1.4793103e+01   5.2275060e+01   1.5766192e+00  -2.3568161e-02   9.8332961e-01   1.2326178e+00   2.6602989e-01
   1.4818966e+01   5.2720573e+01   1.5846408e+00  -2.3350442e-02   9.7840101e-01   1.2467410e+00   2.6914556e-01
   1.4844828e+01   5.3172024e+01   1.5925405e+00  -2.2997310e-02   9.7299982e-01   1.2609463e+00   2.7224032e-01
   1.4870690e+01   5.3629453e+01   1.5999105e+00  -2.2476413e-02   9.6685300e-01   1.2749173e+00   2.7518082e-01
   1.4896552e+01   5.4092900e+01   1.6106155e+00  -2.1905648e-02   9.6232495e-01   1.2917015e+00   2.7895937e-01
   1.4922414e+01   5.4562404e+01   1.6126631e+00  -2.1559159e-02   9.5261303e-01   1.3014129e+00   2.8057856e-01
   1.4948276e+01   5.5038005e+01   1.6231380e+00  -2.0903340e-02   9.4724255e-01   1.3182358e+00   2.8449717e-01
   1.4974138e+01   5.5519742e+01   1.6267292e+00  -2.0395149e-02   9.3773976e-01   1.3294014e+00   2.8668995e-01
   1.5000000e+01   5.6007656e+01   1.6337964e+00  -1.9671026e-02   9.2973584e-01   1.3436029e+00   2.8996679e-01
   1.5025862e+01   5.6501785e+01   1.6377174e+00  -1.8786457e-02   9.1954035e-01   1.3553291e+00   2.9273167e-01
   1.5051724e+01   5.7002170e+01   1.6435364e+00  -1.7990795e-02   9.1017058e-01   1.3686216e+00   2.9558283e-01
   1.5077586e+01   5.7508850e+01   1.6464969e+00  -1.7100608e-02   8.9887154e-01   1.3795921e+00   2.9774636e-01
   1.5103448e+01   5.8021865e+01   1.6486807e+00  -1.6281244e-02   8.8694460e-01   1.3898713e+00   3.0008417e-01
   1.5129310e+01   5.8541254e+01   1.6510507e+00  -1.5255867e-02   8.7467129e-01   1.4004111e+00   3.0224969e-01
   1.5155172e+01   5.9067057e+01   1.6503910e+00  -1.4208620e-02   8.6054565e-01   1.4083513e+00   3.0381765e-01
   1.5181034e+01   5.9599314e+01   1.6506362e+00  -1.3149334e-02   8.4663608e-01   1.4170321e+00   3.0558574e-01
   1.5206897e+01   6.0138064e+01   1.6508861e+00  -1.2046469e-02   8.3244258e-01   1.4256961e+00   3.0725878e-01
   1.5232759e+01   6.0683346e+01   1.6512945e+00  -1.0702235e-02   8.1786465e-01   1.4345681e+00   3.0911639e-01
   1.5258621e+01   6.1235202e+01   1.6488551e+00  -9.5106841e-03   8.0179120e-01   1.4408138e+00   3.1059041e-01
   1.5284483e+01   6.1793669e+01   1.6471109e+00  -8.2674175e-03   7.8578959e-01   1.4476110e+00   3.1223899e-01
   1.5310345e+01   6.2358788e+01   1.6461120e+00  -6.9392385e-03   7.6983352e-01   1.4550221e+00   3.1390199e-01
   1.5336207e+01   6.2930599e+01   1.6411901e+00  -5.7786607e-03   7.5200109e-01   1.4587779e+00   3.1454795e-01
   1.5362069e+01   6.3509140e+01   1.6377852e+00  -4.4454158e-03   7.3452102e-01   1.4638439e+00   3.1567679e-01
   1.5387931e+01   6.4094453e+01   1.6329842e+00  -3.0824462e-03   7.1620535e-01   1.4675479e+00   3.1625354e-01
   1.5413793e+01   6.4686575e+01   1.6291845e+00  -1.6302701e-03   6.9806365e-01   1.4720571e+00   3.1734682e-01
   1.5439655e+01   6.5285548e+01   1.6222831e+00  -3.7178598e-04   6.7860817e-01   1.4735310e+00   3.1748814e-01
   1.5465517e+01   6.5891410e+01   1.6159667e+00   1.0300264e-03   6.5912940e-01   1.4754314e+00   3.1790652e-01
   1.5491379e+01   6.6504201e+01   1.6125292e+00   2.5006120e-03   6.4059283e-01   1.4798303e+00   3.1922246e-01
   1.5517241e+01   6.7123961e+01   1.6060240e+00   3.6926236e-03   6.2092147e-01   1.4811426e+00   3.1937820e-01
   1.5543103e+01   6.7750729e+01   1.5970922e+00   5.1504752e-03   5.9995093e-01   1.4801313e+00   3.1877108e-01
   1.5568966e+01   6.8384546e+01   1.5931464e+00   6.3124185e-03   5.8100733e-01   1.4834372e+00   3.1964459e-01
   1.5594828e+01   6.9025450e+01   1.5876296e+00   7.7957884e-03   5.6101792e-01   1.4852230e+00   3.2008634e-01
   1.5620690e+01   6.9673482e+01   1.5806862e+00   9.1176417e-03   5.4053264e-01   1.4854213e+00   3.2025091e-01
   1.5646552e+01   7.0328680e+01   1.5730040e+00   1.0228100e-02   5.1987964e-01   1.4846452e+00   3.1992263e-01
   1.5672414e+01   7.0991085e+01   1.5671560e+00   1.1428574e-02   4.9964127e-01   1.4854181e+00   3.2002916e-01
   1.5698276e+01   7.1660737e+01   1.5600573e+00   1.2502692e-02   4.7899341e-01   1.4847560e+00   3.1975374e-01
   1.5724138e+01   7.2337674e+01   1.5518045e+00   1.3451424e-02   4.5801036e-01   1.4827355e+00   3.1939942e-01
   1.5750000e+01   7.3021937e+01   1.5482903e+00   1.4532636e-02   4.3821009e-01   1.4850542e+00   3.2006805e-01
   1.5775862e+01   7.3713565e+01   1.5389874e+00   1.5321354e-02   4.1688629e-01   1.4815272e+00   3.1886122e-01
   1.5801724e+01   7.4412597e+01   1.5366885e+00   1.6355453e-02   3.9716666e-01   1.4845665e+00   3.1951452e-01
   1.5827586e+01   7.5119074e+01   1.5301790e+00   1.7290217e-02   3.7625657e-01   1.4832996e+00   3.1897181e-01
   1.5853448e+01   7.5833035e+01   1.5219279e+00   1.7840236e-02   3.5519175e-01   1.4800073e+00   3.1777510e-01
   1.5879310e+01   7.6554520e+01   1.5152703e+00   1.8375814e-02   3.3445848e-01   1.4780119e+00   3.1695993e-01
   1.5905172e+01   7.7283568e+01   1.5071006e+00   1.8733949e-02   3.1347755e-01   1.4742575e+00   3.1547993e-01
   1.5931034e+01   7.8020219e+01   1.5049756e+00   1.9574836e-02   2.9323401e-01   1.4762617e+00   3.1573800e-01
   1.5956897e+01   7.8764513e+01   1.4969661e+00   1.9717067e-02   2.7233253e-01   1.4721180e+00   3.1421563e-01
   1.5982759e+01   7.9516488e+01   1.4908646e+00   2.0086155e-02   2.5151577e-01   1.4696328e+00   3.1310077e-01
   1.6008621e+01   8.0276186e+01   1.4881558e+00   2.0361713e-02   2.3127894e-01   1.4702151e+00   3.1282888e-01
   1.6034483e+01   8.1043645e+01   1.4794708e+00   2.0384701e-02   2.1019091e-01   1.4646055e+00   3.1064521e-01
   1.6060345e+01   8.1818905e+01   1.4740597e+00   2.0381397e-02   1.8958818e-01   1.4619589e+00   3.0910841e-01
   1.6086207e+01   8.2602005e+01   1.4685059e+00   2.0357878e-02   1.6889771e-01   1.4589029e+00   3.0751657e-01
   1.6112069e+01   8.3392986e+01   1.4641692e+00   2.0313146e-02   1.4828723e-01   1.4567824e+00   3.0586519e-01
   1.6137931e+01   8.4191888e+01   1.4545954e+00   1.9878506e-02   1.2742447e-01   1.4491397e+00   3.0282960e-01
   1.6163793e+01   8.4998748e+01   1.4515617e+00   2.0074871e-02   1.0654509e-01   1.4477853e+00   3.0125363e-01
   1.6189655e+01   8.5813608e+01   1.4427906e+00   1.9425079e-02   8.5952380e-02   1.4403591e+00   2.9823073e-01
   1.6215517e+01   8.6636507e+01   1.4349043e+00   1.9010479e-02   6.5208563e-02   1.4335480e+00   2.9525620e-01
   1.6241379e+01   8.7467484e+01   1.4351045e+00   1.8811049e-02   4.4619351e-02   1.4345340e+00   2.9451516e-01
   1.6267241e+01   8.8306580e+01   1.4217021e+00   1.7661377e-02   2.4359711e-02   1.4216031e+00   2.8981774e-01
   1.6293103e+01   8.9153833e+01   1.4231520e+00   1.7510832e-02   3.5079998e-03   1.4232554e+00   2.8937905e-01
   1.6318966e+01   9.0009283e+01   1.4166224e+00   1.6866988e-02  -1.7096513e-02   1.4166197e+00   2.8637861e-01
