 2.58620690e-002 4.08471904e-001 2.69157795e-001 4.38947512e-002 2.68838024e-001 4.58124938e-002 6.81738698e-002
 5.17241379e-002 4.17002210e-001 2.66870760e-001 4.29572043e-002 2.66551050e-001 4.48983512e-002 6.17832205e-002
 7.75862069e-002 4.25681351e-001 2.24675439e-001 2.61250828e-002 2.24475142e-001 2.77935818e-002 4.96333301e-002
 1.03448276e-001 4.34510836e-001 1.71331462e-001 1.85216509e-002 1.71186075e-001 1.98204227e-002 2.94693239e-002
 1.29310345e-001 4.43492155e-001 1.85188110e-001 2.79344932e-002 1.84966340e-001 2.93670718e-002 3.69493744e-002
 1.55172414e-001 4.52626770e-001 1.97977126e-001 2.27966564e-002 1.97790861e-001 2.43599140e-002 3.55766342e-002
 1.81034483e-001 4.61916124e-001 2.01688192e-001 1.78624386e-002 2.01537633e-001 1.94878421e-002 3.23165025e-002
 2.06896552e-001 4.71361628e-001 1.82773740e-001 2.12480060e-002 1.82592753e-001 2.27509153e-002 3.15314978e-002
 2.32758621e-001 4.80964669e-001 1.63502029e-001 2.68362341e-002 1.63270996e-001 2.82077767e-002 2.76796479e-002
 2.58620690e-001 4.90726604e-001 1.96593510e-001 3.27380887e-002 1.96305908e-001 3.44206504e-002 3.89834823e-002
 2.84482759e-001 5.00648760e-001 1.86959797e-001 2.29994925e-002 1.86751694e-001 2.46322426e-002 2.88835244e-002
 3.10344828e-001 5.10732432e-001 2.09919289e-001 2.26206339e-002 2.09709312e-001 2.44909231e-002 3.77679561e-002
 3.36206897e-001 5.20978883e-001 1.80348731e-001 1.99008985e-002 1.80160323e-001 2.15399276e-002 2.52750938e-002
 3.62068966e-001 5.31389341e-001 1.93155534e-001 2.55618771e-002 1.92910156e-001 2.73521719e-002 3.32778774e-002
 3.87931034e-001 5.41965000e-001 1.85452499e-001 2.21951768e-002 1.85234260e-001 2.39483665e-002 2.58337008e-002
 4.13793103e-001 5.52707016e-001 2.12611442e-001 2.47934614e-002 2.12362382e-001 2.68432445e-002 3.58119066e-002
 4.39655172e-001 5.63616509e-001 2.08059011e-001 2.16991277e-002 2.07835494e-001 2.37447138e-002 3.02404635e-002
 4.65517241e-001 5.74694559e-001 2.10602234e-001 2.21135749e-002 2.10369838e-001 2.42248333e-002 3.25138720e-002
 4.91379310e-001 5.85942205e-001 2.00232248e-001 1.96092743e-002 2.00021244e-001 2.16559125e-002 2.61297516e-002
 5.17241379e-001 5.97360446e-001 2.10307048e-001 2.08399179e-002 2.10078346e-001 2.30313872e-002 2.88555204e-002
 5.43103448e-001 6.08950240e-001 2.21941874e-001 2.15497958e-002 2.21700308e-001 2.39073740e-002 3.14685475e-002
 5.68965517e-001 6.20712499e-001 2.26290725e-001 2.15390940e-002 2.26044107e-001 2.39892974e-002 3.17777670e-002
 5.94827586e-001 6.32648092e-001 2.29089153e-001 2.21597602e-002 2.28830510e-001 2.46879128e-002 3.25741713e-002
 6.20689655e-001 6.44757844e-001 2.21718826e-001 1.99145261e-002 2.21480691e-001 2.24082472e-002 2.74536657e-002
 6.46551724e-001 6.57042531e-001 2.35035159e-001 2.09078347e-002 2.34779948e-001 2.36016796e-002 3.19929919e-002
 6.72413793e-001 6.69502884e-001 2.34236212e-001 1.89916870e-002 2.33998308e-001 2.17273852e-002 2.85886635e-002
 6.98275862e-001 6.82139585e-001 2.49666676e-001 2.12301999e-002 2.49396230e-001 2.42010521e-002 3.44717539e-002
 7.24137931e-001 6.94953269e-001 2.40407381e-001 1.91508787e-002 2.40157418e-001 2.20653531e-002 2.83358170e-002
 7.50000000e-001 7.07944519e-001 2.50676473e-001 2.09468405e-002 2.50398526e-001 2.40425119e-002 3.26425028e-002
 7.75862069e-001 7.21113870e-001 2.46733809e-001 1.86865648e-002 2.46479088e-001 2.17903480e-002 2.84318918e-002
 8.01724138e-001 7.34461806e-001 2.60233876e-001 1.97510160e-002 2.59959318e-001 2.30851819e-002 3.29742108e-002
 8.27586207e-001 7.47988759e-001 2.57161736e-001 1.82158964e-002 2.56902023e-001 2.15714610e-002 2.93692228e-002
 8.53448276e-001 7.61695109e-001 2.65401327e-001 1.91212153e-002 2.65123683e-001 2.26476902e-002 3.16335152e-002
 8.79310345e-001 7.75581184e-001 2.64618266e-001 1.84666060e-002 2.64344058e-001 2.20467954e-002 2.98595669e-002
 9.05172414e-001 7.89647261e-001 2.70020930e-001 1.85263618e-002 2.69739965e-001 2.22458981e-002 3.08088475e-002
 9.31034483e-001 8.03893562e-001 2.74812501e-001 1.83304946e-002 2.74528272e-001 2.21843453e-002 3.10724957e-002
 9.56896552e-001 8.18320257e-001 2.75998344e-001 1.75838670e-002 2.75719063e-001 2.15238536e-002 2.96550811e-002
 9.82758621e-001 8.32927461e-001 2.83587305e-001 1.79364173e-002 2.83296601e-001 2.20569781e-002 3.13772205e-002
 1.00862069e+000 8.47715237e-001 2.82700211e-001 1.68955513e-002 2.82419301e-001 2.10762184e-002 2.92887709e-002
 1.03448276e+000 8.62683595e-001 2.91672414e-001 1.76693262e-002 2.91373322e-001 2.20587725e-002 3.19616238e-002
 1.06034483e+000 8.77832489e-001 2.89949807e-001 1.63957791e-002 2.89664586e-001 2.08360214e-002 2.89763655e-002
 1.08620690e+000 8.93161821e-001 2.98647939e-001 1.72258266e-002 2.98343137e-001 2.18790528e-002 3.15330789e-002
 1.11206897e+000 9.08671439e-001 2.97421056e-001 1.58394409e-002 2.97132461e-001 2.05541435e-002 2.89066875e-002
 1.13793103e+000 9.24361139e-001 3.06149190e-001 1.65237265e-002 3.05842781e-001 2.14605113e-002 3.15264369e-002
 1.16379310e+000 9.40230663e-001 3.04917015e-001 1.53787762e-002 3.04623604e-001 2.03802060e-002 2.89936862e-002
 1.18965517e+000 9.56279699e-001 3.12247409e-001 1.58680053e-002 3.11939091e-001 2.10770341e-002 3.06980245e-002
 1.21551724e+000 9.72507884e-001 3.13685238e-001 1.50215352e-002 3.13385098e-001 2.03434411e-002 2.92839347e-002
 1.24137931e+000 9.88914804e-001 3.20128820e-001 1.51280023e-002 3.19820044e-001 2.06508403e-002 3.05575630e-002
 1.26724138e+000 1.00549999e+000 3.22955976e-001 1.45911349e-002 3.22650195e-001 2.02562438e-002 2.99860865e-002
 1.29310345e+000 1.02226293e+000 3.26314259e-001 1.43372286e-002 3.26006533e-001 2.01566891e-002 2.98032701e-002
 1.31896552e+000 1.03920305e+000 3.30764013e-001 1.41525586e-002 3.30452931e-001 2.01491390e-002 2.99775442e-002
 1.34482759e+000 1.05631974e+000 3.33822651e-001 1.35856848e-002 3.33515465e-001 1.97374677e-002 2.94644967e-002
 1.37068966e+000 1.07361232e+000 3.40163822e-001 1.36667844e-002 3.39848031e-001 2.00380257e-002 3.05823721e-002
 1.39655172e+000 1.09108009e+000 3.41636728e-001 1.28524050e-002 3.41330052e-001 1.93554492e-002 2.92850058e-002
 1.42241379e+000 1.10872228e+000 3.47550336e-001 1.30375182e-002 3.47232995e-001 1.97600535e-002 3.03552934e-002
 1.44827586e+000 1.12653809e+000 3.48918587e-001 1.21492903e-002 3.48612284e-001 1.90068670e-002 2.89543427e-002
 1.47413793e+000 1.14452665e+000 3.55825886e-001 1.23107293e-002 3.55508996e-001 1.94156924e-002 3.04503049e-002
 1.50000000e+000 1.16268708e+000 3.57565356e-001 1.14776793e-002 3.57258840e-001 1.87307910e-002 2.91872698e-002
 1.52586207e+000 1.18101842e+000 3.63714726e-001 1.16005821e-002 3.63398359e-001 1.90947149e-002 3.02665576e-002
 1.55172414e+000 1.19951970e+000 3.65556985e-001 1.08368096e-002 3.65250018e-001 1.84870190e-002 2.91284265e-002
 1.57758621e+000 1.21818989e+000 3.71632359e-001 1.07859355e-002 3.71319057e-001 1.86843357e-002 3.00965768e-002
 1.60344828e+000 1.23702792e+000 3.74626506e-001 1.01399231e-002 3.74320289e-001 1.82251965e-002 2.95077587e-002
 1.62931034e+000 1.25603268e+000 3.79609823e-001 9.93151581e-003 3.79300912e-001 1.82502338e-002 2.99162006e-002
 1.65517241e+000 1.27520304e+000 3.83169715e-001 9.46583101e-003 3.82864158e-001 1.79907961e-002 2.96178786e-002
 1.68103448e+000 1.29453780e+000 3.87446782e-001 9.08066660e-003 3.87142743e-001 1.78315562e-002 2.96881112e-002
 1.70689655e+000 1.31403575e+000 3.92226030e-001 8.77658191e-003 3.91921616e-001 1.77688953e-002 2.99859511e-002
 1.73275862e+000 1.33369565e+000 3.95889420e-001 8.23695888e-003 3.95590454e-001 1.74491639e-002 2.96998792e-002
 1.75862069e+000 1.35351620e+000 4.00866553e-001 8.00783677e-003 4.00565550e-001 1.74745182e-002 3.00948014e-002
 1.78448276e+000 1.37349609e+000 4.04058349e-001 7.35715859e-003 4.03765908e-001 1.70402156e-002 2.95635177e-002
 1.81034483e+000 1.39363398e+000 4.09763981e-001 7.16289235e-003 4.09468563e-001 1.71266856e-002 3.02973063e-002
 1.83620690e+000 1.41392848e+000 4.12884809e-001 6.49639345e-003 4.12598794e-001 1.66824318e-002 2.97364459e-002
 1.86206897e+000 1.43437819e+000 4.18382074e-001 6.31157962e-003 4.18092982e-001 1.67825450e-002 3.03753460e-002
 1.88793103e+000 1.45498168e+000 4.21551064e-001 5.63754190e-003 4.21272003e-001 1.63395346e-002 2.97961293e-002
 1.91379310e+000 1.47573750e+000 4.27044990e-001 5.38025148e-003 4.26764787e-001 1.63764258e-002 3.04234023e-002
 1.93965517e+000 1.49664416e+000 4.30661806e-001 4.75571363e-003 4.30390677e-001 1.60022876e-002 3.00761476e-002
 1.96551724e+000 1.51770016e+000 4.35759003e-001 4.44910673e-003 4.35488296e-001 1.59889574e-002 3.05115781e-002
 1.99137931e+000 1.53890397e+000 4.39554061e-001 3.86306343e-003 4.39291778e-001 1.56662074e-002 3.02550991e-002
 2.01724138e+000 1.56025406e+000 4.44428780e-001 3.45867326e-003 4.44169832e-001 1.55583889e-002 3.05474467e-002
 2.04310345e+000 1.58174885e+000 4.48897648e-001 2.95199366e-003 4.48645115e-001 1.53418889e-002 3.06036115e-002
 2.06896552e+000 1.60338677e+000 4.53358273e-001 2.46791651e-003 4.53111712e-001 1.51522438e-002 3.06930249e-002
 2.09482759e+000 1.62516623e+000 4.57968860e-001 2.01277973e-003 4.57727561e-001 1.50002868e-002 3.08386506e-002
 2.12068966e+000 1.64708560e+000 4.62254181e-001 1.45007646e-003 4.62021513e-001 1.47360990e-002 3.08152784e-002
 2.14655172e+000 1.66914327e+000 4.67344764e-001 1.02226719e-003 4.67116689e-001 1.46346168e-002 3.11781164e-002
 2.17241379e+000 1.69133759e+000 4.71480900e-001 4.26942336e-004 4.71262890e-001 1.43425730e-002 3.10672718e-002
 2.19827586e+000 1.71366692e+000 4.76597798e-001 7.32462815e-006 4.76384423e-001 1.42598217e-002 3.14555537e-002
 2.22413793e+000 1.73612961e+000 4.80695064e-001 -6.18297528e-004 4.80493135e-001 1.39453841e-002 3.13222262e-002
 2.25000000e+000 1.75872398e+000 4.85913719e-001 -1.04631958e-003 4.85716932e-001 1.38672074e-002 3.17622625e-002
 2.27586207e+000 1.78144836e+000 4.90311985e-001 -1.65222761e-003 4.90126370e-001 1.35909634e-002 3.17229764e-002
 2.30172414e+000 1.80430108e+000 4.95429565e-001 -2.12365081e-003 4.95250795e-001 1.34763933e-002 3.21108821e-002
 2.32758621e+000 1.82728044e+000 4.99724201e-001 -2.72231492e-003 4.99556892e-001 1.32136021e-002 3.20858867e-002
 2.35344828e+000 1.85038476e+000 5.04852822e-001 -3.23068861e-003 5.04693885e-001 1.30725386e-002 3.24736050e-002
 2.37931034e+000 1.87361234e+000 5.09613736e-001 -3.81935076e-003 5.09466160e-001 1.28444494e-002 3.26237617e-002
 2.40517241e+000 1.89696150e+000 5.14534782e-001 -4.35725874e-003 5.14397038e-001 1.26773499e-002 3.28671811e-002
 2.43103448e+000 1.92043054e+000 5.19119795e-001 -4.94981202e-003 5.18994097e-001 1.24494825e-002 3.29907305e-002
 2.45689655e+000 1.94401776e+000 5.24079373e-001 -5.52206296e-003 5.23965064e-001 1.22594604e-002 3.32617095e-002
 2.48275862e+000 1.96772148e+000 5.29392859e-001 -6.07403766e-003 5.29289252e-001 1.21070249e-002 3.36542450e-002
 2.50862069e+000 1.99154000e+000 5.34277672e-001 -6.69327689e-003 5.34187556e-001 1.18779471e-002 3.38908507e-002
 2.53448276e+000 2.01547163e+000 5.39026816e-001 -7.29947492e-003 5.38950074e-001 1.16622699e-002 3.41172486e-002
 2.56034483e+000 2.03951470e+000 5.43845744e-001 -7.87082210e-003 5.43781341e-001 1.14889432e-002 3.43136755e-002
 2.58620690e+000 2.06366752e+000 5.49338022e-001 -8.51008868e-003 5.49288186e-001 1.12770961e-002 3.48117012e-002
 2.61206897e+000 2.08792842e+000 5.54683744e-001 -9.15224754e-003 5.54648930e-001 1.10627107e-002 3.51388021e-002
 2.63793103e+000 2.11229574e+000 5.59765950e-001 -9.71379078e-003 5.59743626e-001 1.09247554e-002 3.55280143e-002
 2.66379310e+000 2.13676782e+000 5.64265903e-001 -1.03620571e-002 5.64259903e-001 1.06837962e-002 3.56094783e-002
 2.68965517e+000 2.16134300e+000 5.69795449e-001 -1.09488249e-002 5.69803010e-001 1.05480051e-002 3.61406016e-002
 2.71551724e+000 2.18601965e+000 5.75800888e-001 -1.16670190e-002 5.75826878e-001 1.03048119e-002 3.67686506e-002
 2.74137931e+000 2.21079613e+000 5.81645365e-001 -1.22407150e-002 5.81684626e-001 1.02060046e-002 3.73448521e-002
 2.76724138e+000 2.23567082e+000 5.85974958e-001 -1.28899033e-002 5.86031762e-001 9.97874210e-003 3.73441403e-002
 2.79310345e+000 2.26064212e+000 5.90859529e-001 -1.35013579e-002 5.90932245e-001 9.81584731e-003 3.76259501e-002
 2.81896552e+000 2.28570841e+000 5.97329786e-001 -1.41365642e-002 5.97418338e-001 9.69772239e-003 3.84335981e-002
 2.84482759e+000 2.31086812e+000 6.03840702e-001 -1.49178309e-002 6.03951144e-001 9.44195705e-003 3.93360762e-002
 2.87068966e+000 2.33611966e+000 6.08895179e-001 -1.55583728e-002 6.09023310e-001 9.27415050e-003 3.96246391e-002
 2.89655172e+000 2.36146148e+000 6.13412727e-001 -1.61325449e-002 6.13556518e-001 9.15597416e-003 3.97799978e-002
 2.92241379e+000 2.38689202e+000 6.19252007e-001 -1.68622835e-002 6.19416999e-001 8.94238174e-003 4.03817989e-002
 2.94827586e+000 2.41240975e+000 6.26830725e-001 -1.75896691e-002 6.27015573e-001 8.81051251e-003 4.16084269e-002
 2.97413793e+000 2.43801315e+000 6.33016514e-001 -1.82056705e-002 6.33217967e-001 8.73839259e-003 4.22449001e-002
 3.00000000e+000 2.46370071e+000 6.37576146e-001 -1.91088676e-002 6.37808228e-001 8.31592397e-003 4.23180177e-002
 3.02586207e+000 2.48947094e+000 6.43042924e-001 -1.96503474e-002 6.43289562e-001 8.29927863e-003 4.28651078e-002
 3.05172414e+000 2.51532236e+000 6.50011287e-001 -2.03564568e-002 6.50278389e-001 8.18991359e-003 4.39657321e-002
 3.07758621e+000 2.54125352e+000 6.57847502e-001 -2.10615138e-002 6.58134387e-001 8.12730244e-003 4.51258263e-002
 3.10344828e+000 2.56726297e+000 6.64280462e-001 -2.17385088e-002 6.64587456e-001 8.03789290e-003 4.59212624e-002
 3.12931034e+000 2.59334928e+000 6.68012485e-001 -2.25456262e-002 6.68348449e-001 7.70304557e-003 4.57420534e-002
 3.15517241e+000 2.61951104e+000 6.74086047e-001 -2.33867568e-002 6.74450519e-001 7.44554790e-003 4.63618342e-002
 3.18103448e+000 2.64574686e+000 6.83200295e-001 -2.37231278e-002 6.83567099e-001 7.83908556e-003 4.79890185e-002
 3.20689655e+000 2.67205535e+000 6.89969531e-001 -2.46557606e-002 6.90368782e-001 7.53691619e-003 4.89118191e-002
 3.23275862e+000 2.69843517e+000 6.95563899e-001 -2.54908367e-002 6.95992718e-001 7.28399920e-003 4.93073623e-002
 3.25862069e+000 2.72488495e+000 7.00635831e-001 -2.62269979e-002 7.01090476e-001 7.11108589e-003 4.95360952e-002
 3.28448276e+000 2.75140338e+000 7.07341456e-001 -2.72038233e-002 7.07831895e-001 6.78176161e-003 5.03568549e-002
 3.31034483e+000 2.77798915e+000 7.16566931e-001 -2.77062375e-002 7.17067655e-001 7.05550007e-003 5.20725316e-002
 3.33620690e+000 2.80464097e+000 7.22614073e-001 -2.83850033e-002 7.23137406e-001 7.00698991e-003 5.25154111e-002
 3.36206897e+000 2.83135756e+000 7.27422953e-001 -2.92559689e-002 7.27980093e-001 6.71182164e-003 5.27780549e-002
 3.38793103e+000 2.85813767e+000 7.34040852e-001 -3.01795776e-002 7.34632597e-001 6.45960962e-003 5.34258121e-002
 3.41379310e+000 2.88498007e+000 7.41401888e-001 -3.11207101e-002 7.42028565e-001 6.23432510e-003 5.44762810e-002
 3.43965517e+000 2.91188352e+000 7.48846770e-001 -3.18879677e-002 7.49499802e-001 6.19468052e-003 5.54961962e-002
 3.46551724e+000 2.93884684e+000 7.55836876e-001 -3.23588536e-002 7.56501859e-001 6.43550990e-003 5.63241421e-002
 3.49137931e+000 2.96586883e+000 7.61782173e-001 -3.32733539e-002 7.62483390e-001 6.18663325e-003 5.68332334e-002
 3.51724138e+000 2.99294833e+000 7.67970640e-001 -3.40296684e-002 7.68699897e-001 6.11483829e-003 5.74804329e-002
 3.54310345e+000 3.02008419e+000 7.76563247e-001 -3.49306761e-002 7.77325058e-001 6.03185542e-003 5.86866138e-002
 3.56896552e+000 3.04727528e+000 7.82476597e-001 -3.59623923e-002 7.83281942e-001 5.68484892e-003 5.90652866e-002
 3.59482759e+000 3.07452049e+000 7.88781666e-001 -3.65891575e-002 7.89608761e-001 5.76962123e-003 5.96352016e-002
 3.62068966e+000 3.10181872e+000 7.95578569e-001 -3.74715047e-002 7.96440611e-001 5.63255428e-003 6.02125182e-002
 3.64655172e+000 3.12916890e+000 8.02115286e-001 -3.85423607e-002 8.03023257e-001 5.30029647e-003 6.09021032e-002
 3.67241379e+000 3.15656997e+000 8.09256247e-001 -3.90409753e-002 8.10178214e-001 5.57968934e-003 6.17882960e-002
 3.69827586e+000 3.18402088e+000 8.17352614e-001 -3.94633142e-002 8.18282774e-001 5.99586210e-003 6.29247137e-002
 3.72413793e+000 3.21152060e+000 8.23074767e-001 -4.05946769e-002 8.24056350e-001 5.57958709e-003 6.30855257e-002
 3.75000000e+000 3.23906814e+000 8.29887911e-001 -4.14704549e-002 8.30905316e-001 5.48636822e-003 6.37524781e-002
 3.77586207e+000 3.26666250e+000 8.37766452e-001 -4.20708282e-002 8.38802527e-001 5.73608797e-003 6.47519873e-002
 3.80172414e+000 3.29430270e+000 8.43776876e-001 -4.31178589e-002 8.44860322e-001 5.44082318e-003 6.50436107e-002
 3.82758621e+000 3.32198779e+000 8.50644808e-001 -4.41378895e-002 8.51773093e-001 5.22871615e-003 6.55869735e-002
 3.85344828e+000 3.34971683e+000 8.58175310e-001 -4.47587667e-002 8.59324378e-001 5.46113528e-003 6.63692846e-002
 3.87931034e+000 3.37748890e+000 8.64973620e-001 -4.53771184e-002 8.66144561e-001 5.66090030e-003 6.68943657e-002
 3.90517241e+000 3.40530309e+000 8.71798731e-001 -4.64233233e-002 8.73016914e-001 5.44241426e-003 6.72756937e-002
 3.93103448e+000 3.43315850e+000 8.79121503e-001 -4.70249056e-002 8.80359821e-001 5.70486177e-003 6.79654403e-002
 3.95689655e+000 3.46105427e+000 8.86207724e-001 -4.75546904e-002 8.87462218e-001 6.03246162e-003 6.84507025e-002
 3.98275862e+000 3.48898953e+000 8.92946200e-001 -4.84192672e-002 8.94237772e-001 6.01226120e-003 6.87953535e-002
 4.00862069e+000 3.51696344e+000 8.99737934e-001 -4.94365789e-002 9.01076080e-001 5.85009705e-003 6.88877915e-002
 4.03448276e+000 3.54497517e+000 9.07140253e-001 -4.98049495e-002 9.08484044e-001 6.38066430e-003 6.94074742e-002
 4.06034483e+000 3.57302392e+000 9.13946317e-001 -5.04948163e-002 9.15316639e-001 6.56103773e-003 6.96548369e-002
 4.08620690e+000 3.60110888e+000 9.20858728e-001 -5.12804117e-002 9.22261419e-001 6.65982552e-003 6.98312007e-002
 4.11206897e+000 3.62922928e+000 9.28140482e-001 -5.19899763e-002 9.29570105e-001 6.86525547e-003 7.00388045e-002
 4.13793103e+000 3.65738434e+000 9.35777093e-001 -5.24567268e-002 9.37217451e-001 7.34338394e-003 7.04230480e-002
 4.16379310e+000 3.68557331e+000 9.43440589e-001 -5.28823457e-002 9.44888731e-001 7.87236390e-003 7.06946726e-002
 4.18965517e+000 3.71379546e+000 9.50626023e-001 -5.34504784e-002 9.52091883e-001 8.23626570e-003 7.06860933e-002
 4.21551724e+000 3.74205007e+000 9.57114767e-001 -5.40353328e-002 9.58600785e-001 8.54565360e-003 7.03619118e-002
 4.24137931e+000 3.77033641e+000 9.63911741e-001 -5.44542281e-002 9.65406258e-001 9.04786602e-003 7.00900808e-002
 4.26724138e+000 3.79865381e+000 9.71123293e-001 -5.47401824e-002 9.72616322e-001 9.71744193e-003 6.98898336e-002
 4.29310345e+000 3.82700157e+000 9.78452694e-001 -5.50117072e-002 9.79942575e-001 1.04169292e-002 6.96697939e-002
 4.31896552e+000 3.85537903e+000 9.85693008e-001 -5.52758619e-002 9.87178985e-001 1.11255433e-002 6.92697506e-002
 4.34482759e+000 3.88378553e+000 9.92611685e-001 -5.54726952e-002 9.94089469e-001 1.18872136e-002 6.87491210e-002
 4.37068966e+000 3.91222043e+000 9.99435217e-001 -5.55930812e-002 1.00089929e+000 1.27260124e-002 6.81449011e-002
 4.39655172e+000 3.94068310e+000 1.00611873e+000 -5.56746777e-002 1.00756616e+000 1.36011367e-002 6.74545398e-002
 4.42241379e+000 3.96917293e+000 1.01243110e+000 -5.57249734e-002 1.01385999e+000 1.44889045e-002 6.66264062e-002
 4.44827586e+000 3.99768931e+000 1.01830624e+000 -5.57234011e-002 1.01971339e+000 1.54046667e-002 6.56862360e-002
 4.47413793e+000 4.02623164e+000 1.02359455e+000 -5.57078885e-002 1.02497976e+000 1.62994263e-002 6.45884033e-002
 4.50000000e+000 4.05479936e+000 1.02820563e+000 -5.56792482e-002 1.02956901e+000 1.71651002e-002 6.33849373e-002
 4.52586207e+000 4.08339189e+000 1.03264812e+000 -5.56061674e-002 1.03398632e+000 1.80681251e-002 6.22425161e-002
 4.55172414e+000 4.11200868e+000 1.03649952e+000 -5.55275381e-002 1.03781302e+000 1.89391521e-002 6.11195388e-002
 4.57758621e+000 4.14064918e+000 1.04006147e+000 -5.55067387e-002 1.04135458e+000 1.97358588e-002 5.99014702e-002
 4.60344828e+000 4.16931286e+000 1.04259891e+000 -5.54875166e-002 1.04387390e+000 2.04604739e-002 5.85011254e-002
 4.62931034e+000 4.19799920e+000 1.04441394e+000 -5.54388400e-002 1.04567012e+000 2.11645209e-002 5.69831705e-002
 4.65517241e+000 4.22670768e+000 1.04583489e+000 -5.54513053e-002 1.04707740e+000 2.17807565e-002 5.54879635e-002
 4.68103448e+000 4.25543781e+000 1.04737199e+000 -5.55237745e-002 1.04860457e+000 2.23475829e-002 5.39095641e-002
 4.70689655e+000 4.28418910e+000 1.04917626e+000 -5.55394124e-002 1.05039363e+000 2.29929662e-002 5.25794243e-002
 4.73275862e+000 4.31296106e+000 1.05182561e+000 -5.55601251e-002 1.05302535e+000 2.36990227e-002 5.15986901e-002
 4.75862069e+000 4.34175323e+000 1.05596742e+000 -5.55331740e-002 1.05714120e+000 2.45686155e-002 5.12076632e-002
 4.78448276e+000 4.37056514e+000 1.06069636e+000 -5.54563964e-002 1.06183804e+000 2.55371411e-002 5.12153943e-002
 4.81034483e+000 4.39939636e+000 1.06784212e+000 -5.53650880e-002 1.06894276e+000 2.67106341e-002 5.21330582e-002
 4.83620690e+000 4.42824644e+000 1.07686130e+000 -5.51748387e-002 1.07790674e+000 2.81349317e-002 5.39961834e-002
 4.86206897e+000 4.45711494e+000 1.08817587e+000 -5.48995204e-002 1.08915139e+000 2.98318059e-002 5.68160621e-002
 4.88793103e+000 4.48600146e+000 1.10196556e+000 -5.45542394e-002 1.10285665e+000 3.18037049e-002 6.06800772e-002
 4.91379310e+000 4.51490557e+000 1.11713976e+000 -5.41826662e-002 1.11793832e+000 3.39249701e-002 6.53037012e-002
 4.93965517e+000 4.54382687e+000 1.13383882e+000 -5.37620641e-002 1.13453431e+000 3.62314771e-002 7.06880291e-002
 4.96551724e+000 4.57276497e+000 1.15222404e+000 -5.32613842e-002 1.15280265e+000 3.87693358e-002 7.67632336e-002
 4.99137931e+000 4.60171948e+000 1.17089299e+000 -5.27908613e-002 1.17135393e+000 4.13186956e-002 8.31735390e-002
 5.01724138e+000 4.63069003e+000 1.19047580e+000 -5.22618378e-002 1.19080907e+000 4.40192361e-002 8.99981622e-002
 5.04310345e+000 4.65967625e+000 1.20970652e+000 -5.16956297e-002 1.20990781e+000 4.67482508e-002 9.69108814e-002
 5.06896552e+000 4.68867777e+000 1.22901149e+000 -5.11569342e-002 1.22908032e+000 4.94755775e-002 1.03839942e-001
 5.09482759e+000 4.71769425e+000 1.24773589e+000 -5.05895812e-002 1.24766941e+000 5.22034613e-002 1.10660434e-001
 5.12068966e+000 4.74672533e+000 1.26581673e+000 -5.00191769e-002 1.26561443e+000 5.49002941e-002 1.17269571e-001
 5.14655172e+000 4.77577068e+000 1.28299440e+000 -4.94028609e-002 1.28265315e+000 5.75862010e-002 1.23604058e-001
 5.17241379e+000 4.80482998e+000 1.29885107e+000 -4.88220359e-002 1.29837607e+000 6.01436979e-002 1.29436674e-001
 5.19827586e+000 4.83390289e+000 1.31321397e+000 -4.82205746e-002 1.31260652e+000 6.26121575e-002 1.34764028e-001
 5.22413793e+000 4.86298910e+000 1.32634420e+000 -4.75742820e-002 1.32560274e+000 6.50355529e-002 1.39627947e-001
 5.25000000e+000 4.89208830e+000 1.33806578e+000 -4.68821462e-002 1.33718939e+000 6.73980105e-002 1.44003221e-001
 5.27586207e+000 4.92120020e+000 1.34848025e+000 -4.62021906e-002 1.34747272e+000 6.96482861e-002 1.47969179e-001
 5.30172414e+000 4.95032449e+000 1.35818808e+000 -4.53947534e-002 1.35703909e+000 7.19753514e-002 1.51763317e-001
 5.32758621e+000 4.97946089e+000 1.36751557e+000 -4.45125059e-002 1.36621803e+000 7.43539630e-002 1.55560066e-001
 5.35344828e+000 5.00860912e+000 1.37664939e+000 -4.36339230e-002 1.37520226e+000 7.67216527e-002 1.59347044e-001
 5.37931034e+000 5.03776890e+000 1.38527861e+000 -4.26614896e-002 1.38367353e+000 7.91479595e-002 1.63097578e-001
 5.40517241e+000 5.06693996e+000 1.39410759e+000 -4.15759439e-002 1.39233165e+000 8.17134956e-002 1.67072355e-001
 5.43103448e+000 5.09612204e+000 1.40294589e+000 -4.03930425e-002 1.40098814e+000 8.43859360e-002 1.71196049e-001
 5.45689655e+000 5.12531488e+000 1.41167201e+000 -3.92526375e-002 1.40953432e+000 8.70151317e-002 1.75400823e-001
 5.48275862e+000 5.15451823e+000 1.42109914e+000 -3.79308768e-002 1.41876004e+000 8.98969204e-002 1.80137128e-001
 5.50862069e+000 5.18373184e+000 1.43014512e+000 -3.65815408e-002 1.42760110e+000 9.27814175e-002 1.84955923e-001
 5.53448276e+000 5.21295548e+000 1.43947350e+000 -3.52364022e-002 1.43672116e+000 9.56966816e-002 1.89911096e-001
 5.56034483e+000 5.24218890e+000 1.44943514e+000 -3.38395199e-002 1.44646450e+000 9.87309064e-002 1.95366466e-001
 5.58620690e+000 5.27143188e+000 1.45874783e+000 -3.24326191e-002 1.45555797e+000 1.01725695e-001 2.00654870e-001
 5.61206897e+000 5.30068420e+000 1.46888419e+000 -3.08021329e-002 1.46544822e+000 1.05028751e-001 2.06594588e-001
 5.63793103e+000 5.32994564e+000 1.47905979e+000 -2.93193225e-002 1.47538825e+000 1.08198774e-001 2.12620559e-001
 5.66379310e+000 5.35921598e+000 1.48921661e+000 -2.77117156e-002 1.48529506e+000 1.11501705e-001 2.18904151e-001
 5.68965517e+000 5.38849501e+000 1.49877824e+000 -2.60852531e-002 1.49460452e+000 1.14777892e-001 2.25183570e-001
 5.71551724e+000 5.41778253e+000 1.50901047e+000 -2.44938029e-002 1.50458192e+000 1.18092305e-001 2.31747927e-001
 5.74137931e+000 5.44707834e+000 1.51809320e+000 -2.28144372e-002 1.51340364e+000 1.21395567e-001 2.38242206e-001
 5.76724138e+000 5.47638224e+000 1.52818467e+000 -2.10181752e-002 1.52321534e+000 1.24920728e-001 2.45142737e-001
 5.79310345e+000 5.50569405e+000 1.53592441e+000 -1.93572212e-002 1.53069590e+000 1.28095847e-001 2.51392819e-001
 5.81896552e+000 5.53501357e+000 1.54382558e+000 -1.76253159e-002 1.53832744e+000 1.31365052e-001 2.57859053e-001
 5.84482759e+000 5.56434063e+000 1.54973757e+000 -1.58704264e-002 1.54397397e+000 1.34472301e-001 2.63828039e-001
 5.87068966e+000 5.59367505e+000 1.55549951e+000 -1.39844714e-002 1.54945559e+000 1.37701378e-001 2.69930957e-001
 5.89655172e+000 5.62301665e+000 1.55813183e+000 -1.22904755e-002 1.55183854e+000 1.40438614e-001 2.74899105e-001
 5.92241379e+000 5.65236526e+000 1.56149248e+000 -1.02915428e-002 1.55491383e+000 1.43553706e-001 2.80069280e-001
 5.94827586e+000 5.68172072e+000 1.56088025e+000 -8.48346153e-003 1.55405185e+000 1.46088933e-001 2.84167173e-001
 5.97413793e+000 5.71108287e+000 1.55938345e+000 -6.61132880e-003 1.55230111e+000 1.48599203e-001 2.88061052e-001
 6.00000000e+000 5.74045155e+000 1.55606573e+000 -4.68244263e-003 1.54873072e+000 1.50982229e-001 2.91370655e-001
 6.02586207e+000 5.76982661e+000 1.55101502e+000 -2.71728553e-003 1.54343043e+000 1.53223672e-001 2.94035761e-001
 6.05172414e+000 5.79920788e+000 1.54350278e+000 -8.44639880e-004 1.53568864e+000 1.55119128e-001 2.96030210e-001
 6.07758621e+000 5.82859524e+000 1.53417400e+000 1.22677536e-003 1.52611797e+000 1.57020115e-001 2.97425176e-001
 6.10344828e+000 5.85798852e+000 1.52487608e+000 3.32542835e-003 1.51657365e+000 1.58941726e-001 2.98841679e-001
 6.12931034e+000 5.88738760e+000 1.51244849e+000 5.23949966e-003 1.50393352e+000 1.60349108e-001 2.99005660e-001
 6.15517241e+000 5.91679233e+000 1.49982269e+000 7.24303456e-003 1.49108597e+000 1.61812263e-001 2.99105901e-001
 6.18103448e+000 5.94620258e+000 1.48529007e+000 9.06166854e-003 1.47635988e+000 1.62880972e-001 2.98538279e-001
 6.20689655e+000 5.97561823e+000 1.47151121e+000 1.09282134e-002 1.46237776e+000 1.64060864e-001 2.98083575e-001
 6.23275862e+000 6.00503913e+000 1.45753438e+000 1.30549538e-002 1.44817070e+000 1.65464633e-001 2.97843540e-001
 6.25862069e+000 6.03446517e+000 1.43999937e+000 1.47617810e-002 1.43046824e+000 1.66062336e-001 2.96140755e-001
 6.28448276e+000 6.06389623e+000 1.42487648e+000 1.66001263e-002 1.41515028e+000 1.67027616e-001 2.95350553e-001
 6.31034483e+000 6.09333218e+000 1.40777459e+000 1.81139338e-002 1.39789833e+000 1.67444552e-001 2.93365021e-001
 6.33620690e+000 6.12277291e+000 1.39118889e+000 1.98472201e-002 1.38113614e+000 1.68117202e-001 2.91830649e-001
 6.36206897e+000 6.15221830e+000 1.37360340e+000 2.11944011e-002 1.36342097e+000 1.68281753e-001 2.89531916e-001
 6.38793103e+000 6.18166825e+000 1.35562789e+000 2.25788655e-002 1.34531423e+000 1.68423316e-001 2.87296976e-001
 6.41379310e+000 6.21112265e+000 1.33879332e+000 2.39491715e-002 1.32834346e+000 1.68655778e-001 2.85108417e-001
 6.43965517e+000 6.24058139e+000 1.32068973e+000 2.50236887e-002 1.31014346e+000 1.68438954e-001 2.82419271e-001
 6.46551724e+000 6.27004437e+000 1.30281505e+000 2.61418550e-002 1.29216679e+000 1.68271942e-001 2.79785559e-001
 6.49137931e+000 6.29951148e+000 1.28396652e+000 2.69980575e-002 1.27325141e+000 1.67719341e-001 2.76482756e-001
 6.51724138e+000 6.32898263e+000 1.26550123e+000 2.79089237e-002 1.25471181e+000 1.67243994e-001 2.73163319e-001
 6.54310345e+000 6.35845772e+000 1.24677786e+000 2.86163116e-002 1.23593907e+000 1.66518896e-001 2.69717337e-001
 6.56896552e+000 6.38793666e+000 1.22773108e+000 2.92406451e-002 1.21685524e+000 1.65656088e-001 2.65802842e-001
 6.59482759e+000 6.41741936e+000 1.20824104e+000 2.98694374e-002 1.19733164e+000 1.64728654e-001 2.61827010e-001
 6.62068966e+000 6.44690572e+000 1.18860845e+000 3.03084827e-002 1.17768897e+000 1.63576693e-001 2.57394909e-001
 6.64655172e+000 6.47639567e+000 1.16913248e+000 3.06763659e-002 1.15821144e+000 1.62351589e-001 2.52848707e-001
 6.67241379e+000 6.50588911e+000 1.14930278e+000 3.10858416e-002 1.13837932e+000 1.61107794e-001 2.48253734e-001
 6.69827586e+000 6.53538595e+000 1.12926183e+000 3.13183627e-002 1.11835905e+000 1.59643842e-001 2.43252337e-001
 6.72413793e+000 6.56488613e+000 1.10982453e+000 3.15635615e-002 1.09893883e+000 1.58240994e-001 2.38365297e-001
 6.75000000e+000 6.59438956e+000 1.09060885e+000 3.17002122e-002 1.07975295e+000 1.56735871e-001 2.33337697e-001
 6.77586207e+000 6.62389616e+000 1.07156087e+000 3.18535141e-002 1.06073357e+000 1.55246976e-001 2.28189844e-001
 6.80172414e+000 6.65340585e+000 1.05288504e+000 3.18988745e-002 1.04209817e+000 1.53674495e-001 2.22960402e-001
 6.82758621e+000 6.68291857e+000 1.03441608e+000 3.18794093e-002 1.02367767e+000 1.52042601e-001 2.17752999e-001
 6.85344828e+000 6.71243424e+000 1.01701263e+000 3.17902582e-002 1.00632547e+000 1.50447159e-001 2.12615745e-001
 6.87931034e+000 6.74195279e+000 1.00064628e+000 3.15846210e-002 9.90018798e-001 1.48840004e-001 2.07624457e-001
 6.90517241e+000 6.77147415e+000 9.85016047e-001 3.13826775e-002 9.74444586e-001 1.47306597e-001 2.02740488e-001
 6.93103448e+000 6.80099826e+000 9.70570797e-001 3.10841052e-002 9.60060303e-001 1.45801605e-001 1.98070219e-001
 6.95689655e+000 6.83052504e+000 9.56792295e-001 3.07369561e-002 9.46345620e-001 1.44312940e-001 1.93531293e-001
 6.98275862e+000 6.86005444e+000 9.44018027e-001 3.03510848e-002 9.33634392e-001 1.42891726e-001 1.89210968e-001
 7.00862069e+000 6.88958639e+000 9.32967590e-001 2.97839997e-002 9.22657999e-001 1.41484369e-001 1.85125080e-001
 7.03448276e+000 6.91912083e+000 9.23192118e-001 2.92175886e-002 9.12948901e-001 1.40220037e-001 1.81323696e-001
 7.06034483e+000 6.94865770e+000 9.14646731e-001 2.85858953e-002 9.04470295e-001 1.39029784e-001 1.77745201e-001
 7.08620690e+000 6.97819695e+000 9.06603557e-001 2.78683895e-002 8.96502075e-001 1.37806703e-001 1.74277729e-001
 7.11206897e+000 7.00773851e+000 9.00726866e-001 2.70692107e-002 8.90695615e-001 1.36758733e-001 1.71311625e-001
 7.13793103e+000 7.03728233e+000 8.95377414e-001 2.62664632e-002 8.85414175e-001 1.35765902e-001 1.68467311e-001
 7.16379310e+000 7.06682836e+000 8.91697318e-001 2.53352395e-002 8.81806472e-001 1.34845570e-001 1.65926538e-001
 7.18965517e+000 7.09637654e+000 8.88644945e-001 2.44748110e-002 8.78814119e-001 1.34069387e-001 1.63639161e-001
 7.21551724e+000 7.12592683e+000 8.86595663e-001 2.35115646e-002 8.76830893e-001 1.33312597e-001 1.61475272e-001
 7.24137931e+000 7.15547917e+000 8.85663420e-001 2.25804827e-002 8.75953011e-001 1.32724883e-001 1.59721452e-001
 7.26724138e+000 7.18503351e+000 8.85027032e-001 2.15823404e-002 8.75377883e-001 1.32106800e-001 1.57942868e-001
 7.29310345e+000 7.21458980e+000 8.85204912e-001 2.06370011e-002 8.75604811e-001 1.31642835e-001 1.56347417e-001
 7.31896552e+000 7.24414801e+000 8.85937601e-001 1.96564551e-002 8.76387267e-001 1.31214202e-001 1.54963258e-001
 7.34482759e+000 7.27370807e+000 8.87715244e-001 1.87587183e-002 8.78196454e-001 1.31000885e-001 1.53846867e-001
 7.37068966e+000 7.30326996e+000 8.89466311e-001 1.78780102e-002 8.79977565e-001 1.30803010e-001 1.52777093e-001
 7.39655172e+000 7.33283362e+000 8.91861762e-001 1.69660193e-002 8.82402215e-001 1.30658252e-001 1.51780001e-001
 7.42241379e+000 7.36239901e+000 8.94314436e-001 1.62146214e-002 8.84863417e-001 1.30682660e-001 1.50961459e-001
 7.44827586e+000 7.39196609e+000 8.96952841e-001 1.53836790e-002 8.87519245e-001 1.30654682e-001 1.50129033e-001
 7.47413793e+000 7.42153482e+000 9.00312194e-001 1.46622253e-002 8.90876099e-001 1.30831200e-001 1.49655045e-001
 7.50000000e+000 7.45110516e+000 9.03229685e-001 1.39749461e-002 8.93790440e-001 1.30987828e-001 1.48945772e-001
 7.52586207e+000 7.48067707e+000 9.06519795e-001 1.33854403e-002 8.97061571e-001 1.31292978e-001 1.48531810e-001
 7.55172414e+000 7.51025052e+000 9.09988211e-001 1.29314291e-002 9.00491688e-001 1.31759200e-001 1.48243140e-001
 7.57758621e+000 7.53982546e+000 9.13460699e-001 1.24853447e-002 9.03924553e-001 1.32237414e-001 1.48086762e-001
 7.60344828e+000 7.56940186e+000 9.16902168e-001 1.20106634e-002 9.07330180e-001 1.32686797e-001 1.48004495e-001
 7.62931034e+000 7.59897969e+000 9.20686461e-001 1.16463974e-002 9.11060791e-001 1.33294534e-001 1.47860574e-001
 7.65517241e+000 7.62855892e+000 9.24598738e-001 1.13252588e-002 9.14912138e-001 1.33965916e-001 1.48061962e-001
 7.68103448e+000 7.65813950e+000 9.28722837e-001 1.11066664e-002 9.18959299e-001 1.34771191e-001 1.48437702e-001
 7.70689655e+000 7.68772141e+000 9.32281804e-001 1.09306160e-002 9.22440123e-001 1.35547262e-001 1.48676040e-001
 7.73275862e+000 7.71730461e+000 9.37015576e-001 1.08105653e-002 9.27077031e-001 1.36540235e-001 1.49316257e-001
 7.75862069e+000 7.74688907e+000 9.41189558e-001 1.07214823e-002 9.31154301e-001 1.37493281e-001 1.50052788e-001
 7.78448276e+000 7.77647477e+000 9.46533161e-001 1.05494683e-002 9.36400915e-001 1.38526685e-001 1.50737479e-001
 7.81034483e+000 7.80606167e+000 9.49999312e-001 1.04976387e-002 9.39770327e-001 1.39429638e-001 1.51347230e-001
 7.83620690e+000 7.83564974e+000 9.55129323e-001 1.03819733e-002 9.44796082e-001 1.40499725e-001 1.52270335e-001
 7.86206897e+000 7.86523896e+000 9.59583685e-001 1.02547526e-002 9.49153265e-001 1.41471153e-001 1.53115375e-001
 7.88793103e+000 7.89482930e+000 9.65212898e-001 1.03008192e-002 9.54649608e-001 1.42780155e-001 1.54522581e-001
 7.91379310e+000 7.92442073e+000 9.70377134e-001 1.03312044e-002 9.59686471e-001 1.44015253e-001 1.55912179e-001
 7.93965517e+000 7.95401323e+000 9.75281825e-001 1.02336341e-002 9.64482968e-001 1.45092970e-001 1.57082849e-001
 7.96551724e+000 7.98360677e+000 9.80142139e-001 1.01832465e-002 9.69228104e-001 1.46216259e-001 1.58164559e-001
 7.99137931e+000 8.01320132e+000 9.84537310e-001 1.00627396e-002 9.73521505e-001 1.47210230e-001 1.59333978e-001
 8.01724138e+000 8.04279686e+000 9.90282767e-001 1.01171187e-002 9.79126672e-001 1.48570779e-001 1.60890667e-001
 8.04310345e+000 8.07239337e+000 9.95901542e-001 1.00945299e-002 9.84616069e-001 1.49843181e-001 1.62566883e-001
 8.06896552e+000 8.10199082e+000 9.99796899e-001 1.01264911e-002 9.88390504e-001 1.50932424e-001 1.63389508e-001
 8.09482759e+000 8.13158920e+000 1.00513358e+000 1.01259381e-002 9.93595503e-001 1.52197305e-001 1.64959467e-001
 8.12068966e+000 8.16118847e+000 1.00972177e+000 1.01507488e-002 9.98054952e-001 1.53386474e-001 1.66483108e-001
 8.14655172e+000 8.19078862e+000 1.01347769e+000 1.00565552e-002 1.00170660e+000 1.54343940e-001 1.67665045e-001
 8.17241379e+000 8.22038963e+000 1.01803408e+000 1.02095579e-002 1.00611442e+000 1.55664345e-001 1.68803266e-001
 8.19827586e+000 8.24999147e+000 1.02155612e+000 1.02105895e-002 1.00951931e+000 1.56690540e-001 1.70006769e-001
 8.22413793e+000 8.27959413e+000 1.02576075e+000 1.01800320e-002 1.01360342e+000 1.57787344e-001 1.71252271e-001
 8.25000000e+000 8.30919758e+000 1.02854935e+000 1.03029165e-002 1.01626333e+000 1.58835619e-001 1.72074018e-001
 8.27586207e+000 8.33880181e+000 1.03083671e+000 1.04072871e-002 1.01842917e+000 1.59795687e-001 1.72815690e-001
 8.30172414e+000 8.36840680e+000 1.03292210e+000 1.06331616e-002 1.02037678e+000 1.60848864e-001 1.73800716e-001
 8.32758621e+000 8.39801252e+000 1.03552390e+000 1.08391946e-002 1.02283734e+000 1.61959902e-001 1.74684007e-001
 8.35344828e+000 8.42761897e+000 1.03684056e+000 1.09158481e-002 1.02404472e+000 1.62757207e-001 1.75336349e-001
 8.37931034e+000 8.45722613e+000 1.03791203e+000 1.10251545e-002 1.02500423e+000 1.63552053e-001 1.75792858e-001
 8.40517241e+000 8.48683397e+000 1.03897211e+000 1.13926881e-002 1.02591380e+000 1.64601664e-001 1.76498888e-001
 8.43103448e+000 8.51644249e+000 1.03883063e+000 1.15114902e-002 1.02567109e+000 1.65228339e-001 1.76618714e-001
 8.45689655e+000 8.54605166e+000 1.03775586e+000 1.19909261e-002 1.02445148e+000 1.66072758e-001 1.76775329e-001
 8.48275862e+000 8.57566146e+000 1.03834127e+000 1.21584265e-002 1.02491942e+000 1.66855083e-001 1.77100991e-001
 8.50862069e+000 8.60527190e+000 1.03798640e+000 1.25666395e-002 1.02442109e+000 1.67735258e-001 1.77284956e-001
 8.53448276e+000 8.63488294e+000 1.03614833e+000 1.25777749e-002 1.02251536e+000 1.67999712e-001 1.77035945e-001
 8.56034483e+000 8.66449457e+000 1.03648651e+000 1.30834032e-002 1.02268654e+000 1.69078951e-001 1.77616575e-001
 8.58620690e+000 8.69410679e+000 1.03467527e+000 1.32676926e-002 1.02078074e+000 1.69515871e-001 1.77270790e-001
 8.61206897e+000 8.72371957e+000 1.03432488e+000 1.35436842e-002 1.02030479e+000 1.70263084e-001 1.77539734e-001
 8.63793103e+000 8.75333291e+000 1.03280536e+000 1.37201873e-002 1.01868798e+000 1.70733612e-001 1.77374891e-001
 8.66379310e+000 8.78294678e+000 1.03210184e+000 1.39845618e-002 1.01786395e+000 1.71413960e-001 1.77375266e-001
 8.68965517e+000 8.81256118e+000 1.03144386e+000 1.42165508e-002 1.01708947e+000 1.72068485e-001 1.77240088e-001
 8.71551724e+000 8.84217610e+000 1.02996161e+000 1.42368082e-002 1.01553264e+000 1.72386348e-001 1.77028167e-001
 8.74137931e+000 8.87179151e+000 1.02905433e+000 1.43680795e-002 1.01452673e+000 1.72901017e-001 1.76960000e-001
 8.76724138e+000 8.90140742e+000 1.02820974e+000 1.44381007e-002 1.01359198e+000 1.73363888e-001 1.76875391e-001
 8.79310345e+000 8.93102380e+000 1.02835595e+000 1.44516902e-002 1.01364456e+000 1.73923918e-001 1.76840502e-001
 8.81896552e+000 8.96064065e+000 1.02799121e+000 1.44364733e-002 1.01319659e+000 1.74376016e-001 1.76630206e-001
 8.84482759e+000 8.99025795e+000 1.02763343e+000 1.44362039e-002 1.01275298e+000 1.74843559e-001 1.76667540e-001
 8.87068966e+000 9.01987570e+000 1.02862215e+000 1.43732721e-002 1.01364882e+000 1.75459911e-001 1.76775364e-001
 8.89655172e+000 9.04949388e+000 1.02879165e+000 1.41307355e-002 1.01376353e+000 1.75771021e-001 1.76538902e-001
 8.92241379e+000 9.07911248e+000 1.02881742e+000 1.39051129e-002 1.01373358e+000 1.76076325e-001 1.76302173e-001
 8.94827586e+000 9.10873149e+000 1.02989385e+000 1.36989436e-002 1.01473791e+000 1.76567188e-001 1.76255843e-001
 8.97413793e+000 9.13835091e+000 1.03048434e+000 1.35147983e-002 1.01525874e+000 1.77003713e-001 1.76081941e-001
 9.00000000e+000 9.16797072e+000 1.03190902e+000 1.33418433e-002 1.01660114e+000 1.77584788e-001 1.76359678e-001
 9.02586207e+000 9.19759092e+000 1.03313473e+000 1.31268959e-002 1.01775351e+000 1.78094051e-001 1.76442568e-001
 9.05172414e+000 9.22721149e+000 1.03354499e+000 1.28474864e-002 1.01811106e+000 1.78410173e-001 1.76048390e-001
 9.07758621e+000 9.25683242e+000 1.03625568e+000 1.27021677e-002 1.02071745e+000 1.79229110e-001 1.76527810e-001
 9.10344828e+000 9.28645371e+000 1.03862213e+000 1.24319476e-002 1.02300369e+000 1.79871982e-001 1.76850635e-001
 9.12931034e+000 9.31607535e+000 1.03822805e+000 1.20709445e-002 1.02258012e+000 1.79980811e-001 1.76217356e-001
 9.15517241e+000 9.34569733e+000 1.04112801e+000 1.19208669e-002 1.02537277e+000 1.80832302e-001 1.76736112e-001
 9.18103448e+000 9.37531964e+000 1.04365853e+000 1.16865979e-002 1.02781402e+000 1.81543488e-001 1.77008120e-001
 9.20689655e+000 9.40494227e+000 1.04609009e+000 1.16083060e-002 1.03013169e+000 1.82394960e-001 1.77417247e-001
 9.23275862e+000 9.43456522e+000 1.04666919e+000 1.11746117e-002 1.03067961e+000 1.82594632e-001 1.77129760e-001
 9.25862069e+000 9.46418847e+000 1.04920783e+000 1.11636165e-002 1.03309096e+000 1.83534078e-001 1.77549605e-001
 9.28448276e+000 9.49381203e+000 1.05061326e+000 1.10889715e-002 1.03439442e+000 1.84226382e-001 1.77756101e-001
 9.31034483e+000 9.52343588e+000 1.05314968e+000 1.08125635e-002 1.03684623e+000 1.84908229e-001 1.78003239e-001
 9.33620690e+000 9.55306002e+000 1.05465623e+000 1.07904519e-002 1.03823981e+000 1.85672517e-001 1.78240152e-001
 9.36206897e+000 9.58268443e+000 1.05622171e+000 1.07346333e-002 1.03969660e+000 1.86414874e-001 1.78513670e-001
 9.38793103e+000 9.61230912e+000 1.05664350e+000 1.06753853e-002 1.04002584e+000 1.86964438e-001 1.78406414e-001
 9.41379310e+000 9.64193408e+000 1.05772176e+000 1.08839203e-002 1.04095713e+000 1.87888348e-001 1.78708975e-001
 9.43965517e+000 9.67155929e+000 1.05998106e+000 1.07220332e-002 1.04311423e+000 1.88646534e-001 1.79026912e-001
 9.46551724e+000 9.70118476e+000 1.05958762e+000 1.05707939e-002 1.04265422e+000 1.88970489e-001 1.78898373e-001
 9.49137931e+000 9.73081047e+000 1.06183621e+000 1.07162793e-002 1.04474802e+000 1.90033033e-001 1.79433510e-001
 9.51724138e+000 9.76043643e+000 1.06137095e+000 1.07556601e-002 1.04418441e+000 1.90533150e-001 1.79267264e-001
 9.54310345e+000 9.79006262e+000 1.06258875e+000 1.09506365e-002 1.04525267e+000 1.91472256e-001 1.79773307e-001
 9.56896552e+000 9.81968905e+000 1.06394548e+000 1.08895682e-002 1.04650080e+000 1.92183924e-001 1.80083120e-001
 9.59482759e+000 9.84931569e+000 1.06377788e+000 1.08544821e-002 1.04624215e+000 1.92661786e-001 1.79901233e-001
 9.62068966e+000 9.87894256e+000 1.06444197e+000 1.11116238e-002 1.04675251e+000 1.93570023e-001 1.80068521e-001
 9.64655172e+000 9.90856964e+000 1.06432449e+000 1.09867544e-002 1.04655803e+000 1.93968040e-001 1.79964616e-001
 9.67241379e+000 9.93819693e+000 1.06558093e+000 1.09600628e-002 1.04769979e+000 1.94699736e-001 1.80415615e-001
 9.69827586e+000 9.96782442e+000 1.06654904e+000 1.08928286e-002 1.04856411e+000 1.95342828e-001 1.80555509e-001
 9.72413793e+000 9.99745211e+000 1.06635670e+000 1.07821714e-002 1.04829275e+000 1.95742648e-001 1.80408100e-001
 9.75000000e+000 1.00270800e+001 1.06911670e+000 1.11389581e-002 1.05084711e+000 1.97116588e-001 1.81195680e-001
 9.77586207e+000 1.00567081e+001 1.06860342e+000 1.10817691e-002 1.05024963e+000 1.97514022e-001 1.81070764e-001
 9.80172414e+000 1.00863363e+001 1.06899403e+000 1.10657622e-002 1.05053473e+000 1.98109740e-001 1.81039608e-001
 9.82758621e+000 1.01159648e+001 1.06996333e+000 1.09000114e-002 1.05141548e+000 1.98660033e-001 1.81194755e-001
 9.85344828e+000 1.01455934e+001 1.06973630e+000 1.08930296e-002 1.05109036e+000 1.99156847e-001 1.81142419e-001
 9.87931034e+000 1.01752222e+001 1.07206019e+000 1.07956349e-002 1.05329178e+000 2.00015034e-001 1.81562091e-001
 9.90517241e+000 1.02048511e+001 1.07330239e+000 1.05525855e-002 1.05445382e+000 2.00540563e-001 1.81782891e-001
 9.93103448e+000 1.02344802e+001 1.07384796e+000 1.05667643e-002 1.05488434e+000 2.01196709e-001 1.81719129e-001
 9.95689655e+000 1.02641095e+001 1.07574839e+000 1.04366412e-002 1.05667336e+000 2.01952782e-001 1.82167776e-001
 9.98275862e+000 1.02937389e+001 1.07713257e+000 1.02544373e-002 1.05796324e+000 2.02567268e-001 1.82391624e-001
 1.00086207e+001 1.03233685e+001 1.07947522e+000 1.02358359e-002 1.06016641e+000 2.03515860e-001 1.82773194e-001
 1.00344828e+001 1.03529983e+001 1.08127509e+000 1.01281828e-002 1.06185093e+000 2.04281641e-001 1.83075669e-001
 1.00603448e+001 1.03826281e+001 1.08295420e+000 9.91435430e-003 1.06343531e+000 2.04923023e-001 1.83273974e-001
 1.00862069e+001 1.04122582e+001 1.08459440e+000 9.72014911e-003 1.06497747e+000 2.05578366e-001 1.83651450e-001
 1.01120690e+001 1.04418883e+001 1.08582874e+000 9.49456746e-003 1.06612580e+000 2.06130949e-001 1.83826910e-001
 1.01379310e+001 1.04715186e+001 1.08898157e+000 9.48230376e-003 1.06912161e+000 2.07243222e-001 1.84319588e-001
 1.01637931e+001 1.05011490e+001 1.08972124e+000 9.13823240e-003 1.06980429e+000 2.07592590e-001 1.84179212e-001
 1.01896552e+001 1.05307796e+001 1.09227726e+000 9.01894576e-003 1.07223156e+000 2.08495682e-001 1.84646433e-001
 1.02155172e+001 1.05604102e+001 1.09428343e+000 8.93572195e-003 1.07411103e+000 2.09336022e-001 1.85192292e-001
 1.02413793e+001 1.05900410e+001 1.09537058e+000 8.81463454e-003 1.07509351e+000 2.09972247e-001 1.85416364e-001
 1.02672414e+001 1.06196720e+001 1.09769563e+000 8.63695179e-003 1.07730276e+000 2.10782054e-001 1.85615414e-001
 1.02931034e+001 1.06493030e+001 1.09958340e+000 8.57602225e-003 1.07906011e+000 2.11628135e-001 1.85968781e-001
 1.03189655e+001 1.06789341e+001 1.10083129e+000 8.45589686e-003 1.08019907e+000 2.12299351e-001 1.86282271e-001
 1.03448276e+001 1.07085654e+001 1.10324066e+000 8.55549829e-003 1.08243803e+000 2.13403521e-001 1.86735968e-001
 1.03706897e+001 1.07381968e+001 1.10495961e+000 8.40030852e-003 1.08404528e+000 2.14131097e-001 1.87199683e-001
 1.03965517e+001 1.07678282e+001 1.10545902e+000 8.34459013e-003 1.08443542e+000 2.14730268e-001 1.87286985e-001
 1.04224138e+001 1.07974598e+001 1.10720726e+000 8.37725877e-003 1.08603540e+000 2.15650678e-001 1.87613337e-001
 1.04482759e+001 1.08270915e+001 1.10857658e+000 8.28446144e-003 1.08728610e+000 2.16378390e-001 1.88074906e-001
 1.04741379e+001 1.08567232e+001 1.11019625e+000 8.23525179e-003 1.08877400e+000 2.17197416e-001 1.88425264e-001
 1.05000000e+001 1.08863551e+001 1.11171028e+000 8.21325157e-003 1.09015246e+000 2.18024810e-001 1.88630962e-001
 1.05258621e+001 1.09159871e+001 1.11118956e+000 8.28660181e-003 1.08951437e+000 2.18561995e-001 1.88661254e-001
 1.05517241e+001 1.09456191e+001 1.11341428e+000 8.29318508e-003 1.09158419e+000 2.19554325e-001 1.89242611e-001
 1.05775862e+001 1.09752512e+001 1.11490632e+000 8.32947859e-003 1.09292833e+000 2.20438531e-001 1.89837260e-001
 1.06034483e+001 1.10048835e+001 1.11391659e+000 8.42462691e-003 1.09182449e+000 2.20908209e-001 1.89515437e-001
 1.06293103e+001 1.10345158e+001 1.11524162e+000 8.50300422e-003 1.09299562e+000 2.21803389e-001 1.89895209e-001
 1.06551724e+001 1.10641482e+001 1.11437844e+000 8.45442438e-003 1.09204295e+000 2.22155310e-001 1.89846105e-001
 1.06810345e+001 1.10937807e+001 1.11512906e+000 8.71594449e-003 1.09261418e+000 2.23121133e-001 1.90271495e-001
 1.07068966e+001 1.11234132e+001 1.11723723e+000 8.71464581e-003 1.09456746e+000 2.24091627e-001 1.90694068e-001
 1.07327586e+001 1.11530458e+001 1.11642484e+000 8.71679834e-003 1.09365395e+000 2.24502663e-001 1.90581520e-001
 1.07586207e+001 1.11826785e+001 1.11634727e+000 8.69697194e-003 1.09346544e+000 2.25033765e-001 1.90558997e-001
 1.07844828e+001 1.12123113e+001 1.11640009e+000 8.83214129e-003 1.09337443e+000 2.25742122e-001 1.90470621e-001
 1.08103448e+001 1.12419442e+001 1.11649194e+000 8.65221841e-003 1.09338270e+000 2.26149011e-001 1.90633059e-001
 1.08362069e+001 1.12715771e+001 1.11776229e+000 8.84374417e-003 1.09447400e+000 2.27150603e-001 1.91003259e-001
 1.08620690e+001 1.13012101e+001 1.11786748e+000 9.00041296e-003 1.09442882e+000 2.27890872e-001 1.91073068e-001
 1.08879310e+001 1.13308431e+001 1.11777272e+000 8.80249864e-003 1.09425679e+000 2.28244200e-001 1.90954395e-001
 1.09137931e+001 1.13604762e+001 1.11728684e+000 8.66954425e-003 1.09368842e+000 2.28584055e-001 1.90793762e-001
 1.09396552e+001 1.13901094e+001 1.11893805e+000 8.77141230e-003 1.09516863e+000 2.29575633e-001 1.91277714e-001
 1.09655172e+001 1.14197426e+001 1.11899580e+000 8.73515551e-003 1.09511354e+000 2.30117917e-001 1.91263119e-001
 1.09913793e+001 1.14493759e+001 1.11899853e+000 8.61154111e-003 1.09502158e+000 2.30563664e-001 1.91333896e-001
 1.10172414e+001 1.14790093e+001 1.12022716e+000 8.48877649e-003 1.09613068e+000 2.31254178e-001 1.91370911e-001
 1.10431034e+001 1.15086427e+001 1.12128147e+000 8.56872095e-003 1.09702808e+000 2.32109754e-001 1.91439774e-001
 1.10689655e+001 1.15382762e+001 1.12167631e+000 8.17357608e-003 1.09737379e+000 2.32368925e-001 1.91338395e-001
 1.10948276e+001 1.15679097e+001 1.12247801e+000 8.11359155e-003 1.09805090e+000 2.33038457e-001 1.91406232e-001
 1.11206897e+001 1.15975433e+001 1.12360416e+000 7.91770660e-003 1.09907277e+000 2.33640853e-001 1.91489636e-001
 1.11465517e+001 1.16271769e+001 1.12495360e+000 7.87548254e-003 1.10028204e+000 2.34439879e-001 1.91602226e-001
 1.11724138e+001 1.16568106e+001 1.12644017e+000 7.61517227e-003 1.10166915e+000 2.35054338e-001 1.91847314e-001
 1.11982759e+001 1.16864443e+001 1.12665375e+000 7.35871571e-003 1.10180852e+000 2.35416218e-001 1.91753008e-001
 1.12241379e+001 1.17160781e+001 1.12984193e+000 7.43315772e-003 1.10479326e+000 2.36706338e-001 1.92462966e-001
 1.12500000e+001 1.17457120e+001 1.13037232e+000 6.84388694e-003 1.10530993e+000 2.36808754e-001 1.92130787e-001
 1.12758621e+001 1.17753458e+001 1.13250770e+000 7.01300060e-003 1.10724323e+000 2.37981731e-001 1.92420080e-001
 1.13017241e+001 1.18049797e+001 1.13425961e+000 6.80833970e-003 1.10887673e+000 2.38712451e-001 1.92503033e-001
 1.13275862e+001 1.18346137e+001 1.13563791e+000 6.66087304e-003 1.11013235e+000 2.39424280e-001 1.92902799e-001
 1.13534483e+001 1.18642477e+001 1.13808791e+000 6.51866105e-003 1.11243527e+000 2.40362952e-001 1.93449484e-001
 1.13793103e+001 1.18938818e+001 1.13884824e+000 6.26187866e-003 1.11310774e+000 2.40843718e-001 1.93351622e-001
 1.14051724e+001 1.19235158e+001 1.14135376e+000 6.17196411e-003 1.11545306e+000 2.41849079e-001 1.93739837e-001
 1.14310345e+001 1.19531500e+001 1.14298771e+000 5.82996606e-003 1.11699717e+000 2.42429801e-001 1.93984276e-001
 1.14568966e+001 1.19827841e+001 1.14558985e+000 5.78315313e-003 1.11942680e+000 2.43501953e-001 1.94560495e-001
 1.14827586e+001 1.20124183e+001 1.14688289e+000 5.74207157e-003 1.12057398e+000 2.44309835e-001 1.94848033e-001
 1.15086207e+001 1.20420526e+001 1.14956468e+000 5.53345057e-003 1.12311377e+000 2.45244850e-001 1.95386564e-001
 1.15344828e+001 1.20716868e+001 1.15304205e+000 5.43793656e-003 1.12640722e+000 2.46459547e-001 1.95942441e-001
 1.15603448e+001 1.21013211e+001 1.15449434e+000 5.31459613e-003 1.12772548e+000 2.47225971e-001 1.96320892e-001
 1.15862069e+001 1.21309555e+001 1.15584683e+000 5.23683219e-003 1.12893609e+000 2.48017411e-001 1.96627038e-001
 1.16120690e+001 1.21605899e+001 1.15491607e+000 5.16651588e-003 1.12791259e+000 2.48336478e-001 1.96459438e-001
 1.16379310e+001 1.21902243e+001 1.15808078e+000 5.05134531e-003 1.13090167e+000 2.49475500e-001 1.97083397e-001
 1.16637931e+001 1.22198587e+001 1.15985267e+000 4.97816560e-003 1.13251972e+000 2.50363914e-001 1.97591087e-001
 1.16896552e+001 1.22494932e+001 1.16185626e+000 4.99168682e-003 1.13434517e+000 2.51387953e-001 1.98086893e-001
 1.17155172e+001 1.22791277e+001 1.16239081e+000 4.98021880e-003 1.13473976e+000 2.52077106e-001 1.98248427e-001
 1.17413793e+001 1.23087622e+001 1.16305159e+000 4.88555955e-003 1.13527500e+000 2.52712364e-001 1.98259852e-001
 1.17672414e+001 1.23383968e+001 1.16489597e+000 4.92789691e-003 1.13693688e+000 2.53734995e-001 1.99029628e-001
 1.17931034e+001 1.23680314e+001 1.16716157e+000 4.90810560e-003 1.13902274e+000 2.54788945e-001 1.99524984e-001
 1.18189655e+001 1.23976660e+001 1.16731370e+000 5.00773522e-003 1.13901800e+000 2.55508005e-001 1.99574317e-001
 1.18448276e+001 1.24273006e+001 1.16674501e+000 4.94338553e-003 1.13834418e+000 2.55911874e-001 1.99383848e-001
 1.18706897e+001 1.24569353e+001 1.16942921e+000 5.07992968e-003 1.14080322e+000 2.57212942e-001 2.00126551e-001
 1.18965517e+001 1.24865700e+001 1.16936496e+000 5.23865807e-003 1.14057298e+000 2.57944041e-001 2.00255386e-001
 1.19224138e+001 1.25162047e+001 1.17111600e+000 5.20919031e-003 1.14215523e+000 2.58884647e-001 2.00851082e-001
 1.19482759e+001 1.25458394e+001 1.17032107e+000 5.19650075e-003 1.14124798e+000 2.59290301e-001 2.00727054e-001
 1.19741379e+001 1.25754742e+001 1.17005320e+000 5.51882153e-003 1.14078209e+000 2.60136813e-001 2.00940540e-001
 1.20000000e+001 1.26051090e+001 1.17155666e+000 5.55328958e-003 1.14210709e+000 2.61088556e-001 2.01563070e-001
 1.20258621e+001 1.26347438e+001 1.17013694e+000 5.45907298e-003 1.14060716e+000 2.61276770e-001 2.01179973e-001
 1.20517241e+001 1.26643786e+001 1.16994580e+000 5.56586462e-003 1.14026197e+000 2.61928974e-001 2.01151849e-001
 1.20775862e+001 1.26940135e+001 1.16922305e+000 5.63953755e-003 1.13940507e+000 2.62431765e-001 2.01175734e-001
 1.21034483e+001 1.27236483e+001 1.17022877e+000 5.75321201e-003 1.14022517e+000 2.63353450e-001 2.01561706e-001
 1.21293103e+001 1.27532832e+001 1.17102798e+000 5.76557604e-003 1.14086557e+000 2.64131658e-001 2.01709099e-001
 1.21551724e+001 1.27829182e+001 1.17090868e+000 5.73683880e-003 1.14061881e+000 2.64667287e-001 2.01797259e-001
 1.21810345e+001 1.28125531e+001 1.16968158e+000 5.76758995e-003 1.13927840e+000 2.65015072e-001 2.01612164e-001
 1.22068966e+001 1.28421880e+001 1.16923961e+000 5.72573149e-003 1.13871957e+000 2.65465257e-001 2.01510622e-001
 1.22327586e+001 1.28718230e+001 1.16977720e+000 5.80941718e-003 1.13908755e+000 2.66255540e-001 2.01702088e-001
 1.22586207e+001 1.29014580e+001 1.16930499e+000 5.68252816e-003 1.13851772e+000 2.66615554e-001 2.01519819e-001
 1.22844828e+001 1.29310930e+001 1.16966321e+000 5.76861520e-003 1.13870953e+000 2.67368457e-001 2.01558473e-001
 1.23103448e+001 1.29607280e+001 1.16873731e+000 5.60959510e-003 1.13770445e+000 2.67594762e-001 2.01368280e-001
 1.23362069e+001 1.29903630e+001 1.16759336e+000 5.50284459e-003 1.13647521e+000 2.67822018e-001 2.01051249e-001
 1.23620690e+001 1.30199981e+001 1.16784953e+000 5.49812064e-003 1.13658718e+000 2.68462910e-001 2.00960234e-001
 1.23879310e+001 1.30496332e+001 1.16757524e+000 5.39851983e-003 1.13620346e+000 2.68891789e-001 2.00722949e-001
 1.24137931e+001 1.30792682e+001 1.16797333e+000 5.38430374e-003 1.13645520e+000 2.69555670e-001 2.00705199e-001
 1.24396552e+001 1.31089033e+001 1.16699740e+000 5.30242950e-003 1.13538370e+000 2.69842359e-001 2.00307725e-001
 1.24655172e+001 1.31385385e+001 1.16797918e+000 5.20190819e-003 1.13622291e+000 2.70554854e-001 2.00656740e-001
 1.24913793e+001 1.31681736e+001 1.16846418e+000 5.05608099e-003 1.13658828e+000 2.71111000e-001 2.00594691e-001
 1.25172414e+001 1.31978087e+001 1.16940918e+000 4.89933249e-003 1.13740373e+000 2.71761990e-001 2.00547263e-001
 1.25431034e+001 1.32274439e+001 1.16812105e+000 4.78720295e-003 1.13603472e+000 2.71946354e-001 2.00050751e-001
 1.25689655e+001 1.32570790e+001 1.16903970e+000 4.44494201e-003 1.13686657e+000 2.72411436e-001 2.00070135e-001
 1.25948276e+001 1.32867142e+001 1.17065856e+000 4.51879013e-003 1.13828407e+000 2.73443348e-001 2.00246685e-001
 1.26206897e+001 1.33163494e+001 1.17126148e+000 4.38381054e-003 1.13876028e+000 2.74039586e-001 2.00319137e-001
 1.26465517e+001 1.33459846e+001 1.17082618e+000 4.34976678e-003 1.13820270e+000 2.74494947e-001 2.00139399e-001
 1.26724138e+001 1.33756198e+001 1.17227228e+000 4.11494781e-003 1.13952177e+000 2.75189708e-001 2.00337801e-001
 1.26982759e+001 1.34052551e+001 1.17362028e+000 3.85611289e-003 1.14075056e+000 2.75839801e-001 2.00272133e-001
 1.27241379e+001 1.34348903e+001 1.17437472e+000 3.92687162e-003 1.14132509e+000 2.76673908e-001 2.00574117e-001
 1.27500000e+001 1.34645255e+001 1.17485151e+000 3.62372874e-003 1.14171610e+000 2.77080407e-001 2.00540005e-001
 1.27758621e+001 1.34941608e+001 1.17567491e+000 3.44285367e-003 1.14241551e+000 2.77687159e-001 2.00484793e-001
 1.28017241e+001 1.35237961e+001 1.17696825e+000 3.41207951e-003 1.14353640e+000 2.78550543e-001 2.00639877e-001
 1.28275862e+001 1.35534313e+001 1.17852184e+000 3.36249605e-003 1.14491412e+000 2.79457864e-001 2.01078190e-001
 1.28534483e+001 1.35830666e+001 1.17990639e+000 3.10791889e-003 1.14617503e+000 2.80127726e-001 2.01039364e-001
 1.28793103e+001 1.36127019e+001 1.17933525e+000 3.03502545e-003 1.14549205e+000 2.80515261e-001 2.00933024e-001
 1.29051724e+001 1.36423372e+001 1.18045285e+000 2.98112682e-003 1.14644559e+000 2.81318930e-001 2.01163783e-001
 1.29310345e+001 1.36719725e+001 1.18142267e+000 2.80213865e-003 1.14728457e+000 2.81967185e-001 2.01148474e-001
 1.29568966e+001 1.37016079e+001 1.18336514e+000 2.78990373e-003 1.14902866e+000 2.83008778e-001 2.01766598e-001
 1.29827586e+001 1.37312432e+001 1.18406616e+000 2.71673495e-003 1.14958048e+000 2.83698380e-001 2.01821371e-001
 1.30086207e+001 1.37608785e+001 1.18375599e+000 2.62801337e-003 1.14915343e+000 2.84132990e-001 2.01869944e-001
 1.30344828e+001 1.37905139e+001 1.18504659e+000 2.58469094e-003 1.15027004e+000 2.84992904e-001 2.02022243e-001
 1.30603448e+001 1.38201492e+001 1.18409650e+000 2.51918488e-003 1.14921553e+000 2.85297260e-001 2.01806792e-001
 1.30862069e+001 1.38497846e+001 1.18580315e+000 2.49661842e-003 1.15073024e+000 2.86278259e-001 2.02155325e-001
 1.31120690e+001 1.38794199e+001 1.18623674e+000 2.46584762e-003 1.15101033e+000 2.86947556e-001 2.02339242e-001
 1.31379310e+001 1.39090553e+001 1.18489482e+000 2.59394810e-003 1.14952839e+000 2.87344631e-001 2.02191738e-001
 1.31637931e+001 1.39386907e+001 1.18703029e+000 2.51403227e-003 1.15147145e+000 2.88376006e-001 2.02774957e-001
 1.31896552e+001 1.39683261e+001 1.18648129e+000 2.52581385e-003 1.15078653e+000 2.88850461e-001 2.02537549e-001
 1.32155172e+001 1.39979615e+001 1.18638358e+000 2.70182749e-003 1.15049959e+000 2.89592803e-001 2.02686672e-001
 1.32413793e+001 1.40275969e+001 1.18612345e+000 2.75584023e-003 1.15008418e+000 2.90177192e-001 2.02856510e-001
 1.32672414e+001 1.40572323e+001 1.18527901e+000 2.64221916e-003 1.14914239e+000 2.90456692e-001 2.02588285e-001
 1.32931034e+001 1.40868677e+001 1.18552115e+000 2.75278993e-003 1.14919994e+000 2.91217211e-001 2.02856999e-001
 1.33189655e+001 1.41165031e+001 1.18488538e+000 2.94853601e-003 1.14838485e+000 2.91846353e-001 2.02815739e-001
 1.33448276e+001 1.41461385e+001 1.18394557e+000 2.96069734e-003 1.14731946e+000 2.92222407e-001 2.02896998e-001
 1.33706897e+001 1.41757739e+001 1.18279835e+000 2.89159630e-003 1.14607280e+000 2.92467855e-001 2.02537055e-001
 1.33965517e+001 1.42054094e+001 1.18171132e+000 3.08738368e-003 1.14481953e+000 2.92983649e-001 2.02424889e-001
 1.34224138e+001 1.42350448e+001 1.18119452e+000 3.28030660e-003 1.14411946e+000 2.93635670e-001 2.02526868e-001
 1.34482759e+001 1.42646802e+001 1.17956287e+000 3.38703425e-003 1.14235979e+000 2.93928807e-001 2.02320384e-001
 1.34741379e+001 1.42943157e+001 1.17830914e+000 3.47540556e-003 1.14097088e+000 2.94295723e-001 2.02215235e-001
 1.35000000e+001 1.43239511e+001 1.17814326e+000 3.51452310e-003 1.14064810e+000 2.94882697e-001 2.02185258e-001
 1.35258621e+001 1.43535866e+001 1.17535849e+000 3.76590914e-003 1.13773526e+000 2.95025822e-001 2.01744222e-001
 1.35517241e+001 1.43832220e+001 1.17460815e+000 3.84858047e-003 1.13683516e+000 2.95507951e-001 2.01739222e-001
 1.35775862e+001 1.44128575e+001 1.17327561e+000 3.90550995e-003 1.13537738e+000 2.95819381e-001 2.01552796e-001
 1.36034483e+001 1.44424929e+001 1.17154407e+000 4.07641580e-003 1.13350477e+000 2.96140245e-001 2.01265391e-001
 1.36293103e+001 1.44721284e+001 1.16914181e+000 4.04822931e-003 1.13103246e+000 2.96098858e-001 2.00755005e-001
 1.36551724e+001 1.45017639e+001 1.16779089e+000 4.13139737e-003 1.12955045e+000 2.96426064e-001 2.00419954e-001
 1.36810345e+001 1.45313993e+001 1.16524084e+000 4.21794110e-003 1.12690679e+000 2.96454209e-001 1.99874913e-001
 1.37068966e+001 1.45610348e+001 1.16405572e+000 4.27267656e-003 1.12559248e+000 2.96792073e-001 1.99678529e-001
 1.37327586e+001 1.45906703e+001 1.16244611e+000 4.33491810e-003 1.12386544e+000 2.97028985e-001 1.99312846e-001
 1.37586207e+001 1.46203057e+001 1.15975968e+000 4.33722606e-003 1.12111163e+000 2.96934395e-001 1.98759907e-001
 1.37844828e+001 1.46499412e+001 1.15770346e+000 4.48727806e-003 1.11893058e+000 2.97139364e-001 1.98356591e-001
 1.38103448e+001 1.46795767e+001 1.15719133e+000 4.56974414e-003 1.11826043e+000 2.97668071e-001 1.98218579e-001
 1.38362069e+001 1.47092122e+001 1.15491536e+000 4.50271815e-003 1.11592195e+000 2.97603707e-001 1.97679288e-001
 1.38620690e+001 1.47388477e+001 1.15504485e+000 4.50154671e-003 1.11589339e+000 2.98212673e-001 1.97659585e-001
 1.38879310e+001 1.47684831e+001 1.15184667e+000 4.57523088e-003 1.11262770e+000 2.98045805e-001 1.96844030e-001
 1.39137931e+001 1.47981186e+001 1.14986553e+000 4.47901734e-003 1.11058253e+000 2.98022225e-001 1.96393886e-001
 1.39396552e+001 1.48277541e+001 1.14931312e+000 4.34315683e-003 1.10992898e+000 2.98323911e-001 1.96091479e-001
 1.39655172e+001 1.48573896e+001 1.14796802e+000 4.57263275e-003 1.10841557e+000 2.98774870e-001 1.95819722e-001
 1.39913793e+001 1.48870251e+001 1.14599099e+000 4.41958140e-003 1.10638953e+000 2.98692303e-001 1.95298005e-001
 1.40172414e+001 1.49166606e+001 1.14594273e+000 4.33787292e-003 1.10620929e+000 2.99173150e-001 1.95086366e-001
 1.40431034e+001 1.49462961e+001 1.14450647e+000 4.24393038e-003 1.10469096e+000 2.99284087e-001 1.94651262e-001
 1.40689655e+001 1.49759315e+001 1.14437849e+000 4.31127441e-003 1.10439497e+000 2.99887418e-001 1.94458411e-001
 1.40948276e+001 1.50055670e+001 1.14251898e+000 4.15667521e-003 1.10248363e+000 2.99827833e-001 1.93966224e-001
 1.41206897e+001 1.50352025e+001 1.14229005e+000 3.85235636e-003 1.10218625e+000 3.00044749e-001 1.93556742e-001
 1.41465517e+001 1.50648380e+001 1.14194657e+000 3.99419737e-003 1.10166237e+000 3.00662493e-001 1.93468201e-001
 1.41724138e+001 1.50944735e+001 1.14117684e+000 3.82119795e-003 1.10080859e+000 3.00864796e-001 1.93003768e-001
 1.41982759e+001 1.51241090e+001 1.14159074e+000 3.69064026e-003 1.10108646e+000 3.01416091e-001 1.92971873e-001
 1.42241379e+001 1.51537445e+001 1.14118840e+000 3.50910583e-003 1.10058951e+000 3.01705175e-001 1.92679424e-001
 1.42500000e+001 1.51833800e+001 1.14077675e+000 3.44939272e-003 1.10005167e+000 3.02108956e-001 1.92577827e-001
 1.42758621e+001 1.52130154e+001 1.13924620e+000 3.31461543e-003 1.09845371e+000 3.02146220e-001 1.92045660e-001
 1.43017241e+001 1.52426509e+001 1.14027555e+000 3.14065164e-003 1.09933616e+000 3.02817120e-001 1.92023454e-001
 1.43275862e+001 1.52722864e+001 1.14115956e+000 3.15235169e-003 1.10002909e+000 3.03629837e-001 1.92159285e-001
 1.43534483e+001 1.53019219e+001 1.14097603e+000 3.05046367e-003 1.09972176e+000 3.04052060e-001 1.92115640e-001
 1.43793103e+001 1.53315574e+001 1.14129021e+000 2.74001842e-003 1.09994943e+000 3.04404511e-001 1.91943388e-001
 1.44051724e+001 1.53611928e+001 1.14172817e+000 2.61076360e-003 1.10024839e+000 3.04964784e-001 1.91793220e-001
 1.44310345e+001 1.53908283e+001 1.14140106e+000 2.58271735e-003 1.09978257e+000 3.05419976e-001 1.91448235e-001
 1.44568966e+001 1.54204638e+001 1.14167044e+000 2.57250151e-003 1.09988684e+000 3.06050562e-001 1.91550008e-001
 1.44827586e+001 1.54500993e+001 1.14238875e+000 2.43926983e-003 1.10045624e+000 3.06682364e-001 1.91773269e-001
 1.45086207e+001 1.54797347e+001 1.14386859e+000 2.27369385e-003 1.10176781e+000 3.07486914e-001 1.91935431e-001
 1.45344828e+001 1.55093702e+001 1.14389261e+000 2.27876324e-003 1.10163041e+000 3.08068054e-001 1.91865835e-001
 1.45603448e+001 1.55390057e+001 1.14322363e+000 2.12080756e-003 1.10086871e+000 3.08306419e-001 1.91629175e-001
 1.45862069e+001 1.55686411e+001 1.14467650e+000 2.12719696e-003 1.10210695e+000 3.09271883e-001 1.91948873e-001
 1.46120690e+001 1.55982766e+001 1.14552314e+000 2.13978201e-003 1.10275891e+000 3.10081666e-001 1.92174752e-001
 1.46379310e+001 1.56279120e+001 1.14704281e+000 1.95876926e-003 1.10411062e+000 3.10887071e-001 1.92538957e-001
 1.46637931e+001 1.56575475e+001 1.14759843e+000 1.92419411e-003 1.10449401e+000 3.11574779e-001 1.92561741e-001
 1.46896552e+001 1.56871829e+001 1.14719064e+000 1.95780514e-003 1.10393102e+000 3.12068121e-001 1.92649795e-001
 1.47155172e+001 1.57168184e+001 1.14752334e+000 1.96394769e-003 1.10408805e+000 3.12735107e-001 1.92696933e-001
 1.47413793e+001 1.57464538e+001 1.14822072e+000 1.87799757e-003 1.10462068e+000 3.13412670e-001 1.92893534e-001
 1.47672414e+001 1.57760893e+001 1.14708250e+000 1.91450237e-003 1.10335315e+000 3.13709648e-001 1.92690348e-001
 1.47931034e+001 1.58057247e+001 1.14872337e+000 1.85404281e-003 1.10478605e+000 3.14669063e-001 1.93034444e-001
 1.48189655e+001 1.58353601e+001 1.14940136e+000 2.00865999e-003 1.10523321e+000 3.15574211e-001 1.93357990e-001
 1.48448276e+001 1.58649955e+001 1.14912464e+000 2.11772409e-003 1.10477384e+000 3.16175096e-001 1.93565981e-001
 1.48706897e+001 1.58946309e+001 1.14886144e+000 2.00969015e-003 1.10438660e+000 3.16570496e-001 1.93479013e-001
 1.48965517e+001 1.59242664e+001 1.14829346e+000 2.03957552e-003 1.10366833e+000 3.17014586e-001 1.93328420e-001
 1.49224138e+001 1.59539018e+001 1.14787436e+000 2.23632180e-003 1.10304718e+000 3.17659373e-001 1.93478543e-001
 1.49482759e+001 1.59835372e+001 1.14952066e+000 2.41489989e-003 1.10441621e+000 3.18854867e-001 1.94096246e-001
 1.49741379e+001 1.60131726e+001 1.14814631e+000 2.37495422e-003 1.10294113e+000 3.19008545e-001 1.93886259e-001
 1.50000000e+001 1.60428080e+001 1.14752923e+000 2.40680733e-003 1.10217413e+000 3.19439062e-001 1.93794444e-001
 1.50258621e+001 1.60724433e+001 1.14734584e+000 2.54828942e-003 1.10179336e+000 3.20094281e-001 1.93785681e-001
 1.50517241e+001 1.61020787e+001 1.14534979e+000 2.72808905e-003 1.09966004e+000 3.20283266e-001 1.93639682e-001
 1.50775862e+001 1.61317141e+001 1.14566523e+000 2.76112425e-003 1.09978808e+000 3.20971385e-001 1.93813053e-001
 1.51034483e+001 1.61613494e+001 1.14503423e+000 2.90931559e-003 1.09897460e+000 3.21506891e-001 1.93892156e-001
 1.51293103e+001 1.61909848e+001 1.14408018e+000 3.00048702e-003 1.09786653e+000 3.21896804e-001 1.93779851e-001
 1.51551724e+001 1.62206202e+001 1.14239085e+000 3.18195527e-003 1.09602711e+000 3.22166968e-001 1.93598553e-001
 1.51810345e+001 1.62502555e+001 1.14068897e+000 3.23806140e-003 1.09421074e+000 3.22311449e-001 1.93336030e-001
 1.52068966e+001 1.62798908e+001 1.13954035e+000 3.39909761e-003 1.09289617e+000 3.22709955e-001 1.93259377e-001
 1.52327586e+001 1.63095262e+001 1.13909182e+000 3.44541804e-003 1.09228563e+000 3.23193694e-001 1.93250028e-001
 1.52586207e+001 1.63391615e+001 1.13913138e+000 3.71138217e-003 1.09208145e+000 3.24024968e-001 1.93408971e-001
 1.52844828e+001 1.63687968e+001 1.13692615e+000 3.80020857e-003 1.08977283e+000 3.24053539e-001 1.93086830e-001
 1.53103448e+001 1.63984321e+001 1.13547939e+000 3.79038461e-003 1.08821994e+000 3.24199296e-001 1.92790853e-001
 1.53362069e+001 1.64280674e+001 1.13369981e+000 3.81855363e-003 1.08633720e+000 3.24285848e-001 1.92375082e-001
 1.53620690e+001 1.64577027e+001 1.13272542e+000 4.00750136e-003 1.08518133e+000 3.24752848e-001 1.92288737e-001
 1.53879310e+001 1.64873379e+001 1.13214971e+000 4.01468882e-003 1.08445913e+000 3.25157601e-001 1.92205165e-001
 1.54137931e+001 1.65169732e+001 1.13022467e+000 4.06405635e-003 1.08243117e+000 3.25218518e-001 1.91855556e-001
 1.54396552e+001 1.65466084e+001 1.12829245e+000 4.19860814e-003 1.08037229e+000 3.25357036e-001 1.91445695e-001
 1.54655172e+001 1.65762437e+001 1.12713873e+000 4.18339195e-003 1.07910243e+000 3.25572067e-001 1.91233915e-001
 1.54913793e+001 1.66058789e+001 1.12578027e+000 4.16678038e-003 1.07763683e+000 3.25726023e-001 1.90877072e-001
 1.55172414e+001 1.66355141e+001 1.12576226e+000 4.32981368e-003 1.07740428e+000 3.26434420e-001 1.90811885e-001
 1.55431034e+001 1.66651493e+001 1.12350508e+000 4.33273084e-003 1.07507208e+000 3.26347128e-001 1.90248148e-001
 1.55689655e+001 1.66947845e+001 1.12281700e+000 4.30857923e-003 1.07425100e+000 3.26682346e-001 1.90095122e-001
 1.55948276e+001 1.67244197e+001 1.12226901e+000 4.28012733e-003 1.07356527e+000 3.27052997e-001 1.89980933e-001
 1.56206897e+001 1.67540549e+001 1.12069005e+000 4.30785985e-003 1.07187603e+000 3.27179631e-001 1.89501889e-001
 1.56465517e+001 1.67836901e+001 1.12049142e+000 4.30647513e-003 1.07151690e+000 3.27675315e-001 1.89521838e-001
 1.56724138e+001 1.68133252e+001 1.11944719e+000 4.24805572e-003 1.07036458e+000 3.27871523e-001 1.89032331e-001
 1.56982759e+001 1.68429603e+001 1.11908029e+000 4.19338241e-003 1.06985953e+000 3.28266467e-001 1.88951674e-001
 1.57241379e+001 1.68725955e+001 1.11909387e+000 4.04528419e-003 1.06974557e+000 3.28682004e-001 1.88621177e-001
 1.57500000e+001 1.69022306e+001 1.11870750e+000 4.04505275e-003 1.06920581e+000 3.29122710e-001 1.88526139e-001
 1.57758621e+001 1.69318657e+001 1.11709486e+000 3.99149844e-003 1.06750830e+000 3.29154802e-001 1.88058888e-001
 1.58017241e+001 1.69615007e+001 1.11652125e+000 3.89119575e-003 1.06681851e+000 3.29443627e-001 1.87859763e-001
 1.58275862e+001 1.69911358e+001 1.11682267e+000 3.87915926e-003 1.06693975e+000 3.30071945e-001 1.87718456e-001
 1.58534483e+001 1.70207709e+001 1.11698235e+000 3.67746657e-003 1.06698062e+000 3.30477637e-001 1.87605664e-001
 1.58793103e+001 1.70504059e+001 1.11699804e+000 3.65174158e-003 1.06683208e+000 3.31009471e-001 1.87528951e-001
 1.59051724e+001 1.70800409e+001 1.11613725e+000 3.45937047e-003 1.06589441e+000 3.31124516e-001 1.87238442e-001
 1.59310345e+001 1.71096759e+001 1.11682309e+000 3.34971732e-003 1.06641074e+000 3.31772756e-001 1.87148919e-001
 1.59568966e+001 1.71393109e+001 1.11657651e+000 3.20023853e-003 1.06604742e+000 3.32108784e-001 1.86931427e-001
 1.59827586e+001 1.71689458e+001 1.11645280e+000 3.13726698e-003 1.06577589e+000 3.32563444e-001 1.86791403e-001
 1.60086207e+001 1.71985808e+001 1.11756021e+000 3.01863808e-003 1.06669671e+000 3.33328767e-001 1.86923280e-001
 1.60344828e+001 1.72282157e+001 1.11689594e+000 3.02174475e-003 1.06588877e+000 3.33686672e-001 1.86596179e-001
 1.60603448e+001 1.72578506e+001 1.11802152e+000 2.82911134e-003 1.06684810e+000 3.34387903e-001 1.86720629e-001
 1.60862069e+001 1.72874855e+001 1.11943672e+000 2.71064008e-003 1.06806147e+000 3.35247090e-001 1.86916138e-001
 1.61120690e+001 1.73171204e+001 1.11888917e+000 2.67337077e-003 1.06737630e+000 3.35600911e-001 1.86635506e-001
 1.61379310e+001 1.73467552e+001 1.11968889e+000 2.48510632e-003 1.06802205e+000 3.36211678e-001 1.86851986e-001
 1.61637931e+001 1.73763900e+001 1.12104229e+000 2.35143296e-003 1.06917956e+000 3.37040656e-001 1.86903077e-001
 1.61896552e+001 1.74060248e+001 1.12230393e+000 2.27597199e-003 1.07023154e+000 3.37899021e-001 1.87086731e-001
 1.62155172e+001 1.74356596e+001 1.12263328e+000 2.31352227e-003 1.07035959e+000 3.38587035e-001 1.87129689e-001
 1.62413793e+001 1.74652944e+001 1.12393020e+000 2.06807585e-003 1.07149512e+000 3.39295716e-001 1.87282870e-001
 1.62672414e+001 1.74949291e+001 1.12355220e+000 2.09814726e-003 1.07094993e+000 3.39764920e-001 1.87259037e-001
 1.62931034e+001 1.75245638e+001 1.12482767e+000 1.91999069e-003 1.07204397e+000 3.40532968e-001 1.87396644e-001
 1.63189655e+001 1.75541985e+001 1.12731428e+000 1.93612760e-003 1.07423364e+000 3.41852775e-001 1.87974157e-001
