   1.2931034e-02   1.1083110e-04  -1.7186703e-02  -9.6661723e-02  -1.7186516e-02  -9.6661756e-02  -1.0335493e-01
   2.5862069e-02   1.2519489e-04   1.4222821e-01   1.5373999e-01   1.4222788e-01   1.5374030e-01   1.2176482e-01
   3.8793103e-02   1.4142045e-04   3.1265056e-01   9.7166734e-02   3.1265032e-01   9.7167505e-02   1.0806160e-01
   5.1724138e-02   1.5974869e-04  -2.1173389e-01  -2.9725740e-02  -2.1173381e-01  -2.9726331e-02  -7.5672698e-02
   6.4655172e-02   1.8045215e-04   2.6996044e-01   2.2555252e-02   2.6996037e-01   2.2556103e-02   5.0801385e-02
   7.7586207e-02   2.0383849e-04   3.2657796e-02   8.6927644e-02   3.2657487e-02   8.6927760e-02   4.6886577e-02
   9.0517241e-02   2.3025545e-04   3.2491913e-02   3.9924005e-02   3.2491753e-02   3.9924135e-02   4.3620089e-03
   1.0344828e-01   2.6009557e-04   3.7165030e-02   1.0058851e-02   3.7164984e-02   1.0059019e-02   5.6112369e-03
   1.1637931e-01   2.9380239e-04   2.4692849e-01   6.3796487e-02   2.4692816e-01   6.3797754e-02   7.6211799e-02
   1.2931034e-01   3.3187685e-04   3.6917566e-02   1.9044994e-02   3.6917456e-02   1.9045208e-02   5.3416457e-03
   1.4224138e-01   3.7488464e-04  -7.3103087e-02  -1.4557022e-02  -7.3102992e-02  -1.4557500e-02  -2.2019391e-02
   1.5517241e-01   4.2346484e-04   2.2385516e-01   1.6677140e-01   2.2385393e-01   1.6677306e-01   1.0258534e-01
   1.6810345e-01   4.7833922e-04   1.8654949e-01  -1.0183897e-02   1.8654958e-01  -1.0182340e-02   4.1769808e-02
   1.8103448e-01   5.4032274e-04  -6.3828561e-02  -5.0586536e-02  -6.3828084e-02  -5.0587138e-02  -4.9400655e-02
   1.9396552e-01   6.1033634e-04   6.3245299e-02   1.0272152e-01   6.3244205e-02   1.0272219e-01   5.1009444e-02
   2.0689655e-01   6.8941928e-04   1.5979163e-01   5.9550907e-02   1.5979092e-01   5.9552830e-02   4.3033460e-02
   2.1982759e-01   7.7874606e-04   5.4198490e-02  -2.6263569e-02   5.4198847e-02  -2.6262832e-02  -4.8092971e-03
   2.3275862e-01   8.7964266e-04   2.0282319e-02   3.7701605e-02   2.0281740e-02   3.7701916e-02   9.9592392e-03
   2.4568966e-01   9.9360609e-04   1.6195529e-01   8.1451529e-02   1.6195388e-01   8.1454337e-02   6.7907297e-02
   2.5862069e-01   1.1223279e-03   1.1944310e-01   3.5101281e-03   1.1944303e-01   3.5124678e-03   2.5197091e-02
   2.7155172e-01   1.2677164e-03   5.7530241e-02   4.5357228e-03   5.7530141e-02   4.5369957e-03   1.6552917e-02
   2.8448276e-01   1.4319280e-03   1.2559841e-01   8.1714246e-02   1.2559637e-01   8.1717385e-02   5.1479186e-02
   2.9741379e-01   1.6173963e-03   8.7536685e-02   2.3569327e-02   8.7536019e-02   2.3571798e-02   2.0622144e-02
   3.1034483e-01   1.8268690e-03   5.4607465e-02   2.5277029e-03   5.4607384e-02   2.5294440e-03   3.5642583e-03
   3.2327586e-01   2.0634483e-03   1.1845809e-01   3.8268202e-02   1.1845671e-01   3.8272468e-02   3.7478898e-02
   3.3620690e-01   2.3306345e-03   7.4621436e-02   3.2107116e-02   7.4620130e-02   3.2110151e-02   2.1645624e-02
   3.4913793e-01   2.6323807e-03   5.9940153e-02   2.5236074e-02   5.9938993e-02   2.5238828e-02   1.9648431e-02
   3.6206897e-01   2.9731459e-03   1.6395025e-01   4.4157657e-02   1.6394795e-01   4.4166164e-02   5.2290909e-02
   3.7500000e-01   3.3579623e-03   1.3954066e-01   3.2515186e-02   1.3953876e-01   3.2523364e-02   4.0461418e-02
   3.8793103e-01   3.7925090e-03   3.2825891e-02   8.9132653e-03   3.2825301e-02   8.9154381e-03   2.4120658e-03
   4.0086207e-01   4.2831895e-03   9.2880738e-02   4.1526076e-02   9.2877633e-02   4.1533019e-02   3.3570591e-02
   4.1379310e-01   4.8372295e-03   1.4944646e-01   4.3452071e-02   1.4944280e-01   4.3464688e-02   4.3932360e-02
   4.2672414e-01   5.4627749e-03   7.5344982e-02   6.2341989e-03   7.5344388e-02   6.2413825e-03   1.0452854e-02
   4.3965517e-01   6.1690095e-03   5.7898188e-02   2.3679142e-02   5.7895639e-02   2.3685376e-02   1.0533136e-02
   4.5258621e-01   6.9662867e-03   1.1660781e-01   3.8179167e-02   1.1660317e-01   3.8193345e-02   3.5662714e-02
   4.6551724e-01   7.8662697e-03   1.3343680e-01   2.6719186e-02   1.3343313e-01   2.6737505e-02   3.8972172e-02
   4.7844828e-01   8.8820983e-03   1.3623045e-01   3.3917036e-02   1.3622519e-01   3.3938154e-02   4.4232405e-02
   4.9137931e-01   1.0028569e-02   1.3145658e-01   3.6956424e-02   1.3145011e-01   3.6979433e-02   4.0844209e-02
   5.0431034e-01   1.1322333e-02   1.1303542e-01   1.1855816e-02   1.1303308e-01   1.1878153e-02   2.5519999e-02
   5.1724138e-01   1.2782129e-02   1.1957613e-01   1.9341577e-02   1.1957181e-01   1.9368253e-02   2.9222990e-02
   5.3017241e-01   1.4429023e-02   1.3025773e-01   5.1681550e-02   1.3024471e-01   5.1714352e-02   4.3479414e-02
   5.4310345e-01   1.6286690e-02   1.2050007e-01   2.7682674e-02   1.2049220e-01   2.7716925e-02   3.1625244e-02
   5.5603448e-01   1.8381724e-02   1.2967119e-01  -1.2866048e-03   1.2967159e-01  -1.2450034e-03   2.4480831e-02
   5.6896552e-01   2.0743954e-02   1.6302205e-01   2.8947482e-02   1.6301156e-01   2.9006502e-02   4.5168634e-02
   5.8189655e-01   2.3406851e-02   1.7144218e-01   4.8516845e-02   1.7142235e-01   4.8586880e-02   5.7868418e-02
   5.9482759e-01   2.6407879e-02   1.5516409e-01   2.9514342e-02   1.5515047e-01   2.9585854e-02   4.4763917e-02
   6.0775862e-01   2.9788985e-02   1.6847816e-01   2.0062606e-02   1.6846770e-01   2.0150198e-02   4.4144189e-02
   6.2068966e-01   3.3597047e-02   1.8702064e-01   2.4035227e-02   1.8700652e-01   2.4144888e-02   4.7914856e-02
   6.3362069e-01   3.7884363e-02   1.7847325e-01   2.5081705e-02   1.7845663e-01   2.5199707e-02   4.6121436e-02
   6.4655172e-01   4.2709253e-02   1.7586876e-01   2.9817094e-02   1.7584648e-01   2.9948182e-02   4.7337580e-02
   6.5948276e-01   4.8136555e-02   1.9923113e-01   3.0100101e-02   1.9920578e-01   3.0267473e-02   5.3235507e-02
   6.7241379e-01   5.4238293e-02   2.2127292e-01   1.9395297e-02   2.2125446e-01   1.9604753e-02   5.3867795e-02
   6.8534483e-01   6.1094245e-02   2.3619830e-01   2.2092806e-02   2.3617461e-01   2.2344651e-02   6.2744470e-02
   6.9827586e-01   6.8792569e-02   2.6284064e-01   3.6429683e-02   2.6279671e-01   3.6745239e-02   7.7386848e-02
   7.1120690e-01   7.7430454e-02   2.8740141e-01   3.3154926e-02   2.8735635e-01   3.3543295e-02   8.2302604e-02
   7.2413793e-01   8.7114634e-02   2.8681412e-01   2.3157522e-02   2.8677858e-01   2.3593578e-02   7.5617833e-02
   7.3706897e-01   9.7961998e-02   2.9338479e-01   2.3069184e-02   2.9334492e-01   2.3570767e-02   7.5560980e-02
   7.5000000e-01   1.1010001e-01   3.1801309e-01   2.5034181e-02   3.1796439e-01   2.5645231e-02   8.2519690e-02
   7.6293103e-01   1.2366701e-01   3.4207383e-01   2.6430076e-02   3.4201598e-01   2.7168344e-02   8.9263783e-02
   7.7586207e-01   1.3881254e-01   3.6124879e-01   2.9183238e-02   3.6117702e-01   3.0058362e-02   9.5826083e-02
   7.8879310e-01   1.5569716e-01   3.8286257e-01   2.5388146e-02   3.8279216e-01   2.6428452e-02   1.0069498e-01
   8.0172414e-01   1.7449235e-01   4.1521893e-01   2.1213015e-02   4.1515240e-01   2.2477450e-02   1.0832496e-01
   8.1465517e-01   1.9537987e-01   4.5320045e-01   3.1551305e-02   4.5309023e-01   3.3096542e-02   1.2108629e-01
   8.2758621e-01   2.1855090e-01   4.7342485e-01   3.5229531e-02   4.7328702e-01   3.7035117e-02   1.2647967e-01
   8.4051724e-01   2.4420474e-01   4.7297142e-01   2.3404757e-02   4.7286737e-01   2.5420426e-02   1.1986665e-01
   8.5344828e-01   2.7254707e-01   4.9023140e-01   2.0987249e-02   4.9012602e-01   2.3318957e-02   1.2129159e-01
   8.6637931e-01   3.0378774e-01   5.2438288e-01   2.6519143e-02   5.2423490e-01   2.9299086e-02   1.2996561e-01
   8.7931034e-01   3.3813814e-01   5.4810586e-01   2.5370978e-02   5.4794658e-01   2.8605232e-02   1.3453067e-01
   8.9224138e-01   3.7580809e-01   5.6476962e-01   2.4587624e-02   5.6459620e-01   2.8291443e-02   1.3799525e-01
   9.0517241e-01   4.1700216e-01   5.9425507e-01   2.8370445e-02   5.9403285e-01   3.2694680e-02   1.4696865e-01
   9.1810345e-01   4.6191611e-01   6.2912339e-01   2.7575946e-02   6.2888063e-01   3.2646960e-02   1.5450441e-01
   9.3103448e-01   5.1073239e-01   6.4881292e-01   2.4530113e-02   6.4856849e-01   3.0312556e-02   1.5690569e-01
   9.4396552e-01   5.6361648e-01   6.6120013e-01   2.5617857e-02   6.6091614e-01   3.2120714e-02   1.5790806e-01
   9.5689655e-01   6.2071247e-01   6.7359960e-01   2.7202952e-02   6.7326538e-01   3.4498638e-02   1.5757838e-01
   9.6982759e-01   6.8213956e-01   6.8253882e-01   2.3126596e-02   6.8221512e-01   3.1250787e-02   1.5497306e-01
   9.8275862e-01   7.4798872e-01   6.9413038e-01   2.0803799e-02   6.9379965e-01   2.9863548e-02   1.5417866e-01
   9.9568966e-01   8.1832026e-01   7.1306004e-01   2.1410640e-02   7.1268153e-01   3.1592307e-02   1.5760687e-01
   1.0086207e+00   8.9316154e-01   7.3987228e-01   2.2831476e-02   7.3942649e-01   3.4361815e-02   1.6319624e-01
   1.0215517e+00   9.7250763e-01   7.5741072e-01   2.5144585e-02   7.5687484e-01   3.7996226e-02   1.6688975e-01
   1.0344828e+00   1.0563193e+00   7.6520889e-01   2.5072248e-02   7.6461663e-01   3.9174770e-02   1.6632261e-01
   1.0474138e+00   1.1445270e+00   7.7269406e-01   2.1687465e-02   7.7210671e-01   3.7117266e-02   1.6343190e-01
   1.0603448e+00   1.2370282e+00   7.8489812e-01   1.9905736e-02   7.8428546e-01   3.6845900e-02   1.6212769e-01
   1.0732759e+00   1.3336959e+00   7.9253295e-01   2.1050960e-02   7.9182828e-01   3.9491685e-02   1.6040333e-01
   1.0862069e+00   1.4343784e+00   7.9358078e-01   1.9711435e-02   7.9283870e-01   3.9570181e-02   1.5700021e-01
   1.0991379e+00   1.5389042e+00   8.0203517e-01   1.7039576e-02   8.0128828e-01   3.8572659e-02   1.5445865e-01
   1.1120690e+00   1.6470857e+00   8.1430986e-01   1.6637828e-02   8.1349519e-01   4.0036752e-02   1.5543432e-01
   1.1250000e+00   1.7587241e+00   8.3579294e-01   1.7483045e-02   8.3486265e-01   4.3125885e-02   1.5935777e-01
   1.1379310e+00   1.8736124e+00   8.4871938e-01   1.9009420e-02   8.4764413e-01   4.6748033e-02   1.6227619e-01
   1.1508621e+00   1.9915401e+00   8.6448619e-01   1.9902995e-02   8.6327235e-01   4.9933539e-02   1.6390190e-01
   1.1637931e+00   2.1122958e+00   8.6840341e-01   1.6113747e-02   8.6721941e-01   4.8110554e-02   1.6063055e-01
   1.1767241e+00   2.2356708e+00   8.6853273e-01   1.2143264e-02   8.6739792e-01   4.6015409e-02   1.5505467e-01
   1.1896552e+00   2.3614614e+00   8.7988490e-01   1.2847872e-02   8.7860830e-01   4.9091395e-02   1.5512488e-01
   1.2025862e+00   2.4894708e+00   8.8900684e-01   1.3789103e-02   8.8756887e-01   5.2390805e-02   1.5458066e-01
   1.2155172e+00   2.6195109e+00   8.9872459e-01   1.1454713e-02   8.9726196e-01   5.2517301e-02   1.5398663e-01
   1.2284483e+00   2.7514031e+00   9.0900322e-01   8.4023091e-03   9.0755200e-01   5.2027132e-02   1.5370434e-01
   1.2413793e+00   2.8849799e+00   9.2365102e-01   9.4202100e-03   9.2200624e-01   5.5896664e-02   1.5640975e-01
   1.2543103e+00   3.0200839e+00   9.4081857e-01   1.1318833e-02   9.3891555e-01   6.0871082e-02   1.5971795e-01
   1.2672414e+00   3.1565696e+00   9.5338466e-01   1.0894061e-02   9.5133830e-01   6.3375342e-02   1.6023016e-01
   1.2801724e+00   3.2943022e+00   9.5905106e-01   7.7952080e-03   9.5701831e-01   6.2893953e-02   1.5719092e-01
   1.2931034e+00   3.4331581e+00   9.5733147e-01   4.0661893e-03   9.5536988e-01   6.1387789e-02   1.5191267e-01
   1.3060345e+00   3.5730234e+00   9.6303285e-01   2.6555666e-03   9.6099539e-01   6.2667201e-02   1.4979514e-01
   1.3189655e+00   3.7137949e+00   9.7914169e-01   3.0655254e-03   9.7688699e-01   6.6480614e-02   1.5134128e-01
   1.3318966e+00   3.8553783e+00   9.8825542e-01   2.3767770e-03   9.8585913e-01   6.8819991e-02   1.5141868e-01
   1.3448276e+00   3.9976898e+00   9.9999772e-01   3.6691803e-04   9.9753901e-01   7.0082118e-02   1.5195422e-01
   1.3577586e+00   4.1406495e+00   1.0164668e+00  -7.0822730e-04   1.0138648e+00   7.2687688e-02   1.5447485e-01
   1.3706897e+00   4.2841894e+00   1.0288824e+00  -1.9782994e-04   1.0260223e+00   7.6663895e-02   1.5637122e-01
   1.3836207e+00   4.4282467e+00   1.0421326e+00  -1.0153961e-03   1.0391000e+00   7.9451278e-02   1.5731312e-01
   1.3965517e+00   4.5727652e+00   1.0502588e+00  -3.4619549e-03   1.0471917e+00   8.0281061e-02   1.5537042e-01
   1.4094828e+00   4.7176944e+00   1.0544551e+00  -6.7052837e-03   1.0514342e+00   8.0042459e-02   1.5211724e-01
   1.4224138e+00   4.8629892e+00   1.0579859e+00  -9.2380287e-03   1.0549606e+00   8.0484188e-02   1.4939945e-01
   1.4353448e+00   5.0086092e+00   1.0705013e+00  -9.8746827e-03   1.0672758e+00   8.3623595e-02   1.5029479e-01
   1.4482759e+00   5.1545183e+00   1.0864015e+00  -1.0250776e-02   1.0829290e+00   8.7395172e-02   1.5271618e-01
   1.4612069e+00   5.3006842e+00   1.1011124e+00  -1.1678580e-02   1.0974825e+00   9.0094854e-02   1.5452179e-01
   1.4741379e+00   5.4470782e+00   1.1156562e+00  -1.3271044e-02   1.1118780e+00   9.2694009e-02   1.5623242e-01
   1.4870690e+00   5.5936749e+00   1.1239575e+00  -1.4290938e-02   1.1199984e+00   9.5332657e-02   1.5602453e-01
   1.5000000e+00   5.7404513e+00   1.1330343e+00  -1.5527286e-02   1.1289054e+00   9.7879209e-02   1.5554243e-01
   1.5129310e+00   5.8873873e+00   1.1435693e+00  -1.8035720e-02   1.1393875e+00   9.9359397e-02   1.5432034e-01
   1.5258621e+00   6.0344649e+00   1.1483610e+00  -2.1077558e-02   1.1442136e+00   9.9762611e-02   1.5150750e-01
   1.5387931e+00   6.1816679e+00   1.1541691e+00  -2.3629282e-02   1.1500025e+00   1.0079050e-01   1.4953965e-01
   1.5517241e+00   6.3289822e+00   1.1651514e+00  -2.5279068e-02   1.1608369e+00   1.0331789e-01   1.4969851e-01
   1.5646552e+00   6.4763952e+00   1.1793589e+00  -2.6149970e-02   1.1747823e+00   1.0704136e-01   1.5159912e-01
   1.5775862e+00   6.6238956e+00   1.1941610e+00  -2.6997551e-02   1.1893039e+00   1.1093085e-01   1.5391550e-01
   1.5905172e+00   6.7714736e+00   1.2100026e+00  -2.8618973e-02   1.2049365e+00   1.1425156e-01   1.5591882e-01
   1.6034483e+00   6.9191202e+00   1.2212308e+00  -3.0891079e-02   1.2160582e+00   1.1645328e-01   1.5613993e-01
   1.6163793e+00   7.0668277e+00   1.2278339e+00  -3.3357453e-02   1.2226104e+00   1.1795259e-01   1.5473673e-01
   1.6293103e+00   7.2145890e+00   1.2351995e+00  -3.5722958e-02   1.2299065e+00   1.1968345e-01   1.5305386e-01
   1.6422414e+00   7.3623987e+00   1.2437074e+00  -3.8275487e-02   1.2383585e+00   1.2141468e-01   1.5189145e-01
   1.6551724e+00   7.5102509e+00   1.2544768e+00  -4.0998945e-02   1.2490739e+00   1.2331736e-01   1.5130497e-01
   1.6681034e+00   7.6581398e+00   1.2661696e+00  -4.3320255e-02   1.2606493e+00   1.2579859e-01   1.5197433e-01
   1.6810345e+00   7.8060618e+00   1.2786106e+00  -4.4907879e-02   1.2728618e+00   1.2916966e-01   1.5341951e-01
   1.6939655e+00   7.9540134e+00   1.2937167e+00  -4.5888131e-02   1.2876203e+00   1.3357559e-01   1.5591450e-01
   1.7068966e+00   8.1019910e+00   1.3079920e+00  -4.7490350e-02   1.3016297e+00   1.3732635e-01   1.5730363e-01
   1.7198276e+00   8.2499915e+00   1.3191839e+00  -5.0249888e-02   1.3127427e+00   1.3956310e-01   1.5723529e-01
   1.7327586e+00   8.3980125e+00   1.3251027e+00  -5.3468898e-02   1.3187032e+00   1.4063398e-01   1.5505891e-01
   1.7456897e+00   8.5460516e+00   1.3318280e+00  -5.6377231e-02   1.3254183e+00   1.4216409e-01   1.5324466e-01
   1.7586207e+00   8.6941067e+00   1.3394835e+00  -5.8887838e-02   1.3329935e+00   1.4426400e-01   1.5186348e-01
   1.7715517e+00   8.8421759e+00   1.3508343e+00  -6.1421021e-02   1.3442216e+00   1.4695006e-01   1.5202433e-01
   1.7844828e+00   8.9902577e+00   1.3634629e+00  -6.3987682e-02   1.3567118e+00   1.4986201e-01   1.5272679e-01
   1.7974138e+00   9.1383506e+00   1.3770584e+00  -6.6058370e-02   1.3700717e+00   1.5348303e-01   1.5433840e-01
   1.8103448e+00   9.2864534e+00   1.3901250e+00  -6.7765972e-02   1.3828414e+00   1.5744734e-01   1.5602643e-01
   1.8232759e+00   9.4345649e+00   1.4025879e+00  -6.9642933e-02   1.3950317e+00   1.6121285e-01   1.5707625e-01
   1.8362069e+00   9.5826840e+00   1.4154710e+00  -7.2600714e-02   1.4078060e+00   1.6404685e-01   1.5750833e-01
   1.8491379e+00   9.7308100e+00   1.4240563e+00  -7.6328430e-02   1.4164690e+00   1.6546288e-01   1.5592561e-01
   1.8620690e+00   9.8789420e+00   1.4299740e+00  -7.9762599e-02   1.4224556e+00   1.6675647e-01   1.5419550e-01
   1.8750000e+00   1.0027079e+01   1.4383696e+00  -8.2436799e-02   1.4307527e+00   1.6926209e-01   1.5328147e-01
   1.8879310e+00   1.0175221e+01   1.4508968e+00  -8.4927469e-02   1.4430805e+00   1.7272237e-01   1.5410572e-01
   1.9008621e+00   1.0323368e+01   1.4647755e+00  -8.7687016e-02   1.4567776e+00   1.7622531e-01   1.5547410e-01
   1.9137931e+00   1.0471517e+01   1.4792861e+00  -9.0250389e-02   1.4710519e+00   1.8010809e-01   1.5729126e-01
   1.9267241e+00   1.0619671e+01   1.4919003e+00  -9.2498722e-02   1.4833937e+00   1.8402610e-01   1.5857305e-01
   1.9396552e+00   1.0767828e+01   1.5035833e+00  -9.4881684e-02   1.4948353e+00   1.8770301e-01   1.5931861e-01
   1.9525862e+00   1.0915987e+01   1.5138119e+00  -9.8008538e-02   1.5049806e+00   1.9043452e-01   1.5879519e-01
   1.9655172e+00   1.1064148e+01   1.5224068e+00  -1.0198714e-01   1.5136819e+00   1.9207040e-01   1.5735629e-01
   1.9784483e+00   1.1212311e+01   1.5305807e+00  -1.0565409e-01   1.5219110e+00   1.9397644e-01   1.5598069e-01
   1.9913793e+00   1.1360476e+01   1.5392055e+00  -1.0885816e-01   1.5304913e+00   1.9646904e-01   1.5549336e-01
   2.0043103e+00   1.1508643e+01   1.5514566e+00  -1.1142920e-01   1.5424958e+00   2.0035114e-01   1.5607070e-01
   2.0172414e+00   1.1656810e+01   1.5644378e+00  -1.1418141e-01   1.5552421e+00   2.0426678e-01   1.5744282e-01
   2.0301724e+00   1.1804980e+01   1.5787872e+00  -1.1702166e-01   1.5693356e+00   2.0844345e-01   1.5896662e-01
   2.0431034e+00   1.1953150e+01   1.5920514e+00  -1.1994755e-01   1.5823739e+00   2.1238587e-01   1.6034007e-01
   2.0560345e+00   1.2101321e+01   1.6025655e+00  -1.2288308e-01   1.5927153e+00   2.1581117e-01   1.6038183e-01
   2.0689655e+00   1.2249493e+01   1.6126335e+00  -1.2636782e-01   1.6027300e+00   2.1866007e-01   1.5984589e-01
   2.0818966e+00   1.2397666e+01   1.6216963e+00  -1.3037756e-01   1.6118715e+00   2.2083367e-01   1.5897172e-01
   2.0948276e+00   1.2545839e+01   1.6321583e+00  -1.3404428e-01   1.6223037e+00   2.2369480e-01   1.5833283e-01
   2.1077586e+00   1.2694013e+01   1.6440989e+00  -1.3762150e-01   1.6341546e+00   2.2702361e-01   1.5908833e-01
   2.1206897e+00   1.2842187e+01   1.6581560e+00  -1.4057098e-01   1.6479230e+00   2.3149771e-01   1.6042558e-01
   2.1336207e+00   1.2990362e+01   1.6722463e+00  -1.4332354e-01   1.6616673e+00   2.3624389e-01   1.6205828e-01
   2.1465517e+00   1.3138538e+01   1.6864055e+00  -1.4644723e-01   1.6755493e+00   2.4071697e-01   1.6371825e-01
   2.1594828e+00   1.3286713e+01   1.6995865e+00  -1.4960828e-01   1.6884759e+00   2.4500226e-01   1.6465716e-01
   2.1724138e+00   1.3434890e+01   1.7094643e+00  -1.5308252e-01   1.6982513e+00   2.4828396e-01   1.6423596e-01
   2.1853448e+00   1.3583066e+01   1.7187276e+00  -1.5683521e-01   1.7074891e+00   2.5120289e-01   1.6331422e-01
   2.1982759e+00   1.3731242e+01   1.7274757e+00  -1.6069788e-01   1.7162487e+00   2.5394214e-01   1.6207102e-01
   2.2112069e+00   1.3879419e+01   1.7364904e+00  -1.6462096e-01   1.7252788e+00   2.5673371e-01   1.6122310e-01
   2.2241379e+00   1.4027596e+01   1.7504436e+00  -1.6790070e-01   1.7389411e+00   2.6139486e-01   1.6207068e-01
   2.2370690e+00   1.4175774e+01   1.7660145e+00  -1.7127911e-01   1.7541834e+00   2.6642899e-01   1.6394153e-01
   2.2500000e+00   1.4323951e+01   1.7818658e+00  -1.7413013e-01   1.7695524e+00   2.7212402e-01   1.6575396e-01
   2.2629310e+00   1.4472128e+01   1.7989847e+00  -1.7691124e-01   1.7861134e+00   2.7828476e-01   1.6829975e-01
   2.2758621e+00   1.4620306e+01   1.8146101e+00  -1.8059459e-01   1.8014369e+00   2.8328302e-01   1.7029324e-01
   2.2887931e+00   1.4768483e+01   1.8280757e+00  -1.8405877e-01   1.8146021e+00   2.8802375e-01   1.7014579e-01
   2.3017241e+00   1.4916660e+01   1.8386694e+00  -1.8797417e-01   1.8250957e+00   2.9165916e-01   1.6913412e-01
   2.3146552e+00   1.5064838e+01   1.8486537e+00  -1.9175325e-01   1.8349588e+00   2.9532408e-01   1.6860618e-01
   2.3275862e+00   1.5213015e+01   1.8576899e+00  -1.9514957e-01   1.8437995e+00   2.9916246e-01   1.6708120e-01
   2.3405172e+00   1.5361192e+01   1.8701867e+00  -1.9832101e-01   1.8559102e+00   3.0418217e-01   1.6701349e-01
   2.3534483e+00   1.5509370e+01   1.8864237e+00  -2.0134598e-01   1.8715719e+00   3.1040776e-01   1.6900685e-01
   2.3663793e+00   1.5657547e+01   1.9011735e+00  -2.0407510e-01   1.8857020e+00   3.1659987e-01   1.6995150e-01
   2.3793103e+00   1.5805724e+01   1.9176829e+00  -2.0666016e-01   1.9014662e+00   3.2348503e-01   1.7168022e-01
   2.3922414e+00   1.5953901e+01   1.9359851e+00  -2.0962449e-01   1.9190353e+00   3.3058191e-01   1.7333428e-01
   2.4051724e+00   1.6102078e+01   1.9513215e+00  -2.1303328e-01   1.9338541e+00   3.3652224e-01   1.7320873e-01
   2.4181034e+00   1.6250255e+01   1.9686201e+00  -2.1606560e-01   1.9504334e+00   3.4345196e-01   1.7474946e-01
   2.4310345e+00   1.6398431e+01   1.9855387e+00  -2.1907945e-01   1.9666198e+00   3.5038006e-01   1.7600929e-01
   2.4439655e+00   1.6546608e+01   2.0014133e+00  -2.2153669e-01   1.9816242e+00   3.5763044e-01   1.7669269e-01
   2.4568966e+00   1.6694784e+01   2.0194312e+00  -2.2397775e-01   1.9986523e+00   3.6559193e-01   1.7906977e-01
   2.4698276e+00   1.6842959e+01   2.0319575e+00  -2.2636819e-01   2.0103817e+00   3.7210110e-01   1.7826366e-01
   2.4827586e+00   1.6991135e+01   2.0452498e+00  -2.2832191e-01   2.0226956e+00   3.7931489e-01   1.7857402e-01
   2.4956897e+00   1.7139310e+01   2.0574329e+00  -2.3008157e-01   2.0338686e+00   3.8645339e-01   1.7814088e-01
   2.5086207e+00   1.7287485e+01   2.0676545e+00  -2.3218224e-01   2.0432465e+00   3.9274370e-01   1.7760561e-01
   2.5215517e+00   1.7435658e+01   2.0757574e+00  -2.3453870e-01   2.0506607e+00   3.9820618e-01   1.7533212e-01
   2.5344828e+00   1.7583833e+01   2.0879879e+00  -2.3663028e-01   2.0619149e+00   4.0520911e-01   1.7452124e-01
   2.5474138e+00   1.7732006e+01   2.1024254e+00  -2.3921446e-01   2.0753987e+00   4.1247585e-01   1.7504207e-01
   2.5603448e+00   1.7880179e+01   2.1179284e+00  -2.4099139e-01   2.0896249e+00   4.2091038e-01   1.7636867e-01
   2.5732759e+00   1.8028349e+01   2.1388796e+00  -2.4268348e-01   2.1089756e+00   4.3118800e-01   1.7986091e-01
   2.5862069e+00   1.8176520e+01   2.1595414e+00  -2.4430221e-01   2.1279892e+00   4.4154790e-01   1.8191826e-01
   2.5991379e+00   1.8324689e+01   2.1821796e+00  -2.4610879e-01   2.1488984e+00   4.5245199e-01   1.8649155e-01
   2.6120690e+00   1.8472857e+01   2.2000836e+00  -2.4765014e-01   2.1651911e+00   4.6221859e-01   1.8816860e-01
   2.6250000e+00   1.8621023e+01   2.2212624e+00  -2.4870892e-01   2.1843968e+00   4.7357542e-01   1.9209121e-01
   2.6379310e+00   1.8769189e+01   2.2356489e+00  -2.5189610e-01   2.1978117e+00   4.8083387e-01   1.9219456e-01
   2.6508621e+00   1.8917352e+01   2.2488561e+00  -2.5322318e-01   2.2094851e+00   4.8954208e-01   1.9188203e-01
   2.6637931e+00   1.9065514e+01   2.2542611e+00  -2.5611486e-01   2.2142649e+00   4.9428646e-01   1.8969763e-01
   2.6767241e+00   1.9213672e+01   2.2643397e+00  -2.5761271e-01   2.2229894e+00   5.0191289e-01   1.8685269e-01
   2.6896552e+00   1.9361829e+01   2.2751318e+00  -2.5877921e-01   2.2322526e+00   5.1013689e-01   1.9117825e-01
   2.7025862e+00   1.9509983e+01   2.2841282e+00  -2.6046533e-01   2.2399691e+00   5.1732254e-01   1.8567184e-01
   2.7155172e+00   1.9658133e+01   2.2977568e+00  -2.6081449e-01   2.2515756e+00   5.2736861e-01   1.9139944e-01
   2.7284483e+00   1.9806280e+01   2.3084565e+00  -2.6337557e-01   2.2611390e+00   5.3440458e-01   1.8506983e-01
   2.7413793e+00   1.9954423e+01   2.3242524e+00  -2.6379130e-01   2.2747392e+00   5.4524906e-01   1.9063335e-01
   2.7543103e+00   2.0102560e+01   2.3410334e+00  -2.6601393e-01   2.2898444e+00   5.5480896e-01   1.8840814e-01
   2.7672414e+00   2.0250693e+01   2.3614360e+00  -2.6738251e-01   2.3080176e+00   5.6650525e-01   1.9357424e-01
   2.7801724e+00   2.0398820e+01   2.3781155e+00  -2.6890146e-01   2.3227082e+00   5.7686025e-01   1.9546225e-01
   2.7931034e+00   2.0546940e+01   2.4016272e+00  -2.7012950e-01   2.3436562e+00   5.8996501e-01   1.9798956e-01
   2.8060345e+00   2.0695053e+01   2.4210555e+00  -2.7159582e-01   2.3608161e+00   6.0151569e-01   2.0230934e-01
   2.8189655e+00   2.0843156e+01   2.4418505e+00  -2.7190805e-01   2.3787987e+00   6.1472343e-01   2.0361235e-01
   2.8318966e+00   2.0991250e+01   2.4603974e+00  -2.7281021e-01   2.3948411e+00   6.2667160e-01   2.1198251e-01
   2.8448276e+00   2.1139335e+01   2.4721057e+00  -2.7445593e-01   2.4047273e+00   6.3554661e-01   2.0405444e-01
   2.8577586e+00   2.1287406e+01   2.4790118e+00  -2.7502004e-01   2.4097165e+00   6.4374067e-01   2.1089675e-01
   2.8706897e+00   2.1435463e+01   2.4883563e+00  -2.7733293e-01   2.4175884e+00   6.5122749e-01   2.0134481e-01
   2.8836207e+00   2.1583504e+01   2.4961246e+00  -2.7741574e-01   2.4231517e+00   6.6025253e-01   2.0819623e-01
   2.8965517e+00   2.1731527e+01   2.5042933e+00  -2.7880184e-01   2.4295392e+00   6.6824742e-01   1.9985206e-01
   2.9094828e+00   2.1879530e+01   2.5129596e+00  -2.7911602e-01   2.4359640e+00   6.7745902e-01   2.0382939e-01
   2.9224138e+00   2.2027511e+01   2.5274877e+00  -2.7989257e-01   2.4479651e+00   6.8847716e-01   2.0211740e-01
   2.9353448e+00   2.2175467e+01   2.5383924e+00  -2.7976967e-01   2.4562308e+00   6.9902601e-01   2.0275548e-01
   2.9482759e+00   2.2323392e+01   2.5571992e+00  -2.8031755e-01   2.4720233e+00   7.1200178e-01   2.0673189e-01
   2.9612069e+00   2.2471286e+01   2.5721328e+00  -2.8030808e-01   2.4839733e+00   7.2409693e-01   2.0557062e-01
   2.9741379e+00   2.2619141e+01   2.5953489e+00  -2.8102217e-01   2.5038014e+00   7.3877441e-01   2.1372621e-01
   2.9870690e+00   2.2766957e+01   2.6061327e+00  -2.8178856e-01   2.5121274e+00   7.4869790e-01   2.1065274e-01
   3.0000000e+00   2.2914725e+01   2.6315183e+00  -2.8206343e-01   2.5336774e+00   7.6480524e-01   2.1646778e-01
   3.0129310e+00   2.3062439e+01   2.6505758e+00  -2.8268507e-01   2.5494751e+00   7.7822826e-01   2.1803065e-01
   3.0258621e+00   2.3210093e+01   2.6675459e+00  -2.8246261e-01   2.5629701e+00   7.9168825e-01   2.2286531e-01
   3.0387931e+00   2.3357681e+01   2.6826313e+00  -2.8330416e-01   2.5751051e+00   8.0349589e-01   2.2235712e-01
   3.0517241e+00   2.3505191e+01   2.7000507e+00  -2.8194375e-01   2.5884594e+00   8.1831788e-01   2.2723631e-01
   3.0646552e+00   2.3652616e+01   2.7128956e+00  -2.8331555e-01   2.5986615e+00   8.2887208e-01   2.2689231e-01
   3.0775862e+00   2.3799943e+01   2.7143408e+00  -2.8267541e-01   2.5975855e+00   8.3672028e-01   2.2574665e-01
   3.0905172e+00   2.3947160e+01   2.7253292e+00  -2.8322755e-01   2.6056937e+00   8.4734733e-01   2.2339466e-01
   3.1034483e+00   2.4094255e+01   2.7271909e+00  -2.8367018e-01   2.6053899e+00   8.5439005e-01   2.2281680e-01
   3.1163793e+00   2.4241209e+01   2.7350341e+00  -2.8284880e-01   2.6100044e+00   8.6503882e-01   2.1955663e-01
   3.1293103e+00   2.4388007e+01   2.7426662e+00  -2.8302871e-01   2.6148048e+00   8.7471062e-01   2.2126187e-01
   3.1422414e+00   2.4534628e+01   2.7527867e+00  -2.8207030e-01   2.6213666e+00   8.8647346e-01   2.1993547e-01
   3.1551724e+00   2.4681049e+01   2.7650443e+00  -2.8137456e-01   2.6299400e+00   8.9892008e-01   2.2294647e-01
   3.1681034e+00   2.4827245e+01   2.7701579e+00  -2.8112419e-01   2.6321736e+00   9.0800201e-01   2.2050154e-01
   3.1810345e+00   2.4973187e+01   2.7846632e+00  -2.8027273e-01   2.6426419e+00   9.2159957e-01   2.2382430e-01
   3.1939655e+00   2.5118845e+01   2.7899611e+00  -2.8092656e-01   2.6453649e+00   9.2997172e-01   2.2050133e-01
   3.2068966e+00   2.5264183e+01   2.8057251e+00  -2.7933416e-01   2.6565739e+00   9.4484706e-01   2.2360255e-01
   3.2198276e+00   2.5409160e+01   2.8121506e+00  -2.8043585e-01   2.6604512e+00   9.5332793e-01   2.2441019e-01
   3.2327586e+00   2.5553732e+01   2.8215543e+00  -2.7795037e-01   2.6654491e+00   9.6633662e-01   2.2310197e-01
   3.2456897e+00   2.5697851e+01   2.8318299e+00  -2.7841976e-01   2.6724728e+00   9.7707088e-01   2.2574322e-01
   3.2586207e+00   2.5841458e+01   2.8409027e+00  -2.7719190e-01   2.6776458e+00   9.8882588e-01   2.2656994e-01
   3.2715517e+00   2.5984494e+01   2.8416066e+00  -2.7662806e-01   2.6755546e+00   9.9632264e-01   2.2360955e-01
   3.2844828e+00   2.6126889e+01   2.8478233e+00  -2.7548460e-01   2.6781482e+00   1.0067333e+00   2.2497949e-01
   3.2974138e+00   2.6268568e+01   2.8430532e+00  -2.7554086e-01   2.6713979e+00   1.0111910e+00   2.2049792e-01
   3.3103448e+00   2.6409446e+01   2.8414716e+00  -2.7358832e-01   2.6666186e+00   1.0188016e+00   2.1771866e-01
   3.3232759e+00   2.6549430e+01   2.8353988e+00  -2.7440209e-01   2.6590529e+00   1.0218713e+00   2.1438016e-01
   3.3362069e+00   2.6688418e+01   2.8243006e+00  -2.7226379e-01   2.6456900e+00   1.0252444e+00   2.0719302e-01
   3.3491379e+00   2.6826297e+01   2.8230720e+00  -2.7212363e-01   2.6420554e+00   1.0311788e+00   2.0665390e-01
   3.3620690e+00   2.6962946e+01   2.8120207e+00  -2.6959418e-01   2.6285918e+00   1.0347208e+00   1.9996236e-01
   3.3750000e+00   2.7098230e+01   2.8063328e+00  -2.6904154e-01   2.6208260e+00   1.0388254e+00   1.9926449e-01
   3.3879310e+00   2.7232006e+01   2.7959343e+00  -2.6676194e-01   2.6081043e+00   1.0422104e+00   1.9321086e-01
   3.4008621e+00   2.7364117e+01   2.7903784e+00  -2.6580202e-01   2.6003189e+00   1.0465201e+00   1.9092572e-01
   3.4137931e+00   2.7494399e+01   2.7779425e+00  -2.6414482e-01   2.5861360e+00   1.0481589e+00   1.8473506e-01
   3.4267241e+00   2.7622672e+01   2.7722323e+00  -2.6296890e-01   2.5781784e+00   1.0523405e+00   1.8378010e-01
   3.4396552e+00   2.7748751e+01   2.7573745e+00  -2.6072914e-01   2.5616646e+00   1.0530757e+00   1.7747151e-01
   3.4525862e+00   2.7872439e+01   2.7529010e+00  -2.5973070e-01   2.5549639e+00   1.0573945e+00   1.7609766e-01
   3.4655172e+00   2.7993532e+01   2.7433450e+00  -2.5743863e-01   2.5432097e+00   1.0603306e+00   1.7263728e-01
   3.4784483e+00   2.8111825e+01   2.7336011e+00  -2.5557163e-01   2.5315410e+00   1.0626345e+00   1.6928314e-01
   3.4913793e+00   2.8227104e+01   2.7289632e+00  -2.5294463e-01   2.5240690e+00   1.0678468e+00   1.6904065e-01
   3.5043103e+00   2.8339160e+01   2.7155285e+00  -2.5090317e-01   2.5091821e+00   1.0682007e+00   1.6480744e-01
   3.5172414e+00   2.8447783e+01   2.7101973e+00  -2.4879264e-01   2.5014597e+00   1.0722719e+00   1.6385532e-01
   3.5301724e+00   2.8552776e+01   2.6972494e+00  -2.4645216e-01   2.4869987e+00   1.0727211e+00   1.5908353e-01
   3.5431034e+00   2.8653949e+01   2.6922369e+00  -2.4451098e-01   2.4797712e+00   1.0764108e+00   1.5924338e-01
   3.5560345e+00   2.8751126e+01   2.6823449e+00  -2.4128558e-01   2.4677180e+00   1.0786848e+00   1.5627740e-01
   3.5689655e+00   2.8844155e+01   2.6815336e+00  -2.3910410e-01   2.4642003e+00   1.0842095e+00   1.5911904e-01
   3.5818966e+00   2.8932905e+01   2.6703446e+00  -2.3609706e-01   2.4512707e+00   1.0852439e+00   1.5579230e-01
   3.5948276e+00   2.9017269e+01   2.6675001e+00  -2.3419528e-01   2.4462601e+00   1.0891353e+00   1.5666633e-01
   3.6077586e+00   2.9097177e+01   2.6618545e+00  -2.3061368e-01   2.4380640e+00   1.0929300e+00   1.5525024e-01
   3.6206897e+00   2.9172581e+01   2.6592676e+00  -2.2875818e-01   2.4334603e+00   1.0964969e+00   1.5707880e-01
   3.6336207e+00   2.9243475e+01   2.6536652e+00  -2.2512525e-01   2.4254385e+00   1.0999401e+00   1.5754040e-01
   3.6465517e+00   2.9309881e+01   2.6507918e+00  -2.2289527e-01   2.4205648e+00   1.1032883e+00   1.5757816e-01
   3.6594828e+00   2.9371856e+01   2.6448259e+00  -2.2025986e-01   2.4128784e+00   1.1052764e+00   1.5760519e-01
   3.6724138e+00   2.9429487e+01   2.6410077e+00  -2.1825837e-01   2.4074565e+00   1.1075700e+00   1.5814838e-01
   3.6853448e+00   2.9482890e+01   2.6378229e+00  -2.1470134e-01   2.4019002e+00   1.1113424e+00   1.5925076e-01
   3.6982759e+00   2.9532205e+01   2.6346195e+00  -2.1370921e-01   2.3976665e+00   1.1126935e+00   1.6091463e-01
   3.7112069e+00   2.9577597e+01   2.6257999e+00  -2.0931570e-01   2.3869453e+00   1.1140603e+00   1.6007353e-01
   3.7241379e+00   2.9619245e+01   2.6177860e+00  -2.0846119e-01   2.3787458e+00   1.1125772e+00   1.5914171e-01
   3.7370690e+00   2.9657344e+01   2.6173235e+00  -2.0525478e-01   2.3760170e+00   1.1167162e+00   1.6174891e-01
   3.7500000e+00   2.9692098e+01   2.6087371e+00  -2.0239670e-01   2.3664644e+00   1.1163869e+00   1.6207158e-01
   3.7629310e+00   2.9723715e+01   2.5970747e+00  -2.0146595e-01   2.3552586e+00   1.1127184e+00   1.6090488e-01
   3.7758621e+00   2.9752408e+01   2.5925643e+00  -1.9762971e-01   2.3488815e+00   1.1149900e+00   1.6073551e-01
   3.7887931e+00   2.9778386e+01   2.5847489e+00  -1.9686230e-01   2.3412112e+00   1.1128395e+00   1.6153880e-01
   3.8017241e+00   2.9801856e+01   2.5717354e+00  -1.9353199e-01   2.3278075e+00   1.1102205e+00   1.6044270e-01
   3.8146552e+00   2.9823018e+01   2.5700859e+00  -1.9149447e-01   2.3249530e+00   1.1120276e+00   1.6285992e-01
   3.8275862e+00   2.9842064e+01   2.5606452e+00  -1.8795785e-01   2.3146344e+00   1.1111703e+00   1.6215988e-01
   3.8405172e+00   2.9859178e+01   2.5500301e+00  -1.8735918e-01   2.3047984e+00   1.1070958e+00   1.6231623e-01
   3.8534483e+00   2.9874531e+01   2.5419445e+00  -1.8274734e-01   2.2951933e+00   1.1076849e+00   1.6419744e-01
   3.8663793e+00   2.9888287e+01   2.5388278e+00  -1.8186205e-01   2.2917840e+00   1.1074504e+00   1.6538005e-01
   3.8793103e+00   2.9900596e+01   2.5275978e+00  -1.7798057e-01   2.2798759e+00   1.1057094e+00   1.6586851e-01
   3.8922414e+00   2.9911597e+01   2.5245371e+00  -1.7712177e-01   2.2765824e+00   1.1053653e+00   1.6786282e-01
   3.9051724e+00   2.9921420e+01   2.5222034e+00  -1.7204266e-01   2.2718366e+00   1.1089936e+00   1.7247192e-01
   3.9181034e+00   2.9930182e+01   2.5145746e+00  -1.7144300e-01   2.2647565e+00   1.1060544e+00   1.7318448e-01
   3.9310345e+00   2.9937993e+01   2.5104195e+00  -1.6723274e-01   2.2589038e+00   1.1079379e+00   1.7613519e-01
   3.9439655e+00   2.9944949e+01   2.5134695e+00  -1.6519633e-01   2.2603956e+00   1.1114992e+00   1.8150881e-01
   3.9568966e+00   2.9951140e+01   2.5154955e+00  -1.6144906e-01   2.2601601e+00   1.1160018e+00   1.8614875e-01
   3.9698276e+00   2.9956647e+01   2.5074013e+00  -1.5948153e-01   2.2520575e+00   1.1138819e+00   1.8857480e-01
   3.9827586e+00   2.9961544e+01   2.5121353e+00  -1.5674977e-01   2.2546993e+00   1.1188053e+00   1.9494582e-01
   3.9956897e+00   2.9965895e+01   2.5140669e+00  -1.5356438e-01   2.2546967e+00   1.1227009e+00   1.9910523e-01
   4.0086207e+00   2.9969760e+01   2.5115477e+00  -1.5175439e-01   2.2515344e+00   1.1231625e+00   2.0410929e-01
   4.0215517e+00   2.9973192e+01   2.5145745e+00  -1.4836499e-01   2.2523958e+00   1.1277456e+00   2.0886774e-01
   4.0344828e+00   2.9976237e+01   2.5179769e+00  -1.4588903e-01   2.2540460e+00   1.1317101e+00   2.1585227e-01
   4.0474138e+00   2.9978941e+01   2.5190308e+00  -1.4402705e-01   2.2539751e+00   1.1339559e+00   2.2000437e-01
   4.0603448e+00   2.9981338e+01   2.5234459e+00  -1.3966967e-01   2.2555746e+00   1.1400309e+00   2.2802381e-01
   4.0732759e+00   2.9983465e+01   2.5270140e+00  -1.3794639e-01   2.2577616e+00   1.1433904e+00   2.3251681e-01
   4.0862069e+00   2.9985351e+01   2.5292360e+00  -1.3616723e-01   2.2587594e+00   1.1461163e+00   2.3900291e-01
   4.0991379e+00   2.9987023e+01   2.5304787e+00  -1.3235808e-01   2.2578984e+00   1.1501025e+00   2.4436974e-01
   4.1120690e+00   2.9988505e+01   2.5331426e+00  -1.3092327e-01   2.2594588e+00   1.1527351e+00   2.4945403e-01
   4.1250000e+00   2.9989818e+01   2.5376079e+00  -1.2796277e-01   2.2618201e+00   1.1575830e+00   2.5617724e-01
   4.1379310e+00   2.9990983e+01   2.5415367e+00  -1.2535216e-01   2.2638943e+00   1.1618539e+00   2.6272608e-01
   4.1508621e+00   2.9992013e+01   2.5464485e+00  -1.2285247e-01   2.2668779e+00   1.1665149e+00   2.6808883e-01
   4.1637931e+00   2.9992928e+01   2.5504889e+00  -1.2074716e-01   2.2693062e+00   1.1703942e+00   2.7541443e-01
   4.1767241e+00   2.9993737e+01   2.5525255e+00  -1.1829935e-01   2.2698299e+00   1.1735644e+00   2.7987945e-01
   4.1896552e+00   2.9994453e+01   2.5559771e+00  -1.1528903e-01   2.2712996e+00   1.1779254e+00   2.8659770e-01
   4.2025862e+00   2.9995089e+01   2.5609116e+00  -1.1430565e-01   2.2750686e+00   1.1812692e+00   2.9174001e-01
   4.2155172e+00   2.9995652e+01   2.5662480e+00  -1.1077976e-01   2.2779159e+00   1.1870130e+00   2.9832946e-01
   4.2284483e+00   2.9996149e+01   2.5650602e+00  -1.0940591e-01   2.2761900e+00   1.1876288e+00   3.0235593e-01
   4.2413793e+00   2.9996591e+01   2.5680829e+00  -1.0686844e-01   2.2775301e+00   1.1913551e+00   3.0812764e-01
   4.2543103e+00   2.9996982e+01   2.5758100e+00  -1.0480814e-01   2.2831840e+00   1.1970182e+00   3.1428278e-01
   4.2672414e+00   2.9997327e+01   2.5767303e+00  -1.0275318e-01   2.2829464e+00   1.1992718e+00   3.1934623e-01
   4.2801724e+00   2.9997634e+01   2.5819009e+00  -1.0010312e-01   2.2860931e+00   1.2041642e+00   3.2558179e-01
   4.2931034e+00   2.9997905e+01   2.5837853e+00  -9.8592237e-02   2.2869639e+00   1.2064256e+00   3.2994297e-01
   4.3060345e+00   2.9998145e+01   2.5866936e+00  -9.6435305e-02   2.2883992e+00   1.2097573e+00   3.3556045e-01
   4.3189655e+00   2.9998358e+01   2.5876618e+00  -9.4359198e-02   2.2881952e+00   1.2120479e+00   3.3975220e-01
   4.3318966e+00   2.9998546e+01   2.5901610e+00  -9.2871892e-02   2.2896120e+00   1.2145930e+00   3.4499266e-01
   4.3448276e+00   2.9998713e+01   2.5923898e+00  -9.0732274e-02   2.2904689e+00   1.2175670e+00   3.5027757e-01
   4.3577586e+00   2.9998860e+01   2.5963003e+00  -8.8355841e-02   2.2926642e+00   1.2215861e+00   3.5551411e-01
   4.3706897e+00   2.9998991e+01   2.5964584e+00  -8.7220739e-02   2.2922308e+00   1.2226534e+00   3.5970921e-01
   4.3836207e+00   2.9999107e+01   2.5950974e+00  -8.5354199e-02   2.2901165e+00   1.2235941e+00   3.6424094e-01
   4.3965517e+00   2.9999209e+01   2.5994062e+00  -8.3093536e-02   2.2927155e+00   1.2277103e+00   3.6950825e-01
   4.4094828e+00   2.9999300e+01   2.6015358e+00  -8.1526790e-02   2.2937745e+00   1.2301356e+00   3.7433430e-01
   4.4224138e+00   2.9999380e+01   2.5992119e+00  -8.0000909e-02   2.2909973e+00   1.2302984e+00   3.7835697e-01
   4.4353448e+00   2.9999452e+01   2.5993703e+00  -7.8083060e-02   2.2901741e+00   1.2320413e+00   3.8212973e-01
   4.4482759e+00   2.9999514e+01   2.6007409e+00  -7.6572932e-02   2.2906047e+00   1.2340369e+00   3.8739596e-01
   4.4612069e+00   2.9999570e+01   2.5994240e+00  -7.5207893e-02   2.2887804e+00   1.2345629e+00   3.9034943e-01
   4.4741379e+00   2.9999619e+01   2.5977146e+00  -7.3344827e-02   2.2863674e+00   1.2353236e+00   3.9501490e-01
   4.4870690e+00   2.9999663e+01   2.5987504e+00  -7.1377511e-02   2.2862799e+00   1.2375470e+00   3.9957674e-01
   4.5000000e+00   2.9999702e+01   2.5985163e+00  -7.0302535e-02   2.2855389e+00   1.2383625e+00   4.0350143e-01
   4.5129310e+00   2.9999736e+01   2.5961587e+00  -6.8961820e-02   2.2828260e+00   1.2383462e+00   4.0715484e-01
   4.5258621e+00   2.9999766e+01   2.5972189e+00  -6.6620449e-02   2.2825728e+00   1.2409051e+00   4.1204287e-01
   4.5387931e+00   2.9999793e+01   2.5937740e+00  -6.5798158e-02   2.2791777e+00   1.2398959e+00   4.1520542e-01
   4.5517241e+00   2.9999817e+01   2.5914429e+00  -6.4364769e-02   2.2764417e+00   1.2399726e+00   4.1882742e-01
   4.5646552e+00   2.9999837e+01   2.5886839e+00  -6.2774604e-02   2.2732568e+00   1.2399711e+00   4.2216826e-01
   4.5775862e+00   2.9999856e+01   2.5883762e+00  -6.1330620e-02   2.2722679e+00   1.2410685e+00   4.2603826e-01
   4.5905172e+00   2.9999873e+01   2.5845450e+00  -6.0072011e-02   2.2683204e+00   1.2402436e+00   4.2956330e-01
   4.6034483e+00   2.9999887e+01   2.5837000e+00  -5.8521298e-02   2.2668130e+00   1.2411646e+00   4.3341243e-01
   4.6163793e+00   2.9999901e+01   2.5812688e+00  -5.6856037e-02   2.2638745e+00   1.2413917e+00   4.3704671e-01
   4.6293103e+00   2.9999909e+01   2.5801604e+00  -5.5769451e-02   2.2623712e+00   1.2417788e+00   4.4085843e-01
   4.6422414e+00   2.9999906e+01   2.5756963e+00  -5.4286937e-02   2.2577639e+00   1.2408306e+00   4.4361576e-01
   4.6551724e+00   2.9999887e+01   2.5692220e+00  -5.3246593e-02   2.2516372e+00   1.2384936e+00   4.4621122e-01
   4.6681034e+00   2.9999846e+01   2.5694643e+00  -5.1507091e-02   2.2509782e+00   1.2401196e+00   4.4953807e-01
   4.6810345e+00   2.9999777e+01   2.5654348e+00  -5.0572852e-02   2.2470230e+00   1.2389113e+00   4.5348128e-01
   4.6939655e+00   2.9999676e+01   2.5622544e+00  -4.8880464e-02   2.2434246e+00   1.2387828e+00   4.5566906e-01
   4.7068966e+00   2.9999536e+01   2.5598734e+00  -4.7646267e-02   2.2407485e+00   1.2386557e+00   4.5989591e-01
   4.7198276e+00   2.9999352e+01   2.5556183e+00  -4.6147164e-02   2.2363180e+00   1.2378192e+00   4.6191822e-01
   4.7327586e+00   2.9999118e+01   2.5493837e+00  -4.5164006e-02   2.2304321e+00   1.2355443e+00   4.6448114e-01
   4.7456897e+00   2.9998828e+01   2.5463992e+00  -4.3896991e-02   2.2272202e+00   1.2351382e+00   4.6724746e-01
   4.7586207e+00   2.9998478e+01   2.5419942e+00  -4.2272014e-02   2.2226003e+00   1.2343294e+00   4.7004122e-01
   4.7715517e+00   2.9998062e+01   2.5375973e+00  -4.1076341e-02   2.2182036e+00   1.2331505e+00   4.7245848e-01
   4.7844828e+00   2.9997573e+01   2.5315787e+00  -3.9818159e-02   2.2123726e+00   1.2312121e+00   4.7499712e-01
   4.7974138e+00   2.9997007e+01   2.5274722e+00  -3.8647544e-02   2.2082432e+00   1.2301510e+00   4.7681307e-01
   4.8103448e+00   2.9996358e+01   2.5225828e+00  -3.7348864e-02   2.2033733e+00   1.2288063e+00   4.7934210e-01
   4.8232759e+00   2.9995621e+01   2.5185523e+00  -3.6155946e-02   2.1993021e+00   1.2277961e+00   4.8179995e-01
   4.8362069e+00   2.9994789e+01   2.5120122e+00  -3.4520662e-02   2.1928382e+00   1.2259109e+00   4.8393172e-01
   4.8491379e+00   2.9993857e+01   2.5066178e+00  -3.3551441e-02   2.1877016e+00   1.2240180e+00   4.8572844e-01
   4.8620690e+00   2.9992820e+01   2.5019190e+00  -3.2056285e-02   2.1829068e+00   1.2229244e+00   4.8767098e-01
   4.8750000e+00   2.9991673e+01   2.4932268e+00  -3.1064638e-02   2.1749073e+00   1.2193946e+00   4.8893028e-01
   4.8879310e+00   2.9990408e+01   2.4891807e+00  -2.9420365e-02   2.1706080e+00   1.2187482e+00   4.9115769e-01
   4.9008621e+00   2.9989022e+01   2.4820300e+00  -2.8326910e-02   2.1638975e+00   1.2160686e+00   4.9264925e-01
   4.9137931e+00   2.9987509e+01   2.4727707e+00  -2.7167702e-02   2.1553305e+00   1.2123876e+00   4.9302662e-01
   4.9267241e+00   2.9985862e+01   2.4687856e+00  -2.5931910e-02   2.1512960e+00   1.2114043e+00   4.9552060e-01
   4.9396552e+00   2.9984076e+01   2.4605803e+00  -2.4586309e-02   2.1435541e+00   1.2084021e+00   4.9624753e-01
   4.9525862e+00   2.9982146e+01   2.4531351e+00  -2.3241663e-02   2.1364740e+00   1.2057740e+00   4.9738545e-01
   4.9655172e+00   2.9980067e+01   2.4445314e+00  -2.2061934e-02   2.1284757e+00   1.2024191e+00   4.9816533e-01
   4.9784483e+00   2.9977832e+01   2.4366979e+00  -2.0902227e-02   2.1211576e+00   1.1994265e+00   4.9907935e-01
   4.9913793e+00   2.9975436e+01   2.4247599e+00  -1.9625097e-02   2.1102285e+00   1.1944795e+00   4.9889279e-01
   5.0043103e+00   2.9972874e+01   2.4197646e+00  -1.8379710e-02   2.1053325e+00   1.1929684e+00   5.0007894e-01
   5.0172414e+00   2.9970139e+01   2.4117645e+00  -1.7129238e-02   2.0978344e+00   1.1899547e+00   5.0103752e-01
   5.0301724e+00   2.9967228e+01   2.4001822e+00  -1.6112707e-02   2.0873533e+00   1.1849434e+00   4.9991832e-01
   5.0431034e+00   2.9964132e+01   2.3887047e+00  -1.5047598e-02   2.0769419e+00   1.1800208e+00   5.0013932e-01
   5.0560345e+00   2.9960849e+01   2.3824356e+00  -1.3294825e-02   2.0707028e+00   1.1782895e+00   5.0102333e-01
   5.0689655e+00   2.9957371e+01   2.3728516e+00  -1.2133015e-02   2.0618906e+00   1.1743845e+00   5.0097024e-01
   5.0818966e+00   2.9953693e+01   2.3607017e+00  -1.1046805e-02   2.0508966e+00   1.1691268e+00   4.9992525e-01
   5.0948276e+00   2.9949810e+01   2.3475290e+00  -9.9110625e-03   2.0389952e+00   1.1633956e+00   4.9883149e-01
   5.1077586e+00   2.9945715e+01   2.3361228e+00  -8.9150825e-03   2.0286977e+00   1.1584192e+00   4.9788109e-01
   5.1206897e+00   2.9941405e+01   2.3286859e+00  -7.4931506e-03   2.0216308e+00   1.1557868e+00   4.9835778e-01
   5.1336207e+00   2.9936872e+01   2.3135486e+00  -6.2943042e-03   2.0080063e+00   1.1491116e+00   4.9639752e-01
   5.1465517e+00   2.9932112e+01   2.2996746e+00  -5.4431942e-03   1.9956537e+00   1.1427596e+00   4.9491418e-01
   5.1594828e+00   2.9927118e+01   2.2887112e+00  -4.2506671e-03   1.9856567e+00   1.1381495e+00   4.9406872e-01
   5.1724138e+00   2.9921886e+01   2.2773398e+00  -2.8994407e-03   1.9752310e+00   1.1334670e+00   4.9288250e-01
   5.1853448e+00   2.9916409e+01   2.2620287e+00  -1.7207375e-03   1.9614805e+00   1.1266637e+00   4.9119306e-01
   5.1982759e+00   2.9910682e+01   2.2484236e+00  -8.1283999e-04   1.9493474e+00   1.1204704e+00   4.8905568e-01
   5.2112069e+00   2.9904701e+01   2.2346477e+00   1.0397802e-04   1.9370656e+00   1.1141935e+00   4.8678508e-01
   5.2241379e+00   2.9898458e+01   2.2209264e+00   1.4629388e-03   1.9246145e+00   1.1083210e+00   4.8497262e-01
   5.2370690e+00   2.9891948e+01   2.2029454e+00   2.0954627e-03   1.9088362e+00   1.0996896e+00   4.8172588e-01
   5.2500000e+00   2.9885167e+01   2.1876109e+00   3.4170894e-03   1.8950124e+00   1.0929689e+00   4.7929303e-01
   5.2629310e+00   2.9878107e+01   2.1745302e+00   4.6467832e-03   1.8831924e+00   1.0872854e+00   4.7737388e-01
   5.2758621e+00   2.9870765e+01   2.1595535e+00   5.5783023e-03   1.8698807e+00   1.0803928e+00   4.7491267e-01
   5.2887931e+00   2.9863134e+01   2.1409753e+00   6.2981009e-03   1.8535549e+00   1.0715173e+00   4.7108976e-01
   5.3017241e+00   2.9855208e+01   2.1233868e+00   7.4035326e-03   1.8378985e+00   1.0634639e+00   4.6812506e-01
   5.3146552e+00   2.9846983e+01   2.1103616e+00   8.4608021e-03   1.8262274e+00   1.0576346e+00   4.6545779e-01
   5.3275862e+00   2.9838452e+01   2.0929027e+00   9.1251117e-03   1.8109100e+00   1.0492522e+00   4.6204368e-01
   5.3405172e+00   2.9829610e+01   2.0722976e+00   1.0102385e-02   1.7927106e+00   1.0395710e+00   4.5800638e-01
   5.3534483e+00   2.9820451e+01   2.0575798e+00   1.1351449e-02   1.7794867e+00   1.0330492e+00   4.5518333e-01
   5.3663793e+00   2.9810970e+01   2.0411296e+00   1.1973143e-02   1.7650752e+00   1.0251161e+00   4.5166498e-01
   5.3793103e+00   2.9801162e+01   2.0215053e+00   1.2931549e-02   1.7477453e+00   1.0158925e+00   4.4757245e-01
   5.3922414e+00   2.9791020e+01   2.0009780e+00   1.3638204e-02   1.7297595e+00   1.0059977e+00   4.4279203e-01
   5.4051724e+00   2.9780540e+01   1.9836277e+00   1.4769390e-02   1.7143227e+00   9.9804551e-01   4.3924267e-01
   5.4181034e+00   2.9769715e+01   1.9652696e+00   1.5414117e-02   1.6982557e+00   9.8916613e-01   4.3546098e-01
   5.4310345e+00   2.9758540e+01   1.9449054e+00   1.6314821e-02   1.6803229e+00   9.7950916e-01   4.3058554e-01
   5.4439655e+00   2.9747010e+01   1.9244878e+00   1.6960786e-02   1.6624724e+00   9.6960118e-01   4.2628004e-01
   5.4568966e+00   2.9735119e+01   1.9062929e+00   1.8084259e-02   1.6463172e+00   9.6120716e-01   4.2224801e-01
   5.4698276e+00   2.9722861e+01   1.8881651e+00   1.8929184e-02   1.6303612e+00   9.5260084e-01   4.1878224e-01
   5.4827586e+00   2.9710230e+01   1.8681905e+00   1.9645319e-02   1.6128673e+00   9.4296371e-01   4.1411554e-01
   5.4956897e+00   2.9697222e+01   1.8468073e+00   2.0560221e-02   1.5940535e+00   9.3279869e-01   4.0989155e-01
   5.5086207e+00   2.9683831e+01   1.8283559e+00   2.1512460e-02   1.5777699e+00   9.2411600e-01   4.0576816e-01
   5.5215517e+00   2.9670051e+01   1.8099958e+00   2.2157767e-02   1.5617198e+00   9.1520887e-01   4.0229309e-01
   5.5344828e+00   2.9655877e+01   1.7911652e+00   2.3511803e-02   1.5449121e+00   9.0668197e-01   3.9853187e-01
   5.5474138e+00   2.9641302e+01   1.7686692e+00   2.4035762e-02   1.5253314e+00   8.9561852e-01   3.9442751e-01
   5.5603448e+00   2.9626322e+01   1.7514618e+00   2.5050530e-02   1.5101061e+00   8.8759549e-01   3.9138571e-01
   5.5732759e+00   2.9610931e+01   1.7366977e+00   2.5972463e-02   1.4970530e+00   8.8069625e-01   3.8980832e-01
   5.5862069e+00   2.9595123e+01   1.7186991e+00   2.7422961e-02   1.4809291e+00   8.7265554e-01   3.8704986e-01
   5.5991379e+00   2.9578893e+01   1.7034150e+00   2.8536699e-02   1.4673342e+00   8.6566002e-01   3.8587551e-01
   5.6120690e+00   2.9562236e+01   1.6896711e+00   2.9776412e-02   1.4550194e+00   8.5953088e-01   3.8525287e-01
   5.6250000e+00   2.9545145e+01   1.6788161e+00   3.1160041e-02   1.4451500e+00   8.5494784e-01   3.8606861e-01
   5.6379310e+00   2.9527615e+01   1.6713878e+00   3.2666581e-02   1.4382055e+00   8.5215553e-01   3.8804794e-01
   5.6508621e+00   2.9509640e+01   1.6622553e+00   3.4564837e-02   1.4295900e+00   8.4885791e-01   3.9010560e-01
   5.6637931e+00   2.9491216e+01   1.6564451e+00   3.6167684e-02   1.4240164e+00   8.4693301e-01   3.9389709e-01
   5.6767241e+00   2.9472336e+01   1.6549815e+00   3.8125342e-02   1.4220581e+00   8.4744799e-01   3.9894477e-01
   5.6896552e+00   2.9452994e+01   1.6532353e+00   3.9830608e-02   1.4199851e+00   8.4759412e-01   4.0394649e-01
   5.7025862e+00   2.9433187e+01   1.6534144e+00   4.2030038e-02   1.4193532e+00   8.4910676e-01   4.1040873e-01
   5.7155172e+00   2.9412906e+01   1.6578532e+00   4.4331568e-02   1.4223900e+00   8.5278904e-01   4.1806320e-01
   5.7284483e+00   2.9392148e+01   1.6623685e+00   4.6655807e-02   1.4254923e+00   8.5651478e-01   4.2642127e-01
   5.7413793e+00   2.9370907e+01   1.6701107e+00   4.9376169e-02   1.4312226e+00   8.6215422e-01   4.3568502e-01
   5.7543103e+00   2.9349177e+01   1.6784324e+00   5.1880294e-02   1.4375756e+00   8.6787275e-01   4.4567824e-01
   5.7672414e+00   2.9326952e+01   1.6863740e+00   5.4355093e-02   1.4436238e+00   8.7336241e-01   4.5510560e-01
   5.7801724e+00   2.9304227e+01   1.6954749e+00   5.7181146e-02   1.4505232e+00   8.7970861e-01   4.6520113e-01
   5.7931034e+00   2.9280997e+01   1.7071632e+00   5.9862531e-02   1.4597632e+00   8.8717589e-01   4.7617622e-01
   5.8060345e+00   2.9257255e+01   1.7163299e+00   6.2787322e-02   1.4666986e+00   8.9360267e-01   4.8618676e-01
   5.8189655e+00   2.9232997e+01   1.7261435e+00   6.4978826e-02   1.4745703e+00   8.9968660e-01   4.9659081e-01
   5.8318966e+00   2.9208216e+01   1.7365506e+00   6.7523816e-02   1.4828012e+00   9.0634864e-01   5.0652307e-01
   5.8448276e+00   2.9182908e+01   1.7462584e+00   7.0074656e-02   1.4904333e+00   9.1265418e-01   5.1644436e-01
   5.8577586e+00   2.9157066e+01   1.7555416e+00   7.2486031e-02   1.4977767e+00   9.1861048e-01   5.2604209e-01
   5.8706897e+00   2.9130685e+01   1.7648239e+00   7.5370448e-02   1.5049036e+00   9.2495898e-01   5.3552536e-01
   5.8836207e+00   2.9103760e+01   1.7739879e+00   7.6935311e-02   1.5125840e+00   9.3007630e-01   5.4429900e-01
   5.8965517e+00   2.9076284e+01   1.7842742e+00   7.9423973e-02   1.5208103e+00   9.3652471e-01   5.5365960e-01
   5.9094828e+00   2.9048253e+01   1.7931328e+00   8.1516749e-02   1.5279964e+00   9.4191135e-01   5.6188917e-01
   5.9224138e+00   2.9019661e+01   1.7972281e+00   8.3435676e-02   1.5311166e+00   9.4481342e-01   5.6849310e-01
   5.9353448e+00   2.8990502e+01   1.8041899e+00   8.5713819e-02   1.5365825e+00   9.4940087e-01   5.7613486e-01
   5.9482759e+00   2.8960770e+01   1.8117691e+00   8.7027427e-02   1.5430704e+00   9.5342268e-01   5.8230301e-01
   5.9612069e+00   2.8930461e+01   1.8123343e+00   8.8366701e-02   1.5434213e+00   9.5405181e-01   5.8655324e-01
   5.9741379e+00   2.8899568e+01   1.8209938e+00   9.0183184e-02   1.5506388e+00   9.5899471e-01   5.9404545e-01
   5.9870690e+00   2.8868086e+01   1.8216849e+00   9.1568787e-02   1.5511017e+00   9.5968964e-01   5.9706763e-01
   6.0000000e+00   2.8836010e+01   1.8194445e+00   9.2742370e-02   1.5491101e+00   9.5876862e-01   6.0086949e-01
   6.0129310e+00   2.8803333e+01   1.8307288e+00   9.4325877e-02   1.5587819e+00   9.6470940e-01   6.0601798e-01
   6.0258621e+00   2.8770051e+01   1.8336478e+00   9.5539333e-02   1.5613167e+00   9.6627234e-01   6.1103875e-01
   6.0387931e+00   2.8736158e+01   1.8244632e+00   9.6291785e-02   1.5534728e+00   9.6159263e-01   6.0919785e-01
   6.0517241e+00   2.8701647e+01   1.8300921e+00   9.6391564e-02   1.5589411e+00   9.6344757e-01   6.1372713e-01
   6.0646552e+00   2.8666515e+01   1.8342408e+00   9.7667323e-02   1.5625597e+00   9.6560100e-01   6.1489159e-01
   6.0775862e+00   2.8630754e+01   1.8310925e+00   9.9058445e-02   1.5597322e+00   9.6433805e-01   6.1776934e-01
   6.0905172e+00   2.8594360e+01   1.8270101e+00   9.9343261e-02   1.5566236e+00   9.6164332e-01   6.1602248e-01
