   2.5862069e-02  -5.0000000e+00  -5.4430278e-01   1.3501044e-02  -5.4105485e-01   6.0888782e-02  -2.6693531e-02
   5.1724138e-02  -5.0000000e+00  -2.8159390e-01   1.5654092e-01  -2.6687891e-01   1.8048776e-01   5.3720924e-02
   7.7586207e-02  -5.0000000e+00   1.0011030e+00  -7.8909059e-02   9.9041611e-01  -1.6586066e-01   3.1949339e-01
   1.0344828e-01  -5.0000000e+00  -2.1661434e+00   6.0535922e-02  -2.1526246e+00   2.4909741e-01  -4.3636915e-01
   1.2931034e-01  -5.0000000e+00   1.6784604e+00   2.1262285e-02   1.6739265e+00  -1.2510609e-01   4.7527148e-01
   1.5517241e-01  -5.0000000e+00  -1.3774432e+00  -7.2943236e-03  -1.3728373e+00   1.1278552e-01  -2.4977108e-01
   1.8103448e-01  -5.0000000e+00  -4.6970208e-02   7.1925521e-02  -4.0522750e-02   7.5745546e-02   8.6165777e-02
   2.0689655e-01  -5.0000000e+00   3.6721406e-02  -7.4859311e-03   3.5929228e-02  -1.0657926e-02   8.7539062e-02
   2.3275862e-01  -5.0000000e+00  -2.6057268e-01   1.7918106e-02  -2.5801946e-01   4.0560328e-02   2.2564918e-02
   2.5862069e-01  -5.0000000e+00  -6.3744695e-01   3.4134667e-02  -6.3204624e-01   8.9561937e-02  -6.1752407e-02
   2.8448276e-01  -5.0000000e+00   3.8350461e-01  -3.5905046e-03   3.8173232e-01  -3.7001470e-02   1.6659033e-01
   3.1034483e-01  -5.0000000e+00  -9.2670769e-01   3.2524930e-02  -9.2034655e-01   1.1316906e-01  -1.3376176e-01
   3.3620690e-01  -5.0000000e+00   4.1550199e-01   9.8515692e-03   4.1477950e-01  -2.6399303e-02   1.8148464e-01
   3.6206897e-01  -5.0000000e+00  -7.7828354e-01   1.2562631e-02  -7.7422703e-01   8.0346706e-02  -9.9631265e-02
   3.8793103e-01  -5.0000000e+00   1.3760695e-01   2.6523828e-02   1.3939502e-01   1.4429661e-02   1.2408747e-01
   4.1379310e-01  -5.0000000e+00  -4.6896127e-01   3.0141660e-03  -4.6691403e-01   4.3875364e-02  -2.9324596e-02
   4.3965517e-01  -5.0000000e+00  -1.6837628e-01   1.8195061e-02  -1.6614975e-01   3.2800783e-02   4.0140766e-02
   4.6551724e-01  -5.0000000e+00  -2.9189271e-01   1.2856602e-02  -2.8966144e-01   3.8247804e-02   2.2143930e-02
   4.9137931e-01  -5.0000000e+00  -1.3751149e-01   1.9012975e-02  -1.3533112e-01   3.0925541e-02   5.7397117e-02
   5.1724138e-01  -5.0000000e+00  -4.4392334e-01   8.1646933e-03  -4.4152248e-01   4.6824093e-02  -2.3961091e-02
   5.4310345e-01  -5.0000000e+00   1.0628031e-02   1.6841370e-02   1.2055410e-02   1.5850989e-02   8.9820281e-02
   5.6896552e-01  -5.0000000e+00  -6.1495990e-01   3.4667847e-03  -6.1231764e-01   5.7050879e-02  -6.7190219e-02
   5.9482759e-01  -5.0000000e+00   5.4732219e-02   2.3099298e-02   5.6537183e-02   1.8241171e-02   1.0823630e-01
   6.2068966e-01  -5.0000000e+00  -3.8232952e-01   7.9103582e-03  -3.8018520e-01   4.1202470e-02  -3.7906153e-03
   6.4655172e-01  -5.0000000e+00  -3.0223734e-01   1.0177697e-02  -3.0020019e-01   3.6480687e-02   1.2680907e-02
   6.7241379e-01  -5.0000000e+00  -1.7982557e-01   1.4063634e-02  -1.7791556e-01   2.9682949e-02   4.7304219e-02
   6.9827586e-01  -5.0000000e+00  -3.2129123e-01   5.3403583e-03  -3.1960318e-01   3.3322413e-02   1.0001808e-02
   7.2413793e-01  -5.0000000e+00  -2.6452273e-01   2.0186123e-02  -2.6175681e-01   4.3163983e-02   3.2851694e-02
   7.5000000e-01  -5.0000000e+00  -2.3401766e-01   4.9658888e-03  -2.3269435e-01   2.5342975e-02   2.8625309e-02
   7.7586207e-01  -5.0000000e+00  -3.5495153e-01   1.0244170e-02  -3.5270800e-01   4.1141253e-02   1.9218848e-03
   8.0172414e-01  -5.0000000e+00  -1.6151980e-01   1.2921227e-02  -1.5977901e-01   2.6949436e-02   5.2156045e-02
   8.2758621e-01  -5.0000000e+00  -3.8197298e-01   9.3519002e-03  -3.7970438e-01   4.2607452e-02  -3.5678620e-05
   8.5344828e-01  -5.0000000e+00  -2.0597010e-01   1.2437014e-02  -2.0410236e-01   3.0341164e-02   4.1438473e-02
   8.7931034e-01  -5.0000000e+00  -2.7705841e-01   7.0869858e-03  -2.7538645e-01   3.1207249e-02   2.0928830e-02
   9.0517241e-01  -5.0000000e+00  -3.4861001e-01   9.0493452e-03  -3.4649474e-01   3.9398274e-02   6.9882622e-03
   9.3103448e-01  -5.0000000e+00  -1.9004503e-01   1.2815657e-02  -1.8820489e-01   2.9330405e-02   4.9267942e-02
   9.5689655e-01  -5.0000000e+00  -3.4361039e-01   8.3804118e-03  -3.4157245e-01   3.8296140e-02   8.1887157e-03
   9.8275862e-01  -5.0000000e+00  -2.5739300e-01   9.1569916e-03  -2.5561545e-01   3.1555424e-02   2.8621955e-02
   1.0086207e+00  -5.0000000e+00  -2.9550253e-01   7.5339139e-03  -2.9372143e-01   3.3259988e-02   1.8417204e-02
   1.0344828e+00  -5.0000000e+00  -3.1026209e-01   1.1296840e-02  -3.0809686e-01   3.8294975e-02   2.0031728e-02
   1.0603448e+00  -5.0000000e+00  -2.3067854e-01   9.3025165e-03  -2.2898997e-01   2.9372077e-02   3.7784082e-02
   1.0862069e+00  -5.0000000e+00  -3.4026777e-01   7.8616324e-03  -3.3828776e-01   3.7488007e-02   9.4293425e-03
   1.1120690e+00  -5.0000000e+00  -2.8402794e-01   7.7856875e-03  -2.8226856e-01   3.2510727e-02   2.3814125e-02
   1.1379310e+00  -5.0000000e+00  -2.6209546e-01   8.4916874e-03  -2.6035801e-01   3.1302499e-02   3.1056808e-02
   1.1637931e+00  -5.0000000e+00  -3.2795534e-01   1.1107559e-02  -3.2573928e-01   3.9648482e-02   1.7197738e-02
   1.1896552e+00  -5.0000000e+00  -2.5691961e-01   6.2139077e-03  -2.5540038e-01   2.8582281e-02   3.0436182e-02
   1.2155172e+00  -5.0000000e+00  -3.4213079e-01   8.1463754e-03  -3.4011888e-01   3.7934039e-02   9.9008301e-03
   1.2413793e+00  -5.0000000e+00  -2.7130629e-01   7.4768495e-03  -2.6962223e-01   3.1094299e-02   2.8280485e-02
   1.2672414e+00  -5.0000000e+00  -3.0221069e-01   1.0043516e-02  -3.0018534e-01   3.6344695e-02   2.3581171e-02
   1.2931034e+00  -5.0000000e+00  -3.1609890e-01   8.1655626e-03  -3.1418437e-01   3.5684324e-02   1.8860905e-02
   1.3189655e+00  -5.0000000e+00  -2.8111349e-01   5.9809255e-03  -2.7952249e-01   3.0458821e-02   2.5042136e-02
   1.3448276e+00  -5.0000000e+00  -3.2290931e-01   8.0388444e-03  -3.2097991e-01   3.6151655e-02   1.7254294e-02
   1.3706897e+00  -5.0000000e+00  -2.9237491e-01   7.8886897e-03  -2.9057479e-01   3.3340824e-02   2.6415490e-02
   1.3965517e+00  -5.0000000e+00  -2.9278806e-01   8.9256904e-03  -2.9089599e-01   3.4409886e-02   2.5805528e-02
   1.4224138e+00  -5.0000000e+00  -3.2901382e-01   5.9959358e-03  -3.2723925e-01   3.4648564e-02   1.4681302e-02
   1.4482759e+00  -5.0000000e+00  -2.9216218e-01   6.5979483e-03  -2.9047537e-01   3.2036453e-02   2.3858742e-02
   1.4741379e+00  -5.0000000e+00  -3.2994003e-01   8.3223010e-03  -3.2795917e-01   3.7046801e-02   1.7425032e-02
   1.5000000e+00  -5.0000000e+00  -2.8922116e-01   7.7798493e-03  -2.8744253e-01   3.2957530e-02   2.7725060e-02
   1.5258621e+00  -5.0000000e+00  -3.1779738e-01   7.1106420e-03  -3.1596833e-01   3.4781450e-02   1.9382052e-02
   1.5517241e+00  -5.0000000e+00  -3.2696183e-01   5.8795166e-03  -3.2520520e-01   3.4353744e-02   1.6763871e-02
   1.5775862e+00  -5.0000000e+00  -2.9685094e-01   7.4599024e-03  -2.9507116e-01   3.3303779e-02   2.6032401e-02
   1.6034483e+00  -5.0000000e+00  -3.1995120e-01   8.2817565e-03  -3.1801188e-01   3.6135826e-02   2.1674786e-02
   1.6293103e+00  -5.0000000e+00  -3.0935104e-01   6.7466724e-03  -3.0758586e-01   3.3682719e-02   2.2638484e-02
   1.6551724e+00  -5.0000000e+00  -3.2622567e-01   6.3169235e-03  -3.2443373e-01   3.4725326e-02   1.7407892e-02
   1.6810345e+00  -5.0000000e+00  -3.2401738e-01   6.4620573e-03  -3.2222120e-01   3.4677443e-02   1.9025685e-02
   1.7068966e+00  -5.0000000e+00  -3.0492456e-01   8.1610397e-03  -3.0305295e-01   3.4705911e-02   2.5441546e-02
   1.7327586e+00  -5.0000000e+00  -3.3299330e-01   7.0843651e-03  -3.3110871e-01   3.6079685e-02   1.8163730e-02
   1.7586207e+00  -5.0000000e+00  -3.1521281e-01   6.1342710e-03  -3.1347870e-01   3.3583535e-02   2.1216358e-02
   1.7844828e+00  -5.0000000e+00  -3.2607488e-01   6.4993476e-03  -3.2426761e-01   3.4893914e-02   1.9280927e-02
   1.8103448e+00  -5.0000000e+00  -3.2393779e-01   7.2480919e-03  -3.2207339e-01   3.5453549e-02   2.1707095e-02
   1.8362069e+00  -5.0000000e+00  -3.1522675e-01   7.7622597e-03  -3.1335070e-01   3.5206544e-02   2.4070487e-02
   1.8620690e+00  -5.0000000e+00  -3.3499102e-01   5.9636071e-03  -3.3319652e-01   3.5137305e-02   1.7496956e-02
   1.8879310e+00  -5.0000000e+00  -3.2454068e-01   6.3319538e-03  -3.2275384e-01   3.4593443e-02   2.0104595e-02
   1.9137931e+00  -5.0000000e+00  -3.3195303e-01   7.1157813e-03  -3.3006967e-01   3.6020317e-02   1.9650545e-02
   1.9396552e+00  -5.0000000e+00  -3.2592402e-01   7.5295466e-03  -3.2402754e-01   3.5907045e-02   2.2019185e-02
   1.9655172e+00  -5.0000000e+00  -3.2622928e-01   6.8037492e-03  -3.2439490e-01   3.5210614e-02   2.0955606e-02
   1.9913793e+00  -5.0000000e+00  -3.4256780e-01   5.8454034e-03  -3.4075476e-01   3.5679911e-02   1.6453590e-02
   2.0172414e+00  -5.0000000e+00  -3.2502493e-01   6.9829970e-03  -3.2317951e-01   3.5284214e-02   2.2159793e-02
   2.0431034e+00  -5.0000000e+00  -3.3154722e-01   7.4656914e-03  -3.2963490e-01   3.6333526e-02   2.1661630e-02
   2.0689655e+00  -5.0000000e+00  -3.3280970e-01   6.9817389e-03  -3.3093476e-01   3.5961448e-02   2.0777505e-02
   2.0948276e+00  -5.0000000e+00  -3.3657786e-01   6.2331074e-03  -3.3475383e-01   3.5544082e-02   1.8754565e-02
   2.1206897e+00  -5.0000000e+00  -3.4128594e-01   6.5290008e-03  -3.3941821e-01   3.6249186e-02   1.8258757e-02
   2.1465517e+00  -5.0000000e+00  -3.2982430e-01   7.5402328e-03  -3.2791204e-01   3.6257621e-02   2.2357675e-02
   2.1724138e+00  -5.0000000e+00  -3.4028484e-01   7.2824638e-03  -3.3835524e-01   3.6912529e-02   1.9750594e-02
   2.1982759e+00  -5.0000000e+00  -3.4043056e-01   6.5486467e-03  -3.3856437e-01   3.6194205e-02   1.8886121e-02
   2.2241379e+00  -5.0000000e+00  -3.4007813e-01   6.5203166e-03  -3.3821574e-01   3.6135267e-02   1.9147009e-02
   2.2500000e+00  -5.0000000e+00  -3.4142980e-01   7.3664827e-03  -3.3948853e-01   3.7096019e-02   2.0275239e-02
   2.2758621e+00  -5.0000000e+00  -3.3517589e-01   7.6651627e-03  -3.3323238e-01   3.6848498e-02   2.2256115e-02
   2.3017241e+00  -5.0000000e+00  -3.4553876e-01   6.8606089e-03  -3.4362593e-01   3.6950189e-02   1.8867752e-02
   2.3275862e+00  -5.0000000e+00  -3.4443208e-01   6.7471089e-03  -3.4253336e-01   3.6740668e-02   1.8846511e-02
   2.3534483e+00  -5.0000000e+00  -3.4303263e-01   7.3265482e-03  -3.4108874e-01   3.7195932e-02   2.0076916e-02
   2.3793103e+00  -5.0000000e+00  -3.4467216e-01   7.9003048e-03  -3.4267202e-01   3.7910400e-02   2.0525872e-02
   2.4051724e+00  -5.0000000e+00  -3.4276662e-01   7.4236895e-03  -3.4081527e-01   3.7269519e-02   2.0416772e-02
   2.4310345e+00  -5.0000000e+00  -3.5086734e-01   6.9535826e-03  -3.4892614e-01   3.7507225e-02   1.7997453e-02
   2.4568966e+00  -5.0000000e+00  -3.4621571e-01   7.4491067e-03  -3.4424903e-01   3.7595448e-02   1.9995951e-02
   2.4827586e+00  -5.0000000e+00  -3.4485260e-01   7.9612579e-03  -3.4284646e-01   3.7986847e-02   2.1329598e-02
   2.5086207e+00  -5.0000000e+00  -3.4786654e-01   7.9603643e-03  -3.4584901e-01   3.8248639e-02   2.0487463e-02
   2.5344828e+00  -5.0000000e+00  -3.4894263e-01   7.3001066e-03  -3.4697855e-01   3.7684681e-02   1.9511579e-02
   2.5603448e+00  -5.0000000e+00  -3.5356711e-01   7.5379082e-03  -3.5156471e-01   3.8324629e-02   1.8630191e-02
   2.5862069e+00  -5.0000000e+00  -3.4777802e-01   8.2403673e-03  -3.4573642e-01   3.8519862e-02   2.1025140e-02
   2.6120690e+00  -5.0000000e+00  -3.5013823e-01   8.3291002e-03  -3.4807992e-01   3.8813963e-02   2.0728145e-02
   2.6379310e+00  -5.0000000e+00  -3.5448098e-01   7.8538551e-03  -3.5244756e-01   3.8719022e-02   1.9081635e-02
   2.6637931e+00  -5.0000000e+00  -3.5276924e-01   7.7739599e-03  -3.5074930e-01   3.8490243e-02   1.9567334e-02
   2.6896552e+00  -5.0000000e+00  -3.5348814e-01   8.4147535e-03  -3.5140962e-01   3.9191254e-02   2.0366487e-02
   2.7155172e+00  -5.0000000e+00  -3.5032060e-01   8.7361405e-03  -3.4822612e-01   3.9235349e-02   2.1679398e-02
   2.7413793e+00  -5.0000000e+00  -3.5454649e-01   8.4272446e-03  -3.5246286e-01   3.9295939e-02   2.0296647e-02
   2.7672414e+00  -5.0000000e+00  -3.5590837e-01   8.1849711e-03  -3.5384066e-01   3.9173283e-02   1.9761274e-02
   2.7931034e+00  -5.0000000e+00  -3.5417752e-01   8.6327612e-03  -3.5207737e-01   3.9468516e-02   2.0877375e-02
   2.8189655e+00  -5.0000000e+00  -3.5440735e-01   9.0830209e-03  -3.5226709e-01   3.9937093e-02   2.1546405e-02
   2.8448276e+00  -5.0000000e+00  -3.5472277e-01   8.9620737e-03  -3.5259184e-01   3.9844096e-02   2.1312605e-02
   2.8706897e+00  -5.0000000e+00  -3.5716116e-01   8.6828117e-03  -3.5504530e-01   3.9778417e-02   2.0451795e-02
   2.8965517e+00  -5.0000000e+00  -3.5707003e-01   8.8851071e-03  -3.5493688e-01   3.9972000e-02   2.0973019e-02
   2.9224138e+00  -5.0000000e+00  -3.5369485e-01   9.3632036e-03  -3.5153287e-01   4.0154111e-02   2.2646387e-02
   2.9482759e+00  -5.0000000e+00  -3.5591364e-01   9.4940282e-03  -3.5373182e-01   4.0477818e-02   2.2250344e-02
   2.9741379e+00  -5.0000000e+00  -3.5611500e-01   9.0751256e-03  -3.5396893e-01   4.0078059e-02   2.1862103e-02
   3.0000000e+00  -5.0000000e+00  -3.5834393e-01   9.2232995e-03  -3.5617646e-01   4.0419934e-02   2.1471431e-02
   3.0258621e+00  -5.0000000e+00  -3.5594829e-01   9.6414780e-03  -3.5375349e-01   4.0627727e-02   2.2694646e-02
   3.0517241e+00  -5.0000000e+00  -3.5570652e-01   9.8725331e-03  -3.5349250e-01   4.0836831e-02   2.3100356e-02
   3.0775862e+00  -5.0000000e+00  -3.5861535e-01   9.6322088e-03  -3.5641120e-01   4.0850942e-02   2.2102308e-02
   3.1034483e+00  -5.0000000e+00  -3.5853420e-01   9.5604808e-03  -3.5633662e-01   4.0772415e-02   2.2102611e-02
   3.1293103e+00  -5.0000000e+00  -3.5788005e-01   9.9665443e-03  -3.5564957e-01   4.1119920e-02   2.2916601e-02
   3.1551724e+00  -5.0000000e+00  -3.5600257e-01   1.0209555e-02  -3.5375805e-01   4.1198373e-02   2.3924743e-02
   3.1810345e+00  -5.0000000e+00  -3.5730395e-01   1.0128803e-02  -3.5506151e-01   4.1231351e-02   2.3692784e-02
   3.2068966e+00  -5.0000000e+00  -3.5903068e-01   9.9780920e-03  -3.5679481e-01   4.1231708e-02   2.3214190e-02
   3.2327586e+00  -5.0000000e+00  -3.5735698e-01   1.0269982e-02  -3.5510204e-01   4.1376614e-02   2.3990034e-02
   3.2586207e+00  -5.0000000e+00  -3.5664174e-01   1.0606743e-02  -3.5436017e-01   4.1649757e-02   2.4683860e-02
   3.2844828e+00  -5.0000000e+00  -3.5667959e-01   1.0592083e-02  -3.5439916e-01   4.1638452e-02   2.4820451e-02
   3.3103448e+00  -5.0000000e+00  -3.5741170e-01   1.0425368e-02  -3.5514301e-01   4.1536178e-02   2.4638318e-02
   3.3362069e+00  -5.0000000e+00  -3.5736371e-01   1.0540690e-02  -3.5508515e-01   4.1646879e-02   2.5018049e-02
   3.3620690e+00  -5.0000000e+00  -3.5501260e-01   1.0911669e-02  -3.5271066e-01   4.1811534e-02   2.6299916e-02
   3.3879310e+00  -5.0000000e+00  -3.5480710e-01   1.1046598e-02  -3.5249418e-01   4.1928039e-02   2.6671700e-02
   3.4137931e+00  -5.0000000e+00  -3.5495264e-01   1.0870473e-02  -3.5265452e-01   4.1765268e-02   2.6505317e-02
   3.4396552e+00  -5.0000000e+00  -3.5520597e-01   1.0929167e-02  -3.5290177e-01   4.1845819e-02   2.6481731e-02
   3.4655172e+00  -5.0000000e+00  -3.5358456e-01   1.1146046e-02  -3.5126762e-01   4.1920557e-02   2.7299903e-02
   3.4913793e+00  -5.0000000e+00  -3.5254484e-01   1.1329961e-02  -3.5021583e-01   4.2013154e-02   2.8004742e-02
   3.5172414e+00  -5.0000000e+00  -3.5368215e-01   1.1223869e-02  -3.5135806e-01   4.2006589e-02   2.7573117e-02
   3.5431034e+00  -5.0000000e+00  -3.5405956e-01   1.1145034e-02  -3.5174090e-01   4.1960947e-02   2.7372741e-02
   3.5689655e+00  -5.0000000e+00  -3.5346146e-01   1.1385778e-02  -3.5112409e-01   4.2148648e-02   2.7758292e-02
   3.5948276e+00  -5.0000000e+00  -3.5298529e-01   1.1568020e-02  -3.5063385e-01   4.2288695e-02   2.8142669e-02
   3.6206897e+00  -5.0000000e+00  -3.5354500e-01   1.1529690e-02  -3.5119478e-01   4.2299293e-02   2.8119588e-02
   3.6465517e+00  -5.0000000e+00  -3.5617222e-01   1.1443032e-02  -3.5381955e-01   4.2441942e-02   2.7154279e-02
   3.6724138e+00  -5.0000000e+00  -3.5610565e-01   1.1596900e-02  -3.5373983e-01   4.2589423e-02   2.6856853e-02
   3.6982759e+00  -5.0000000e+00  -3.5655250e-01   1.1813221e-02  -3.5416612e-01   4.2843866e-02   2.6842264e-02
   3.7241379e+00  -5.0000000e+00  -3.5792073e-01   1.1838032e-02  -3.5552699e-01   4.2987833e-02   2.6250316e-02
   3.7500000e+00  -5.0000000e+00  -3.5976041e-01   1.1723937e-02  -3.5736961e-01   4.3034510e-02   2.5450602e-02
   3.7758621e+00  -5.0000000e+00  -3.6094408e-01   1.1758778e-02  -3.5854573e-01   4.3172381e-02   2.4954079e-02
   3.8017241e+00  -5.0000000e+00  -3.6088656e-01   1.1987529e-02  -3.5846850e-01   4.3395250e-02   2.5088511e-02
   3.8275862e+00  -5.0000000e+00  -3.6196677e-01   1.2077698e-02  -3.5953673e-01   4.3579221e-02   2.4603797e-02
   3.8534483e+00  -5.0000000e+00  -3.6370726e-01   1.1982556e-02  -3.6127890e-01   4.3636135e-02   2.3806679e-02
   3.8793103e+00  -5.0000000e+00  -3.6467797e-01   1.1892835e-02  -3.6225374e-01   4.3631359e-02   2.3261738e-02
   3.9051724e+00  -5.0000000e+00  -3.6622482e-01   1.2121902e-02  -3.6377473e-01   4.3994371e-02   2.2823575e-02
   3.9310345e+00  -5.0000000e+00  -3.6688685e-01   1.2190800e-02  -3.6442823e-01   4.4120706e-02   2.2545565e-02
   3.9568966e+00  -4.9999999e+00  -3.6895521e-01   1.2201388e-02  -3.6648781e-01   4.4311523e-02   2.1492654e-02
   3.9827586e+00  -4.9999999e+00  -3.7142942e-01   1.2144355e-02  -3.6895757e-01   4.4470349e-02   2.0501021e-02
   4.0086207e+00  -4.9999998e+00  -3.7250331e-01   1.2249888e-02  -3.7001818e-01   4.4669075e-02   2.0143291e-02
   4.0344828e+00  -4.9999998e+00  -3.7380978e-01   1.2350827e-02  -3.7131087e-01   4.4883495e-02   1.9928304e-02
   4.0603448e+00  -4.9999996e+00  -3.7528028e-01   1.2400257e-02  -3.7277147e-01   4.5060900e-02   1.9080228e-02
   4.0862069e+00  -4.9999994e+00  -3.7787674e-01   1.2345191e-02  -3.7536285e-01   4.5232338e-02   1.8291934e-02
   4.1120690e+00  -4.9999992e+00  -3.7899051e-01   1.2353258e-02  -3.7647168e-01   4.5337444e-02   1.7851239e-02
   4.1379310e+00  -4.9999988e+00  -3.7965501e-01   1.2513288e-02  -3.7711970e-01   4.5554777e-02   1.7534192e-02
   4.1637931e+00  -4.9999981e+00  -3.8096735e-01   1.2604919e-02  -3.7841906e-01   4.5760433e-02   1.6942676e-02
   4.1896552e+00  -4.9999971e+00  -3.8247146e-01   1.2542071e-02  -3.7992293e-01   4.5828909e-02   1.6230441e-02
   4.2155172e+00  -4.9999956e+00  -3.8430405e-01   1.2531356e-02  -3.8174948e-01   4.5977946e-02   1.5621233e-02
   4.2413793e+00  -4.9999933e+00  -3.8483860e-01   1.2626974e-02  -3.8227366e-01   4.6119774e-02   1.5255181e-02
   4.2672414e+00  -4.9999897e+00  -3.8618840e-01   1.2763511e-02  -3.8360643e-01   4.6373410e-02   1.4770416e-02
   4.2931034e+00  -4.9999844e+00  -3.8746534e-01   1.2726026e-02  -3.8488178e-01   4.6447324e-02   1.4059668e-02
   4.3189655e+00  -4.9999764e+00  -3.8872213e-01   1.2694054e-02  -3.8613658e-01   4.6524956e-02   1.3508617e-02
   4.3448276e+00  -4.9999642e+00  -3.8924635e-01   1.2809632e-02  -3.8664874e-01   4.6685701e-02   1.3200805e-02
   4.3706897e+00  -4.9999455e+00  -3.8950589e-01   1.2967036e-02  -3.8689359e-01   4.6864999e-02   1.3015448e-02
   4.3965517e+00  -4.9999173e+00  -3.8939885e-01   1.2933117e-02  -3.8678995e-01   4.6821690e-02   1.2953166e-02
   4.4224138e+00  -4.9998744e+00  -3.8880248e-01   1.2885206e-02  -3.8620006e-01   4.6721697e-02   1.2984806e-02
   4.4482759e+00  -4.9998092e+00  -3.8622717e-01   1.3057062e-02  -3.8361962e-01   4.6668014e-02   1.3743044e-02
   4.4741379e+00  -4.9997103e+00  -3.8118570e-01   1.3174276e-02  -3.7858719e-01   4.6344752e-02   1.5178767e-02
   4.5000000e+00  -4.9995601e+00  -3.7409518e-01   1.3373100e-02  -3.7150644e-01   4.5923902e-02   1.6969369e-02
   4.5258621e+00  -4.9993319e+00  -3.6311724e-01   1.3505572e-02  -3.6055891e-01   4.5097728e-02   2.0543696e-02
   4.5517241e+00  -4.9989856e+00  -3.4553961e-01   1.3763222e-02  -3.4302596e-01   4.3820537e-02   2.5816980e-02
   4.5775862e+00  -4.9984597e+00  -3.1821677e-01   1.4182101e-02  -3.1577093e-01   4.1854064e-02   3.4006685e-02
   4.6034483e+00  -4.9976614e+00  -2.7844927e-01   1.4735700e-02  -2.7610698e-01   3.8936810e-02   4.6213441e-02
   4.6293103e+00  -4.9964500e+00  -2.2064651e-01   1.5421202e-02  -2.1846498e-01   3.4579594e-02   6.3585148e-02
   4.6551724e+00  -4.9946121e+00  -1.3970754e-01   1.6424348e-02  -1.3774711e-01   2.8525209e-02   8.7841817e-02
   4.6810345e+00  -4.9918255e+00  -3.0156519e-02   1.7777725e-02  -2.8495235e-02   2.0334324e-02   1.2041544e-01
   4.7068966e+00  -4.9876040e+00   1.0845523e-01   1.9462863e-02   1.0973667e-01   9.9600471e-03   1.6126159e-01
   4.7327586e+00  -4.9812167e+00   2.7181061e-01   2.1399480e-02   2.7264214e-01  -2.2824275e-03   2.0757529e-01
   4.7586207e+00  -4.9715711e+00   4.4554423e-01   2.3601827e-02   4.4591338e-01  -1.5098473e-02   2.5470385e-01
   4.7844828e+00  -4.9570468e+00   6.0785418e-01   2.5616164e-02   6.0779413e-01  -2.7003655e-02   2.9532865e-01
   4.8103448e+00  -4.9352693e+00   7.3886518e-01   2.7423238e-02   7.3848508e-01  -3.6243168e-02   3.2299770e-01
   4.8362069e+00  -4.9028228e+00   8.2748332e-01   2.8725248e-02   8.2691066e-01  -4.2101553e-02   3.3500058e-01
   4.8620690e+00  -4.8549235e+00   8.7913863e-01   2.9733594e-02   8.7850090e-01  -4.4777259e-02   3.3396363e-01
   4.8879310e+00  -4.7851395e+00   9.0587611e-01   3.0432532e-02   9.0525737e-01  -4.5241169e-02   3.2443222e-01
   4.9137931e+00  -4.6853193e+00   9.1958611e-01   3.0956854e-02   9.1904183e-01  -4.4261275e-02   3.1124736e-01
   4.9396552e+00  -4.5460059e+00   9.3414766e-01   3.1290998e-02   9.3368895e-01  -4.2847565e-02   2.9939369e-01
   4.9655172e+00  -4.3575772e+00   9.5586807e-01   3.1345416e-02   9.5548657e-01  -4.1372788e-02   2.9094315e-01
   4.9913793e+00  -4.1121220e+00   9.8354175e-01   3.1219975e-02   9.8324849e-01  -3.9388671e-02   2.8508525e-01
   5.0172414e+00  -3.8054866e+00   1.0135292e+00   3.0756725e-02   1.0133358e+00  -3.6578467e-02   2.8018714e-01
   5.0431034e+00  -3.4385323e+00   1.0504558e+00   2.9923118e-02   1.0503595e+00  -3.3134670e-02   2.7792732e-01
   5.0689655e+00  -3.0168675e+00   1.0924186e+00   2.8693509e-02   1.0924147e+00  -2.8840186e-02   2.7765383e-01
   5.0948276e+00  -2.5492074e+00   1.1375139e+00   2.7063977e-02   1.1375919e+00  -2.3556447e-02   2.7880689e-01
   5.1206897e+00  -2.0452999e+00   1.1795411e+00   2.4941966e-02   1.1796798e+00  -1.7171314e-02   2.7879505e-01
   5.1465517e+00  -1.5142497e+00   1.2235461e+00   2.2477962e-02   1.2237128e+00  -9.8627858e-03   2.7959167e-01
   5.1724138e+00  -9.6365479e-01   1.2722971e+00   1.9677120e-02   1.2724480e+00  -1.7233539e-03   2.8118814e-01
   5.1982759e+00  -3.9937245e-01   1.3266922e+00   1.6206826e-02   1.3267729e+00   6.9589790e-03   2.8526693e-01
   5.2241379e+00   1.7430552e-01   1.3734973e+00   1.1899283e-02   1.3734547e+00   1.6077682e-02   2.8757597e-01
   5.2500000e+00   7.5434219e-01   1.4157800e+00   8.0508209e-03   1.4155513e+00   2.6689398e-02   2.8778478e-01
   5.2758621e+00   1.3386485e+00   1.4636823e+00   3.7494656e-03   1.4631952e+00   3.7942547e-02   2.8833444e-01
   5.3017241e+00   1.9257973e+00   1.5122260e+00  -1.4577292e-03   1.5114209e+00   4.9361714e-02   2.8938186e-01
   5.3275862e+00   2.5148373e+00   1.5648757e+00  -7.0862015e-03   1.5636795e+00   6.1584396e-02   2.9422948e-01
   5.3534483e+00   3.1051258e+00   1.6066245e+00  -1.2721758e-02   1.6049548e+00   7.4324786e-02   2.9322464e-01
   5.3793103e+00   3.6962416e+00   1.6501634e+00  -1.8988504e-02   1.6479549e+00   8.7431825e-02   2.9261664e-01
   5.4051724e+00   4.2879034e+00   1.6951574e+00  -2.6285740e-02   1.6923779e+00   1.0053169e-01   2.9433183e-01
   5.4310345e+00   4.8799223e+00   1.7455426e+00  -3.3464533e-02   1.7420621e+00   1.1514620e-01   2.9709854e-01
   5.4568966e+00   5.4721807e+00   1.7994992e+00  -4.1853877e-02   1.7952895e+00   1.2994150e-01   2.9900236e-01
   5.4827586e+00   6.0645929e+00   1.8416043e+00  -5.0935590e-02   1.8366789e+00   1.4391419e-01   3.0196385e-01
   5.5086207e+00   6.6571105e+00   1.8814281e+00  -5.9593913e-02   1.8756515e+00   1.5891668e-01   3.0133504e-01
   5.5344828e+00   7.2496931e+00   1.9312094e+00  -6.9064180e-02   1.9244860e+00   1.7519431e-01   3.0244472e-01
   5.5603448e+00   7.8423230e+00   1.9776183e+00  -7.9296200e-02   1.9699420e+00   1.9128626e-01   3.0397826e-01
   5.5862069e+00   8.4349802e+00   2.0332374e+00  -8.9895391e-02   2.0244303e+00   2.0932645e-01   3.0660289e-01
   5.6120690e+00   9.0276583e+00   2.0775913e+00  -1.0110271e-01   2.0677198e+00   2.2614710e-01   3.0759955e-01
   5.6379310e+00   9.6203495e+00   2.1166359e+00  -1.1334379e-01   2.1058110e+00   2.4198010e-01   3.0702897e-01
   5.6637931e+00   1.0213047e+01   2.1545392e+00  -1.2610509e-01   2.1427606e+00   2.5791187e-01   3.0447374e-01
   5.6896552e+00   1.0805751e+01   2.2058416e+00  -1.3837136e-01   2.1926705e+00   2.7763319e-01   3.0761976e-01
   5.7155172e+00   1.1398457e+01   2.2581300e+00  -1.5192383e-01   2.2436166e+00   2.9734898e-01   3.1089411e-01
   5.7413793e+00   1.1991167e+01   2.2973944e+00  -1.6666067e-01   2.2818900e+00   3.1428463e-01   3.1068309e-01
   5.7672414e+00   1.2583875e+01   2.3457429e+00  -1.8078009e-01   2.3287801e+00   3.3462625e-01   3.1287231e-01
   5.7931034e+00   1.3176586e+01   2.3834821e+00  -1.9545040e-01   2.3652836e+00   3.5301725e-01   3.1179509e-01
   5.8189655e+00   1.3769295e+01   2.4166486e+00  -2.1090296e-01   2.3973965e+00   3.7035171e-01   3.0898242e-01
   5.8448276e+00   1.4362000e+01   2.4736295e+00  -2.2576312e-01   2.4523233e+00   3.9486991e-01   3.1311283e-01
   5.8706897e+00   1.4954703e+01   2.5201352e+00  -2.4204442e-01   2.4972394e+00   4.1648791e-01   3.1553192e-01
   5.8965517e+00   1.5547398e+01   2.5727150e+00  -2.5712057e-01   2.5474943e+00   4.4186655e-01   3.1872830e-01
   5.9224138e+00   1.6140087e+01   2.6208085e+00  -2.7282481e-01   2.5933507e+00   4.6647872e-01   3.2005543e-01
   5.9482759e+00   1.6732758e+01   2.6636232e+00  -2.8814020e-01   2.6337981e+00   4.9093887e-01   3.1790765e-01
   5.9741379e+00   1.7325409e+01   2.7088745e+00  -3.0187789e-01   2.6758684e+00   5.1851678e-01   3.1812715e-01
   6.0000000e+00   1.7918026e+01   2.7641673e+00  -3.1518084e-01   2.7270660e+00   5.5051880e-01   3.1964909e-01
   6.0258621e+00   1.8510595e+01   2.8184312e+00  -3.2691239e-01   2.7764077e+00   5.8479602e-01   3.1942393e-01
   6.0517241e+00   1.9103088e+01   2.8683979e+00  -3.3824180e-01   2.8211349e+00   6.1912195e-01   3.1816014e-01
   6.0775862e+00   1.9695462e+01   2.9118600e+00  -3.4915003e-01   2.8591789e+00   6.5263330e-01   3.1542867e-01
   6.1034483e+00   2.0287663e+01   2.9319005e+00  -3.6018030e-01   2.8749026e+00   6.7875268e-01   3.0413387e-01
   6.1293103e+00   2.0879595e+01   2.9299439e+00  -3.7040640e-01   2.8695536e+00   6.9816513e-01   2.8655372e-01
   6.1551724e+00   2.1471125e+01   2.9224313e+00  -3.7897639e-01   2.8583385e+00   7.1702795e-01   2.6816858e-01
   6.1810345e+00   2.2062039e+01   2.8944884e+00  -3.8718865e-01   2.8279793e+00   7.2836191e-01   2.3946701e-01
   6.2068966e+00   2.2652026e+01   2.8397100e+00  -3.9607516e-01   2.7731991e+00   7.2814508e-01   2.0356104e-01
   6.2327586e+00   2.3240607e+01   2.7460962e+00  -4.0074931e-01   2.6813997e+00   7.1536009e-01   1.6173200e-01
   6.2586207e+00   2.3827066e+01   2.6206480e+00  -4.0535032e-01   2.5610398e+00   6.8788084e-01   1.0903088e-01
   6.2844828e+00   2.4410333e+01   2.4673945e+00  -4.0860739e-01   2.4156966e+00   6.4761521e-01   4.7563154e-02
   6.3103448e+00   2.4988817e+01   2.3334753e+00  -4.0855588e-01   2.2876301e+00   6.1544540e-01  -5.6933945e-04
   6.3362069e+00   2.5560192e+01   2.2414956e+00  -4.0488145e-01   2.1968158e+00   6.0185691e-01  -3.0786273e-02
   6.3620690e+00   2.6121097e+01   2.2098403e+00  -3.9831730e-01   2.1595065e+00   6.1529059e-01  -3.7167013e-02
   6.3879310e+00   2.6666831e+01   2.2334799e+00  -3.9031186e-01   2.1710803e+00   6.5359473e-01  -2.0691051e-02
   6.4137931e+00   2.7191042e+01   2.2888390e+00  -3.8124630e-01   2.2101083e+00   7.0679133e-01   6.5998657e-03
   6.4396552e+00   2.7685667e+01   2.3521998e+00  -3.7124934e-01   2.2553862e+00   7.6413538e-01   3.4985146e-02
   6.4655172e+00   2.8141291e+01   2.4183253e+00  -3.6166495e-01   2.3030266e+00   8.2168549e-01   6.2350460e-02
   6.4913793e+00   2.8548260e+01   2.4625146e+00  -3.5243873e-01   2.3315396e+00   8.6724537e-01   8.2810018e-02
   6.5172414e+00   2.8898527e+01   2.5001282e+00  -3.4284418e-01   2.3544874e+00   9.0805944e-01   1.0015942e-01
   6.5431034e+00   2.9187707e+01   2.5183009e+00  -3.3509192e-01   2.3619591e+00   9.3556156e-01   1.0665381e-01
   6.5689655e+00   2.9416403e+01   2.5207551e+00  -3.2682807e-01   2.3562850e+00   9.5338566e-01   1.0864917e-01
   6.5948276e+00   2.9590014e+01   2.5167102e+00  -3.1847212e-01   2.3457418e+00   9.6578981e-01   1.0780145e-01
   6.6206897e+00   2.9717152e+01   2.5112478e+00  -3.0994416e-01   2.3346215e+00   9.7569116e-01   1.0828839e-01
   6.6465517e+00   2.9807554e+01   2.4972964e+00  -3.0176459e-01   2.3169076e+00   9.7953584e-01   1.0502715e-01
   6.6724138e+00   2.9870389e+01   2.4899387e+00  -2.9382345e-01   2.3054966e+00   9.8529792e-01   1.0609686e-01
   6.6982759e+00   2.9913337e+01   2.4860740e+00  -2.8642372e-01   2.2977174e+00   9.9151251e-01   1.0708549e-01
   6.7241379e+00   2.9942344e+01   2.4884590e+00  -2.7832014e-01   2.2952371e+00   1.0008880e+00   1.0814670e-01
   6.7500000e+00   2.9961774e+01   2.4871976e+00  -2.6983594e-01   2.2895675e+00   1.0083867e+00   1.0933091e-01
   6.7758621e+00   2.9974714e+01   2.5002084e+00  -2.6214971e-01   2.2967701e+00   1.0220624e+00   1.1561143e-01
   6.8017241e+00   2.9983300e+01   2.5123520e+00  -2.5444384e-01   2.3032844e+00   1.0351499e+00   1.2540399e-01
   6.8275862e+00   2.9988981e+01   2.5332038e+00  -2.4843560e-01   2.3182388e+00   1.0510045e+00   1.3541556e-01
   6.8534483e+00   2.9992734e+01   2.5553309e+00  -2.4213749e-01   2.3341856e+00   1.0676722e+00   1.4675205e-01
   6.8793103e+00   2.9995212e+01   2.5729208e+00  -2.3659054e-01   2.3466004e+00   1.0813709e+00   1.5755170e-01
   6.9051724e+00   2.9996846e+01   2.5911071e+00  -2.2992875e-01   2.3589893e+00   1.0962995e+00   1.6693617e-01
   6.9310345e+00   2.9997922e+01   2.5938606e+00  -2.2460885e-01   2.3586936e+00   1.1023278e+00   1.7164873e-01
   6.9568966e+00   2.9998632e+01   2.5927441e+00  -2.1863689e-01   2.3547272e+00   1.1069707e+00   1.7511245e-01
   6.9827586e+00   2.9999098e+01   2.5885145e+00  -2.1217549e-01   2.3478245e+00   1.1104709e+00   1.8060003e-01
   7.0086207e+00   2.9999406e+01   2.5872861e+00  -2.0635045e-01   2.3438423e+00   1.1149140e+00   1.8443119e-01
   7.0344828e+00   2.9999609e+01   2.5822731e+00  -2.0165961e-01   2.3371515e+00   1.1164783e+00   1.8644083e-01
   7.0603448e+00   2.9999743e+01   2.5897650e+00  -1.9555945e-01   2.3405870e+00   1.1255125e+00   1.9334255e-01
   7.0862069e+00   2.9999830e+01   2.5951792e+00  -1.8949703e-01   2.3422430e+00   1.1334734e+00   2.0085686e-01
   7.1120690e+00   2.9999889e+01   2.6085675e+00  -1.8383575e-01   2.3510058e+00   1.1450727e+00   2.1006955e-01
   7.1379310e+00   2.9999926e+01   2.6183045e+00  -1.7893294e-01   2.3569861e+00   1.1541887e+00   2.1899266e-01
   7.1637931e+00   2.9999952e+01   2.6301713e+00  -1.7356445e-01   2.3645784e+00   1.1647724e+00   2.2887283e-01
   7.1896552e+00   2.9999968e+01   2.6394587e+00  -1.6790077e-01   2.3697894e+00   1.1743217e+00   2.3743368e-01
   7.2155172e+00   2.9999979e+01   2.6497656e+00  -1.6289491e-01   2.3762122e+00   1.1838108e+00   2.4784823e-01
   7.2413793e+00   2.9999986e+01   2.6516787e+00  -1.5766919e-01   2.3752560e+00   1.1892933e+00   2.5468475e-01
   7.2672414e+00   2.9999991e+01   2.6575978e+00  -1.5315208e-01   2.3781234e+00   1.1961649e+00   2.6289229e-01
   7.2931034e+00   2.9999994e+01   2.6640003e+00  -1.4874815e-01   2.3814662e+00   1.2031802e+00   2.7149091e-01
   7.3189655e+00   2.9999996e+01   2.6699630e+00  -1.4370297e-01   2.3841073e+00   1.2105309e+00   2.8045813e-01
   7.3448276e+00   2.9999997e+01   2.6757841e+00  -1.3968717e-01   2.3871407e+00   1.2169193e+00   2.8815407e-01
   7.3706897e+00   2.9999998e+01   2.6833297e+00  -1.3381787e-01   2.3907407e+00   1.2257751e+00   2.9920871e-01
   7.3965517e+00   2.9999999e+01   2.6911519e+00  -1.2991508e-01   2.3955635e+00   1.2330661e+00   3.0921130e-01
   7.4224138e+00   2.9999999e+01   2.7012696e+00  -1.2576905e-01   2.4022527e+00   1.2417156e+00   3.1985709e-01
   7.4482759e+00   2.9999999e+01   2.7065316e+00  -1.2118859e-01   2.4045195e+00   1.2483134e+00   3.3035922e-01
   7.4741379e+00   3.0000000e+01   2.7153402e+00  -1.1740960e-01   2.4102584e+00   1.2559904e+00   3.4135933e-01
   7.5000000e+00   3.0000000e+01   2.7288831e+00  -1.1214311e-01   2.4193537e+00   1.2673228e+00   3.5388376e-01
   7.5258621e+00   3.0000000e+01   2.7245312e+00  -1.0909977e-01   2.4140631e+00   1.2677824e+00   3.5955198e-01
   7.5517241e+00   3.0000000e+01   2.7366348e+00  -1.0538577e-01   2.4226881e+00   1.2770506e+00   3.6922907e-01
   7.5775862e+00   3.0000000e+01   2.7424115e+00  -1.0244799e-01   2.4262221e+00   1.2824832e+00   3.7668286e-01
   7.6034483e+00   3.0000000e+01   2.7331142e+00  -1.0012965e-01   2.4170112e+00   1.2798423e+00   3.7956487e-01
   7.6293103e+00   2.9999999e+01   2.7365241e+00  -9.5854514e-02   2.4178266e+00   1.2852496e+00   3.8462369e-01
   7.6551724e+00   2.9999999e+01   2.7308823e+00  -9.2771037e-02   2.4113990e+00   1.2850990e+00   3.8836074e-01
   7.6810345e+00   2.9999998e+01   2.7208199e+00  -9.0873918e-02   2.4017362e+00   1.2817108e+00   3.9009083e-01
   7.7068966e+00   2.9999997e+01   2.7152851e+00  -8.8391933e-02   2.3957019e+00   1.2810927e+00   3.9506932e-01
   7.7327586e+00   2.9999995e+01   2.7118056e+00  -8.5462101e-02   2.3912237e+00   1.2818903e+00   4.0170106e-01
   7.7586207e+00   2.9999993e+01   2.6993351e+00  -8.2657656e-02   2.3790218e+00   1.2780837e+00   4.0625381e-01
   7.7844828e+00   2.9999991e+01   2.6932164e+00  -7.9434516e-02   2.3721113e+00   1.2778155e+00   4.1272664e-01
   7.8103448e+00   2.9999988e+01   2.6889654e+00  -7.7157726e-02   2.3672914e+00   1.2776616e+00   4.2004928e-01
   7.8362069e+00   2.9999985e+01   2.6816117e+00  -7.3243437e-02   2.3589659e+00   1.2773745e+00   4.2787656e-01
   7.8620690e+00   2.9999981e+01   2.6732872e+00  -7.0256099e-02   2.3502631e+00   1.2757993e+00   4.3536769e-01
   7.8879310e+00   2.9999976e+01   2.6711318e+00  -6.6612846e-02   2.3465750e+00   1.2778765e+00   4.4429654e-01
   7.9137931e+00   2.9999971e+01   2.6632061e+00  -6.2842629e-02   2.3378261e+00   1.2771786e+00   4.5223553e-01
   7.9396552e+00   2.9999965e+01   2.6563803e+00  -5.8810910e-02   2.3298991e+00   1.2772570e+00   4.5990507e-01
   7.9655172e+00   2.9999958e+01   2.6539571e+00  -5.5546411e-02   2.3261684e+00   1.2788723e+00   4.6885731e-01
   7.9913793e+00   2.9999951e+01   2.6441400e+00  -5.2594109e-02   2.3161906e+00   1.2765202e+00   4.7512142e-01
   8.0172414e+00   2.9999942e+01   2.6440497e+00  -4.8630636e-02   2.3141308e+00   1.2799072e+00   4.8358618e-01
   8.0431034e+00   2.9999933e+01   2.6306620e+00  -4.5938421e-02   2.3011908e+00   1.2755444e+00   4.8849172e-01
