 2.58620690e-002 1.22758316e-002 5.01672866e-002 1.90630573e-002 5.01632012e-002 1.90738053e-002 8.32282169e-003
 5.17241379e-002 1.38578631e-002 2.38281369e-001 1.66791208e-001 2.38241021e-001 1.66848835e-001 1.05862526e-001
 7.75862069e-002 1.56424686e-002 -5.29571713e-002 -5.05414068e-002 -5.29433709e-002 -5.05558629e-002 -4.72154087e-002
 1.03448276e-001 1.76552306e-002 1.86354210e-001 5.96374246e-002 1.86335825e-001 5.96948454e-002 4.91491804e-002
 1.29310345e-001 1.99248654e-002 3.06020905e-002 3.76781132e-002 3.05889859e-002 3.76887530e-002 1.21368478e-002
 1.55172414e-001 2.24835812e-002 1.46487481e-001 3.55603221e-003 1.46486074e-001 3.61351546e-003 3.13118761e-002
 1.81034483e-001 2.53674691e-002 1.47627012e-001 8.17283014e-002 1.47590812e-001 8.17936547e-002 5.63092084e-002
 2.06896552e-001 2.86169304e-002 7.85439580e-002 2.55486126e-003 7.85426722e-002 2.59409047e-003 8.74321639e-003
 2.32758621e-001 3.22771377e-002 1.03829557e-001 3.21956894e-002 1.03811403e-001 3.22541759e-002 2.80904723e-002
 2.58620690e-001 3.63985331e-002 1.95177783e-001 4.41920920e-002 1.95149669e-001 4.43160745e-002 5.90720408e-002
 2.84482759e-001 4.10373590e-002 6.35928395e-002 8.95596202e-003 6.35864086e-002 9.00150727e-003 8.90940558e-003
 3.10344828e-001 4.62562215e-002 1.85641179e-001 4.34606512e-002 1.85606032e-001 4.36105095e-002 5.15254275e-002
 3.36206897e-001 5.21246797e-002 9.20905851e-002 2.36830116e-002 9.20690015e-002 2.37667810e-002 1.73398801e-002
 3.62068966e-001 5.87198551e-002 1.73127396e-001 2.67177369e-002 1.73099924e-001 2.68951533e-002 4.68365841e-002
 3.87931034e-001 6.61270511e-002 1.68338622e-001 3.69286801e-002 1.68295890e-001 3.71229410e-002 4.76241167e-002
 4.13793103e-001 7.44403700e-002 1.58474008e-001 1.92924190e-002 1.58448809e-001 1.94982968e-002 3.61067961e-002
 4.39655172e-001 8.37633092e-002 1.58048681e-001 2.75473292e-002 1.58008240e-001 2.77783582e-002 3.76330773e-002
 4.65517241e-001 9.42093164e-002 1.96247795e-001 2.87273089e-002 1.96200295e-001 2.90499528e-002 4.94305881e-002
 4.91379310e-001 1.05902276e-001 1.84161272e-001 2.92002944e-002 1.84106985e-001 2.95406376e-002 4.72341096e-002
 5.17241379e-001 1.18976895e-001 2.10092011e-001 2.36428755e-002 2.10042463e-001 2.40790884e-002 4.80725886e-002
 5.43103448e-001 1.33578950e-001 1.84732704e-001 2.92828943e-002 1.84663932e-001 2.97134987e-002 4.30476279e-002
 5.68965517e-001 1.49865352e-001 2.21689531e-001 1.87317291e-002 2.21639777e-001 1.93115252e-002 4.64047185e-002
 5.94827586e-001 1.68003988e-001 2.39745444e-001 3.55490346e-002 2.39640176e-001 3.62518678e-002 6.29596533e-002
 6.20689655e-001 1.88173268e-001 2.45786410e-001 2.21409798e-002 2.45712368e-001 2.29480813e-002 5.55488555e-002
 6.46551724e-001 2.10561359e-001 2.49846790e-001 2.38008720e-002 2.49757635e-001 2.47188935e-002 5.45999043e-002
 6.72413793e-001 2.35365020e-001 2.62476368e-001 2.77587889e-002 2.62360124e-001 2.88367769e-002 5.92974080e-002
 6.98275862e-001 2.62788024e-001 2.85663623e-001 1.96600952e-002 2.85570447e-001 2.09700847e-002 6.34364060e-002
 7.24137931e-001 2.93039115e-001 3.08032825e-001 3.35218717e-002 3.07857350e-001 3.50968594e-002 7.23234380e-002
 7.50000000e-001 3.26329498e-001 2.90325364e-001 1.91823882e-002 2.90211402e-001 2.08356232e-002 5.86902590e-002
 7.75862069e-001 3.62869864e-001 3.15434968e-001 2.35860336e-002 3.15279266e-001 2.55832833e-002 6.44903923e-002
 8.01724138e-001 4.02866985e-001 3.30877281e-001 2.66767502e-002 3.30681530e-001 2.90025873e-002 7.07394487e-002
 8.27586207e-001 4.46519951e-001 3.58926054e-001 2.30264317e-002 3.58735706e-001 2.58229022e-002 7.61856206e-002
 8.53448276e-001 4.94016161e-001 3.59332056e-001 2.59670779e-002 3.59094809e-001 2.90643102e-002 7.34661795e-002
 8.79310345e-001 5.45527178e-001 3.62669267e-001 2.00047656e-002 3.62462361e-001 2.34568698e-002 6.90902795e-002
 9.05172414e-001 6.01204657e-001 3.92727618e-001 2.27317105e-002 3.92467478e-001 2.68512747e-002 7.78686053e-002
 9.31034483e-001 6.61176489e-001 4.05053992e-001 2.53674441e-002 4.04734296e-001 3.00398556e-002 8.13883622e-002
 9.56896552e-001 7.25543383e-001 4.15672705e-001 2.10200722e-002 4.15373205e-001 2.62819599e-002 7.86810006e-002
 9.82758621e-001 7.94376063e-001 4.13780242e-001 2.14323229e-002 4.13443335e-001 2.71669262e-002 7.47182082e-002
 1.00862069e+000 8.67713240e-001 4.29094171e-001 1.95206585e-002 4.28749346e-001 2.60165681e-002 7.58484683e-002
 1.03448276e+000 9.45560481e-001 4.55578873e-001 2.31568764e-002 4.55134691e-001 3.06718654e-002 8.44960056e-002
 1.06034483e+000 1.02789004e+000 4.63149287e-001 2.03911213e-002 4.62708959e-001 2.86963229e-002 8.27557541e-002
 1.08620690e+000 1.11464169e+000 4.70686828e-001 1.92297011e-002 4.70223688e-001 2.83823051e-002 7.99487052e-002
 1.11206897e+000 1.20572444e+000 4.79226082e-001 1.84709643e-002 4.78731303e-001 2.85508974e-002 7.94829208e-002
 1.13793103e+000 1.30101909e+000 4.99247015e-001 1.86739087e-002 4.98694319e-001 3.00045558e-002 8.42666390e-002
 1.16379310e+000 1.40038152e+000 5.17779060e-001 2.08814433e-002 5.17114096e-001 3.35291235e-002 8.76432737e-002
 1.18965517e+000 1.50364633e+000 5.10590529e-001 1.54334959e-002 5.10009727e-001 2.88263665e-002 7.92744189e-002
 1.21551724e+000 1.61063097e+000 5.25787717e-001 1.67606806e-002 5.25108893e-001 3.15324326e-002 8.04739208e-002
 1.24137931e+000 1.72113976e+000 5.37520878e-001 1.54107381e-002 5.36815512e-001 3.15482456e-002 8.17006798e-002
 1.26724138e+000 1.83496808e+000 5.57701236e-001 1.72694994e-002 5.56862267e-001 3.51186612e-002 8.66837019e-002
 1.29310345e+000 1.95190614e+000 5.64782659e-001 1.50008929e-002 5.63944015e-001 3.42290250e-002 8.40873126e-002
 1.31896552e+000 2.07174255e+000 5.65141764e-001 1.17878764e-002 5.64346214e-001 3.22105263e-002 7.94154939e-002
 1.34482759e+000 2.19426745e+000 5.84320140e-001 1.32207798e-002 5.83385493e-001 3.55834363e-002 8.34834095e-002
 1.37068966e+000 2.31927515e+000 6.01489894e-001 1.23575701e-002 6.00497091e-001 3.66885007e-002 8.64421279e-002
 1.39655172e+000 2.44656637e+000 6.08957215e-001 1.23793906e-002 6.07873682e-001 3.83630669e-002 8.54609559e-002
 1.42241379e+000 2.57594992e+000 6.11364634e-001 8.92755086e-003 6.10345627e-001 3.63954959e-002 8.05994333e-002
 1.44827586e+000 2.70724403e+000 6.20476837e-001 8.23211158e-003 6.19395505e-001 3.75297462e-002 8.02831712e-002
 1.47413793e+000 2.84027725e+000 6.41163644e-001 9.15443240e-003 6.39922387e-001 4.09140564e-002 8.49407546e-002
 1.50000000e+000 2.97488897e+000 6.53201570e-001 7.59324806e-003 6.51927224e-001 4.14830543e-002 8.53997490e-002
 1.52586207e+000 3.11092971e+000 6.57429136e-001 5.87677885e-003 6.56141378e-001 4.15463324e-002 8.22818494e-002
 1.55172414e+000 3.24826108e+000 6.66480049e-001 3.55118103e-003 6.65208058e-001 4.13098925e-002 8.08696408e-002
 1.57758621e+000 3.38675564e+000 6.82444828e-001 3.74066547e-003 6.81031963e-001 4.40499846e-002 8.40571565e-002
 1.60344828e+000 3.52629650e+000 6.98881330e-001 3.70633711e-003 6.97330155e-001 4.66851604e-002 8.66041774e-002
 1.62931034e+000 3.66677691e+000 7.01929359e-001 8.42140805e-004 7.00438561e-001 4.57313641e-002 8.28975264e-002
 1.65517241e+000 3.80809970e+000 7.08352073e-001 -8.19207471e-004 7.06842503e-001 4.62277726e-002 8.05949469e-002
 1.68103448e+000 3.95017671e+000 7.22130533e-001 -2.06229831e-003 7.20557061e-001 4.76894407e-002 8.18261032e-002
 1.70689655e+000 4.09292814e+000 7.37452955e-001 -1.77313511e-003 7.35698712e-001 5.08665995e-002 8.48001371e-002
 1.73275862e+000 4.23628200e+000 7.49615306e-001 -3.87587144e-003 7.47853591e-001 5.15085922e-002 8.43893825e-002
 1.75862069e+000 4.38017342e+000 7.52184558e-001 -6.52285305e-003 7.50485784e-001 5.09435453e-002 8.08857322e-002
 1.78448276e+000 4.52454410e+000 7.65647356e-001 -7.58786844e-003 7.63859895e-001 5.28347452e-002 8.19826353e-002
 1.81034483e+000 4.66934173e+000 7.83047154e-001 -8.46441123e-003 7.81137337e-001 5.53077982e-002 8.50469234e-002
 1.83620690e+000 4.81451944e+000 7.94075622e-001 -9.29468263e-003 7.92053929e-001 5.73851684e-002 8.54755932e-002
 1.86206897e+000 4.96003529e+000 7.99340639e-001 -1.25614258e-002 7.97433378e-001 5.65972927e-002 8.21444396e-002
 1.88793103e+000 5.10585179e+000 8.07419974e-001 -1.42219292e-002 8.05481811e-001 5.76916720e-002 8.10488066e-002
 1.91379310e+000 5.25193550e+000 8.23366939e-001 -1.50759420e-002 8.21290289e-001 6.03544543e-002 8.34797990e-002
 1.93965517e+000 5.39825658e+000 8.37137237e-001 -1.62819922e-002 8.34956167e-001 6.25464349e-002 8.49497929e-002
 1.96551724e+000 5.54478842e+000 8.44232768e-001 -1.86935000e-002 8.42088816e-001 6.29669707e-002 8.30630948e-002
 1.99137931e+000 5.69150737e+000 8.52266665e-001 -2.15668307e-002 8.50204060e-001 6.30606965e-002 8.13176717e-002
 2.01724138e+000 5.83839234e+000 8.66168117e-001 -2.25258746e-002 8.63966502e-001 6.57001197e-002 8.31678882e-002
 2.04310345e+000 5.98542461e+000 8.82099972e-001 -2.37901673e-002 8.79771894e-001 6.83209106e-002 8.54527367e-002
 2.06896552e+000 6.13258752e+000 8.90591107e-001 -2.60202573e-002 8.88274294e-001 6.92701335e-002 8.42715430e-002
 2.09482759e+000 6.27986628e+000 8.96194784e-001 -2.88341633e-002 8.93971152e-001 6.93691478e-002 8.17012212e-002
 2.12068966e+000 6.42724774e+000 9.08884740e-001 -3.08024972e-002 9.06620293e-001 7.11330409e-002 8.22574588e-002
 2.14655172e+000 6.57472025e+000 9.23035738e-001 -3.17680123e-002 9.20602684e-001 7.41274428e-002 8.43540988e-002
 2.17241379e+000 6.72227344e+000 9.35398505e-001 -3.40251757e-002 9.32950724e-001 7.57035128e-002 8.46317571e-002
 2.19827586e+000 6.86989814e+000 9.41767307e-001 -3.69249243e-002 9.39422505e-001 7.59899174e-002 8.25006224e-002
 2.22413793e+000 7.01758620e+000 9.52189939e-001 -3.92868080e-002 9.49856623e-001 7.73403425e-002 8.22312897e-002
 2.25000000e+000 7.16533039e+000 9.68153348e-001 -4.08273390e-002 9.65684929e-001 8.02520664e-002 8.45947678e-002
 2.27586207e+000 7.31312432e+000 9.80579100e-001 -4.25364945e-002 9.78016941e-001 8.26292163e-002 8.55707069e-002
 2.30172414e+000 7.46096229e+000 9.88521555e-001 -4.57090719e-002 9.86087653e-001 8.30380918e-002 8.38040812e-002
 2.32758621e+000 7.60883928e+000 9.96900231e-001 -4.82652033e-002 9.94513411e-001 8.41586356e-002 8.26109111e-002
 2.35344828e+000 7.75675083e+000 1.01016590e+000 -5.02470731e-002 1.00770461e+000 8.65524327e-002 8.37786675e-002
 2.37931034e+000 7.90469299e+000 1.02437028e+000 -5.19906034e-002 1.02178696e+000 8.93806161e-002 8.53934541e-002
 2.40517241e+000 8.05266226e+000 1.03379565e+000 -5.47466363e-002 1.03127123e+000 9.06106107e-002 8.45562125e-002
 2.43103448e+000 8.20065553e+000 1.04207094e+000 -5.79120929e-002 1.03967595e+000 9.13213497e-002 8.31466776e-002
 2.45689655e+000 8.34867005e+000 1.05486667e+000 -6.00954096e-002 1.05241370e+000 9.37045973e-002 8.41298112e-002
 2.48275862e+000 8.49670340e+000 1.06950205e+000 -6.21848617e-002 1.06695156e+000 9.65192652e-002 8.59948407e-002
 2.50862069e+000 8.64475342e+000 1.08111101e+000 -6.46452697e-002 1.07854549e+000 9.85883596e-002 8.61950768e-002
 2.53448276e+000 8.79281819e+000 1.08833056e+000 -6.79968369e-002 1.08593414e+000 9.91666402e-002 8.44403937e-002
 2.56034483e+000 8.94089603e+000 1.09973441e+000 -7.06709900e-002 1.09735511e+000 1.01103519e-001 8.45021043e-002
 2.58620690e+000 9.08898544e+000 1.11352173e+000 -7.27487258e-002 1.11103255e+000 1.04065764e-001 8.60422567e-002
 2.61206897e+000 9.23708509e+000 1.12654690e+000 -7.52657225e-002 1.12402014e+000 1.06543684e-001 8.69448347e-002
 2.63793103e+000 9.38519381e+000 1.13604749e+000 -7.84803834e-002 1.13363861e+000 1.07826540e-001 8.60178530e-002
 2.66379310e+000 9.53331056e+000 1.14557559e+000 -8.15783134e-002 1.14326567e+000 1.09279681e-001 8.54042931e-002
 2.68965517e+000 9.68143442e+000 1.15965779e+000 -8.39612579e-002 1.15726172e+000 1.12254136e-001 8.69253937e-002
 2.71551724e+000 9.82956457e+000 1.17335245e+000 -8.64074770e-002 1.17087887e+000 1.15173310e-001 8.82534778e-002
 2.74137931e+000 9.97770029e+000 1.18349469e+000 -8.95759417e-002 1.18111501e+000 1.16836929e-001 8.77198830e-002
 2.76724138e+000 1.01258409e+001 1.19349992e+000 -9.28722180e-002 1.19123789e+000 1.18404452e-001 8.70058566e-002
 2.79310345e+000 1.02739860e+001 1.20656139e+000 -9.56167308e-002 1.20426930e+000 1.21113216e-001 8.80018413e-002
 2.81896552e+000 1.04221349e+001 1.22123078e+000 -9.79974331e-002 1.21881015e+000 1.24538925e-001 8.96902320e-002
 2.84482759e+000 1.05702872e+001 1.23292036e+000 -1.01064574e-001 1.23053790e+000 1.26819300e-001 8.98461295e-002
 2.87068966e+000 1.07184425e+001 1.24259766e+000 -1.04520280e-001 1.24035702e+000 1.28405192e-001 8.89570579e-002
 2.89655172e+000 1.08666005e+001 1.25402756e+000 -1.07498286e-001 1.25180721e+000 1.30842323e-001 8.91716955e-002
 2.92241379e+000 1.10147609e+001 1.26848164e+000 -1.10088662e-001 1.26614741e+000 1.34297882e-001 9.07354084e-002
 2.94827586e+000 1.11629234e+001 1.28187440e+000 -1.12954065e-001 1.27949001e+000 1.37353229e-001 9.15795388e-002
 2.97413793e+000 1.13110877e+001 1.29397224e+000 -1.16318444e-001 1.29165328e+000 1.39735260e-001 9.16215986e-002
 3.00000000e+000 1.14592537e+001 1.30756386e+000 -1.19428149e-001 1.30522610e+000 1.42727527e-001 9.22359149e-002
 3.02586207e+000 1.16074212e+001 1.32376487e+000 -1.22223570e-001 1.32128478e+000 1.46623843e-001 9.40995175e-002
 3.05172414e+000 1.17555899e+001 1.33819555e+000 -1.24875397e-001 1.33556947e+000 1.50384094e-001 9.52501597e-002
 3.07758621e+000 1.19037598e+001 1.34941486e+000 -1.27970857e-001 1.34679265e+000 1.53122736e-001 9.47794592e-002
 3.10344828e+000 1.20519307e+001 1.35991284e+000 -1.31341981e-001 1.35736263e+000 1.55500259e-001 9.39517043e-002
 3.12931034e+000 1.22001024e+001 1.37463441e+000 -1.33942131e-001 1.37189453e+000 1.59579621e-001 9.50070881e-002
 3.15517241e+000 1.23482750e+001 1.39172353e+000 -1.36425373e-001 1.38870208e+000 1.64355713e-001 9.69817805e-002
 3.18103448e+000 1.24964482e+001 1.40885037e+000 -1.39279251e-001 1.40561101e+000 1.68866121e-001 9.82409621e-002
 3.20689655e+000 1.26446221e+001 1.42581197e+000 -1.42256164e-001 1.42237148e+000 1.73308868e-001 9.93299124e-002
 3.23275862e+000 1.27927965e+001 1.44323371e+000 -1.44667526e-001 1.43944174e+000 1.78492842e-001 1.00842643e-001
 3.25862069e+000 1.29409713e+001 1.46079718e+000 -1.46877001e-001 1.45658752e+000 1.83994770e-001 1.02251980e-001
 3.28448276e+000 1.30891466e+001 1.47437014e+000 -1.49210539e-001 1.46985559e+000 1.88562014e-001 1.02124207e-001
 3.31034483e+000 1.32373223e+001 1.48609712e+000 -1.51838706e-001 1.48138023e+000 1.92489617e-001 1.01142535e-001
 3.33620690e+000 1.33854982e+001 1.49910613e+000 -1.53972798e-001 1.49402713e+000 1.97255541e-001 1.00790862e-001
 3.36206897e+000 1.35336745e+001 1.51703599e+000 -1.55460085e-001 1.51129205e+000 2.03868577e-001 1.02248525e-001
 3.38793103e+000 1.36818510e+001 1.53688035e+000 -1.56935586e-001 1.53039001e+000 2.11036506e-001 1.04667088e-001
 3.41379310e+000 1.38300277e+001 1.55407940e+000 -1.58577574e-001 1.54693206e+000 2.17510563e-001 1.05624664e-001
 3.43965517e+000 1.39782045e+001 1.57266579e+000 -1.59889134e-001 1.56471717e+000 2.24727339e-001 1.07775687e-001
 3.46551724e+000 1.41263816e+001 1.58948971e+000 -1.60917201e-001 1.58069683e+000 2.31882313e-001 1.08927618e-001
 3.49137931e+000 1.42745587e+001 1.60331480e+000 -1.61885619e-001 1.59372889e+000 2.38439816e-001 1.09721799e-001
 3.51724138e+000 1.44227360e+001 1.61653326e+000 -1.63199693e-001 1.60623608e+000 2.44580401e-001 1.09805127e-001
 3.54310345e+000 1.45709133e+001 1.62691690e+000 -1.64210879e-001 1.61590224e+000 2.50367230e-001 1.08484816e-001
 3.56896552e+000 1.47190907e+001 1.64082475e+000 -1.65493061e-001 1.62902656e+000 2.56839011e-001 1.08703113e-001
 3.59482759e+000 1.48672681e+001 1.65742662e+000 -1.67143075e-001 1.64482632e+000 2.63716053e-001 1.09480502e-001
 3.62068966e+000 1.50154455e+001 1.67523100e+000 -1.68509564e-001 1.66168931e+000 2.71261909e-001 1.09836044e-001
 3.64655172e+000 1.51636230e+001 1.68961365e+000 -1.69189022e-001 1.67504183e+000 2.78664791e-001 1.11173631e-001
 3.67241379e+000 1.53118004e+001 1.70802745e+000 -1.70403494e-001 1.69239643e+000 2.86687024e-001 1.14586006e-001
 3.69827586e+000 1.54599778e+001 1.72271978e+000 -1.71379904e-001 1.70607034e+000 2.94038291e-001 1.14199868e-001
 3.72413793e+000 1.56081551e+001 1.73534299e+000 -1.72418403e-001 1.71774133e+000 3.00845668e-001 1.13543806e-001
 3.75000000e+000 1.57563323e+001 1.74482674e+000 -1.73898085e-001 1.72648675e+000 3.06438246e-001 1.12883531e-001
 3.77586207e+000 1.59045094e+001 1.75625060e+000 -1.75035252e-001 1.73698665e+000 3.12939120e-001 1.14058129e-001
 3.80172414e+000 1.60526864e+001 1.77260132e+000 -1.75694682e-001 1.75206704e+000 3.21317823e-001 1.16039772e-001
 3.82758621e+000 1.62008633e+001 1.78837901e+000 -1.76491967e-001 1.76660379e+000 3.29484332e-001 1.17981665e-001
 3.85344828e+000 1.63490399e+001 1.80140508e+000 -1.77357622e-001 1.77848882e+000 3.36887998e-001 1.18214355e-001
 3.87931034e+000 1.64972164e+001 1.81792544e+000 -1.78417055e-001 1.79375274e+000 3.45161781e-001 1.20176455e-001
 3.90517241e+000 1.66453925e+001 1.83784392e+000 -1.78470094e-001 1.81195310e+000 3.55454339e-001 1.22792704e-001
 3.93103448e+000 1.67935685e+001 1.85276491e+000 -1.78828186e-001 1.82541589e+000 3.64107360e-001 1.23960092e-001
 3.95689655e+000 1.69417440e+001 1.86569314e+000 -1.79635462e-001 1.83707055e+000 3.71821971e-001 1.24150610e-001
 3.98275862e+000 1.70899192e+001 1.88156686e+000 -1.80127025e-001 1.85142009e+000 3.80766642e-001 1.25518622e-001
 4.00862069e+000 1.72380940e+001 1.89348746e+000 -1.80946309e-001 1.86205712e+000 3.88303495e-001 1.26906994e-001
 4.03448276e+000 1.73862683e+001 1.90846541e+000 -1.80781928e-001 1.87529121e+000 3.97750174e-001 1.28602336e-001
 4.06034483e+000 1.75344420e+001 1.92577204e+000 -1.80841921e-001 1.89077688e+000 4.07755485e-001 1.30493467e-001
 4.08620690e+000 1.76826151e+001 1.93982950e+000 -1.81031268e-001 1.90316687e+000 4.16733339e-001 1.30499273e-001
 4.11206897e+000 1.78307875e+001 1.95289404e+000 -1.81218055e-001 1.91457697e+000 4.25476349e-001 1.30828168e-001
 4.13793103e+000 1.79789591e+001 1.96888212e+000 -1.81585576e-001 1.92879108e+000 4.35011604e-001 1.32481025e-001
 4.16379310e+000 1.81271298e+001 1.98179630e+000 -1.82031556e-001 1.94007165e+000 4.43592222e-001 1.33411347e-001
 4.18965517e+000 1.82752994e+001 1.99826637e+000 -1.81194616e-001 1.95429489e+000 4.54567313e-001 1.35660582e-001
 4.21551724e+000 1.84234679e+001 2.01381979e+000 -1.80177319e-001 1.96754759e+000 4.65500273e-001 1.37509819e-001
 4.24137931e+000 1.85716351e+001 2.02869761e+000 -1.79747048e-001 1.98030326e+000 4.75733101e-001 1.39502765e-001
 4.26724138e+000 1.87198007e+001 2.04479822e+000 -1.78866908e-001 1.99403281e+000 4.86853442e-001 1.41245001e-001
 4.29310345e+000 1.88679647e+001 2.05923930e+000 -1.78310589e-001 2.00625237e+000 4.97204781e-001 1.42007131e-001
 4.31896552e+000 1.90161268e+001 2.06724912e+000 -1.77748735e-001 2.01234956e+000 5.05532178e-001 1.40460055e-001
 4.34482759e+000 1.91642867e+001 2.07604352e+000 -1.77035544e-001 2.01910849e+000 5.14294845e-001 1.39614954e-001
 4.37068966e+000 1.93124442e+001 2.08292242e+000 -1.76427672e-001 2.02406264e+000 5.22362858e-001 1.37416044e-001
 4.39655172e+000 1.94605989e+001 2.08677684e+000 -1.75813773e-001 2.02613485e+000 5.29457862e-001 1.34435783e-001
 4.42241379e+000 1.96087505e+001 2.08427252e+000 -1.76123931e-001 2.02250405e+000 5.33562523e-001 1.29109446e-001
 4.44827586e+000 1.97568987e+001 2.08268517e+000 -1.75503205e-001 2.01941393e+000 5.38837879e-001 1.23930170e-001
 4.47413793e+000 1.99050428e+001 2.07853135e+000 -1.74297208e-001 2.01369770e+000 5.43777204e-001 1.18631343e-001
 4.50000000e+000 2.00531825e+001 2.07329022e+000 -1.73755529e-001 2.00717590e+000 5.47693546e-001 1.13160425e-001
 4.52586207e+000 2.02013171e+001 2.07067146e+000 -1.72402114e-001 2.00282814e+000 5.53246985e-001 1.08731311e-001
 4.55172414e+000 2.03494460e+001 2.07093768e+000 -1.71045507e-001 2.00116897e+000 5.59787634e-001 1.05658317e-001
 4.57758621e+000 2.04975685e+001 2.07281412e+000 -1.69493526e-001 2.00092929e+000 5.67070017e-001 1.03633109e-001
 4.60344828e+000 2.06456836e+001 2.07917505e+000 -1.67326949e-001 2.00464519e+000 5.76510938e-001 1.03565485e-001
 4.62931034e+000 2.07937905e+001 2.08857716e+000 -1.65423874e-001 2.01126233e+000 5.86807837e-001 1.04823039e-001
 4.65517241e+000 2.09418882e+001 2.10179566e+000 -1.63442650e-001 2.02137604e+000 5.98579485e-001 1.07725513e-001
 4.68103448e+000 2.10899753e+001 2.11812756e+000 -1.61151402e-001 2.03423567e+000 6.11816483e-001 1.11979158e-001
 4.70689655e+000 2.12380505e+001 2.13951376e+000 -1.58892455e-001 2.05176313e+000 6.26924254e-001 1.18171845e-001
 4.73275862e+000 2.13861124e+001 2.16058258e+000 -1.57052110e-001 2.06908323e+000 6.41620647e-001 1.24018090e-001
 4.75862069e+000 2.15341591e+001 2.18373156e+000 -1.54759801e-001 2.08811019e+000 6.57594083e-001 1.31122324e-001
 4.78448276e+000 2.16821887e+001 2.21377390e+000 -1.52335630e-001 2.11342539e+000 6.76338764e-001 1.40142713e-001
 4.81034483e+000 2.18301990e+001 2.23809584e+000 -1.50509651e-001 2.13356999e+000 6.92535371e-001 1.47979713e-001
 4.83620690e+000 2.19781875e+001 2.26845290e+000 -1.48297449e-001 2.15909711e+000 7.11456494e-001 1.57771673e-001
 4.86206897e+000 2.21261514e+001 2.29651982e+000 -1.46455453e-001 2.18255881e+000 7.29307561e-001 1.66933953e-001
 4.88793103e+000 2.22740874e+001 2.32262921e+000 -1.44641367e-001 2.20414202e+000 7.46515593e-001 1.75733884e-001
 4.91379310e+000 2.24219921e+001 2.34785484e+000 -1.42587269e-001 2.22474268e+000 7.63723424e-001 1.83919056e-001
 4.93965517e+000 2.25698614e+001 2.37195877e+000 -1.40789061e-001 2.24433195e+000 7.80374311e-001 1.92082025e-001
 4.96551724e+000 2.27176906e+001 2.39261208e+000 -1.38969040e-001 2.26065916e+000 7.95817263e-001 1.98846213e-001
 4.99137931e+000 2.28654747e+001 2.41372831e+000 -1.37168980e-001 2.27735644e+000 8.11509289e-001 2.06190724e-001
 5.01724138e+000 2.30132077e+001 2.43042701e+000 -1.35562255e-001 2.28999804e+000 8.25385681e-001 2.12455828e-001
 5.04310345e+000 2.31608832e+001 2.45236613e+000 -1.33114552e-001 2.30707128e+000 8.42164628e-001 2.20150332e-001
 5.06896552e+000 2.33084937e+001 2.46689782e+000 -1.31350492e-001 2.31754168e+000 8.55475521e-001 2.26315643e-001
 5.09482759e+000 2.34560308e+001 2.48759556e+000 -1.29466279e-001 2.33356854e+000 8.71407518e-001 2.33831430e-001
 5.12068966e+000 2.36034853e+001 2.50611661e+000 -1.27236685e-001 2.34739700e+000 8.86869197e-001 2.41311933e-001
 5.14655172e+000 2.37508463e+001 2.52417597e+000 -1.25169261e-001 2.36080542e+000 9.02069526e-001 2.48742627e-001
 5.17241379e+000 2.38981021e+001 2.54167769e+000 -1.23019774e-001 2.37360969e+000 9.17189391e-001 2.56028072e-001
 5.19827586e+000 2.40452390e+001 2.55757852e+000 -1.20855681e-001 2.38488575e+000 9.31737067e-001 2.63177641e-001
 5.22413793e+000 2.41922420e+001 2.57729868e+000 -1.18469880e-001 2.39949790e+000 9.48110444e-001 2.71351236e-001
 5.25000000e+000 2.43390940e+001 2.59535805e+000 -1.16431319e-001 2.41267410e+000 9.63557656e-001 2.79500404e-001
 5.27586207e+000 2.44857758e+001 2.60721407e+000 -1.14506362e-001 2.42019132e+000 9.76396897e-001 2.85852092e-001
 5.30172414e+000 2.46322657e+001 2.62838460e+000 -1.12142918e-001 2.43594600e+000 9.93553575e-001 2.94969437e-001
 5.32758621e+000 2.47785396e+001 2.63969709e+000 -1.10142427e-001 2.44283414e+000 1.00632672e+000 3.01592615e-001
 5.35344828e+000 2.49245702e+001 2.65834258e+000 -1.07651893e-001 2.45612070e+000 1.02266578e+000 3.10228929e-001
 5.37931034e+000 2.50703269e+001 2.66822869e+000 -1.05738869e-001 2.46165529e+000 1.03483252e+000 3.16678430e-001
 5.40517241e+000 2.52157755e+001 2.68669534e+000 -1.03429997e-001 2.47474368e+000 1.05103440e+000 3.25401372e-001
 5.43103448e+000 2.53608776e+001 2.69841538e+000 -1.00950571e-001 2.48160257e+000 1.06455872e+000 3.33110300e-001
 5.45689655e+000 2.55055902e+001 2.71060336e+000 -9.92556349e-002 2.48917623e+000 1.07760102e+000 3.40402081e-001
 5.48275862e+000 2.56498655e+001 2.72264725e+000 -9.67144561e-002 2.49621189e+000 1.09136974e+000 3.48151397e-001
 5.50862069e+000 2.57936499e+001 2.72774327e+000 -9.51929240e-002 2.49739146e+000 1.10121795e+000 3.53709760e-001
 5.53448276e+000 2.59368837e+001 2.74047312e+000 -9.26068655e-002 2.50494728e+000 1.11535111e+000 3.61751345e-001
 5.56034483e+000 2.60795008e+001 2.74990994e+000 -8.98663868e-002 2.50943450e+000 1.12819285e+000 3.69485613e-001
 5.58620690e+000 2.62214274e+001 2.75967612e+000 -8.76835864e-002 2.51442890e+000 1.14067875e+000 3.76737643e-001
 5.61206897e+000 2.63625821e+001 2.77017833e+000 -8.54363659e-002 2.52002320e+000 1.15354688e+000 3.85164510e-001
 5.63793103e+000 2.65028750e+001 2.77279699e+000 -8.40611086e-002 2.51892087e+000 1.16211317e+000 3.90850560e-001
 5.66379310e+000 2.66422069e+001 2.78344796e+000 -8.16218284e-002 2.52451369e+000 1.17519162e+000 3.99080165e-001
 5.68965517e+000 2.67804689e+001 2.78684597e+000 -7.87320275e-002 2.52340191e+000 1.18539105e+000 4.05787784e-001
 5.71551724e+000 2.69175421e+001 2.79123975e+000 -7.66901742e-002 2.52355218e+000 1.19523432e+000 4.12756697e-001
 5.74137931e+000 2.70532967e+001 2.79905391e+000 -7.42639317e-002 2.52656882e+000 1.20692498e+000 4.20425729e-001
 5.76724138e+000 2.71875921e+001 2.80083972e+000 -7.16240524e-002 2.52411531e+000 1.21600783e+000 4.26680112e-001
 5.79310345e+000 2.73202763e+001 2.80103019e+000 -6.99100890e-002 2.52067512e+000 1.22346005e+000 4.32983835e-001
 5.81896552e+000 2.74511866e+001 2.80756603e+000 -6.70311099e-002 2.52234590e+000 1.23478392e+000 4.40715103e-001
 5.84482759e+000 2.75801493e+001 2.80388748e+000 -6.50312568e-002 2.51537379e+000 1.24052762e+000 4.45750055e-001
 5.87068966e+000 2.77069805e+001 2.80527157e+000 -6.24179726e-002 2.51263190e+000 1.24904983e+000 4.52435287e-001
 5.89655172e+000 2.78314873e+001 2.80293513e+000 -6.01228281e-002 2.50677401e+000 1.25544580e+000 4.58151999e-001
 5.92241379e+000 2.79534689e+001 2.80406168e+000 -5.78653203e-002 2.50403242e+000 1.26330202e+000 4.65153302e-001
 5.94827586e+000 2.80727185e+001 2.79810372e+000 -5.52270860e-002 2.49489914e+000 1.26803499e+000 4.70204407e-001
 5.97413793e+000 2.81890257e+001 2.79572052e+000 -5.31785575e-002 2.48925174e+000 1.27377666e+000 4.76123710e-001
 6.00000000e+000 2.83021792e+001 2.79345870e+000 -5.05134552e-002 2.48347628e+000 1.27996434e+000 4.82196448e-001
 6.02586207e+000 2.84119699e+001 2.78649900e+000 -4.81175330e-002 2.47375764e+000 1.28351670e+000 4.87460492e-001
 6.05172414e+000 2.85181948e+001 2.78426380e+000 -4.56711384e-002 2.46824179e+000 1.28918316e+000 4.93521922e-001
 6.07758621e+000 2.86206607e+001 2.77963728e+000 -4.31278538e-002 2.46065285e+000 1.29361160e+000 4.99056424e-001
 6.10344828e+000 2.87191881e+001 2.77023515e+000 -4.07400295e-002 2.44903177e+000 1.29541729e+000 5.03400009e-001
 6.12931034e+000 2.88136158e+001 2.76586795e+000 -3.82356443e-002 2.44185997e+000 1.29954122e+000 5.09174901e-001
 6.15517241e+000 2.89038045e+001 2.75492719e+000 -3.60187558e-002 2.42916194e+000 1.30003594e+000 5.13141496e-001
 6.18103448e+000 2.89896408e+001 2.75004550e+000 -3.35889907e-002 2.42176396e+000 1.30343308e+000 5.19204679e-001
 6.20689655e+000 2.90710398e+001 2.73704724e+000 -3.15610758e-002 2.40756369e+000 1.30232898e+000 5.22551818e-001
 6.23275862e+000 2.91479480e+001 2.72898092e+000 -2.89608598e-002 2.39750209e+000 1.30390159e+000 5.27236808e-001
 6.25862069e+000 2.92203446e+001 2.71997485e+000 -2.64346999e-002 2.38675938e+000 1.30473814e+000 5.31883268e-001
 6.28448276e+000 2.92882420e+001 2.70471226e+000 -2.48040262e-002 2.37110225e+000 1.30152133e+000 5.34512494e-001
 6.31034483e+000 2.93516857e+001 2.69410483e+000 -2.22311735e-002 2.35915276e+000 1.30118919e+000 5.38785571e-001
 6.33620690e+000 2.94107531e+001 2.67881264e+000 -2.02504845e-002 2.34351608e+000 1.29783652e+000 5.40904791e-001
 6.36206897e+000 2.94655505e+001 2.66763093e+000 -1.80944246e-002 2.33147782e+000 1.29645415e+000 5.44432098e-001
 6.38793103e+000 2.95162113e+001 2.65024250e+000 -1.57981956e-002 2.31406761e+000 1.29194660e+000 5.45731760e-001
 6.41379310e+000 2.95628916e+001 2.63189209e+000 -1.40373647e-002 2.29618405e+000 1.28630939e+000 5.46965814e-001
 6.43965517e+000 2.96057665e+001 2.61759039e+000 -1.18801796e-002 2.28172059e+000 1.28283738e+000 5.48812170e-001
 6.46551724e+000 2.96450262e+001 2.59798462e+000 -9.75464209e-003 2.26275019e+000 1.27655035e+000 5.49105172e-001
 6.49137931e+000 2.96808718e+001 2.57708716e+000 -8.45993081e-003 2.24315437e+000 1.26874281e+000 5.48912932e-001
 6.51724138e+000 2.97135112e+001 2.55649688e+000 -6.35692846e-003 2.22350590e+000 1.26164108e+000 5.48323293e-001
 6.54310345e+000 2.97431553e+001 2.53507115e+000 -4.71860188e-003 2.20343699e+000 1.25358424e+000 5.47456527e-001
 6.56896552e+000 2.97700151e+001 2.51406623e+000 -3.00945320e-003 2.18376764e+000 1.24567128e+000 5.46346888e-001
 6.59482759e+000 2.97942986e+001 2.49006198e+000 -1.08995877e-003 2.16145448e+000 1.23633506e+000 5.43903103e-001
 6.62068966e+000 2.98162082e+001 2.46370297e+000 1.49459647e-004 2.13749556e+000 1.22513064e+000 5.40399266e-001
 6.64655172e+000 2.98359389e+001 2.43830325e+000 1.55096773e-003 2.11434319e+000 1.21444557e+000 5.37286087e-001
 6.67241379e+000 2.98536770e+001 2.41100338e+000 3.20060286e-003 2.08946877e+000 1.20294130e+000 5.33087991e-001
 6.69827586e+000 2.98695988e+001 2.38504319e+000 4.54186389e-003 2.06595476e+000 1.19175609e+000 5.29051888e-001
 6.72413793e+000 2.98838698e+001 2.35694316e+000 6.26588163e-003 2.04043511e+000 1.17976475e+000 5.25036989e-001
 6.75000000e+000 2.98966448e+001 2.32183573e+000 6.82284792e-003 2.00945886e+000 1.16320368e+000 5.17704095e-001
 6.77586207e+000 2.99080670e+001 2.29386274e+000 8.12196810e-003 1.98433145e+000 1.15078276e+000 5.12502975e-001
 6.80172414e+000 2.99182690e+001 2.26133878e+000 9.19461135e-003 1.95540176e+000 1.13584398e+000 5.06204388e-001
 6.82758621e+000 2.99273725e+001 2.22986031e+000 1.03197856e-002 1.92737884e+000 1.12142513e+000 4.99831010e-001
 6.85344828e+000 2.99354887e+001 2.19158917e+000 1.07661463e-002 1.89383192e+000 1.10298671e+000 4.90697996e-001
 6.87931034e+000 2.99427191e+001 2.15444370e+000 1.11988898e-002 1.86128924e+000 1.08506011e+000 4.81834485e-001
 6.90517241e+000 2.99491560e+001 2.11655864e+000 1.19339155e-002 1.82797416e+000 1.06699268e+000 4.72738374e-001
 6.93103448e+000 2.99548829e+001 2.07677681e+000 1.23820845e-002 1.79317599e+000 1.04769991e+000 4.62459756e-001
 6.95689655e+000 2.99599754e+001 2.03022754e+000 1.24340247e-002 1.75272783e+000 1.02465781e+000 4.49763050e-001
 6.98275862e+000 2.99645014e+001 1.98508712e+000 1.29194120e-002 1.71329772e+000 1.00267079e+000 4.37005075e-001
 7.00862069e+000 2.99685222e+001 1.92409698e+000 1.26317178e-002 1.66053530e+000 9.72075741e-001 4.19149635e-001
 7.03448276e+000 2.99720928e+001 1.86823826e+000 1.29591020e-002 1.61192250e+000 9.44557030e-001 4.02332708e-001
 7.06034483e+000 2.99752625e+001 1.79972447e+000 1.30772934e-002 1.55246173e+000 9.10517311e-001 3.81976912e-001
 7.08620690e+000 2.99780754e+001 1.73320765e+000 1.33272177e-002 1.49467417e+000 8.77573652e-001 3.62649871e-001
 7.11206897e+000 2.99805710e+001 1.66831790e+000 1.41325628e-002 1.43802633e+000 8.45910524e-001 3.44918767e-001
 7.13793103e+000 2.99827846e+001 1.60878297e+000 1.46969634e-002 1.38614390e+000 8.16702978e-001 3.30139293e-001
 7.16379310e+000 2.99847475e+001 1.56943497e+000 1.64132726e-002 1.35117655e+000 7.98572132e-001 3.23333185e-001
 7.18965517e+000 2.99864879e+001 1.54047709e+000 1.82274211e-002 1.32516391e+000 7.85711460e-001 3.22577676e-001
 7.21551724e+000 2.99880306e+001 1.52787507e+000 2.07569959e-002 1.31296345e+000 7.81639355e-001 3.28283724e-001
 7.24137931e+000 2.99893980e+001 1.52807402e+000 2.43539568e-002 1.31131920e+000 7.84885521e-001 3.39452620e-001
 7.26724138e+000 2.99906098e+001 1.53234162e+000 2.81242235e-002 1.31311420e+000 7.90311908e-001 3.53225202e-001
 7.29310345e+000 2.99916835e+001 1.54918871e+000 3.31253570e-002 1.32519068e+000 8.03089413e-001 3.71721069e-001
 7.31896552e+000 2.99926349e+001 1.56567099e+000 3.82866753e-002 1.33687239e+000 8.15820885e-001 3.91365483e-001
 7.34482759e+000 2.99934777e+001 1.59123020e+000 4.39150228e-002 1.35618316e+000 8.33492248e-001 4.13895175e-001
 7.37068966e+000 2.99942242e+001 1.61420124e+000 4.92079485e-002 1.37342096e+000 8.49577510e-001 4.35951889e-001
 7.39655172e+000 2.99948856e+001 1.63791433e+000 5.50957869e-002 1.39100488e+000 8.66547354e-001 4.57940074e-001
 7.42241379e+000 2.99954713e+001 1.65952382e+000 6.02667754e-002 1.40712610e+000 8.81843249e-001 4.78307694e-001
 7.44827586e+000 2.99959900e+001 1.68154403e+000 6.53597377e-002 1.42364278e+000 8.97275574e-001 4.97968083e-001
 7.47413793e+000 2.99964495e+001 1.69952874e+000 6.99857204e-002 1.43689861e+000 9.10284740e-001 5.15217205e-001
 7.50000000e+000 2.99968563e+001 1.72006670e+000 7.46351758e-002 1.45235461e+000 9.24589624e-001 5.32731229e-001
 7.52586207e+000 2.99972166e+001 1.73017382e+000 7.82040449e-002 1.45931777e+000 9.32742708e-001 5.44135044e-001
 7.55172414e+000 2.99975357e+001 1.74371177e+000 8.18100473e-002 1.46923421e+000 9.42642273e-001 5.56098474e-001
 7.57758621e+000 2.99978182e+001 1.74541000e+000 8.40579741e-002 1.46957641e+000 9.45445378e-001 5.61635625e-001
 7.60344828e+000 2.99980683e+001 1.75596633e+000 8.72791873e-002 1.47710400e+000 9.53519358e-001 5.69524093e-001
 7.62931034e+000 2.99982898e+001 1.76132009e+000 8.90657309e-002 1.48084367e+000 9.57749030e-001 5.73648750e-001
 7.65517241e+000 2.99984859e+001 1.75830209e+000 9.08566625e-002 1.47733125e+000 9.57796181e-001 5.74827533e-001
 7.68103448e+000 2.99986595e+001 1.76790839e+000 9.23837706e-002 1.48488424e+000 9.63926147e-001 5.79503001e-001
 7.70689655e+000 2.99988132e+001 1.76671067e+000 9.30702746e-002 1.48350115e+000 9.63925832e-001 5.79625735e-001
 7.73275862e+000 2.99989494e+001 1.77650830e+000 9.50755767e-002 1.49098133e+000 9.70564676e-001 5.83171497e-001
 7.75862069e+000 2.99990699e+001 1.77290217e+000 9.40111603e-002 1.48838845e+000 9.67842977e-001 5.80117854e-001
 7.78448276e+000 2.99991765e+001 1.77429744e+000 9.54927417e-002 1.48885422e+000 9.69826462e-001 5.79071142e-001
 7.81034483e+000 2.99992710e+001 1.77823447e+000 9.53651492e-002 1.49232601e+000 9.71686889e-001 5.78459751e-001
 7.83620690e+000 2.99993546e+001 1.76795392e+000 9.40412130e-002 1.48408328e+000 9.65402324e-001 5.73466675e-001
 7.86206897e+000 2.99994287e+001 1.77760557e+000 9.52565845e-002 1.49183297e+000 9.71282531e-001 5.74052914e-001
 7.88793103e+000 2.99994942e+001 1.77171873e+000 9.28065414e-002 1.48795868e+000 9.66219049e-001 5.67118343e-001
 7.91379310e+000 2.99995522e+001 1.75800657e+000 9.28193298e-002 1.47607619e+000 9.59375648e-001 5.59045481e-001
 7.93965517e+000 2.99996036e+001 1.75971651e+000 9.16196997e-002 1.47815599e+000 9.59193017e-001 5.55150273e-001
 7.96551724e+000 2.99996491e+001 1.74519797e+000 8.88905843e-002 1.46694630e+000 9.49571503e-001 5.46258092e-001
 7.99137931e+000 2.99996893e+001 1.74669055e+000 8.84124392e-002 1.46847732e+000 9.49904730e-001 5.42022060e-001
 8.01724138e+000 2.99997250e+001 1.72754907e+000 8.53028691e-002 1.45345444e+000 9.37642007e-001 5.30560980e-001
 8.04310345e+000 2.99997565e+001 1.72473475e+000 8.37603678e-002 1.45178789e+000 9.34899811e-001 5.23860538e-001
 8.06896552e+000 2.99997845e+001 1.70718370e+000 8.11605714e-002 1.43788764e+000 9.23873556e-001 5.12217792e-001
 8.09482759e+000 2.99998092e+001 1.69857835e+000 7.81954067e-002 1.43191736e+000 9.17003617e-001 5.02555483e-001
 8.12068966e+000 2.99998311e+001 1.68368156e+000 7.56606374e-002 1.42028336e+000 9.07360626e-001 4.91880107e-001
 8.14655172e+000 2.99998505e+001 1.66763979e+000 7.20156805e-002 1.40821292e+000 8.96183626e-001 4.79290772e-001
 8.17241379e+000 2.99998676e+001 1.65874041e+000 6.93011584e-002 1.40186281e+000 8.89383532e-001 4.69772790e-001
 8.19827586e+000 2.99998828e+001 1.64450553e+000 6.53173786e-002 1.39152667e+000 8.78816426e-001 4.57533155e-001
 8.22413793e+000 2.99998963e+001 1.62460701e+000 6.14165223e-002 1.37624424e+000 8.65489280e-001 4.44261997e-001
 8.25000000e+000 2.99999082e+001 1.61071612e+000 5.71396896e-002 1.36635260e+000 8.54840292e-001 4.31509062e-001
 8.27586207e+000 2.99999187e+001 1.60173249e+000 5.37931493e-002 1.36024565e+000 8.47450549e-001 4.21484489e-001
 8.30172414e+000 2.99999280e+001 1.58173419e+000 4.91328521e-002 1.34525661e+000 8.33415704e-001 4.07168758e-001
 8.32758621e+000 2.99999363e+001 1.57147361e+000 4.51313859e-002 1.33837129e+000 8.24820244e-001 3.95064302e-001
 8.35344828e+000 2.99999436e+001 1.54984977e+000 4.04793954e-002 1.32197037e+000 8.09979769e-001 3.79861281e-001
 8.37931034e+000 2.99999501e+001 1.55039132e+000 3.65084987e-002 1.32442472e+000 8.06811792e-001 3.71019359e-001
 8.40517241e+000 2.99999558e+001 1.53570989e+000 3.23651654e-002 1.31378181e+000 7.95882986e-001 3.58123616e-001
 8.43103448e+000 2.99999609e+001 1.52481020e+000 2.67151489e-002 1.30716733e+000 7.85540206e-001 3.45200650e-001
 8.45689655e+000 2.99999654e+001 1.51640885e+000 2.26542145e-002 1.30192195e+000 7.77822762e-001 3.34291038e-001
 8.48275862e+000 2.99999693e+001 1.50879953e+000 1.77832072e-002 1.29776753e+000 7.69799777e-001 3.22659087e-001
 8.50862069e+000 2.99999728e+001 1.50562395e+000 1.37570236e-002 1.29703044e+000 7.64725292e-001 3.12882916e-001
 8.53448276e+000 2.99999760e+001 1.49907736e+000 9.17966130e-003 1.29364957e+000 7.57487958e-001 3.01682911e-001
 8.56034483e+000 2.99999787e+001 1.50207742e+000 4.62539439e-003 1.29852479e+000 7.55043936e-001 2.92672486e-001
 8.58620690e+000 2.99999812e+001 1.49707026e+000 2.00399882e-004 1.29640093e+000 7.48708257e-001 2.83013806e-001
 8.61206897e+000 2.99999833e+001 1.49809421e+000 -4.15942375e-003 1.29946757e+000 7.45444561e-001 2.74626062e-001
 8.63793103e+000 2.99999852e+001 1.49691079e+000 -9.04169093e-003 1.30088381e+000 7.40624727e-001 2.65306334e-001
 8.66379310e+000 2.99999869e+001 1.51193181e+000 -1.23702934e-002 1.31555668e+000 7.45252619e-001 2.61625793e-001
 8.68965517e+000 2.99999884e+001 1.51543558e+000 -1.66284715e-002 1.32072010e+000 7.43316844e-001 2.54544655e-001
 8.71551724e+000 2.99999898e+001 1.52808008e+000 -2.07263466e-002 1.33371948e+000 7.46090260e-001 2.50011447e-001
 8.74137931e+000 2.99999909e+001 1.52776561e+000 -2.46212203e-002 1.33539456e+000 7.42559991e-001 2.42598429e-001
 8.76724138e+000 2.99999920e+001 1.55772267e+000 -2.82085475e-002 1.36313178e+000 7.54431825e-001 2.43253621e-001
 8.79310345e+000 2.99999929e+001 1.56322240e+000 -3.15991738e-002 1.36958999e+000 7.54245345e-001 2.38665865e-001
 8.81896552e+000 2.99999937e+001 1.58955666e+000 -3.51440686e-002 1.39416857e+000 7.64342522e-001 2.38557597e-001
 8.84482759e+000 2.99999944e+001 1.60106847e+000 -3.83194183e-002 1.40572576e+000 7.67348511e-001 2.36345468e-001
 8.87068966e+000 2.99999951e+001 1.62937215e+000 -4.15814414e-002 1.43186846e+000 7.78675367e-001 2.38081406e-001
 8.89655172e+000 2.99999956e+001 1.65010135e+000 -4.39898805e-002 1.45102469e+000 7.86954211e-001 2.38896016e-001
 8.92241379e+000 2.99999961e+001 1.68372055e+000 -4.66189285e-002 1.48145429e+000 8.01486999e-001 2.42854369e-001
 8.94827586e+000 2.99999966e+001 1.69800788e+000 -4.93893085e-002 1.49521266e+000 8.06231456e-001 2.42480528e-001
 8.97413793e+000 2.99999970e+001 1.73786817e+000 -5.13093341e-002 1.53069269e+000 8.24498816e-001 2.49478114e-001
 9.00000000e+000 2.99999973e+001 1.76625713e+000 -5.27356917e-002 1.55599143e+000 8.37458041e-001 2.54326364e-001
 9.02586207e+000 2.99999976e+001 1.80256642e+000 -5.47907774e-002 1.58846374e+000 8.53832941e-001 2.61432589e-001
 9.05172414e+000 2.99999979e+001 1.82552050e+000 -5.65170067e-002 1.60920566e+000 8.63815028e-001 2.65278949e-001
 9.07758621e+000 2.99999981e+001 1.87006299e+000 -5.77299591e-002 1.64838707e+000 8.85035831e-001 2.75605396e-001
 9.10344828e+000 2.99999984e+001 1.89678713e+000 -5.89765941e-002 1.67215416e+000 8.97318289e-001 2.82027111e-001
 9.12931034e+000 2.99999985e+001 1.93635917e+000 -5.90011143e-002 1.70643681e+000 9.17083078e-001 2.92732495e-001
 9.15517241e+000 2.99999987e+001 1.96830598e+000 -6.01242361e-002 1.73466512e+000 9.32083835e-001 3.01551742e-001
 9.18103448e+000 2.99999989e+001 2.00155266e+000 -6.04667787e-002 1.76362886e+000 9.48410529e-001 3.10441311e-001
 9.20689655e+000 2.99999990e+001 2.02948594e+000 -6.02771404e-002 1.78772497e+000 9.62541405e-001 3.19386825e-001
 9.23275862e+000 2.99999991e+001 2.06528236e+000 -6.06877706e-002 1.81893089e+000 9.80084001e-001 3.29862920e-001
 9.25862069e+000 2.99999992e+001 2.08181779e+000 -6.02040442e-002 1.83300913e+000 9.88770636e-001 3.36875478e-001
 9.28448276e+000 2.99999993e+001 2.11603927e+000 -6.00655760e-002 1.86257656e+000 1.00600130e+000 3.47704918e-001
 9.31034483e+000 2.99999994e+001 2.13497767e+000 -5.95878483e-002 1.87873883e+000 1.01588422e+000 3.54839846e-001
 9.33620690e+000 2.99999995e+001 2.16262885e+000 -5.83804855e-002 1.90208178e+000 1.03075543e+000 3.64654990e-001
 9.36206897e+000 2.99999995e+001 2.17867379e+000 -5.80163982e-002 1.91579506e+000 1.03909320e+000 3.70680593e-001
 9.38793103e+000 2.99999996e+001 2.19214651e+000 -5.71133169e-002 1.92701124e+000 1.04661166e+000 3.76038298e-001
 9.41379310e+000 2.99999996e+001 2.20442880e+000 -5.61568771e-002 1.93716979e+000 1.05358111e+000 3.81376438e-001
 9.43965517e+000 2.99999997e+001 2.20949277e+000 -5.50293642e-002 1.94099156e+000 1.05708955e+000 3.85204878e-001
 9.46551724e+000 2.99999997e+001 2.22634201e+000 -5.28222801e-002 1.95447988e+000 1.06742556e+000 3.92677238e-001
 9.49137931e+000 2.99999997e+001 2.22463728e+000 -5.23730423e-002 1.95277893e+000 1.06696225e+000 3.94324909e-001
 9.51724138e+000 2.99999998e+001 2.22427772e+000 -5.08898109e-002 1.95172592e+000 1.06806698e+000 3.95864639e-001
 9.54310345e+000 2.99999998e+001 2.22586011e+000 -4.93971036e-002 1.95234995e+000 1.07015090e+000 3.98890100e-001
 9.56896552e+000 2.99999998e+001 2.22792793e+000 -4.75529223e-002 1.95321865e+000 1.07278192e+000 4.01847511e-001
 9.59482759e+000 2.99999998e+001 2.22697073e+000 -4.51576981e-002 1.95119208e+000 1.07437765e+000 4.04019186e-001
 9.62068966e+000 2.99999999e+001 2.22153778e+000 -4.43941630e-002 1.94610524e+000 1.07232241e+000 4.04429440e-001
 9.64655172e+000 2.99999999e+001 2.20965560e+000 -4.28126298e-002 1.93502420e+000 1.06775097e+000 4.03592691e-001
 9.67241379e+000 2.99999999e+001 2.20893500e+000 -4.04922470e-002 1.93323995e+000 1.06940018e+000 4.06239251e-001
 9.69827586e+000 2.99999999e+001 2.20313713e+000 -3.82060692e-002 1.92707576e+000 1.06848114e+000 4.07733488e-001
 9.72413793e+000 2.99999999e+001 2.20043111e+000 -3.61962306e-002 1.92372736e+000 1.06886870e+000 4.08789373e-001
 9.75000000e+000 2.99999999e+001 2.18378098e+000 -3.48306588e-002 1.90862514e+000 1.06172625e+000 4.06635583e-001
 9.77586207e+000 2.99999999e+001 2.17887269e+000 -3.29835685e-002 1.90345089e+000 1.06087174e+000 4.08010255e-001
 9.80172414e+000 2.99999999e+001 2.17503544e+000 -2.98110520e-002 1.89854148e+000 1.06170059e+000 4.10271167e-001
 9.82758621e+000 2.99999999e+001 2.16500712e+000 -2.85457796e-002 1.88922405e+000 1.05778219e+000 4.10268313e-001
 9.85344828e+000 3.00000000e+001 2.15623497e+000 -2.63669238e-002 1.88053773e+000 1.05528306e+000 4.10819689e-001
 9.87931034e+000 3.00000000e+001 2.14296767e+000 -2.49099473e-002 1.86831942e+000 1.04991119e+000 4.09628893e-001
 9.90517241e+000 3.00000000e+001 2.13563559e+000 -2.30256167e-002 1.86102748e+000 1.04787703e+000 4.09893593e-001
 9.93103448e+000 3.00000000e+001 2.12707141e+000 -2.00930869e-002 1.85214442e+000 1.04613458e+000 4.10955819e-001
 9.95689655e+000 3.00000000e+001 2.11730300e+000 -1.88883088e-002 1.84308234e+000 1.04229374e+000 4.10980274e-001
 9.98275862e+000 3.00000000e+001 2.11011924e+000 -1.67762205e-002 1.83580498e+000 1.04053099e+000 4.10992613e-001
 1.00086207e+001 3.00000000e+001 2.09059145e+000 -1.54693962e-002 1.81824001e+000 1.03189884e+000 4.08633999e-001
 1.00344828e+001 3.00000000e+001 2.09306433e+000 -1.34329495e-002 1.81936335e+000 1.03489889e+000 4.12147269e-001
 1.00603448e+001 3.00000000e+001 2.07633665e+000 -1.18731566e-002 1.80409687e+000 1.02788587e+000 4.10233204e-001
 1.00862069e+001 3.00000000e+001 2.06963083e+000 -1.00214194e-002 1.79736358e+000 1.02613661e+000 4.11042017e-001
 1.01120690e+001 3.00000000e+001 2.05478111e+000 -8.83807190e-003 1.78391168e+000 1.01973656e+000 4.09018399e-001
 1.01379310e+001 3.00000000e+001 2.04067873e+000 -7.33778692e-003 1.77094851e+000 1.01398465e+000 4.07235690e-001
 1.01637931e+001 3.00000000e+001 2.03248511e+000 -5.68197235e-003 1.76302472e+000 1.01132182e+000 4.07513160e-001
 1.01896552e+001 3.00000000e+001 2.01629777e+000 -4.86752658e-003 1.74859885e+000 1.00393348e+000 4.04645831e-001
 1.02155172e+001 3.00000000e+001 2.00515976e+000 -3.07358884e-003 1.73805609e+000 9.99918075e-001 4.03482170e-001
 1.02413793e+001 3.00000000e+001 1.99276123e+000 -1.99551837e-003 1.72677960e+000 9.94652443e-001 4.02363717e-001
 1.02672414e+001 3.00000000e+001 1.97941615e+000 -1.00898604e-003 1.71472916e+000 9.88834267e-001 4.00847429e-001
 1.02931034e+001 3.00000000e+001 1.96332172e+000 7.37798770e-005 1.70024959e+000 9.81724754e-001 3.98239331e-001
 1.03189655e+001 3.00000000e+001 1.94907958e+000 9.92487762e-004 1.68745618e+000 9.75399307e-001 3.96015848e-001
 1.03448276e+001 3.00000000e+001 1.92897121e+000 1.69306291e-003 1.66969154e+000 9.65951840e-001 3.92110760e-001
 1.03706897e+001 3.00000000e+001 1.92387253e+000 3.27839607e-003 1.66448328e+000 9.64775437e-001 3.92057899e-001
 1.03965517e+001 3.00000000e+001 1.89865366e+000 3.98274245e-003 1.64229093e+000 9.52775986e-001 3.86851651e-001
 1.04224138e+001 3.00000000e+001 1.88916382e+000 5.06272365e-003 1.63353250e+000 9.48966356e-001 3.85296748e-001
 1.04482759e+001 3.00000000e+001 1.86857877e+000 5.86773365e-003 1.61530282e+000 9.39370994e-001 3.81602389e-001
 1.04741379e+001 3.00000000e+001 1.85712198e+000 6.64025858e-003 1.60499469e+000 9.34311625e-001 3.79666705e-001
 1.05000000e+001 3.00000000e+001 1.83662798e+000 7.76581906e-003 1.58668358e+000 9.25039385e-001 3.75631756e-001
 1.05258621e+001 3.00000000e+001 1.82262720e+000 8.43774020e-003 1.57422259e+000 9.18620899e-001 3.73029414e-001
 1.05517241e+001 3.00000000e+001 1.80519617e+000 9.20807306e-003 1.55874171e+000 9.10572510e-001 3.69667673e-001
 1.05775862e+001 3.00000000e+001 1.78876727e+000 1.02665156e-002 1.54398464e+000 9.03274698e-001 3.66367859e-001
 1.06034483e+001 3.00000000e+001 1.77155799e+000 1.09521519e-002 1.52873814e+000 8.95263834e-001 3.63090398e-001
 1.06293103e+001 3.00000000e+001 1.75663349e+000 1.16719776e-002 1.51545324e+000 8.88424972e-001 3.59960071e-001
 1.06551724e+001 3.00000000e+001 1.73381323e+000 1.24931148e-002 1.49527974e+000 8.77725969e-001 3.54958551e-001
 1.06810345e+001 3.00000000e+001 1.72246694e+000 1.31112131e-002 1.48514452e+000 8.72588114e-001 3.52995468e-001
 1.07068966e+001 3.00000000e+001 1.70478597e+000 1.42642911e-002 1.46925582e+000 8.64746225e-001 3.49748860e-001
 1.07327586e+001 3.00000000e+001 1.68698080e+000 1.48946541e-002 1.45352090e+000 8.56389550e-001 3.46114036e-001
 1.07586207e+001 3.00000000e+001 1.67231352e+000 1.57003135e-002 1.44041583e+000 8.49753630e-001 3.43235802e-001
 1.07844828e+001 3.00000000e+001 1.65442519e+000 1.64073942e-002 1.42457055e+000 8.41421817e-001 3.39706846e-001
 1.08103448e+001 3.00000000e+001 1.64196854e+000 1.74048785e-002 1.41328403e+000 8.36057339e-001 3.37231846e-001
 1.08362069e+001 3.00000000e+001 1.62185002e+000 1.82488524e-002 1.39543889e+000 8.26728980e-001 3.33405622e-001
 1.08620690e+001 3.00000000e+001 1.60811473e+000 1.87207496e-002 1.38330784e+000 8.20270012e-001 3.30532487e-001
 1.08879310e+001 3.00000000e+001 1.58853524e+000 1.92037778e-002 1.36610998e+000 8.10898579e-001 3.26006896e-001
 1.09137931e+001 3.00000000e+001 1.57421647e+000 1.97401189e-002 1.35344139e+000 8.04203677e-001 3.23214004e-001
 1.09396552e+001 3.00000000e+001 1.55955633e+000 2.09960774e-002 1.34011736e+000 7.97961299e-001 3.20930987e-001
 1.09655172e+001 3.00000000e+001 1.54414171e+000 2.11266529e-002 1.32670262e+000 7.90367073e-001 3.17632211e-001
 1.09913793e+001 3.00000000e+001 1.53178499e+000 2.20577284e-002 1.31553585e+000 7.84995049e-001 3.15026982e-001
 1.10172414e+001 3.00000000e+001 1.51195926e+000 2.22848985e-002 1.29825268e+000 7.75278916e-001 3.10599597e-001
 1.10431034e+001 3.00000000e+001 1.49930381e+000 2.30259826e-002 1.28692220e+000 7.69592992e-001 3.08172090e-001
 1.10689655e+001 3.00000000e+001 1.48666460e+000 2.37795112e-002 1.27559955e+000 7.63925960e-001 3.05746547e-001
 1.10948276e+001 3.00000000e+001 1.47095115e+000 2.40934099e-002 1.26183436e+000 7.56341082e-001 3.02278618e-001
 1.11206897e+001 3.00000000e+001 1.45594138e+000 2.44918052e-002 1.24863632e+000 7.49181217e-001 2.98682102e-001
 1.11465517e+001 3.00000000e+001 1.44423078e+000 2.47424741e-002 1.23836931e+000 7.43543001e-001 2.95907905e-001
 1.11724138e+001 3.00000000e+001 1.42924621e+000 2.52393896e-002 1.22514383e+000 7.36481058e-001 2.92660422e-001
 1.11982759e+001 3.00000000e+001 1.41521965e+000 2.52544900e-002 1.21298892e+000 7.29480853e-001 2.89538643e-001
 1.12241379e+001 3.00000000e+001 1.40775307e+000 2.60341647e-002 1.20613283e+000 7.26422781e-001 2.88041569e-001
 1.12500000e+001 3.00000000e+001 1.39055819e+000 2.59093264e-002 1.19130405e+000 7.17717229e-001 2.83611517e-001
 1.12758621e+001 3.00000000e+001 1.38092135e+000 2.65595511e-002 1.18263320e+000 7.13461922e-001 2.81406527e-001
 1.13017241e+001 3.00000000e+001 1.36326287e+000 2.61149946e-002 1.16756278e+000 7.04247683e-001 2.76419747e-001
 1.13275862e+001 3.00000000e+001 1.35716734e+000 2.62072860e-002 1.16223775e+000 7.01279845e-001 2.75194440e-001
 1.13534483e+001 3.00000000e+001 1.34336508e+000 2.65126704e-002 1.15013195e+000 6.94643189e-001 2.71883635e-001
 1.13793103e+001 3.00000000e+001 1.33708813e+000 2.64252629e-002 1.14473966e+000 6.91429014e-001 2.69984710e-001
 1.14051724e+001 3.00000000e+001 1.32033724e+000 2.65002029e-002 1.13019549e+000 6.83118469e-001 2.65832257e-001
 1.14310345e+001 3.00000000e+001 1.31015664e+000 2.60209173e-002 1.12161848e+000 6.77613098e-001 2.62596783e-001
 1.14568966e+001 3.00000000e+001 1.30030986e+000 2.60868226e-002 1.11305796e+000 6.72746782e-001 2.59943254e-001
 1.14827586e+001 3.00000000e+001 1.28982041e+000 2.58489201e-002 1.10409278e+000 6.67296028e-001 2.56812094e-001
 1.15086207e+001 3.00000000e+001 1.28260943e+000 2.58200948e-002 1.09786231e+000 6.63665575e-001 2.54714121e-001
 1.15344828e+001 3.00000000e+001 1.27453761e+000 2.52517415e-002 1.09115608e+000 6.59137454e-001 2.52012323e-001
 1.15603448e+001 3.00000000e+001 1.26508214e+000 2.51431000e-002 1.08302172e+000 6.54315635e-001 2.48778700e-001
 1.15862069e+001 3.00000000e+001 1.26130970e+000 2.47964128e-002 1.07992804e+000 6.52129174e-001 2.47124635e-001
 1.16120690e+001 3.00000000e+001 1.25000268e+000 2.40785273e-002 1.07049482e+000 6.45853959e-001 2.43743741e-001
 1.16379310e+001 3.00000000e+001 1.24468605e+000 2.38456901e-002 1.06600690e+000 6.42994000e-001 2.41510376e-001
 1.16637931e+001 3.00000000e+001 1.23799215e+000 2.30775689e-002 1.06059387e+000 6.38981836e-001 2.38538395e-001
 1.16896552e+001 3.00000000e+001 1.22947252e+000 2.26480746e-002 1.05343040e+000 6.34350069e-001 2.35343094e-001
 1.17155172e+001 3.00000000e+001 1.22415822e+000 2.20915196e-002 1.04910636e+000 6.31210928e-001 2.32774495e-001
 1.17413793e+001 3.00000000e+001 1.22134928e+000 2.17436339e-002 1.04684769e+000 6.29505182e-001 2.30945712e-001
 1.17672414e+001 3.00000000e+001 1.21030432e+000 2.07667868e-002 1.03777089e+000 6.23136723e-001 2.27287927e-001
 1.17931034e+001 3.00000000e+001 1.20962188e+000 2.01927218e-002 1.03746692e+000 6.22298350e-001 2.26094940e-001
 1.18189655e+001 3.00000000e+001 1.20518400e+000 1.93878772e-002 1.03402602e+000 6.19382393e-001 2.24063280e-001
 1.18448276e+001 3.00000000e+001 1.20365864e+000 1.84137673e-002 1.03319207e+000 6.17776109e-001 2.22545219e-001
 1.18706897e+001 3.00000000e+001 1.19699167e+000 1.76718818e-002 1.02778925e+000 6.13800133e-001 2.19369235e-001
 1.18965517e+001 3.00000000e+001 1.19624748e+000 1.68298360e-002 1.02756579e+000 6.12698803e-001 2.17695459e-001
 1.19224138e+001 3.00000000e+001 1.19431004e+000 1.61509069e-002 1.02622738e+000 6.11142115e-001 2.16030681e-001
 1.19482759e+001 3.00000000e+001 1.19071707e+000 1.51676312e-002 1.02360742e+000 6.08494089e-001 2.13687274e-001
 1.19741379e+001 3.00000000e+001 1.19175930e+000 1.43183823e-002 1.02493464e+000 6.08279734e-001 2.12362274e-001
 1.20000000e+001 3.00000000e+001 1.19163536e+000 1.33967102e-002 1.02528814e+000 6.07419573e-001 2.11054555e-001
 1.20258621e+001 3.00000000e+001 1.19055892e+000 1.22965248e-002 1.02490600e+000 6.05928561e-001 2.09474033e-001
 1.20517241e+001 3.00000000e+001 1.19360111e+000 1.14157584e-002 1.02798101e+000 6.06686893e-001 2.08936478e-001
 1.20775862e+001 3.00000000e+001 1.19457212e+000 1.05082528e-002 1.02927567e+000 6.06386472e-001 2.07584401e-001
 1.21034483e+001 3.00000000e+001 1.19131410e+000 9.39698645e-003 1.02700978e+000 6.03795080e-001 2.05211147e-001
 1.21293103e+001 3.00000000e+001 1.19549316e+000 8.48452668e-003 1.03108518e+000 6.05094395e-001 2.04670376e-001
 1.21551724e+001 3.00000000e+001 1.19518502e+000 7.40331112e-003 1.03135893e+000 6.04003963e-001 2.03002114e-001
 1.21810345e+001 3.00000000e+001 1.19982794e+000 6.51373825e-003 1.03582461e+000 6.05555034e-001 2.02664584e-001
