   2.5862069e-02   1.2275834e-02   5.0167287e-02   1.9063057e-02   5.0163201e-02   1.9073805e-02   8.3228217e-03
   5.1724138e-02   1.3857866e-02   2.3828137e-01   1.6679121e-01   2.3824102e-01   1.6684884e-01   1.0586253e-01
   7.7586207e-02   1.5642472e-02  -5.2957171e-02  -5.0541407e-02  -5.2943371e-02  -5.0555863e-02  -4.7215409e-02
   1.0344828e-01   1.7655234e-02   1.8635421e-01   5.9637425e-02   1.8633582e-01   5.9694845e-02   4.9149180e-02
   1.2931034e-01   1.9924869e-02   3.0602091e-02   3.7678113e-02   3.0588986e-02   3.7688753e-02   1.2136848e-02
   1.5517241e-01   2.2483586e-02   1.4648748e-01   3.5560322e-03   1.4648607e-01   3.6135155e-03   3.1311876e-02
   1.8103448e-01   2.5367474e-02   1.4762701e-01   8.1728301e-02   1.4759081e-01   8.1793655e-02   5.6309208e-02
   2.0689655e-01   2.8616936e-02   7.8543958e-02   2.5548613e-03   7.8542672e-02   2.5940905e-03   8.7432164e-03
   2.3275862e-01   3.2277144e-02   1.0382956e-01   3.2195689e-02   1.0381140e-01   3.2254176e-02   2.8090472e-02
   2.5862069e-01   3.6398540e-02   1.9517778e-01   4.4192092e-02   1.9514967e-01   4.4316075e-02   5.9072041e-02
   2.8448276e-01   4.1037367e-02   6.3592840e-02   8.9559620e-03   6.3586409e-02   9.0015073e-03   8.9094056e-03
   3.1034483e-01   4.6256230e-02   1.8564118e-01   4.3460651e-02   1.8560603e-01   4.3610509e-02   5.1525428e-02
   3.3620690e-01   5.2124689e-02   9.2090585e-02   2.3683012e-02   9.2069001e-02   2.3766781e-02   1.7339880e-02
   3.6206897e-01   5.8719864e-02   1.7312740e-01   2.6717737e-02   1.7309992e-01   2.6895153e-02   4.6836584e-02
   3.8793103e-01   6.6127061e-02   1.6833862e-01   3.6928680e-02   1.6829589e-01   3.7122941e-02   4.7624117e-02
   4.1379310e-01   7.4440381e-02   1.5847401e-01   1.9292419e-02   1.5844881e-01   1.9498297e-02   3.6106796e-02
   4.3965517e-01   8.3763319e-02   1.5804868e-01   2.7547329e-02   1.5800824e-01   2.7778358e-02   3.7633077e-02
   4.6551724e-01   9.4209328e-02   1.9624780e-01   2.8727309e-02   1.9620029e-01   2.9049953e-02   4.9430588e-02
   4.9137931e-01   1.0590229e-01   1.8416127e-01   2.9200294e-02   1.8410699e-01   2.9540638e-02   4.7234110e-02
   5.1724138e-01   1.1897691e-01   2.1009201e-01   2.3642875e-02   2.1004246e-01   2.4079088e-02   4.8072589e-02
   5.4310345e-01   1.3357896e-01   1.8473270e-01   2.9282894e-02   1.8466393e-01   2.9713499e-02   4.3047628e-02
   5.6896552e-01   1.4986535e-01   2.2168953e-01   1.8731729e-02   2.2163978e-01   1.9311525e-02   4.6404718e-02
   5.9482759e-01   1.6800399e-01   2.3974544e-01   3.5549035e-02   2.3964018e-01   3.6251868e-02   6.2959653e-02
   6.2068966e-01   1.8817327e-01   2.4578641e-01   2.2140980e-02   2.4571237e-01   2.2948081e-02   5.5548855e-02
   6.4655172e-01   2.1056136e-01   2.4984679e-01   2.3800872e-02   2.4975764e-01   2.4718893e-02   5.4599904e-02
   6.7241379e-01   2.3536500e-01   2.6247637e-01   2.7758789e-02   2.6236012e-01   2.8836777e-02   5.9297408e-02
   6.9827586e-01   2.6278801e-01   2.8566362e-01   1.9660095e-02   2.8557045e-01   2.0970085e-02   6.3436406e-02
   7.2413793e-01   2.9303910e-01   3.0803283e-01   3.3521872e-02   3.0785735e-01   3.5096859e-02   7.2323438e-02
   7.5000000e-01   3.2632947e-01   2.9032536e-01   1.9182388e-02   2.9021140e-01   2.0835623e-02   5.8690259e-02
   7.7586207e-01   3.6286983e-01   3.1543497e-01   2.3586034e-02   3.1527927e-01   2.5583283e-02   6.4490392e-02
   8.0172414e-01   4.0286693e-01   3.3087728e-01   2.6676750e-02   3.3068153e-01   2.9002587e-02   7.0739449e-02
   8.2758621e-01   4.4651989e-01   3.5892605e-01   2.3026432e-02   3.5873571e-01   2.5822902e-02   7.6185621e-02
   8.5344828e-01   4.9401609e-01   3.5933206e-01   2.5967078e-02   3.5909481e-01   2.9064310e-02   7.3466180e-02
   8.7931034e-01   5.4552709e-01   3.6266927e-01   2.0004766e-02   3.6246236e-01   2.3456869e-02   6.9090279e-02
   9.0517241e-01   6.0120456e-01   3.9272762e-01   2.2731710e-02   3.9246748e-01   2.6851274e-02   7.7868605e-02
   9.3103448e-01   6.6117637e-01   4.0505399e-01   2.5367444e-02   4.0473430e-01   3.0039855e-02   8.1388362e-02
   9.5689655e-01   7.2554327e-01   4.1567271e-01   2.1020072e-02   4.1537321e-01   2.6281959e-02   7.8681001e-02
   9.8275862e-01   7.9437596e-01   4.1378024e-01   2.1432323e-02   4.1344334e-01   2.7166925e-02   7.4718208e-02
   1.0086207e+00   8.6771316e-01   4.2909417e-01   1.9520659e-02   4.2874935e-01   2.6016568e-02   7.5848468e-02
   1.0344828e+00   9.4556024e-01   4.5557887e-01   2.3156876e-02   4.5513469e-01   3.0671863e-02   8.4496006e-02
   1.0603448e+00   1.0278900e+00   4.6314929e-01   2.0391121e-02   4.6270896e-01   2.8696322e-02   8.2755754e-02
   1.0862069e+00   1.1146414e+00   4.7068683e-01   1.9229701e-02   4.7022369e-01   2.8382303e-02   7.9948705e-02
   1.1120690e+00   1.2057242e+00   4.7922608e-01   1.8470964e-02   4.7873130e-01   2.8550895e-02   7.9482921e-02
   1.1379310e+00   1.3010189e+00   4.9924702e-01   1.8673909e-02   4.9869432e-01   3.0004554e-02   8.4266639e-02
   1.1637931e+00   1.4003814e+00   5.1777906e-01   2.0881443e-02   5.1711410e-01   3.3529123e-02   8.7643274e-02
   1.1896552e+00   1.5036464e+00   5.1059053e-01   1.5433496e-02   5.1000973e-01   2.8826367e-02   7.9274419e-02
   1.2155172e+00   1.6106310e+00   5.2578772e-01   1.6760681e-02   5.2510889e-01   3.1532433e-02   8.0473921e-02
   1.2413793e+00   1.7211397e+00   5.3752088e-01   1.5410738e-02   5.3681551e-01   3.1548245e-02   8.1700680e-02
   1.2672414e+00   1.8349682e+00   5.5770124e-01   1.7269499e-02   5.5686227e-01   3.5118662e-02   8.6683702e-02
   1.2931034e+00   1.9519061e+00   5.6478266e-01   1.5000893e-02   5.6394402e-01   3.4229025e-02   8.4087313e-02
   1.3189655e+00   2.0717423e+00   5.6514176e-01   1.1787876e-02   5.6434621e-01   3.2210524e-02   7.9415494e-02
   1.3448276e+00   2.1942673e+00   5.8432014e-01   1.3220780e-02   5.8338549e-01   3.5583434e-02   8.3483410e-02
   1.3706897e+00   2.3192750e+00   6.0148989e-01   1.2357570e-02   6.0049709e-01   3.6688499e-02   8.6442128e-02
   1.3965517e+00   2.4465663e+00   6.0895721e-01   1.2379391e-02   6.0787368e-01   3.8363067e-02   8.5460956e-02
   1.4224138e+00   2.5759499e+00   6.1136463e-01   8.9275509e-03   6.1034563e-01   3.6395496e-02   8.0599433e-02
   1.4482759e+00   2.7072441e+00   6.2047684e-01   8.2321116e-03   6.1939550e-01   3.7529747e-02   8.0283171e-02
   1.4741379e+00   2.8402771e+00   6.4116364e-01   9.1544324e-03   6.3992239e-01   4.0914055e-02   8.4940755e-02
   1.5000000e+00   2.9748891e+00   6.5320157e-01   7.5932481e-03   6.5192722e-01   4.1483056e-02   8.5399749e-02
   1.5258621e+00   3.1109296e+00   6.5742914e-01   5.8767789e-03   6.5614138e-01   4.1546331e-02   8.2281849e-02
   1.5517241e+00   3.2482608e+00   6.6648005e-01   3.5511810e-03   6.6520806e-01   4.1309890e-02   8.0869641e-02
   1.5775862e+00   3.3867554e+00   6.8244483e-01   3.7406655e-03   6.8103196e-01   4.4049982e-02   8.4057156e-02
   1.6034483e+00   3.5262963e+00   6.9888133e-01   3.7063371e-03   6.9733016e-01   4.6685158e-02   8.6604177e-02
   1.6293103e+00   3.6667768e+00   7.0192936e-01   8.4214080e-04   7.0043856e-01   4.5731363e-02   8.2897526e-02
   1.6551724e+00   3.8080998e+00   7.0835207e-01  -8.1920747e-04   7.0684250e-01   4.6227774e-02   8.0594947e-02
   1.6810345e+00   3.9501767e+00   7.2213053e-01  -2.0622983e-03   7.2055706e-01   4.7689440e-02   8.1826103e-02
   1.7068966e+00   4.0929282e+00   7.3745296e-01  -1.7731351e-03   7.3569871e-01   5.0866601e-02   8.4800137e-02
   1.7327586e+00   4.2362821e+00   7.4961531e-01  -3.8758714e-03   7.4785359e-01   5.1508593e-02   8.4389382e-02
   1.7586207e+00   4.3801732e+00   7.5218456e-01  -6.5228531e-03   7.5048578e-01   5.0943542e-02   8.0885732e-02
   1.7844828e+00   4.5245437e+00   7.6564736e-01  -7.5878684e-03   7.6385990e-01   5.2834740e-02   8.1982635e-02
   1.8103448e+00   4.6693415e+00   7.8304715e-01  -8.4644112e-03   7.8113734e-01   5.5307795e-02   8.5046923e-02
   1.8362069e+00   4.8145192e+00   7.9407562e-01  -9.2946826e-03   7.9205393e-01   5.7385165e-02   8.5475593e-02
   1.8620690e+00   4.9600352e+00   7.9934064e-01  -1.2561426e-02   7.9743338e-01   5.6597291e-02   8.2144440e-02
   1.8879310e+00   5.1058518e+00   8.0741997e-01  -1.4221929e-02   8.0548181e-01   5.7691673e-02   8.1048807e-02
   1.9137931e+00   5.2519354e+00   8.2336694e-01  -1.5075942e-02   8.2129029e-01   6.0354454e-02   8.3479799e-02
   1.9396552e+00   5.3982567e+00   8.3713724e-01  -1.6281992e-02   8.3495617e-01   6.2546437e-02   8.4949793e-02
   1.9655172e+00   5.5447883e+00   8.4423277e-01  -1.8693500e-02   8.4208882e-01   6.2966970e-02   8.3063095e-02
   1.9913793e+00   5.6915070e+00   8.5226666e-01  -2.1566831e-02   8.5020406e-01   6.3060691e-02   8.1317672e-02
   2.0172414e+00   5.8383920e+00   8.6616812e-01  -2.2525875e-02   8.6396650e-01   6.5700114e-02   8.3167888e-02
   2.0431034e+00   5.9854244e+00   8.8209997e-01  -2.3790167e-02   8.7977189e-01   6.8320907e-02   8.5452737e-02
   2.0689655e+00   6.1325872e+00   8.9059111e-01  -2.6020257e-02   8.8827429e-01   6.9270129e-02   8.4271543e-02
   2.0948276e+00   6.2798661e+00   8.9619478e-01  -2.8834163e-02   8.9397115e-01   6.9369146e-02   8.1701221e-02
   2.1206897e+00   6.4272477e+00   9.0888474e-01  -3.0802497e-02   9.0662029e-01   7.1133040e-02   8.2257459e-02
   2.1465517e+00   6.5747203e+00   9.2303574e-01  -3.1768012e-02   9.2060268e-01   7.4127444e-02   8.4354099e-02
   2.1724138e+00   6.7222735e+00   9.3539851e-01  -3.4025176e-02   9.3295072e-01   7.5703514e-02   8.4631757e-02
   2.1982759e+00   6.8698979e+00   9.4176731e-01  -3.6924924e-02   9.3942250e-01   7.5989914e-02   8.2500622e-02
   2.2241379e+00   7.0175858e+00   9.5218994e-01  -3.9286808e-02   9.4985662e-01   7.7340335e-02   8.2231290e-02
   2.2500000e+00   7.1653300e+00   9.6815335e-01  -4.0827339e-02   9.6568493e-01   8.0252060e-02   8.4594768e-02
   2.2758621e+00   7.3131240e+00   9.8057910e-01  -4.2536494e-02   9.7801694e-01   8.2629210e-02   8.5570707e-02
   2.3017241e+00   7.4609620e+00   9.8852156e-01  -4.5709072e-02   9.8608765e-01   8.3038087e-02   8.3804081e-02
   2.3275862e+00   7.6088392e+00   9.9690023e-01  -4.8265203e-02   9.9451341e-01   8.4158634e-02   8.2610911e-02
   2.3534483e+00   7.7567507e+00   1.0101659e+00  -5.0247073e-02   1.0077046e+00   8.6552431e-02   8.3778668e-02
   2.3793103e+00   7.9046930e+00   1.0243703e+00  -5.1990603e-02   1.0217870e+00   8.9380616e-02   8.5393454e-02
   2.4051724e+00   8.0526623e+00   1.0337956e+00  -5.4746636e-02   1.0312712e+00   9.0610611e-02   8.4556213e-02
   2.4310345e+00   8.2006552e+00   1.0420709e+00  -5.7912093e-02   1.0396759e+00   9.1321344e-02   8.3146678e-02
   2.4568966e+00   8.3486695e+00   1.0548667e+00  -6.0095410e-02   1.0524137e+00   9.3704588e-02   8.4129811e-02
   2.4827586e+00   8.4967031e+00   1.0695021e+00  -6.2184862e-02   1.0669516e+00   9.6519260e-02   8.5994841e-02
   2.5086207e+00   8.6447530e+00   1.0811110e+00  -6.4645270e-02   1.0785455e+00   9.8588352e-02   8.6195077e-02
   2.5344828e+00   8.7928179e+00   1.0883306e+00  -6.7996837e-02   1.0859341e+00   9.9166634e-02   8.4440394e-02
   2.5603448e+00   8.9408959e+00   1.0997344e+00  -7.0670990e-02   1.0973551e+00   1.0110352e-01   8.4502104e-02
   2.5862069e+00   9.0889853e+00   1.1135217e+00  -7.2748726e-02   1.1110326e+00   1.0406576e-01   8.6042257e-02
   2.6120690e+00   9.2370851e+00   1.1265469e+00  -7.5265723e-02   1.1240201e+00   1.0654368e-01   8.6944835e-02
   2.6379310e+00   9.3851937e+00   1.1360475e+00  -7.8480383e-02   1.1336386e+00   1.0782654e-01   8.6017853e-02
   2.6637931e+00   9.5333101e+00   1.1455756e+00  -8.1578313e-02   1.1432657e+00   1.0927967e-01   8.5404293e-02
   2.6896552e+00   9.6814339e+00   1.1596578e+00  -8.3961258e-02   1.1572617e+00   1.1225412e-01   8.6925394e-02
   2.7155172e+00   9.8295642e+00   1.1733524e+00  -8.6407477e-02   1.1708789e+00   1.1517330e-01   8.8253478e-02
   2.7413793e+00   9.9776998e+00   1.1834947e+00  -8.9575942e-02   1.1811150e+00   1.1683692e-01   8.7719883e-02
   2.7672414e+00   1.0125841e+01   1.1934999e+00  -9.2872218e-02   1.1912379e+00   1.1840444e-01   8.7005857e-02
   2.7931034e+00   1.0273985e+01   1.2065614e+00  -9.5616731e-02   1.2042693e+00   1.2111321e-01   8.8001841e-02
   2.8189655e+00   1.0422135e+01   1.2212308e+00  -9.7997433e-02   1.2188101e+00   1.2453892e-01   8.9690232e-02
   2.8448276e+00   1.0570287e+01   1.2329204e+00  -1.0106457e-01   1.2305379e+00   1.2681929e-01   8.9846129e-02
   2.8706897e+00   1.0718442e+01   1.2425977e+00  -1.0452028e-01   1.2403570e+00   1.2840518e-01   8.8957058e-02
   2.8965517e+00   1.0866600e+01   1.2540276e+00  -1.0749829e-01   1.2518072e+00   1.3084232e-01   8.9171696e-02
   2.9224138e+00   1.1014761e+01   1.2684816e+00  -1.1008866e-01   1.2661474e+00   1.3429787e-01   9.0735408e-02
   2.9482759e+00   1.1162922e+01   1.2818744e+00  -1.1295407e-01   1.2794900e+00   1.3735321e-01   9.1579539e-02
   2.9741379e+00   1.1311087e+01   1.2939722e+00  -1.1631844e-01   1.2916533e+00   1.3973525e-01   9.1621599e-02
   3.0000000e+00   1.1459253e+01   1.3075639e+00  -1.1942815e-01   1.3052261e+00   1.4272751e-01   9.2235915e-02
   3.0258621e+00   1.1607421e+01   1.3237649e+00  -1.2222357e-01   1.3212848e+00   1.4662383e-01   9.4099518e-02
   3.0517241e+00   1.1755590e+01   1.3381955e+00  -1.2487540e-01   1.3355695e+00   1.5038409e-01   9.5250160e-02
   3.0775862e+00   1.1903760e+01   1.3494149e+00  -1.2797086e-01   1.3467926e+00   1.5312274e-01   9.4779459e-02
   3.1034483e+00   1.2051930e+01   1.3599128e+00  -1.3134198e-01   1.3573626e+00   1.5550025e-01   9.3951704e-02
   3.1293103e+00   1.2200103e+01   1.3746344e+00  -1.3394213e-01   1.3718945e+00   1.5957963e-01   9.5007088e-02
   3.1551724e+00   1.2348274e+01   1.3917235e+00  -1.3642537e-01   1.3887021e+00   1.6435570e-01   9.6981780e-02
   3.1810345e+00   1.2496448e+01   1.4088504e+00  -1.3927925e-01   1.4056110e+00   1.6886611e-01   9.8240962e-02
   3.2068966e+00   1.2644622e+01   1.4258120e+00  -1.4225616e-01   1.4223715e+00   1.7330886e-01   9.9329912e-02
   3.2327586e+00   1.2792796e+01   1.4432337e+00  -1.4466753e-01   1.4394417e+00   1.7849283e-01   1.0084264e-01
   3.2586207e+00   1.2940971e+01   1.4607972e+00  -1.4687700e-01   1.4565875e+00   1.8399475e-01   1.0225198e-01
   3.2844828e+00   1.3089146e+01   1.4743701e+00  -1.4921054e-01   1.4698556e+00   1.8856200e-01   1.0212421e-01
   3.3103448e+00   1.3237322e+01   1.4860971e+00  -1.5183871e-01   1.4813802e+00   1.9248962e-01   1.0114254e-01
   3.3362069e+00   1.3385498e+01   1.4991061e+00  -1.5397280e-01   1.4940271e+00   1.9725552e-01   1.0079086e-01
   3.3620690e+00   1.3533674e+01   1.5170360e+00  -1.5546009e-01   1.5112920e+00   2.0386857e-01   1.0224852e-01
   3.3879310e+00   1.3681850e+01   1.5368803e+00  -1.5693559e-01   1.5303900e+00   2.1103649e-01   1.0466709e-01
   3.4137931e+00   1.3830027e+01   1.5540794e+00  -1.5857757e-01   1.5469321e+00   2.1751054e-01   1.0562466e-01
   3.4396552e+00   1.3978204e+01   1.5726658e+00  -1.5988913e-01   1.5647172e+00   2.2472733e-01   1.0777569e-01
   3.4655172e+00   1.4126381e+01   1.5894897e+00  -1.6091720e-01   1.5806968e+00   2.3188230e-01   1.0892762e-01
   3.4913793e+00   1.4274558e+01   1.6033148e+00  -1.6188562e-01   1.5937289e+00   2.3843980e-01   1.0972180e-01
   3.5172414e+00   1.4422736e+01   1.6165333e+00  -1.6319969e-01   1.6062361e+00   2.4458039e-01   1.0980513e-01
   3.5431034e+00   1.4570913e+01   1.6269169e+00  -1.6421088e-01   1.6159022e+00   2.5036722e-01   1.0848482e-01
   3.5689655e+00   1.4719091e+01   1.6408247e+00  -1.6549306e-01   1.6290266e+00   2.5683901e-01   1.0870311e-01
   3.5948276e+00   1.4867268e+01   1.6574266e+00  -1.6714307e-01   1.6448263e+00   2.6371604e-01   1.0948050e-01
   3.6206897e+00   1.5015445e+01   1.6752310e+00  -1.6850956e-01   1.6616893e+00   2.7126189e-01   1.0983604e-01
   3.6465517e+00   1.5163622e+01   1.6896136e+00  -1.6918902e-01   1.6750418e+00   2.7866476e-01   1.1117363e-01
   3.6724138e+00   1.5311800e+01   1.7080275e+00  -1.7040349e-01   1.6923964e+00   2.8668700e-01   1.1458601e-01
   3.6982759e+00   1.5459977e+01   1.7227198e+00  -1.7137990e-01   1.7060703e+00   2.9403827e-01   1.1419987e-01
   3.7241379e+00   1.5608155e+01   1.7353430e+00  -1.7241840e-01   1.7177413e+00   3.0084566e-01   1.1354381e-01
   3.7500000e+00   1.5756332e+01   1.7448267e+00  -1.7389809e-01   1.7264868e+00   3.0643824e-01   1.1288353e-01
   3.7758621e+00   1.5904509e+01   1.7562506e+00  -1.7503525e-01   1.7369867e+00   3.1293912e-01   1.1405813e-01
   3.8017241e+00   1.6052686e+01   1.7726013e+00  -1.7569468e-01   1.7520670e+00   3.2131781e-01   1.1603977e-01
   3.8275862e+00   1.6200863e+01   1.7883790e+00  -1.7649197e-01   1.7666038e+00   3.2948433e-01   1.1798167e-01
   3.8534483e+00   1.6349039e+01   1.8014051e+00  -1.7735762e-01   1.7784888e+00   3.3688798e-01   1.1821435e-01
   3.8793103e+00   1.6497216e+01   1.8179254e+00  -1.7841705e-01   1.7937527e+00   3.4516176e-01   1.2017646e-01
   3.9051724e+00   1.6645392e+01   1.8378439e+00  -1.7847009e-01   1.8119531e+00   3.5545433e-01   1.2279270e-01
   3.9310345e+00   1.6793568e+01   1.8527649e+00  -1.7882819e-01   1.8254159e+00   3.6410733e-01   1.2396009e-01
   3.9568966e+00   1.6941744e+01   1.8656931e+00  -1.7963546e-01   1.8370705e+00   3.7182197e-01   1.2415061e-01
   3.9827586e+00   1.7089919e+01   1.8815669e+00  -1.8012703e-01   1.8514201e+00   3.8076663e-01   1.2551862e-01
   4.0086207e+00   1.7238094e+01   1.8934875e+00  -1.8094631e-01   1.8620571e+00   3.8830348e-01   1.2690699e-01
   4.0344828e+00   1.7386269e+01   1.9084654e+00  -1.8078193e-01   1.8752912e+00   3.9775018e-01   1.2860234e-01
   4.0603448e+00   1.7534441e+01   1.9257720e+00  -1.8084192e-01   1.8907769e+00   4.0775545e-01   1.3049347e-01
   4.0862069e+00   1.7682615e+01   1.9398295e+00  -1.8103127e-01   1.9031669e+00   4.1673332e-01   1.3049927e-01
   4.1120690e+00   1.7830787e+01   1.9528940e+00  -1.8121805e-01   1.9145770e+00   4.2547632e-01   1.3082817e-01
   4.1379310e+00   1.7978958e+01   1.9688821e+00  -1.8158558e-01   1.9287911e+00   4.3501158e-01   1.3248102e-01
   4.1637931e+00   1.8127129e+01   1.9817963e+00  -1.8203156e-01   1.9400716e+00   4.4359221e-01   1.3341135e-01
   4.1896552e+00   1.8275299e+01   1.9982664e+00  -1.8119462e-01   1.9542949e+00   4.5456729e-01   1.3566058e-01
   4.2155172e+00   1.8423467e+01   2.0138198e+00  -1.8017732e-01   1.9675476e+00   4.6550025e-01   1.3750982e-01
   4.2413793e+00   1.8571635e+01   2.0286976e+00  -1.7974705e-01   1.9803033e+00   4.7573310e-01   1.3950276e-01
   4.2672414e+00   1.8719801e+01   2.0447982e+00  -1.7886691e-01   1.9940328e+00   4.8685344e-01   1.4124500e-01
   4.2931034e+00   1.8867964e+01   2.0592393e+00  -1.7831059e-01   2.0062524e+00   4.9720477e-01   1.4200713e-01
   4.3189655e+00   1.9016126e+01   2.0672491e+00  -1.7774874e-01   2.0123496e+00   5.0553215e-01   1.4046005e-01
   4.3448276e+00   1.9164286e+01   2.0760435e+00  -1.7703554e-01   2.0191085e+00   5.1429481e-01   1.3961495e-01
   4.3706897e+00   1.9312444e+01   2.0829224e+00  -1.7642767e-01   2.0240626e+00   5.2236284e-01   1.3741604e-01
   4.3965517e+00   1.9460599e+01   2.0867768e+00  -1.7581377e-01   2.0261349e+00   5.2945786e-01   1.3443578e-01
   4.4224138e+00   1.9608750e+01   2.0842725e+00  -1.7612393e-01   2.0225040e+00   5.3356252e-01   1.2910945e-01
   4.4482759e+00   1.9756899e+01   2.0826852e+00  -1.7550321e-01   2.0194139e+00   5.3883788e-01   1.2393017e-01
   4.4741379e+00   1.9905042e+01   2.0785313e+00  -1.7429721e-01   2.0136977e+00   5.4377718e-01   1.1863134e-01
   4.5000000e+00   2.0053182e+01   2.0732902e+00  -1.7375553e-01   2.0071759e+00   5.4769354e-01   1.1316042e-01
   4.5258621e+00   2.0201317e+01   2.0706715e+00  -1.7240211e-01   2.0028281e+00   5.5324697e-01   1.0873131e-01
   4.5517241e+00   2.0349445e+01   2.0709377e+00  -1.7104551e-01   2.0011690e+00   5.5978760e-01   1.0565832e-01
   4.5775862e+00   2.0497568e+01   2.0728141e+00  -1.6949353e-01   2.0009293e+00   5.6706999e-01   1.0363311e-01
   4.6034483e+00   2.0645683e+01   2.0791751e+00  -1.6732695e-01   2.0046452e+00   5.7651091e-01   1.0356549e-01
   4.6293103e+00   2.0793790e+01   2.0885772e+00  -1.6542387e-01   2.0112623e+00   5.8680781e-01   1.0482304e-01
   4.6551724e+00   2.0941888e+01   2.1017957e+00  -1.6344265e-01   2.0213760e+00   5.9857948e-01   1.0772551e-01
   4.6810345e+00   2.1089975e+01   2.1181276e+00  -1.6115140e-01   2.0342357e+00   6.1181649e-01   1.1197916e-01
   4.7068966e+00   2.1238050e+01   2.1395138e+00  -1.5889246e-01   2.0517631e+00   6.2692423e-01   1.1817184e-01
   4.7327586e+00   2.1386112e+01   2.1605826e+00  -1.5705211e-01   2.0690832e+00   6.4162063e-01   1.2401809e-01
   4.7586207e+00   2.1534158e+01   2.1837316e+00  -1.5475980e-01   2.0881102e+00   6.5759404e-01   1.3112232e-01
   4.7844828e+00   2.1682188e+01   2.2137739e+00  -1.5233563e-01   2.1134254e+00   6.7633874e-01   1.4014271e-01
   4.8103448e+00   2.1830198e+01   2.2380958e+00  -1.5050965e-01   2.1335700e+00   6.9253534e-01   1.4797971e-01
   4.8362069e+00   2.1978187e+01   2.2684529e+00  -1.4829745e-01   2.1590971e+00   7.1145647e-01   1.5777167e-01
   4.8620690e+00   2.2126151e+01   2.2965198e+00  -1.4645545e-01   2.1825588e+00   7.2930753e-01   1.6693395e-01
   4.8879310e+00   2.2274087e+01   2.3226292e+00  -1.4464137e-01   2.2041420e+00   7.4651556e-01   1.7573388e-01
   4.9137931e+00   2.2421992e+01   2.3478548e+00  -1.4258727e-01   2.2247427e+00   7.6372342e-01   1.8391906e-01
   4.9396552e+00   2.2569861e+01   2.3719588e+00  -1.4078906e-01   2.2443320e+00   7.8037430e-01   1.9208202e-01
   4.9655172e+00   2.2717690e+01   2.3926121e+00  -1.3896904e-01   2.2606592e+00   7.9581725e-01   1.9884621e-01
   4.9913793e+00   2.2865474e+01   2.4137283e+00  -1.3716898e-01   2.2773565e+00   8.1150926e-01   2.0619072e-01
   5.0172414e+00   2.3013207e+01   2.4304270e+00  -1.3556225e-01   2.2899981e+00   8.2538565e-01   2.1245583e-01
   5.0431034e+00   2.3160882e+01   2.4523661e+00  -1.3311455e-01   2.3070713e+00   8.4216460e-01   2.2015033e-01
   5.0689655e+00   2.3308493e+01   2.4668978e+00  -1.3135049e-01   2.3175417e+00   8.5547550e-01   2.2631564e-01
   5.0948276e+00   2.3456030e+01   2.4875956e+00  -1.2946628e-01   2.3335685e+00   8.7140750e-01   2.3383143e-01
   5.1206897e+00   2.3603485e+01   2.5061166e+00  -1.2723669e-01   2.3473970e+00   8.8686919e-01   2.4131193e-01
   5.1465517e+00   2.3750845e+01   2.5241760e+00  -1.2516926e-01   2.3608054e+00   9.0206949e-01   2.4874263e-01
   5.1724138e+00   2.3898102e+01   2.5416777e+00  -1.2301977e-01   2.3736097e+00   9.1718937e-01   2.5602807e-01
   5.1982759e+00   2.4045238e+01   2.5575785e+00  -1.2085568e-01   2.3848858e+00   9.3173703e-01   2.6317764e-01
   5.2241379e+00   2.4192242e+01   2.5772987e+00  -1.1846988e-01   2.3994979e+00   9.4811043e-01   2.7135124e-01
   5.2500000e+00   2.4339093e+01   2.5953581e+00  -1.1643132e-01   2.4126741e+00   9.6355761e-01   2.7950040e-01
   5.2758621e+00   2.4485775e+01   2.6072141e+00  -1.1450636e-01   2.4201913e+00   9.7639687e-01   2.8585209e-01
   5.3017241e+00   2.4632265e+01   2.6283846e+00  -1.1214292e-01   2.4359460e+00   9.9355353e-01   2.9496944e-01
   5.3275862e+00   2.4778539e+01   2.6396971e+00  -1.1014243e-01   2.4428341e+00   1.0063267e+00   3.0159262e-01
   5.3534483e+00   2.4924570e+01   2.6583426e+00  -1.0765189e-01   2.4561207e+00   1.0226658e+00   3.1022893e-01
   5.3793103e+00   2.5070327e+01   2.6682287e+00  -1.0573887e-01   2.4616553e+00   1.0348325e+00   3.1667843e-01
   5.4051724e+00   2.5215775e+01   2.6866953e+00  -1.0343000e-01   2.4747437e+00   1.0510344e+00   3.2540137e-01
   5.4310345e+00   2.5360878e+01   2.6984154e+00  -1.0095057e-01   2.4816026e+00   1.0645587e+00   3.3311030e-01
   5.4568966e+00   2.5505590e+01   2.7106034e+00  -9.9255635e-02   2.4891762e+00   1.0776010e+00   3.4040208e-01
   5.4827586e+00   2.5649865e+01   2.7226472e+00  -9.6714456e-02   2.4962119e+00   1.0913697e+00   3.4815140e-01
   5.5086207e+00   2.5793649e+01   2.7277433e+00  -9.5192924e-02   2.4973915e+00   1.1012179e+00   3.5370976e-01
   5.5344828e+00   2.5936883e+01   2.7404731e+00  -9.2606866e-02   2.5049473e+00   1.1153511e+00   3.6175134e-01
   5.5603448e+00   2.6079500e+01   2.7499099e+00  -8.9866387e-02   2.5094345e+00   1.1281928e+00   3.6948561e-01
   5.5862069e+00   2.6221426e+01   2.7596761e+00  -8.7683586e-02   2.5144289e+00   1.1406787e+00   3.7673764e-01
   5.6120690e+00   2.6362581e+01   2.7701783e+00  -8.5436366e-02   2.5200232e+00   1.1535469e+00   3.8516451e-01
   5.6379310e+00   2.6502875e+01   2.7727970e+00  -8.4061109e-02   2.5189209e+00   1.1621132e+00   3.9085056e-01
   5.6637931e+00   2.6642206e+01   2.7834480e+00  -8.1621828e-02   2.5245137e+00   1.1751916e+00   3.9908016e-01
   5.6896552e+00   2.6780468e+01   2.7868460e+00  -7.8732028e-02   2.5234019e+00   1.1853910e+00   4.0578778e-01
   5.7155172e+00   2.6917541e+01   2.7912397e+00  -7.6690174e-02   2.5235522e+00   1.1952343e+00   4.1275670e-01
   5.7413793e+00   2.7053295e+01   2.7990539e+00  -7.4263932e-02   2.5265688e+00   1.2069249e+00   4.2042573e-01
   5.7672414e+00   2.7187591e+01   2.8008397e+00  -7.1624052e-02   2.5241153e+00   1.2160078e+00   4.2668011e-01
   5.7931034e+00   2.7320276e+01   2.8010302e+00  -6.9910089e-02   2.5206751e+00   1.2234600e+00   4.3298384e-01
   5.8189655e+00   2.7451186e+01   2.8075660e+00  -6.7031110e-02   2.5223459e+00   1.2347839e+00   4.4071510e-01
   5.8448276e+00   2.7580148e+01   2.8038875e+00  -6.5031257e-02   2.5153738e+00   1.2405276e+00   4.4575005e-01
   5.8706897e+00   2.7706980e+01   2.8052716e+00  -6.2417973e-02   2.5126319e+00   1.2490498e+00   4.5243529e-01
   5.8965517e+00   2.7831487e+01   2.8029351e+00  -6.0122828e-02   2.5067740e+00   1.2554458e+00   4.5815200e-01
   5.9224138e+00   2.7953468e+01   2.8040617e+00  -5.7865320e-02   2.5040324e+00   1.2633020e+00   4.6515330e-01
   5.9482759e+00   2.8072718e+01   2.7981037e+00  -5.5227086e-02   2.4948991e+00   1.2680350e+00   4.7020441e-01
   5.9741379e+00   2.8189025e+01   2.7957205e+00  -5.3178558e-02   2.4892518e+00   1.2737766e+00   4.7612371e-01
   6.0000000e+00   2.8302179e+01   2.7934587e+00  -5.0513455e-02   2.4834763e+00   1.2799643e+00   4.8219645e-01
   6.0258621e+00   2.8411970e+01   2.7864990e+00  -4.8117533e-02   2.4737576e+00   1.2835167e+00   4.8746049e-01
   6.0517241e+00   2.8518195e+01   2.7842638e+00  -4.5671138e-02   2.4682418e+00   1.2891832e+00   4.9352192e-01
   6.0775862e+00   2.8620661e+01   2.7796373e+00  -4.3127854e-02   2.4606528e+00   1.2936116e+00   4.9905642e-01
   6.1034483e+00   2.8719188e+01   2.7702352e+00  -4.0740029e-02   2.4490318e+00   1.2954173e+00   5.0340001e-01
   6.1293103e+00   2.8813615e+01   2.7658680e+00  -3.8235644e-02   2.4418600e+00   1.2995412e+00   5.0917490e-01
   6.1551724e+00   2.8903804e+01   2.7549272e+00  -3.6018756e-02   2.4291620e+00   1.3000359e+00   5.1314150e-01
   6.1810345e+00   2.8989640e+01   2.7500455e+00  -3.3588991e-02   2.4217640e+00   1.3034331e+00   5.1920468e-01
   6.2068966e+00   2.9071040e+01   2.7370472e+00  -3.1561076e-02   2.4075637e+00   1.3023290e+00   5.2255182e-01
   6.2327586e+00   2.9147948e+01   2.7289809e+00  -2.8960860e-02   2.3975021e+00   1.3039016e+00   5.2723681e-01
   6.2586207e+00   2.9220345e+01   2.7199748e+00  -2.6434700e-02   2.3867594e+00   1.3047381e+00   5.3188327e-01
   6.2844828e+00   2.9288242e+01   2.7047123e+00  -2.4804026e-02   2.3711023e+00   1.3015213e+00   5.3451249e-01
   6.3103448e+00   2.9351686e+01   2.6941048e+00  -2.2231173e-02   2.3591528e+00   1.3011892e+00   5.3878557e-01
   6.3362069e+00   2.9410753e+01   2.6788126e+00  -2.0250484e-02   2.3435161e+00   1.2978365e+00   5.4090479e-01
   6.3620690e+00   2.9465550e+01   2.6676309e+00  -1.8094425e-02   2.3314778e+00   1.2964541e+00   5.4443210e-01
   6.3879310e+00   2.9516211e+01   2.6502425e+00  -1.5798196e-02   2.3140676e+00   1.2919466e+00   5.4573176e-01
   6.4137931e+00   2.9562891e+01   2.6318921e+00  -1.4037365e-02   2.2961841e+00   1.2863094e+00   5.4696581e-01
   6.4396552e+00   2.9605766e+01   2.6175904e+00  -1.1880180e-02   2.2817206e+00   1.2828374e+00   5.4881217e-01
   6.4655172e+00   2.9645026e+01   2.5979846e+00  -9.7546421e-03   2.2627502e+00   1.2765503e+00   5.4910517e-01
   6.4913793e+00   2.9680871e+01   2.5770872e+00  -8.4599308e-03   2.2431544e+00   1.2687428e+00   5.4891293e-01
   6.5172414e+00   2.9713511e+01   2.5564969e+00  -6.3569285e-03   2.2235059e+00   1.2616411e+00   5.4832329e-01
   6.5431034e+00   2.9743155e+01   2.5350711e+00  -4.7186019e-03   2.2034370e+00   1.2535842e+00   5.4745653e-01
   6.5689655e+00   2.9770015e+01   2.5140662e+00  -3.0094532e-03   2.1837677e+00   1.2456713e+00   5.4634689e-01
   6.5948276e+00   2.9794298e+01   2.4900620e+00  -1.0899588e-03   2.1614545e+00   1.2363351e+00   5.4390310e-01
   6.6206897e+00   2.9816208e+01   2.4637030e+00   1.4945965e-04   2.1374956e+00   1.2251306e+00   5.4039927e-01
   6.6465517e+00   2.9835938e+01   2.4383032e+00   1.5509677e-03   2.1143432e+00   1.2144455e+00   5.3728609e-01
   6.6724138e+00   2.9853677e+01   2.4110034e+00   3.2006029e-03   2.0894688e+00   1.2029413e+00   5.3308799e-01
   6.6982759e+00   2.9869598e+01   2.3850432e+00   4.5418639e-03   2.0659548e+00   1.1917561e+00   5.2905189e-01
   6.7241379e+00   2.9883870e+01   2.3569432e+00   6.2658816e-03   2.0404351e+00   1.1797647e+00   5.2503699e-01
   6.7500000e+00   2.9896645e+01   2.3218357e+00   6.8228479e-03   2.0094589e+00   1.1632037e+00   5.1770409e-01
   6.7758621e+00   2.9908067e+01   2.2938627e+00   8.1219681e-03   1.9843315e+00   1.1507827e+00   5.1250298e-01
   6.8017241e+00   2.9918269e+01   2.2613388e+00   9.1946113e-03   1.9554018e+00   1.1358440e+00   5.0620439e-01
   6.8275862e+00   2.9927373e+01   2.2298603e+00   1.0319786e-02   1.9273788e+00   1.1214251e+00   4.9983101e-01
   6.8534483e+00   2.9935488e+01   2.1915892e+00   1.0766146e-02   1.8938319e+00   1.1029867e+00   4.9069800e-01
   6.8793103e+00   2.9942719e+01   2.1544437e+00   1.1198890e-02   1.8612892e+00   1.0850601e+00   4.8183448e-01
   6.9051724e+00   2.9949156e+01   2.1165586e+00   1.1933916e-02   1.8279742e+00   1.0669927e+00   4.7273837e-01
   6.9310345e+00   2.9954883e+01   2.0767768e+00   1.2382085e-02   1.7931760e+00   1.0476999e+00   4.6245976e-01
   6.9568966e+00   2.9959976e+01   2.0302275e+00   1.2434025e-02   1.7527278e+00   1.0246578e+00   4.4976305e-01
   6.9827586e+00   2.9964502e+01   1.9850871e+00   1.2919412e-02   1.7132977e+00   1.0026708e+00   4.3700507e-01
   7.0086207e+00   2.9968522e+01   1.9240970e+00   1.2631718e-02   1.6605353e+00   9.7207573e-01   4.1914963e-01
   7.0344828e+00   2.9972093e+01   1.8682383e+00   1.2959102e-02   1.6119225e+00   9.4455704e-01   4.0233271e-01
   7.0603448e+00   2.9975263e+01   1.7997245e+00   1.3077293e-02   1.5524617e+00   9.1051731e-01   3.8197691e-01
   7.0862069e+00   2.9978076e+01   1.7332077e+00   1.3327218e-02   1.4946742e+00   8.7757366e-01   3.6264987e-01
   7.1120690e+00   2.9980571e+01   1.6683179e+00   1.4132563e-02   1.4380263e+00   8.4591052e-01   3.4491877e-01
   7.1379310e+00   2.9982784e+01   1.6087830e+00   1.4696963e-02   1.3861439e+00   8.1670298e-01   3.3013929e-01
   7.1637931e+00   2.9984748e+01   1.5694350e+00   1.6413273e-02   1.3511765e+00   7.9857214e-01   3.2333318e-01
   7.1896552e+00   2.9986488e+01   1.5404771e+00   1.8227421e-02   1.3251639e+00   7.8571146e-01   3.2257768e-01
   7.2155172e+00   2.9988031e+01   1.5278751e+00   2.0756996e-02   1.3129634e+00   7.8163936e-01   3.2828372e-01
   7.2413793e+00   2.9989395e+01   1.5280740e+00   2.4353957e-02   1.3113192e+00   7.8488545e-01   3.3945262e-01
   7.2672414e+00   2.9990545e+01   1.5323416e+00   2.8124223e-02   1.3131151e+00   7.9031042e-01   3.5322520e-01
   7.2931034e+00   2.9991407e+01   1.5491887e+00   3.3125357e-02   1.3251946e+00   8.0308302e-01   3.7172107e-01
   7.3189655e+00   2.9991909e+01   1.5656710e+00   3.8286675e-02   1.3368827e+00   8.1580394e-01   3.9136548e-01
   7.3448276e+00   2.9991976e+01   1.5912302e+00   4.3915023e-02   1.3562050e+00   8.3345671e-01   4.1389518e-01
   7.3706897e+00   2.9991537e+01   1.6142012e+00   4.9207948e-02   1.3734608e+00   8.4951309e-01   4.3595189e-01
   7.3965517e+00   2.9990517e+01   1.6379143e+00   5.5095787e-02   1.3910709e+00   8.6644130e-01   4.5794007e-01
   7.4224138e+00   2.9988844e+01   1.6595238e+00   6.0266775e-02   1.4072281e+00   8.8168048e-01   4.7830769e-01
   7.4482759e+00   2.9986444e+01   1.6815440e+00   6.5359738e-02   1.4237923e+00   8.9703836e-01   4.9796808e-01
   7.4741379e+00   2.9983243e+01   1.6995287e+00   6.9985720e-02   1.4371084e+00   9.0995352e-01   5.1521721e-01
   7.5000000e+00   2.9979170e+01   1.7200667e+00   7.4635176e-02   1.4526399e+00   9.2414125e-01   5.3273123e-01
   7.5258621e+00   2.9974150e+01   1.7301738e+00   7.8204045e-02   1.4596932e+00   9.3215512e-01   5.4413504e-01
   7.5517241e+00   2.9968110e+01   1.7437118e+00   8.1810047e-02   1.4697181e+00   9.4188758e-01   5.5609847e-01
   7.5775862e+00   2.9960977e+01   1.7454100e+00   8.4057974e-02   1.4701840e+00   9.4450024e-01   5.6163562e-01
   7.6034483e+00   2.9952678e+01   1.7559663e+00   8.7279187e-02   1.4778589e+00   9.5234887e-01   5.6952409e-01
   7.6293103e+00   2.9943139e+01   1.7613201e+00   8.9065731e-02   1.4817649e+00   9.5632318e-01   5.7364875e-01
   7.6551724e+00   2.9932288e+01   1.7583021e+00   9.0856662e-02   1.4784369e+00   9.5608866e-01   5.7482753e-01
   7.6810345e+00   2.9920050e+01   1.7679084e+00   9.2383771e-02   1.4862053e+00   9.6188799e-01   5.7950300e-01
   7.7068966e+00   2.9906354e+01   1.7667107e+00   9.3070275e-02   1.4850547e+00   9.6153062e-01   5.7962573e-01
   7.7327586e+00   2.9891125e+01   1.7765083e+00   9.5075577e-02   1.4928052e+00   9.6775709e-01   5.8317150e-01
   7.7586207e+00   2.9874290e+01   1.7729022e+00   9.4011160e-02   1.4904927e+00   9.6459925e-01   5.8011785e-01
   7.7844828e+00   2.9855777e+01   1.7742974e+00   9.5492742e-02   1.4912768e+00   9.6609713e-01   5.7907114e-01
   7.8103448e+00   2.9835511e+01   1.7782345e+00   9.5365149e-02   1.4950971e+00   9.6741764e-01   5.7845975e-01
   7.8362069e+00   2.9813420e+01   1.7679539e+00   9.4041213e-02   1.4872083e+00   9.6058115e-01   5.7346668e-01
   7.8620690e+00   2.9789431e+01   1.7776056e+00   9.5256585e-02   1.4953828e+00   9.6580822e-01   5.7405291e-01
   7.8879310e+00   2.9763469e+01   1.7717187e+00   9.2806541e-02   1.4919263e+00   9.6008136e-01   5.6711834e-01
   7.9137931e+00   2.9735463e+01   1.7580066e+00   9.2819330e-02   1.4804825e+00   9.5256191e-01   5.5904548e-01
   7.9396552e+00   2.9705338e+01   1.7597165e+00   9.1619700e-02   1.4830628e+00   9.5158874e-01   5.5515027e-01
   7.9655172e+00   2.9673022e+01   1.7451980e+00   8.8890584e-02   1.4723357e+00   9.4119347e-01   5.4625809e-01
   7.9913793e+00   2.9638441e+01   1.7466905e+00   8.8412439e-02   1.4744372e+00   9.4062720e-01   5.4202206e-01
   8.0172414e+00   2.9601522e+01   1.7275491e+00   8.5302869e-02   1.4599359e+00   9.2751800e-01   5.3056098e-01
   8.0431034e+00   2.9562192e+01   1.7247347e+00   8.3760368e-02   1.4588853e+00   9.2378543e-01   5.2386054e-01
   8.0689655e+00   2.9520377e+01   1.7071837e+00   8.1160571e-02   1.4455675e+00   9.1181021e-01   5.1221779e-01
   8.0948276e+00   2.9476005e+01   1.6985784e+00   7.8195407e-02   1.4402408e+00   9.0387473e-01   5.0255548e-01
   8.1206897e+00   2.9429001e+01   1.6836816e+00   7.5660637e-02   1.4292526e+00   8.9316574e-01   4.9188011e-01
   8.1465517e+00   2.9379294e+01   1.6676398e+00   7.2015680e-02   1.4178365e+00   8.8087935e-01   4.7929077e-01
   8.1724138e+00   2.9326809e+01   1.6587404e+00   6.9301158e-02   1.4122135e+00   8.7285473e-01   4.6977279e-01
   8.1982759e+00   2.9271473e+01   1.6445055e+00   6.5317379e-02   1.4025864e+00   8.6105520e-01   4.5753315e-01
   8.2241379e+00   2.9213214e+01   1.6246070e+00   6.1416522e-02   1.3879975e+00   8.4651218e-01   4.4426200e-01
   8.2500000e+00   2.9151957e+01   1.6107161e+00   5.7139690e-02   1.3788538e+00   8.3452602e-01   4.3150906e-01
   8.2758621e+00   2.9087630e+01   1.6017325e+00   5.3793149e-02   1.3735661e+00   8.2568561e-01   4.2148449e-01
   8.3017241e+00   2.9020159e+01   1.5817342e+00   4.9132852e-02   1.3593108e+00   8.1029083e-01   4.0716876e-01
   8.3275862e+00   2.8949472e+01   1.5714736e+00   4.5131386e-02   1.3532678e+00   8.0014522e-01   3.9506430e-01
   8.3534483e+00   2.8875495e+01   1.5498498e+00   4.0479395e-02   1.3376109e+00   7.8388134e-01   3.7986128e-01
   8.3793103e+00   2.8798154e+01   1.5503913e+00   3.6508499e-02   1.3410553e+00   7.7885614e-01   3.7101936e-01
   8.4051724e+00   2.8717377e+01   1.5357099e+00   3.2365165e-02   1.3312672e+00   7.6627673e-01   3.5812362e-01
   8.4310345e+00   2.8633090e+01   1.5248102e+00   2.6715149e-02   1.3255338e+00   7.5413533e-01   3.4520065e-01
   8.4568966e+00   2.8545220e+01   1.5164088e+00   2.2654214e-02   1.3212492e+00   7.4451968e-01   3.3429104e-01
   8.4827586e+00   2.8453693e+01   1.5087995e+00   1.7783207e-02   1.3180675e+00   7.3450007e-01   3.2265909e-01
   8.5086207e+00   2.8358438e+01   1.5056239e+00   1.3757024e-02   1.3184047e+00   7.2725637e-01   3.1288292e-01
   8.5344828e+00   2.8259379e+01   1.4990774e+00   9.1796613e-03   1.3160610e+00   7.1784452e-01   3.0168291e-01
   8.5603448e+00   2.8156445e+01   1.5020774e+00   4.6253944e-03   1.3221426e+00   7.1287935e-01   2.9267249e-01
   8.5862069e+00   2.8049561e+01   1.4970703e+00   2.0039988e-04   1.3211319e+00   7.0415191e-01   2.8301381e-01
   8.6120690e+00   2.7938655e+01   1.4980942e+00  -4.1594238e-03   1.3254397e+00   6.9822137e-01   2.7462606e-01
   8.6379310e+00   2.7823654e+01   1.4969108e+00  -9.0416909e-03   1.3280707e+00   6.9068942e-01   2.6530633e-01
   8.6637931e+00   2.7704483e+01   1.5119318e+00  -1.2370293e-02   1.3443509e+00   6.9196209e-01   2.6162579e-01
   8.6896552e+00   2.7581071e+01   1.5154356e+00  -1.6628472e-02   1.3509154e+00   6.8691281e-01   2.5454465e-01
   8.7155172e+00   2.7453343e+01   1.5280801e+00  -2.0726347e-02   1.3655531e+00   6.8609259e-01   2.5001145e-01
   8.7413793e+00   2.7321226e+01   1.5277656e+00  -2.4621220e-02   1.3686398e+00   6.7933726e-01   2.4259843e-01
   8.7672414e+00   2.7184648e+01   1.5577227e+00  -2.8208548e-02   1.3985421e+00   6.8656796e-01   2.4325362e-01
   8.7931034e+00   2.7043535e+01   1.5632224e+00  -3.1599174e-02   1.4066688e+00   6.8260207e-01   2.3866587e-01
   8.8189655e+00   2.6897813e+01   1.5895567e+00  -3.5144069e-02   1.4334894e+00   6.8777450e-01   2.3855760e-01
   8.8448276e+00   2.6747410e+01   1.6010685e+00  -3.8319418e-02   1.4469990e+00   6.8635458e-01   2.3634547e-01
   8.8706897e+00   2.6592252e+01   1.6293722e+00  -4.1581441e-02   1.4756221e+00   6.9218642e-01   2.3808141e-01
   8.8965517e+00   2.6432266e+01   1.6501014e+00  -4.3989880e-02   1.4971834e+00   6.9513410e-01   2.3889602e-01
   8.9224138e+00   2.6267379e+01   1.6837206e+00  -4.6618929e-02   1.5304888e+00   7.0334357e-01   2.4285437e-01
   8.9482759e+00   2.6097517e+01   1.6980079e+00  -4.9389308e-02   1.5466166e+00   7.0260020e-01   2.4248053e-01
   8.9741379e+00   2.5922608e+01   1.7378682e+00  -5.1309334e-02   1.5854434e+00   7.1357386e-01   2.4947811e-01
   9.0000000e+00   2.5742578e+01   1.7662571e+00  -5.2735692e-02   1.6138687e+00   7.1963403e-01   2.5432636e-01
   9.0258621e+00   2.5557353e+01   1.8025664e+00  -5.4790777e-02   1.6498298e+00   7.2822335e-01   2.6143259e-01
   9.0517241e+00   2.5366862e+01   1.8255205e+00  -5.6517007e-02   1.6737223e+00   7.3100816e-01   2.6527895e-01
   9.0775862e+00   2.5171029e+01   1.8700630e+00  -5.7729959e-02   1.7170398e+00   7.4313036e-01   2.7560540e-01
   9.1034483e+00   2.4969783e+01   1.8967871e+00  -5.8976594e-02   1.7443919e+00   7.4724607e-01   2.8202711e-01
   9.1293103e+00   2.4763049e+01   1.9363592e+00  -5.9001114e-02   1.7830203e+00   7.5750028e-01   2.9273250e-01
   9.1551724e+00   2.4550756e+01   1.9683060e+00  -6.0124236e-02   1.8153400e+00   7.6314089e-01   3.0155174e-01
   9.1810345e+00   2.4332828e+01   2.0015527e+00  -6.0466779e-02   1.8486639e+00   7.6961738e-01   3.1044131e-01
   9.2068966e+00   2.4109194e+01   2.0294859e+00  -6.0277140e-02   1.8770729e+00   7.7397912e-01   3.1938683e-01
   9.2327586e+00   2.3879780e+01   2.0652824e+00  -6.0687771e-02   1.9130553e+00   7.8057266e-01   3.2986292e-01
   9.2586207e+00   2.3644513e+01   2.0818178e+00  -6.0204044e-02   1.9311976e+00   7.7978556e-01   3.3687548e-01
   9.2844828e+00   2.3403319e+01   2.1160393e+00  -6.0065576e-02   1.9658143e+00   7.8536894e-01   3.4770492e-01
   9.3103448e+00   2.3156125e+01   2.1349777e+00  -5.9587848e-02   1.9864091e+00   7.8476699e-01   3.5483985e-01
   9.3362069e+00   2.2902858e+01   2.1626289e+00  -5.8380485e-02   2.0148601e+00   7.8785195e-01   3.6465499e-01
   9.3620690e+00   2.2643445e+01   2.1786738e+00  -5.8016398e-02   2.0330745e+00   7.8523465e-01   3.7068059e-01
   9.3879310e+00   2.2377813e+01   2.1921465e+00  -5.7113317e-02   2.0488074e+00   7.8176489e-01   3.7603830e-01
   9.4137931e+00   2.2105888e+01   2.2044288e+00  -5.6156877e-02   2.0635141e+00   7.7754070e-01   3.8137644e-01
   9.4396552e+00   2.1827597e+01   2.2094928e+00  -5.5029364e-02   2.0715480e+00   7.7043843e-01   3.8520488e-01
   9.4655172e+00   2.1542867e+01   2.2263420e+00  -5.2822280e-02   2.0902129e+00   7.6837434e-01   3.9267724e-01
   9.4913793e+00   2.1251624e+01   2.2246373e+00  -5.2373042e-02   2.0923400e+00   7.5754040e-01   3.9432491e-01
   9.5172414e+00   2.0953796e+01   2.2242777e+00  -5.0889811e-02   2.0953832e+00   7.4791062e-01   3.9586464e-01
   9.5431034e+00   2.0649309e+01   2.2258601e+00  -4.9397104e-02   2.1002826e+00   7.3871944e-01   3.9889010e-01
   9.5689655e+00   2.0338090e+01   2.2279279e+00  -4.7552922e-02   2.1055621e+00   7.2974819e-01   4.0184751e-01
   9.5948276e+00   2.0020065e+01   2.2269707e+00  -4.5157698e-02   2.1078608e+00   7.1997272e-01   4.0401919e-01
   9.6206897e+00   1.9695162e+01   2.2215378e+00  -4.4394163e-02   2.1065371e+00   7.0689620e-01   4.0442944e-01
   9.6465517e+00   1.9363307e+01   2.2096556e+00  -4.2812630e-02   2.0988617e+00   6.9223588e-01   4.0359269e-01
   9.6724138e+00   1.9024428e+01   2.2089350e+00  -4.0492247e-02   2.1014816e+00   6.8176873e-01   4.0623925e-01
   9.6982759e+00   1.8678449e+01   2.2031371e+00  -3.8206069e-02   2.0993354e+00   6.6937563e-01   4.0773349e-01
   9.7241379e+00   1.8325300e+01   2.2004311e+00  -3.6196231e-02   2.1002206e+00   6.5748059e-01   4.0878937e-01
   9.7500000e+00   1.7964905e+01   2.1837810e+00  -3.4830659e-02   2.0880551e+00   6.4042066e-01   4.0663558e-01
   9.7758621e+00   1.7597193e+01   2.1788727e+00  -3.2983569e-02   2.0868851e+00   6.2728363e-01   4.0801026e-01
   9.8017241e+00   1.7222089e+01   2.1750354e+00  -2.9811052e-02   2.0863425e+00   6.1550204e-01   4.1027117e-01
   9.8275862e+00   1.6839521e+01   2.1650071e+00  -2.8545780e-02   2.0804409e+00   5.9986365e-01   4.1026831e-01
   9.8534483e+00   1.6449416e+01   2.1562350e+00  -2.6366924e-02   2.0754468e+00   5.8529058e-01   4.1081969e-01
   9.8793103e+00   1.6051699e+01   2.1429677e+00  -2.4909947e-02   2.0663066e+00   5.6860166e-01   4.0962889e-01
   9.9051724e+00   1.5646298e+01   2.1356356e+00  -2.3025617e-02   2.0627095e+00   5.5380429e-01   4.0989359e-01
   9.9310345e+00   1.5233140e+01   2.1270714e+00  -2.0093087e-02   2.0576155e+00   5.3949516e-01   4.1095582e-01
   9.9568966e+00   1.4812151e+01   2.1173030e+00  -1.8888309e-02   2.0517721e+00   5.2302956e-01   4.1098027e-01
   9.9827586e+00   1.4383258e+01   2.1101192e+00  -1.6776221e-02   2.0481465e+00   5.0791771e-01   4.1099261e-01
   1.0008621e+01   1.3946389e+01   2.0905915e+00  -1.5469396e-02   2.0326926e+00   4.8884820e-01   4.0863400e-01
   1.0034483e+01   1.3501469e+01   2.0930643e+00  -1.3432949e-02   2.0383565e+00   4.7560661e-01   4.1214727e-01
   1.0060345e+01   1.3048425e+01   2.0763367e+00  -1.1873157e-02   2.0254055e+00   4.5721726e-01   4.1023320e-01
   1.0086207e+01   1.2587184e+01   2.0696308e+00  -1.0021419e-02   2.0220723e+00   4.4124363e-01   4.1104202e-01
   1.0112069e+01   1.2117674e+01   2.0547811e+00  -8.8380719e-03   2.0108529e+00   4.2269885e-01   4.0901840e-01
   1.0137931e+01   1.1639820e+01   2.0406787e+00  -7.3377869e-03   2.0001932e+00   4.0453774e-01   4.0723569e-01
   1.0163793e+01   1.1153550e+01   2.0324851e+00  -5.6819723e-03   1.9951953e+00   3.8758728e-01   4.0751316e-01
   1.0189655e+01   1.0658790e+01   2.0162978e+00  -4.8675266e-03   1.9824090e+00   3.6815054e-01   4.0464583e-01
   1.0215517e+01   1.0155467e+01   2.0051598e+00  -3.0735888e-03   1.9742868e+00   3.5052378e-01   4.0348217e-01
   1.0241379e+01   9.6435079e+00   1.9927612e+00  -1.9955184e-03   1.9649360e+00   3.3185490e-01   4.0236372e-01
   1.0267241e+01   9.1228392e+00   1.9794161e+00  -1.0089860e-03   1.9545379e+00   3.1284349e-01   4.0084743e-01
   1.0293103e+01   8.5933879e+00   1.9633217e+00   7.3779877e-05   1.9412697e+00   2.9343491e-01   3.9823933e-01
   1.0318966e+01   8.0550807e+00   1.9490796e+00   9.9248776e-04   1.9297105e+00   2.7409751e-01   3.9601585e-01
   1.0344828e+01   7.5078444e+00   1.9289712e+00   1.6930629e-03   1.9122129e+00   2.5372165e-01   3.9211076e-01
   1.0370690e+01   6.9516056e+00   1.9238725e+00   3.2783961e-03   1.9093328e+00   2.3610242e-01   3.9205790e-01
   1.0396552e+01   6.3862913e+00   1.8986537e+00   3.9827424e-03   1.8864287e+00   2.1514747e-01   3.8685165e-01
   1.0422414e+01   5.8118281e+00   1.8891638e+00   5.0627237e-03   1.8789405e+00   1.9633660e-01   3.8529675e-01
   1.0448276e+01   5.2281428e+00   1.8685788e+00   5.8677336e-03   1.8602704e+00   1.7611146e-01   3.8160239e-01
   1.0474138e+01   4.6351622e+00   1.8571220e+00   6.6402586e-03   1.8505116e+00   1.5669374e-01   3.7966671e-01
   1.0500000e+01   4.0328130e+00   1.8366280e+00   7.7658191e-03   1.8315342e+00   1.3691253e-01   3.7563176e-01
   1.0525862e+01   3.4210220e+00   1.8226272e+00   8.4377402e-03   1.8188758e+00   1.1718366e-01   3.7302941e-01
   1.0551724e+01   2.7997161e+00   1.8051962e+00   9.2080731e-03   1.8025917e+00   9.7371564e-02   3.6966767e-01
   1.0577586e+01   2.1688218e+00   1.7887673e+00   1.0266516e-02   1.7870974e+00   7.7953346e-02   3.6636786e-01
   1.0603448e+01   1.5282661e+00   1.7715580e+00   1.0952152e-02   1.7706357e+00   5.8195906e-02   3.6309040e-01
   1.0629310e+01   8.7797559e-01   1.7566335e+00   1.1671978e-02   1.7562484e+00   3.8587441e-02   3.5996007e-01
   1.0655172e+01   2.1787714e-01   1.7338132e+00   1.2493115e-02   1.7337532e+00   1.9086134e-02   3.5495855e-01
   1.0681034e+01  -4.5210250e-01   1.7224669e+00   1.3111213e-02   1.7225168e+00  -4.8048475e-04   3.5299547e-01
   1.0706897e+01  -1.1320366e+00   1.7047860e+00   1.4264291e-02   1.7047350e+00  -1.9419063e-02   3.4974886e-01
   1.0732759e+01  -1.8219983e+00   1.6869808e+00   1.4894654e-02   1.6866015e+00  -3.8749605e-02   3.4611404e-01
   1.0758621e+01  -2.5220610e+00   1.6723135e+00   1.5700314e-02   1.6713845e+00  -5.7903470e-02   3.4323580e-01
   1.0784483e+01  -3.2322978e+00   1.6544252e+00   1.6407394e-02   1.6527184e+00  -7.6902347e-02   3.3970685e-01
   1.0810345e+01  -3.9527820e+00   1.6419685e+00   1.7404878e-02   1.6392624e+00  -9.5824555e-02   3.3723185e-01
   1.0836207e+01  -4.6835868e+00   1.6218500e+00   1.8248852e-02   1.6179244e+00  -1.1424101e-01   3.3340562e-01
   1.0862069e+01  -5.4247854e+00   1.6081147e+00   1.8720750e-02   1.6026821e+00  -1.3339261e-01   3.3053249e-01
   1.0887931e+01  -6.1764511e+00   1.5885352e+00   1.9203778e-02   1.5813804e+00  -1.5181938e-01   3.2600690e-01
   1.0913793e+01  -6.9386571e+00   1.5742165e+00   1.9740119e-02   1.5650717e+00  -1.7058023e-01   3.2321400e-01
   1.0939655e+01  -7.7114767e+00   1.5595563e+00   2.0996077e-02   1.5482696e+00  -1.8846237e-01   3.2093099e-01
   1.0965517e+01  -8.4949831e+00   1.5441417e+00   2.1126653e-02   1.5303215e+00  -2.0721009e-01   3.1763221e-01
   1.0991379e+01  -9.2892495e+00   1.5317850e+00   2.2057728e-02   1.5152577e+00  -2.2549021e-01   3.1502698e-01
   1.1017241e+01  -1.0094349e+01   1.5119593e+00   2.2284899e-02   1.4924607e+00  -2.4306060e-01   3.1059960e-01
   1.1043103e+01  -1.0910355e+01   1.4993038e+00   2.3025983e-02   1.4765614e+00  -2.6116782e-01   3.0817209e-01
   1.1068966e+01  -1.1737341e+01   1.4866646e+00   2.3779511e-02   1.4604165e+00  -2.7914310e-01   3.0574655e-01
   1.1094828e+01  -1.2575380e+01   1.4709512e+00   2.4093410e-02   1.4409093e+00  -2.9674576e-01   3.0227862e-01
   1.1120690e+01  -1.3424545e+01   1.4559414e+00   2.4491805e-02   1.4218461e+00  -3.1419546e-01   2.9868210e-01
   1.1146552e+01  -1.4284909e+01   1.4442308e+00   2.4742474e-02   1.4056813e+00  -3.3237751e-01   2.9590790e-01
   1.1172414e+01  -1.5156546e+01   1.4292462e+00   2.5239390e-02   1.3861290e+00  -3.4932531e-01   2.9266042e-01
   1.1198276e+01  -1.6039529e+01   1.4152196e+00   2.5254490e-02   1.3671048e+00  -3.6675451e-01   2.8953864e-01
   1.1224138e+01  -1.6933932e+01   1.4077531e+00   2.6034165e-02   1.3542976e+00  -3.8512917e-01   2.8804157e-01
   1.1250000e+01  -1.7839826e+01   1.3905582e+00   2.5909326e-02   1.3316330e+00  -4.0134379e-01   2.8361152e-01
   1.1275862e+01  -1.8757286e+01   1.3809214e+00   2.6559551e-02   1.3161201e+00  -4.1889995e-01   2.8140653e-01
   1.1301724e+01  -1.9686385e+01   1.3632629e+00   2.6114995e-02   1.2923784e+00  -4.3465586e-01   2.7641975e-01
   1.1327586e+01  -2.0627196e+01   1.3571673e+00   2.6207286e-02   1.2793951e+00  -4.5358375e-01   2.7519444e-01
   1.1353448e+01  -2.1579793e+01   1.3433651e+00   2.6512670e-02   1.2589549e+00  -4.6943083e-01   2.7188363e-01
   1.1379310e+01  -2.2544247e+01   1.3370881e+00   2.6425263e-02   1.2450442e+00  -4.8822936e-01   2.6998471e-01
   1.1405172e+01  -2.3520634e+01   1.3203372e+00   2.6500203e-02   1.2212146e+00  -5.0262080e-01   2.6583226e-01
   1.1431034e+01  -2.4509026e+01   1.3101566e+00   2.6020917e-02   1.2029006e+00  -5.1982458e-01   2.6259678e-01
   1.1456897e+01  -2.5509496e+01   1.3003099e+00   2.6086823e-02   1.1847823e+00  -5.3644861e-01   2.5994325e-01
   1.1482759e+01  -2.6522117e+01   1.2898204e+00   2.5848920e-02   1.1656250e+00  -5.5283195e-01   2.5681209e-01
   1.1508621e+01  -2.7546963e+01   1.2826094e+00   2.5820095e-02   1.1491438e+00  -5.7028253e-01   2.5471412e-01
   1.1534483e+01  -2.8584107e+01   1.2745376e+00   2.5251741e-02   1.1312732e+00  -5.8762641e-01   2.5201232e-01
   1.1560345e+01  -2.9633623e+01   1.2650821e+00   2.5143100e-02   1.1120477e+00  -6.0366792e-01   2.4877870e-01
   1.1586207e+01  -3.0695582e+01   1.2613097e+00   2.4796413e-02   1.0972476e+00  -6.2254688e-01   2.4712463e-01
   1.1612069e+01  -3.1770060e+01   1.2500027e+00   2.4078527e-02   1.0753898e+00  -6.3767013e-01   2.4374374e-01
   1.1637931e+01  -3.2857128e+01   1.2446861e+00   2.3845690e-02   1.0585061e+00  -6.5526849e-01   2.4151038e-01
   1.1663793e+01  -3.3956860e+01   1.2379921e+00   2.3077569e-02   1.0397534e+00  -6.7236158e-01   2.3853840e-01
   1.1689655e+01  -3.5069330e+01   1.2294725e+00   2.2648075e-02   1.0192837e+00  -6.8787813e-01   2.3534309e-01
   1.1715517e+01  -3.6194610e+01   1.2241582e+00   2.2091520e-02   1.0009608e+00  -7.0507365e-01   2.3277449e-01
   1.1741379e+01  -3.7332775e+01   1.2213493e+00   2.1743634e-02   9.8431372e-01  -7.2339018e-01   2.3094571e-01
   1.1767241e+01  -3.8483896e+01   1.2103043e+00   2.0766787e-02   9.6032882e-01  -7.3691000e-01   2.2728793e-01
   1.1793103e+01  -3.9648047e+01   1.2096219e+00   2.0192722e-02   9.4426713e-01  -7.5627536e-01   2.2609494e-01
   1.1818966e+01  -4.0825302e+01   1.2051840e+00   1.9387877e-02   9.2464539e-01  -7.7322394e-01   2.2406328e-01
   1.1844828e+01  -4.2015734e+01   1.2036586e+00   1.8413767e-02   9.0659645e-01  -7.9196973e-01   2.2254522e-01
   1.1870690e+01  -4.3219416e+01   1.1969917e+00   1.7671882e-02   8.8439325e-01  -8.0681468e-01   2.1936923e-01
   1.1896552e+01  -4.4436421e+01   1.1962475e+00   1.6829836e-02   8.6593679e-01  -8.2549666e-01   2.1769546e-01
   1.1922414e+01  -4.5666823e+01   1.1943100e+00   1.6150907e-02   8.4617175e-01  -8.4298914e-01   2.1603068e-01
   1.1948276e+01  -4.6910694e+01   1.1907171e+00   1.5167631e-02   8.2450022e-01  -8.5920695e-01   2.1368727e-01
   1.1974138e+01  -4.8168108e+01   1.1917593e+00   1.4318382e-02   8.0550936e-01  -8.7843607e-01   2.1236227e-01
   1.2000000e+01  -4.9439139e+01   1.1916354e+00   1.3396710e-02   7.8504503e-01  -8.9659278e-01   2.1105455e-01
   1.2025862e+01  -5.0723859e+01   1.1905589e+00   1.2296525e-02   7.6321233e-01  -9.1383187e-01   2.0947403e-01
   1.2051724e+01  -5.2022341e+01   1.1936011e+00   1.1415758e-02   7.4348589e-01  -9.3383225e-01   2.0893648e-01
   1.2077586e+01  -5.3334659e+01   1.1945721e+00   1.0508253e-02   7.2175588e-01  -9.5193561e-01   2.0758440e-01
   1.2103448e+01  -5.4660887e+01   1.1913141e+00   9.3969864e-03   6.9673903e-01  -9.6637070e-01   2.0521115e-01
   1.2129310e+01  -5.6001097e+01   1.1954932e+00   8.4845267e-03   6.7552640e-01  -9.8637719e-01   2.0467038e-01
   1.2155172e+01  -5.7355362e+01   1.1951850e+00   7.4033111e-03   6.5094884e-01  -1.0023910e+00   2.0300211e-01
   1.2181034e+01  -5.8723757e+01   1.1998279e+00   6.5137383e-03   6.2847554e-01  -1.0220802e+00   2.0266458e-01
