 2.58620690e-002 1.28913113e-008 -1.74766287e-002 -9.66638442e-002 -1.74766286e-002 -9.66638442e-002 -1.03432379e-001
 5.17241379e-002 2.09899212e-008 1.41882055e-001 1.53739012e-001 1.41882055e-001 1.53739012e-001 1.21669835e-001
 7.75862069e-002 3.41762443e-008 3.12202165e-001 9.71584296e-002 3.12202165e-001 9.71584298e-002 1.07927603e-001
 1.03448276e-001 5.56465104e-008 -2.12003136e-001 -2.97219990e-002 -2.12003136e-001 -2.97219993e-002 -7.57473228e-002
 1.29310345e-001 9.06048657e-008 2.69194990e-001 2.25521356e-002 2.69194990e-001 2.25521361e-002 5.05922056e-002
 1.55172414e-001 1.47524818e-007 3.21205717e-002 8.69164740e-002 3.21205715e-002 8.69164740e-002 4.67268225e-002
 1.81034483e-001 2.40203120e-007 3.20225192e-002 3.99287662e-002 3.20225190e-002 3.99287663e-002 4.22748031e-003
 2.06896552e-001 3.91103944e-007 3.63139229e-002 1.00475450e-002 3.63139229e-002 1.00475453e-002 5.37102980e-003
 2.32758621e-001 6.36803917e-007 2.45984103e-001 6.37946347e-002 2.45984102e-001 6.37946374e-002 7.59545146e-002
 2.58620690e-001 1.03685787e-006 3.59312836e-002 1.90390102e-002 3.59312832e-002 1.90390108e-002 5.06186627e-003
 2.84482759e-001 1.68823416e-006 -7.39019982e-002 -1.45668077e-002 -7.39019978e-002 -1.45668098e-002 -2.22531794e-002
 3.10344828e-001 2.74881851e-006 2.22744025e-001 1.66770283e-001 2.22744017e-001 1.66770294e-001 1.02260841e-001
 3.36206897e-001 4.47568312e-006 1.84829161e-001 -1.02031000e-002 1.84829162e-001 -1.02030855e-002 4.13082893e-002
 3.62068966e-001 7.28739653e-006 -6.52802039e-002 -5.05885317e-002 -6.52801975e-002 -5.05885400e-002 -4.98150366e-002
 3.87931034e-001 1.18654758e-005 6.18099440e-002 1.02707095e-001 6.18099227e-002 1.02707107e-001 5.05974665e-002
 4.13793103e-001 1.93195675e-005 1.57688562e-001 5.95379646e-002 1.57688542e-001 5.95380177e-002 4.24449142e-002
 4.39655172e-001 3.14563845e-005 5.18566365e-002 -2.62789345e-002 5.18566509e-002 -2.62789060e-002 -5.45303579e-003
 4.65517241e-001 5.12175559e-005 1.81134965e-002 3.76932123e-002 1.81134628e-002 3.76932285e-002 9.33771549e-003
 4.91379310e-001 8.33924399e-005 1.59208871e-001 8.14242974e-002 1.59208752e-001 8.14245291e-002 6.71331359e-002
 5.17241379e-001 1.35778468e-004 1.16040647e-001 3.48784011e-003 1.16040639e-001 3.48811510e-003 2.42532483e-002
 5.43103448e-001 2.21069716e-004 5.41590679e-002 4.51872745e-003 5.41590505e-002 4.51893642e-003 1.56042105e-002
 5.68965517e-001 3.59929998e-004 1.21800515e-001 8.16926896e-002 1.21800002e-001 8.16934548e-002 5.04095104e-002
 5.94827586e-001 5.85991437e-004 8.28188080e-002 2.35340056e-002 8.28185673e-002 2.35348526e-002 1.93059195e-002
 6.20689655e-001 9.53979765e-004 4.96111902e-002 2.49564624e-003 4.96111486e-002 2.49647227e-003 2.16572472e-003
 6.46551724e-001 1.55290837e-003 1.12997681e-001 3.82328031e-002 1.12996644e-001 3.82358657e-002 3.59418052e-002
 6.72413793e-001 2.52746664e-003 6.81420211e-002 3.20701536e-002 6.81406064e-002 3.20731595e-002 1.98381032e-002
 6.98275862e-001 4.11259543e-003 5.27580112e-002 2.51912346e-002 5.27562029e-002 2.51950215e-002 1.76424138e-002
 7.24137931e-001 6.68912645e-003 1.56011697e-001 4.41053901e-002 1.56006547e-001 4.41236037e-002 5.00631131e-002
 7.50000000e-001 1.08726517e-002 1.30357994e-001 3.24538166e-002 1.30351833e-001 3.24785532e-002 3.79005642e-002
 7.75862069e-001 1.76537313e-002 2.24360768e-002 8.85217239e-003 2.24333482e-002 8.85908488e-003 -4.78306445e-004
 8.01724138e-001 2.86146058e-002 8.16499981e-002 4.14571452e-002 8.16292834e-002 4.14979176e-002 3.04402014e-002
 8.27586207e-001 4.62527350e-002 1.36870782e-001 4.33715553e-002 1.36835726e-001 4.34820318e-002 4.04136099e-002
 8.53448276e-001 7.44354369e-002 6.06073179e-002 6.14191439e-003 6.05992875e-002 6.22064679e-003 6.35838281e-003
 8.79310345e-001 1.18970632e-001 4.15890839e-002 2.35777592e-002 4.15400367e-002 2.36640651e-002 6.01129532e-003
 9.05172414e-001 1.88166938e-001 9.88855572e-002 3.80710627e-002 9.87599937e-002 3.83956101e-002 3.07236430e-002
 9.31034483e-001 2.93036051e-001 1.13250142e-001 2.65959750e-002 1.13112638e-001 2.71748362e-002 3.33766339e-002
 9.56896552e-001 4.46525088e-001 1.13333254e-001 3.37819777e-002 1.13066541e-001 3.46641867e-002 3.78946425e-002
 9.82758621e-001 6.61192034e-001 1.06337840e-001 3.68007556e-002 1.05906089e-001 3.80254143e-002 3.39068962e-002
 1.00862069e+000 9.45580720e-001 8.48854560e-002 1.16955218e-002 8.46808881e-002 1.30947724e-002 1.77513441e-002
 1.03448276e+000 1.30103393e+000 8.83660280e-002 1.91575202e-002 8.79082685e-002 2.11589652e-002 2.06297867e-002
 1.06034483e+000 1.72114441e+000 9.59431230e-002 5.14908728e-002 9.43533032e-002 5.43493055e-002 3.40425724e-002
 1.08620690e+000 2.19426439e+000 8.19627304e-002 2.74620354e-002 8.08511713e-002 3.05800697e-002 2.10807102e-002
 1.11206897e+000 2.70723789e+000 8.72198846e-002 -1.52425926e-003 8.71945347e-002 2.59706693e-003 1.28916310e-002
 1.13793103e+000 3.24825497e+000 1.16910066e-001 2.86930633e-002 1.15096421e-001 3.52713675e-002 3.26442933e-002
 1.16379310e+000 3.80809484e+000 1.20708842e-001 4.82417316e-002 1.17238360e-001 5.61520805e-002 4.41200587e-002
 1.18965517e+000 4.38016995e+000 9.96379628e-002 2.92269483e-002 9.71147674e-002 3.67513277e-002 2.98579509e-002
 1.21551724e+000 4.96003296e+000 1.08664080e-001 1.97636893e-002 1.06548376e-001 2.90848647e-002 2.81604287e-002
 1.24137931e+000 5.54478692e+000 1.22257766e-001 2.37170876e-002 1.19394083e-001 3.54191251e-002 3.07707647e-002
 1.26724138e+000 6.13258657e+000 1.09411854e-001 2.47705042e-002 1.06139505e-001 3.63171732e-002 2.80288737e-002
 1.29310345e+000 6.72227284e+000 1.04101424e-001 2.95119010e-002 9.99311808e-002 4.14947936e-002 2.88001275e-002
 1.31896552e+000 7.31312394e+000 1.24416554e-001 2.98122002e-002 1.19609615e-001 4.54068949e-002 3.42099066e-002
 1.34482759e+000 7.90469276e+000 1.42806010e-001 1.91567971e-002 1.38814545e-001 3.86142657e-002 3.44694353e-002
 1.37068966e+000 8.49670326e+000 1.58692361e-001 2.18899018e-002 1.53716324e-001 4.50968399e-002 4.41639192e-002
 1.39655172e+000 9.08898535e+000 1.90086123e-001 3.63398685e-002 1.81958893e-001 6.59111628e-002 6.08546173e-002
 1.42241379e+000 9.68143436e+000 2.18170577e-001 3.31800558e-002 2.09483505e-001 6.93972457e-002 6.77640087e-002
 1.44827586e+000 1.02739859e+001 2.25937189e-001 2.33588329e-002 2.18148363e-001 6.32814365e-002 6.47064078e-002
 1.47413793e+000 1.08666005e+001 2.50010331e-001 2.34911117e-002 2.41098724e-001 7.02025839e-002 7.08350463e-002
 1.50000000e+000 1.14592537e+001 2.97160415e-001 2.57535642e-002 2.86120404e-001 8.42773568e-002 8.57823706e-002
 1.52586207e+000 1.20519306e+001 3.49754705e-001 2.75408937e-002 3.36295188e-001 9.99619968e-002 1.02562503e-001
 1.55172414e+000 1.26446221e+001 4.08533245e-001 3.07752051e-002 3.91888123e-001 1.19458044e-001 1.22519630e-001
 1.57758621e+000 1.32373223e+001 4.79603674e-001 2.74818825e-002 4.60567641e-001 1.36573738e-001 1.43783454e-001
 1.60344828e+000 1.38300277e+001 5.72417675e-001 2.39641140e-002 5.50094353e-001 1.60101456e-001 1.71159498e-001
 1.62931034e+000 1.44227360e+001 6.82625475e-001 3.50842461e-002 6.52373543e-001 2.04002952e-001 2.07100188e-001
 1.65517241e+000 1.50154455e+001 7.84785487e-001 3.94954555e-002 7.47757327e-001 2.41468697e-001 2.38193532e-001
 1.68103448e+000 1.56081551e+001 8.72838859e-001 2.83906623e-002 8.33013594e-001 2.62187060e-001 2.58941965e-001
 1.70689655e+000 1.62008633e+001 9.83668870e-001 2.67712259e-002 9.37137548e-001 3.00157225e-001 2.88447830e-001
 1.73275862e+000 1.67935685e+001 1.10994734e+000 3.29281844e-002 1.05309648e+000 3.52214658e-001 3.23875265e-001
 1.75862069e+000 1.73862683e+001 1.21978971e+000 3.22872062e-002 1.15441211e+000 3.95299975e-001 3.52248444e-001
 1.78448276e+000 1.79789591e+001 1.30976783e+000 3.17023688e-002 1.23602628e+000 4.34437383e-001 3.74557991e-001
 1.81034483e+000 1.85716351e+001 1.39609807e+000 3.54547526e-002 1.31210595e+000 4.78251857e-001 3.96228533e-001
 1.83620690e+000 1.91642867e+001 1.47193210e+000 3.43430524e-002 1.37908529e+000 5.15642639e-001 4.10637037e-001
 1.86206897e+000 1.97568987e+001 1.51628530e+000 3.08407845e-002 1.41660454e+000 5.41575329e-001 4.13835696e-001
 1.88793103e+000 2.03494461e+001 1.53822410e+000 3.10414630e-002 1.43142776e+000 5.64013752e-001 4.10799383e-001
 1.91379310e+000 2.09418882e+001 1.54562703e+000 3.17959103e-002 1.43216367e+000 5.82134969e-001 4.01574874e-001
 1.93965517e+000 2.15341592e+001 1.54386783e+000 2.67731967e-002 1.42627690e+000 5.91590144e-001 3.88579111e-001
 1.96551724e+000 2.21261515e+001 1.54156738e+000 2.32395767e-002 1.41928833e+000 6.02155053e-001 3.76051377e-001
 1.99137931e+000 2.27176909e+001 1.54181537e+000 2.24004860e-002 1.41354876e+000 6.16097650e-001 3.67347140e-001
 2.01724138e+000 2.33084941e+001 1.55418489e+000 2.23219677e-002 1.41851194e+000 6.35462674e-001 3.61905861e-001
 2.04310345e+000 2.38981028e+001 1.56191651e+000 2.30972745e-002 1.41865233e+000 6.53867132e-001 3.56733809e-001
 2.06896552e+000 2.44857769e+001 1.56119989e+000 2.23326468e-002 1.41153595e+000 6.67390507e-001 3.48598540e-001
 2.09482759e+000 2.50703287e+001 1.56120115e+000 1.79815599e-002 1.40649848e+000 6.77815883e-001 3.38999724e-001
 2.12068966e+000 2.56498682e+001 1.56917648e+000 1.43766561e-002 1.40832050e+000 6.92210145e-001 3.31807950e-001
 2.14655172e+000 2.62214314e+001 1.57887298e+000 1.35633020e-002 1.41040333e+000 7.09779058e-001 3.26224039e-001
 2.17241379e+000 2.67804744e+001 1.58101164e+000 1.14020045e-002 1.40629397e+000 7.22540703e-001 3.19328079e-001
 2.19827586e+000 2.73202829e+001 1.59362553e+000 7.32241880e-003 1.41250355e+000 7.37922544e-001 3.14530530e-001
 2.22413793e+000 2.78314929e+001 1.60715695e+000 4.78589797e-003 1.41901384e+000 7.54570127e-001 3.11930744e-001
 2.25000000e+000 2.83021797e+001 1.63387295e+000 3.05969729e-003 1.43710799e+000 7.77348565e-001 3.13939496e-001
 2.27586207e+000 2.87191788e+001 1.65977295e+000 2.52763423e-003 1.45438202e+000 7.99765951e-001 3.16808873e-001
 2.30172414e+000 2.90710214e+001 1.68026690e+000 2.09357561e-003 1.46756641e+000 8.18260401e-001 3.18144696e-001
 2.32758621e+000 2.93516665e+001 1.70436566e+000 -1.65019553e-003 1.48638106e+000 8.33988246e-001 3.17990966e-001
 2.35344828e+000 2.95628806e+001 1.71031674e+000 -8.67831831e-003 1.49194042e+000 8.36284903e-001 3.11184319e-001
 2.37931034e+000 2.97135100e+001 1.72560715e+000 -1.19825940e-002 1.50465445e+000 8.44913376e-001 3.08487995e-001
 2.40517241e+000 2.98162129e+001 1.74932000e+000 -1.28008642e-002 1.52411824e+000 8.58689654e-001 3.09720612e-001
 2.43103448e+000 2.98838762e+001 1.77136237e+000 -1.64389038e-002 1.54402729e+000 8.68317114e-001 3.09412217e-001
 2.45689655e+000 2.99273782e+001 1.79271941e+000 -2.20650968e-002 1.56468375e+000 8.75268255e-001 3.10080744e-001
 2.48275862e+000 2.99548873e+001 1.81435164e+000 -2.56091701e-002 1.58477552e+000 8.83750103e-001 3.10814641e-001
 2.50862069e+000 2.99720958e+001 1.84260327e+000 -2.68381753e-002 1.60959751e+000 8.97275293e-001 3.14984175e-001
 2.53448276e+000 2.99827865e+001 1.87011308e+000 -2.89950327e-002 1.63433625e+000 9.09455140e-001 3.17659010e-001
 2.56034483e+000 2.99893993e+001 1.89091021e+000 -3.36351225e-002 1.65456335e+000 9.16020125e-001 3.16998199e-001
 2.58620690e+000 2.99934785e+001 1.90506660e+000 -3.99551165e-002 1.66991810e+000 9.17741084e-001 3.13322446e-001
 2.61206897e+000 2.99959905e+001 1.91470782e+000 -4.64800489e-002 1.68148981e+000 9.16983342e-001 3.08693851e-001
 2.63793103e+000 2.99975360e+001 1.93833252e+000 -5.01737331e-002 1.70377188e+000 9.25641261e-001 3.10348867e-001
 2.66379310e+000 2.99984861e+001 1.96364280e+000 -5.32663596e-002 1.72722246e+000 9.35645744e-001 3.10820869e-001
 2.68965517e+000 2.99990700e+001 1.98639027e+000 -5.82333888e-002 1.74939644e+000 9.42735147e-001 3.12052298e-001
 2.71551724e+000 2.99994287e+001 2.01159698e+000 -6.37055993e-002 1.77395637e+000 9.50610137e-001 3.14188662e-001
 2.74137931e+000 2.99996491e+001 2.03478011e+000 -6.77944288e-002 1.79607435e+000 9.58667359e-001 3.15573714e-001
 2.76724138e+000 2.99997845e+001 2.05979792e+000 -7.17726596e-002 1.81972730e+000 9.67735169e-001 3.18545561e-001
 2.79310345e+000 2.99998676e+001 2.08304653e+000 -7.67852000e-002 1.84236606e+000 9.75021073e-001 3.19227003e-001
 2.81896552e+000 2.99999187e+001 2.10737082e+000 -8.32889966e-002 1.86668256e+000 9.81552374e-001 3.19404697e-001
 2.84482759e+000 2.99999501e+001 2.11951537e+000 -9.10310170e-002 1.88107052e+000 9.80920872e-001 3.15497395e-001
 2.87068966e+000 2.99999693e+001 2.13686973e+000 -9.70472769e-002 1.89910763e+000 9.84388439e-001 3.13692296e-001
 2.89655172e+000 2.99999812e+001 2.15940373e+000 -1.02507737e-001 1.92135268e+000 9.90926930e-001 3.16044311e-001
 2.92241379e+000 2.99999884e+001 2.18681079e+000 -1.06792355e-001 1.94723008e+000 1.00092011e+000 3.17238205e-001
 2.94827586e+000 2.99999929e+001 2.21476439e+000 -1.13808598e-001 1.97494665e+000 1.00882081e+000 3.22001250e-001
 2.97413793e+000 2.99999956e+001 2.23908437e+000 -1.18899146e-001 1.99855359e+000 1.01657235e+000 3.22206488e-001
 3.00000000e+000 2.99999973e+001 2.26075596e+000 -1.25598328e-001 2.02067131e+000 1.02160654e+000 3.25587990e-001
 3.02586207e+000 2.99999984e+001 2.28153718e+000 -1.31290986e-001 2.04151468e+000 1.02706720e+000 3.23009591e-001
 3.05172414e+000 2.99999990e+001 2.30555272e+000 -1.39635784e-001 2.06648514e+000 1.03184819e+000 3.25321851e-001
 3.07758621e+000 2.99999994e+001 2.32240096e+000 -1.46448208e-001 2.08448234e+000 1.03437259e+000 3.21478110e-001
 3.10344828e+000 2.99999996e+001 2.33661578e+000 -1.55294786e-001 2.10121602e+000 1.03381865e+000 3.20741991e-001
 3.12931034e+000 2.99999998e+001 2.35907734e+000 -1.61083787e-001 2.12356280e+000 1.04003601e+000 3.20068770e-001
 3.15517241e+000 2.99999999e+001 2.37959225e+000 -1.68684465e-001 2.14512958e+000 1.04371109e+000 3.21327342e-001
 3.18103448e+000 2.99999999e+001 2.41459874e+000 -1.73948654e-001 2.17807818e+000 1.05665541e+000 3.26606872e-001
 3.20689655e+000 2.99999999e+001 2.44149014e+000 -1.81558493e-001 2.20517173e+000 1.06351080e+000 3.29701238e-001
 3.23275862e+000 3.00000000e+001 2.46551536e+000 -1.89501116e-001 2.22994949e+000 1.06864490e+000 3.30753387e-001
 3.25862069e+000 3.00000000e+001 2.48496546e+000 -1.96950163e-001 2.25051830e+000 1.07191888e+000 3.29881318e-001
 3.28448276e+000 3.00000000e+001 2.49586908e+000 -2.06292123e-001 2.26463209e+000 1.06928032e+000 3.26591226e-001
 3.31034483e+000 3.00000000e+001 2.51995317e+000 -2.13513093e-001 2.28910000e+000 1.07506882e+000 3.25855945e-001
 3.33620690e+000 3.00000000e+001 2.53986476e+000 -2.22449895e-001 2.31081235e+000 1.07728512e+000 3.25547021e-001
 3.36206897e+000 3.00000000e+001 2.56672222e+000 -2.31004936e-001 2.33834911e+000 1.08330497e+000 3.28411237e-001
 3.38793103e+000 3.00000000e+001 2.59733367e+000 -2.37635482e-001 2.36817468e+000 1.09286847e+000 3.32218938e-001
 3.41379310e+000 3.00000000e+001 2.61929524e+000 -2.45611793e-001 2.39118211e+000 1.09694157e+000 3.32300256e-001
 3.43965517e+000 3.00000000e+001 2.64893815e+000 -2.52638466e-001 2.42036696e+000 1.10567774e+000 3.36080824e-001
 3.46551724e+000 3.00000000e+001 2.68098437e+000 -2.60027262e-001 2.45181420e+000 1.11530197e+000 3.39145571e-001
 3.49137931e+000 3.00000000e+001 2.69117371e+000 -2.70066139e-001 2.46565787e+000 1.11170272e+000 3.33250344e-001
 3.51724138e+000 3.00000000e+001 2.70846888e+000 -2.78581671e-001 2.48489369e+000 1.11297564e+000 3.31026625e-001
 3.54310345e+000 3.00000000e+001 2.74035613e+000 -2.86403080e-001 2.51641957e+000 1.12214572e+000 3.32516281e-001
 3.56896552e+000 3.00000000e+001 2.76002087e+000 -2.94262709e-001 2.53737955e+000 1.12517146e+000 3.31461918e-001
 3.59482759e+000 3.00000000e+001 2.78938470e+000 -3.02138764e-001 2.56674740e+000 1.13303251e+000 3.33000738e-001
 3.62068966e+000 3.00000000e+001 2.83174503e+000 -3.08312222e-001 2.60651924e+000 1.14886630e+000 3.38621156e-001
 3.64655172e+000 3.00000000e+001 2.84790009e+000 -3.15362135e-001 2.62403490e+000 1.15083843e+000 3.36198532e-001
 3.67241379e+000 3.00000000e+001 2.87695716e+000 -3.21519797e-001 2.65227789e+000 1.16003427e+000 3.39945790e-001
 3.69827586e+000 3.00000000e+001 2.91274313e+000 -3.26561139e-001 2.68579011e+000 1.17356132e+000 3.41182647e-001
 3.72413793e+000 3.00000000e+001 2.92997888e+000 -3.33980395e-001 2.70442634e+000 1.17575393e+000 3.37391834e-001
 3.75000000e+000 3.00000000e+001 2.94736112e+000 -3.41415464e-001 2.72319733e+000 1.17800609e+000 3.34987922e-001
 3.77586207e+000 3.00000000e+001 2.98504605e+000 -3.46381786e-001 2.75831661e+000 1.19254760e+000 3.37762161e-001
 3.80172414e+000 3.00000000e+001 3.00704494e+000 -3.51301194e-001 2.77982791e+000 1.19928671e+000 3.38287993e-001
 3.82758621e+000 3.00000000e+001 3.02476513e+000 -3.57724221e-001 2.79838556e+000 1.20258430e+000 3.36823311e-001
 3.85344828e+000 3.00000000e+001 3.06378462e+000 -3.62664070e-001 2.83464735e+000 1.21781601e+000 3.40722270e-001
 3.87931034e+000 3.00000000e+001 3.08457021e+000 -3.67028936e-001 2.85483063e+000 1.22442873e+000 3.39186418e-001
 3.90517241e+000 3.00000000e+001 3.10278177e+000 -3.71746350e-001 2.87296101e+000 1.22944910e+000 3.38215489e-001
 3.93103448e+000 3.00000000e+001 3.12369598e+000 -3.77732214e-001 2.89406618e+000 1.23472230e+000 3.37388478e-001
 3.95689655e+000 3.00000000e+001 3.14103231e+000 -3.81982911e-001 2.91120523e+000 1.23970925e+000 3.34175347e-001
 3.98275862e+000 3.00000000e+001 3.15076860e+000 -3.87400551e-001 2.92234593e+000 1.23988558e+000 3.30484264e-001
 4.00862069e+000 3.00000000e+001 3.16708424e+000 -3.93533283e-001 2.93954205e+000 1.24273230e+000 3.23623052e-001
 4.03448276e+000 3.00000000e+001 3.17237053e+000 -3.97148447e-001 2.94592769e+000 1.24224462e+000 3.20807788e-001
 4.06034483e+000 3.00000000e+001 3.17787133e+000 -3.99715987e-001 2.95197529e+000 1.24277146e+000 3.13772713e-001
 4.08620690e+000 3.00000000e+001 3.17569184e+000 -4.05797894e-001 2.95312875e+000 1.23641463e+000 3.05300229e-001
 4.11206897e+000 3.00000000e+001 3.16645698e+000 -4.08404119e-001 2.94643425e+000 1.22954015e+000 2.95400241e-001
 4.13793103e+000 3.00000000e+001 3.13939828e+000 -4.10701452e-001 2.92414939e+000 1.21402125e+000 2.83126680e-001
 4.16379310e+000 3.00000000e+001 3.11700342e+000 -4.15545040e-001 2.90717667e+000 1.19862915e+000 2.63430917e-001
 4.18965517e+000 3.00000000e+001 3.07345469e+000 -4.18144569e-001 2.87076212e+000 1.17460352e+000 2.44986829e-001
 4.21551724e+000 3.00000000e+001 3.01662859e+000 -4.21319177e-001 2.82313658e+000 1.14344118e+000 2.18074942e-001
 4.24137931e+000 3.00000000e+001 2.94640274e+000 -4.25797554e-001 2.76455840e+000 1.10444987e+000 1.87959846e-001
 4.26724138e+000 3.00000000e+001 2.88082793e+000 -4.26101980e-001 2.70792116e+000 1.07139883e+000 1.62860313e-001
 4.29310345e+000 3.00000000e+001 2.79343327e+000 -4.29457582e-001 2.63391297e+000 1.02479546e+000 1.27876998e-001
 4.31896552e+000 3.00000000e+001 2.70953537e+000 -4.27883911e-001 2.56046842e+000 9.84209351e-001 9.85062760e-002
 4.34482759e+000 3.00000000e+001 2.61892556e+000 -4.29381993e-001 2.48274706e+000 9.37607067e-001 6.44822868e-002
 4.37068966e+000 3.00000000e+001 2.53277143e+000 -4.28977456e-001 2.40793313e+000 8.94880339e-001 3.40153243e-002
 4.39655172e+000 3.00000000e+001 2.47083823e+000 -4.26924790e-001 2.35327107e+000 8.65691404e-001 1.39635314e-002
 4.42241379e+000 3.00000000e+001 2.41381075e+000 -4.25958087e-001 2.30340047e+000 8.38014852e-001 -8.41057245e-003
 4.44827586e+000 3.00000000e+001 2.37525105e+000 -4.22631963e-001 2.26834373e+000 8.21615508e-001 -1.65045355e-002
 4.47413793e+000 3.00000000e+001 2.36901317e+000 -4.19401485e-001 2.26132633e+000 8.21294244e-001 -2.05154308e-002
 4.50000000e+000 3.00000000e+001 2.36820600e+000 -4.15556464e-001 2.25870478e+000 8.24220543e-001 -1.48054779e-002
 4.52586207e+000 3.00000000e+001 2.38938964e+000 -4.10076798e-001 2.27431052e+000 8.39557894e-001 -9.21771147e-003
 4.55172414e+000 3.00000000e+001 2.42067719e+000 -4.03785525e-001 2.29826070e+000 8.60650071e-001 9.63369301e-003
 4.57758621e+000 3.00000000e+001 2.44376369e+000 -3.97943292e-001 2.31533308e+000 8.77252844e-001 1.93731294e-002
 4.60344828e+000 3.00000000e+001 2.46964903e+000 -3.92651312e-001 2.33510446e+000 8.94778505e-001 3.26252173e-002
 4.62931034e+000 3.00000000e+001 2.49372113e+000 -3.87696057e-001 2.35347388e+000 9.11105930e-001 4.18691546e-002
 4.65517241e+000 3.00000000e+001 2.51138190e+000 -3.82835583e-001 2.36633832e+000 9.24145611e-001 5.03465240e-002
 4.68103448e+000 3.00000000e+001 2.52945008e+000 -3.76816497e-001 2.37897627e+000 9.38392379e-001 6.18613708e-002
 4.70689655e+000 3.00000000e+001 2.54884920e+000 -3.70906650e-001 2.39282148e+000 9.53210017e-001 6.75311853e-002
 4.73275862e+000 3.00000000e+001 2.56283905e+000 -3.66459738e-001 2.40271360e+000 9.64056084e-001 7.87627691e-002
 4.75862069e+000 3.00000000e+001 2.57637827e+000 -3.60496434e-001 2.41145725e+000 9.75990065e-001 8.24441547e-002
 4.78448276e+000 3.00000000e+001 2.59332633e+000 -3.55005263e-001 2.42338912e+000 9.89219591e-001 9.27944099e-002
 4.81034483e+000 3.00000000e+001 2.60614042e+000 -3.49473986e-001 2.43172081e+000 1.00041686e+000 9.98524885e-002
 4.83620690e+000 3.00000000e+001 2.62095277e+000 -3.44420646e-001 2.44202200e+000 1.01219936e+000 1.06624910e-001
 4.86206897e+000 3.00000000e+001 2.62322964e+000 -3.40633592e-001 2.44210031e+000 1.01661748e+000 1.10282130e-001
 4.88793103e+000 3.00000000e+001 2.63920858e+000 -3.35254147e-001 2.45324875e+000 1.02926568e+000 1.16393629e-001
 4.91379310e+000 3.00000000e+001 2.65363088e+000 -3.31939107e-001 2.46408131e+000 1.03934774e+000 1.23367848e-001
 4.93965517e+000 3.00000000e+001 2.65762659e+000 -3.26276621e-001 2.46471045e+000 1.04624945e+000 1.26657653e-001
 4.96551724e+000 3.00000000e+001 2.66521081e+000 -3.22484181e-001 2.46938236e+000 1.05332591e+000 1.30639822e-001
 4.99137931e+000 3.00000000e+001 2.66908710e+000 -3.17256484e-001 2.47012548e+000 1.05979138e+000 1.36203726e-001
 5.01724138e+000 3.00000000e+001 2.67377349e+000 -3.13472470e-001 2.47229200e+000 1.06541162e+000 1.35733245e-001
 5.04310345e+000 3.00000000e+001 2.67415146e+000 -3.08503283e-001 2.47013474e+000 1.06990405e+000 1.40840243e-001
 5.06896552e+000 3.00000000e+001 2.66971857e+000 -3.04163873e-001 2.46412604e+000 1.07144564e+000 1.38547732e-001
 5.09482759e+000 3.00000000e+001 2.66382461e+000 -3.01228421e-001 2.45755400e+000 1.07104084e+000 1.37432530e-001
 5.12068966e+000 3.00000000e+001 2.65863262e+000 -2.96741192e-001 2.45081398e+000 1.07233090e+000 1.37725766e-001
 5.14655172e+000 3.00000000e+001 2.65765022e+000 -2.93715646e-001 2.44845043e+000 1.07445990e+000 1.36555551e-001
 5.17241379e+000 3.00000000e+001 2.65913459e+000 -2.89028296e-001 2.44739225e+000 1.07926145e+000 1.39753599e-001
 5.19827586e+000 3.00000000e+001 2.66199092e+000 -2.84245656e-001 2.44747459e+000 1.08483150e+000 1.41538300e-001
 5.22413793e+000 3.00000000e+001 2.66677597e+000 -2.80274345e-001 2.44963291e+000 1.09066328e+000 1.44974747e-001
 5.25000000e+000 3.00000000e+001 2.66934755e+000 -2.76377419e-001 2.44991150e+000 1.09532391e+000 1.48049547e-001
 5.27586207e+000 3.00000000e+001 2.67554167e+000 -2.72723334e-001 2.45344873e+000 1.10158550e+000 1.50441577e-001
 5.30172414e+000 3.00000000e+001 2.68077716e+000 -2.69688983e-001 2.45646562e+000 1.10683107e+000 1.54147500e-001
 5.32758621e+000 3.00000000e+001 2.68782303e+000 -2.65075237e-001 2.46026064e+000 1.11434963e+000 1.56848066e-001
 5.35344828e+000 3.00000000e+001 2.68734661e+000 -2.62554644e-001 2.45858776e+000 1.11629432e+000 1.59868119e-001
 5.37931034e+000 3.00000000e+001 2.68880645e+000 -2.59218910e-001 2.45818415e+000 1.11991306e+000 1.62243041e-001
 5.40517241e+000 3.00000000e+001 2.69936042e+000 -2.54838137e-001 2.46513377e+000 1.12898391e+000 1.66785398e-001
 5.43103448e+000 3.00000000e+001 2.70013582e+000 -2.52239678e-001 2.46450605e+000 1.13162194e+000 1.69860171e-001
 5.45689655e+000 3.00000000e+001 2.70147087e+000 -2.48146400e-001 2.46361560e+000 1.13583435e+000 1.72261628e-001
 5.48275862e+000 3.00000000e+001 2.70104544e+000 -2.44311284e-001 2.46132961e+000 1.13894294e+000 1.75622264e-001
 5.50862069e+000 3.00000000e+001 2.69628595e+000 -2.41363358e-001 2.45573381e+000 1.13911617e+000 1.75280349e-001
 5.53448276e+000 3.00000000e+001 2.69380380e+000 -2.39371170e-001 2.45258811e+000 1.13960039e+000 1.75986232e-001
 5.56034483e+000 3.00000000e+001 2.68935244e+000 -2.34419847e-001 2.44625745e+000 1.14166268e+000 1.77700198e-001
 5.58620690e+000 3.00000000e+001 2.68852727e+000 -2.33190164e-001 2.44492800e+000 1.14231503e+000 1.79264117e-001
 5.61206897e+000 3.00000000e+001 2.68296897e+000 -2.28562503e-001 2.43780054e+000 1.14354355e+000 1.81164985e-001
 5.63793103e+000 3.00000000e+001 2.68894127e+000 -2.25980265e-001 2.44168158e+000 1.14876598e+000 1.85050738e-001
 5.66379310e+000 3.00000000e+001 2.68953195e+000 -2.21899764e-001 2.44015288e+000 1.15259514e+000 1.88897698e-001
 5.68965517e+000 3.00000000e+001 2.68948533e+000 -2.19443854e-001 2.43888454e+000 1.15469871e+000 1.91514318e-001
 5.71551724e+000 3.00000000e+001 2.69305542e+000 -2.15440188e-001 2.43997450e+000 1.15995103e+000 1.95272992e-001
 5.74137931e+000 3.00000000e+001 2.69974345e+000 -2.13360127e-001 2.44472648e+000 1.16509644e+000 1.99552176e-001
 5.76724138e+000 3.00000000e+001 2.69828937e+000 -2.09934178e-001 2.44175423e+000 1.16733635e+000 2.03055677e-001
 5.79310345e+000 3.00000000e+001 2.70146150e+000 -2.07195442e-001 2.44313201e+000 1.17129423e+000 2.05637403e-001
 5.81896552e+000 3.00000000e+001 2.70942243e+000 -2.04231440e-001 2.44854438e+000 1.17784160e+000 2.10740939e-001
 5.84482759e+000 3.00000000e+001 2.71183546e+000 -2.02173087e-001 2.44960495e+000 1.18083070e+000 2.16206790e-001
 5.87068966e+000 3.00000000e+001 2.71265154e+000 -1.97260396e-001 2.44785534e+000 1.18549326e+000 2.18972987e-001
 5.89655172e+000 3.00000000e+001 2.71972751e+000 -1.95664129e-001 2.45318518e+000 1.19041365e+000 2.24982541e-001
 5.92241379e+000 3.00000000e+001 2.72426833e+000 -1.91325425e-001 2.45494829e+000 1.19644149e+000 2.29096436e-001
 5.94827586e+000 3.00000000e+001 2.72591837e+000 -1.89680306e-001 2.45555471e+000 1.19869122e+000 2.32250950e-001
 5.97413793e+000 3.00000000e+001 2.72022466e+000 -1.86676390e-001 2.44912185e+000 1.19844583e+000 2.34736220e-001
 6.00000000e+000 3.00000000e+001 2.71915237e+000 -1.84320720e-001 2.44701539e+000 1.19994976e+000 2.36021455e-001
 6.02586207e+000 3.00000000e+001 0.00000000e+000 0.00000000e+000 0.00000000e+000 0.00000000e+000 0.00000000e+000
 6.05172414e+000 3.00000000e+001 0.00000000e+000 0.00000000e+000 0.00000000e+000 0.00000000e+000 0.00000000e+000
 6.07758621e+000 3.00000000e+001 0.00000000e+000 0.00000000e+000 0.00000000e+000 0.00000000e+000 0.00000000e+000
 6.10344828e+000 3.00000000e+001 0.00000000e+000 0.00000000e+000 0.00000000e+000 0.00000000e+000 0.00000000e+000
 6.12931034e+000 3.00000000e+001 0.00000000e+000 0.00000000e+000 0.00000000e+000 0.00000000e+000 0.00000000e+000
 6.15517241e+000 3.00000000e+001 0.00000000e+000 0.00000000e+000 0.00000000e+000 0.00000000e+000 0.00000000e+000
 6.18103448e+000 3.00000000e+001 0.00000000e+000 0.00000000e+000 0.00000000e+000 0.00000000e+000 0.00000000e+000
 6.20689655e+000 3.00000000e+001 0.00000000e+000 0.00000000e+000 0.00000000e+000 0.00000000e+000 0.00000000e+000
 6.23275862e+000 3.00000000e+001 0.00000000e+000 0.00000000e+000 0.00000000e+000 0.00000000e+000 0.00000000e+000
 6.25862069e+000 3.00000000e+001 0.00000000e+000 0.00000000e+000 0.00000000e+000 0.00000000e+000 0.00000000e+000
 6.28448276e+000 3.00000000e+001 0.00000000e+000 0.00000000e+000 0.00000000e+000 0.00000000e+000 0.00000000e+000
 6.31034483e+000 3.00000000e+001 0.00000000e+000 0.00000000e+000 0.00000000e+000 0.00000000e+000 0.00000000e+000
 6.33620690e+000 3.00000000e+001 0.00000000e+000 0.00000000e+000 0.00000000e+000 0.00000000e+000 0.00000000e+000
 6.36206897e+000 3.00000000e+001 0.00000000e+000 0.00000000e+000 0.00000000e+000 0.00000000e+000 0.00000000e+000
 6.38793103e+000 3.00000000e+001 0.00000000e+000 0.00000000e+000 0.00000000e+000 0.00000000e+000 0.00000000e+000
 6.41379310e+000 3.00000000e+001 0.00000000e+000 0.00000000e+000 0.00000000e+000 0.00000000e+000 0.00000000e+000
 6.43965517e+000 3.00000000e+001 0.00000000e+000 0.00000000e+000 0.00000000e+000 0.00000000e+000 0.00000000e+000
 6.46551724e+000 3.00000000e+001 0.00000000e+000 0.00000000e+000 0.00000000e+000 0.00000000e+000 0.00000000e+000
 6.49137931e+000 3.00000000e+001 0.00000000e+000 0.00000000e+000 0.00000000e+000 0.00000000e+000 0.00000000e+000
 6.51724138e+000 3.00000000e+001 0.00000000e+000 0.00000000e+000 0.00000000e+000 0.00000000e+000 0.00000000e+000
 6.54310345e+000 3.00000000e+001 0.00000000e+000 0.00000000e+000 0.00000000e+000 0.00000000e+000 0.00000000e+000
 6.56896552e+000 3.00000000e+001 0.00000000e+000 0.00000000e+000 0.00000000e+000 0.00000000e+000 0.00000000e+000
 6.59482759e+000 3.00000000e+001 0.00000000e+000 0.00000000e+000 0.00000000e+000 0.00000000e+000 0.00000000e+000
 6.62068966e+000 3.00000000e+001 0.00000000e+000 0.00000000e+000 0.00000000e+000 0.00000000e+000 0.00000000e+000
 6.64655172e+000 3.00000000e+001 0.00000000e+000 0.00000000e+000 0.00000000e+000 0.00000000e+000 0.00000000e+000
 6.67241379e+000 3.00000000e+001 0.00000000e+000 0.00000000e+000 0.00000000e+000 0.00000000e+000 0.00000000e+000
 6.69827586e+000 3.00000000e+001 0.00000000e+000 0.00000000e+000 0.00000000e+000 0.00000000e+000 0.00000000e+000
 6.72413793e+000 3.00000000e+001 0.00000000e+000 0.00000000e+000 0.00000000e+000 0.00000000e+000 0.00000000e+000
 6.75000000e+000 3.00000000e+001 0.00000000e+000 0.00000000e+000 0.00000000e+000 0.00000000e+000 0.00000000e+000
 6.77586207e+000 3.00000000e+001 0.00000000e+000 0.00000000e+000 0.00000000e+000 0.00000000e+000 0.00000000e+000
 6.80172414e+000 3.00000000e+001 0.00000000e+000 0.00000000e+000 0.00000000e+000 0.00000000e+000 0.00000000e+000
 6.82758621e+000 3.00000000e+001 0.00000000e+000 0.00000000e+000 0.00000000e+000 0.00000000e+000 0.00000000e+000
 6.85344828e+000 3.00000000e+001 0.00000000e+000 0.00000000e+000 0.00000000e+000 0.00000000e+000 0.00000000e+000
 6.87931034e+000 3.00000000e+001 0.00000000e+000 0.00000000e+000 0.00000000e+000 0.00000000e+000 0.00000000e+000
 6.90517241e+000 3.00000000e+001 0.00000000e+000 0.00000000e+000 0.00000000e+000 0.00000000e+000 0.00000000e+000
 6.93103448e+000 3.00000000e+001 0.00000000e+000 0.00000000e+000 0.00000000e+000 0.00000000e+000 0.00000000e+000
 6.95689655e+000 3.00000000e+001 0.00000000e+000 0.00000000e+000 0.00000000e+000 0.00000000e+000 0.00000000e+000
 6.98275862e+000 3.00000000e+001 0.00000000e+000 0.00000000e+000 0.00000000e+000 0.00000000e+000 0.00000000e+000
 7.00862069e+000 3.00000000e+001 0.00000000e+000 0.00000000e+000 0.00000000e+000 0.00000000e+000 0.00000000e+000
 7.03448276e+000 3.00000000e+001 0.00000000e+000 0.00000000e+000 0.00000000e+000 0.00000000e+000 0.00000000e+000
 7.06034483e+000 3.00000000e+001 0.00000000e+000 0.00000000e+000 0.00000000e+000 0.00000000e+000 0.00000000e+000
 7.08620690e+000 3.00000000e+001 0.00000000e+000 0.00000000e+000 0.00000000e+000 0.00000000e+000 0.00000000e+000
 7.11206897e+000 3.00000000e+001 0.00000000e+000 0.00000000e+000 0.00000000e+000 0.00000000e+000 0.00000000e+000
 7.13793103e+000 3.00000000e+001 0.00000000e+000 0.00000000e+000 0.00000000e+000 0.00000000e+000 0.00000000e+000
 7.16379310e+000 3.00000000e+001 0.00000000e+000 0.00000000e+000 0.00000000e+000 0.00000000e+000 0.00000000e+000
 7.18965517e+000 3.00000000e+001 0.00000000e+000 0.00000000e+000 0.00000000e+000 0.00000000e+000 0.00000000e+000
 7.21551724e+000 3.00000000e+001 0.00000000e+000 0.00000000e+000 0.00000000e+000 0.00000000e+000 0.00000000e+000
 7.24137931e+000 3.00000000e+001 0.00000000e+000 0.00000000e+000 0.00000000e+000 0.00000000e+000 0.00000000e+000
 7.26724138e+000 3.00000000e+001 0.00000000e+000 0.00000000e+000 0.00000000e+000 0.00000000e+000 0.00000000e+000
 7.29310345e+000 3.00000000e+001 0.00000000e+000 0.00000000e+000 0.00000000e+000 0.00000000e+000 0.00000000e+000
 7.31896552e+000 3.00000000e+001 0.00000000e+000 0.00000000e+000 0.00000000e+000 0.00000000e+000 0.00000000e+000
 7.34482759e+000 3.00000000e+001 0.00000000e+000 0.00000000e+000 0.00000000e+000 0.00000000e+000 0.00000000e+000
 7.37068966e+000 3.00000000e+001 0.00000000e+000 0.00000000e+000 0.00000000e+000 0.00000000e+000 0.00000000e+000
 7.39655172e+000 3.00000000e+001 0.00000000e+000 0.00000000e+000 0.00000000e+000 0.00000000e+000 0.00000000e+000
 7.42241379e+000 3.00000000e+001 0.00000000e+000 0.00000000e+000 0.00000000e+000 0.00000000e+000 0.00000000e+000
 7.44827586e+000 3.00000000e+001 0.00000000e+000 0.00000000e+000 0.00000000e+000 0.00000000e+000 0.00000000e+000
 7.47413793e+000 3.00000000e+001 0.00000000e+000 0.00000000e+000 0.00000000e+000 0.00000000e+000 0.00000000e+000
 7.50000000e+000 3.00000000e+001 0.00000000e+000 0.00000000e+000 0.00000000e+000 0.00000000e+000 0.00000000e+000
 7.52586207e+000 3.00000000e+001 0.00000000e+000 0.00000000e+000 0.00000000e+000 0.00000000e+000 0.00000000e+000
 7.55172414e+000 3.00000000e+001 0.00000000e+000 0.00000000e+000 0.00000000e+000 0.00000000e+000 0.00000000e+000
 7.57758621e+000 3.00000000e+001 0.00000000e+000 0.00000000e+000 0.00000000e+000 0.00000000e+000 0.00000000e+000
 7.60344828e+000 3.00000000e+001 0.00000000e+000 0.00000000e+000 0.00000000e+000 0.00000000e+000 0.00000000e+000
 7.62931034e+000 3.00000000e+001 0.00000000e+000 0.00000000e+000 0.00000000e+000 0.00000000e+000 0.00000000e+000
 7.65517241e+000 3.00000000e+001 0.00000000e+000 0.00000000e+000 0.00000000e+000 0.00000000e+000 0.00000000e+000
 7.68103448e+000 3.00000000e+001 0.00000000e+000 0.00000000e+000 0.00000000e+000 0.00000000e+000 0.00000000e+000
 7.70689655e+000 3.00000000e+001 0.00000000e+000 0.00000000e+000 0.00000000e+000 0.00000000e+000 0.00000000e+000
 7.73275862e+000 3.00000000e+001 0.00000000e+000 0.00000000e+000 0.00000000e+000 0.00000000e+000 0.00000000e+000
 7.75862069e+000 3.00000000e+001 0.00000000e+000 0.00000000e+000 0.00000000e+000 0.00000000e+000 0.00000000e+000
 7.78448276e+000 3.00000000e+001 0.00000000e+000 0.00000000e+000 0.00000000e+000 0.00000000e+000 0.00000000e+000
 7.81034483e+000 3.00000000e+001 0.00000000e+000 0.00000000e+000 0.00000000e+000 0.00000000e+000 0.00000000e+000
 7.83620690e+000 3.00000000e+001 0.00000000e+000 0.00000000e+000 0.00000000e+000 0.00000000e+000 0.00000000e+000
 7.86206897e+000 3.00000000e+001 0.00000000e+000 0.00000000e+000 0.00000000e+000 0.00000000e+000 0.00000000e+000
 7.88793103e+000 3.00000000e+001 0.00000000e+000 0.00000000e+000 0.00000000e+000 0.00000000e+000 0.00000000e+000
 7.91379310e+000 3.00000000e+001 0.00000000e+000 0.00000000e+000 0.00000000e+000 0.00000000e+000 0.00000000e+000
 7.93965517e+000 3.00000000e+001 0.00000000e+000 0.00000000e+000 0.00000000e+000 0.00000000e+000 0.00000000e+000
 7.96551724e+000 3.00000000e+001 0.00000000e+000 0.00000000e+000 0.00000000e+000 0.00000000e+000 0.00000000e+000
 7.99137931e+000 3.00000000e+001 0.00000000e+000 0.00000000e+000 0.00000000e+000 0.00000000e+000 0.00000000e+000
 8.01724138e+000 3.00000000e+001 0.00000000e+000 0.00000000e+000 0.00000000e+000 0.00000000e+000 0.00000000e+000
 8.04310345e+000 3.00000000e+001 0.00000000e+000 0.00000000e+000 0.00000000e+000 0.00000000e+000 0.00000000e+000
 8.06896552e+000 3.00000000e+001 0.00000000e+000 0.00000000e+000 0.00000000e+000 0.00000000e+000 0.00000000e+000
 8.09482759e+000 3.00000000e+001 0.00000000e+000 0.00000000e+000 0.00000000e+000 0.00000000e+000 0.00000000e+000
 8.12068966e+000 3.00000000e+001 0.00000000e+000 0.00000000e+000 0.00000000e+000 0.00000000e+000 0.00000000e+000
 8.14655172e+000 3.00000000e+001 0.00000000e+000 0.00000000e+000 0.00000000e+000 0.00000000e+000 0.00000000e+000
 8.17241379e+000 3.00000000e+001 0.00000000e+000 0.00000000e+000 0.00000000e+000 0.00000000e+000 0.00000000e+000
 8.19827586e+000 3.00000000e+001 0.00000000e+000 0.00000000e+000 0.00000000e+000 0.00000000e+000 0.00000000e+000
 8.22413793e+000 3.00000000e+001 0.00000000e+000 0.00000000e+000 0.00000000e+000 0.00000000e+000 0.00000000e+000
 8.25000000e+000 3.00000000e+001 0.00000000e+000 0.00000000e+000 0.00000000e+000 0.00000000e+000 0.00000000e+000
 8.27586207e+000 3.00000000e+001 0.00000000e+000 0.00000000e+000 0.00000000e+000 0.00000000e+000 0.00000000e+000
 8.30172414e+000 3.00000000e+001 0.00000000e+000 0.00000000e+000 0.00000000e+000 0.00000000e+000 0.00000000e+000
 8.32758621e+000 3.00000000e+001 0.00000000e+000 0.00000000e+000 0.00000000e+000 0.00000000e+000 0.00000000e+000
 8.35344828e+000 3.00000000e+001 0.00000000e+000 0.00000000e+000 0.00000000e+000 0.00000000e+000 0.00000000e+000
 8.37931034e+000 3.00000000e+001 0.00000000e+000 0.00000000e+000 0.00000000e+000 0.00000000e+000 0.00000000e+000
 8.40517241e+000 3.00000000e+001 0.00000000e+000 0.00000000e+000 0.00000000e+000 0.00000000e+000 0.00000000e+000
 8.43103448e+000 3.00000000e+001 0.00000000e+000 0.00000000e+000 0.00000000e+000 0.00000000e+000 0.00000000e+000
 8.45689655e+000 3.00000000e+001 0.00000000e+000 0.00000000e+000 0.00000000e+000 0.00000000e+000 0.00000000e+000
 8.48275862e+000 3.00000000e+001 0.00000000e+000 0.00000000e+000 0.00000000e+000 0.00000000e+000 0.00000000e+000
 8.50862069e+000 3.00000000e+001 0.00000000e+000 0.00000000e+000 0.00000000e+000 0.00000000e+000 0.00000000e+000
 8.53448276e+000 3.00000000e+001 0.00000000e+000 0.00000000e+000 0.00000000e+000 0.00000000e+000 0.00000000e+000
 8.56034483e+000 3.00000000e+001 0.00000000e+000 0.00000000e+000 0.00000000e+000 0.00000000e+000 0.00000000e+000
 8.58620690e+000 3.00000000e+001 0.00000000e+000 0.00000000e+000 0.00000000e+000 0.00000000e+000 0.00000000e+000
 8.61206897e+000 3.00000000e+001 0.00000000e+000 0.00000000e+000 0.00000000e+000 0.00000000e+000 0.00000000e+000
 8.63793103e+000 3.00000000e+001 0.00000000e+000 0.00000000e+000 0.00000000e+000 0.00000000e+000 0.00000000e+000
 8.66379310e+000 3.00000000e+001 0.00000000e+000 0.00000000e+000 0.00000000e+000 0.00000000e+000 0.00000000e+000
 8.68965517e+000 3.00000000e+001 0.00000000e+000 0.00000000e+000 0.00000000e+000 0.00000000e+000 0.00000000e+000
 8.71551724e+000 3.00000000e+001 0.00000000e+000 0.00000000e+000 0.00000000e+000 0.00000000e+000 0.00000000e+000
 8.74137931e+000 3.00000000e+001 0.00000000e+000 0.00000000e+000 0.00000000e+000 0.00000000e+000 0.00000000e+000
 8.76724138e+000 3.00000000e+001 0.00000000e+000 0.00000000e+000 0.00000000e+000 0.00000000e+000 0.00000000e+000
 8.79310345e+000 3.00000000e+001 0.00000000e+000 0.00000000e+000 0.00000000e+000 0.00000000e+000 0.00000000e+000
 8.81896552e+000 3.00000000e+001 0.00000000e+000 0.00000000e+000 0.00000000e+000 0.00000000e+000 0.00000000e+000
 8.84482759e+000 3.00000000e+001 0.00000000e+000 0.00000000e+000 0.00000000e+000 0.00000000e+000 0.00000000e+000
 8.87068966e+000 3.00000000e+001 0.00000000e+000 0.00000000e+000 0.00000000e+000 0.00000000e+000 0.00000000e+000
 8.89655172e+000 3.00000000e+001 0.00000000e+000 0.00000000e+000 0.00000000e+000 0.00000000e+000 0.00000000e+000
 8.92241379e+000 3.00000000e+001 0.00000000e+000 0.00000000e+000 0.00000000e+000 0.00000000e+000 0.00000000e+000
 8.94827586e+000 3.00000000e+001 0.00000000e+000 0.00000000e+000 0.00000000e+000 0.00000000e+000 0.00000000e+000
 8.97413793e+000 3.00000000e+001 0.00000000e+000 0.00000000e+000 0.00000000e+000 0.00000000e+000 0.00000000e+000
 9.00000000e+000 3.00000000e+001 0.00000000e+000 0.00000000e+000 0.00000000e+000 0.00000000e+000 0.00000000e+000
 9.02586207e+000 3.00000000e+001 0.00000000e+000 0.00000000e+000 0.00000000e+000 0.00000000e+000 0.00000000e+000
 9.05172414e+000 3.00000000e+001 0.00000000e+000 0.00000000e+000 0.00000000e+000 0.00000000e+000 0.00000000e+000
 9.07758621e+000 3.00000000e+001 0.00000000e+000 0.00000000e+000 0.00000000e+000 0.00000000e+000 0.00000000e+000
 9.10344828e+000 3.00000000e+001 0.00000000e+000 0.00000000e+000 0.00000000e+000 0.00000000e+000 0.00000000e+000
 9.12931034e+000 3.00000000e+001 0.00000000e+000 0.00000000e+000 0.00000000e+000 0.00000000e+000 0.00000000e+000
 9.15517241e+000 3.00000000e+001 0.00000000e+000 0.00000000e+000 0.00000000e+000 0.00000000e+000 0.00000000e+000
 9.18103448e+000 3.00000000e+001 0.00000000e+000 0.00000000e+000 0.00000000e+000 0.00000000e+000 0.00000000e+000
 9.20689655e+000 3.00000000e+001 0.00000000e+000 0.00000000e+000 0.00000000e+000 0.00000000e+000 0.00000000e+000
 9.23275862e+000 3.00000000e+001 0.00000000e+000 0.00000000e+000 0.00000000e+000 0.00000000e+000 0.00000000e+000
 9.25862069e+000 3.00000000e+001 0.00000000e+000 0.00000000e+000 0.00000000e+000 0.00000000e+000 0.00000000e+000
 9.28448276e+000 3.00000000e+001 0.00000000e+000 0.00000000e+000 0.00000000e+000 0.00000000e+000 0.00000000e+000
 9.31034483e+000 3.00000000e+001 0.00000000e+000 0.00000000e+000 0.00000000e+000 0.00000000e+000 0.00000000e+000
 9.33620690e+000 3.00000000e+001 0.00000000e+000 0.00000000e+000 0.00000000e+000 0.00000000e+000 0.00000000e+000
 9.36206897e+000 3.00000000e+001 0.00000000e+000 0.00000000e+000 0.00000000e+000 0.00000000e+000 0.00000000e+000
 9.38793103e+000 3.00000000e+001 0.00000000e+000 0.00000000e+000 0.00000000e+000 0.00000000e+000 0.00000000e+000
 9.41379310e+000 3.00000000e+001 0.00000000e+000 0.00000000e+000 0.00000000e+000 0.00000000e+000 0.00000000e+000
 9.43965517e+000 3.00000000e+001 0.00000000e+000 0.00000000e+000 0.00000000e+000 0.00000000e+000 0.00000000e+000
 9.46551724e+000 3.00000000e+001 0.00000000e+000 0.00000000e+000 0.00000000e+000 0.00000000e+000 0.00000000e+000
 9.49137931e+000 3.00000000e+001 0.00000000e+000 0.00000000e+000 0.00000000e+000 0.00000000e+000 0.00000000e+000
 9.51724138e+000 3.00000000e+001 0.00000000e+000 0.00000000e+000 0.00000000e+000 0.00000000e+000 0.00000000e+000
 9.54310345e+000 3.00000000e+001 0.00000000e+000 0.00000000e+000 0.00000000e+000 0.00000000e+000 0.00000000e+000
 9.56896552e+000 3.00000000e+001 0.00000000e+000 0.00000000e+000 0.00000000e+000 0.00000000e+000 0.00000000e+000
 9.59482759e+000 3.00000000e+001 0.00000000e+000 0.00000000e+000 0.00000000e+000 0.00000000e+000 0.00000000e+000
 9.62068966e+000 3.00000000e+001 0.00000000e+000 0.00000000e+000 0.00000000e+000 0.00000000e+000 0.00000000e+000
 9.64655172e+000 3.00000000e+001 0.00000000e+000 0.00000000e+000 0.00000000e+000 0.00000000e+000 0.00000000e+000
 9.67241379e+000 3.00000000e+001 0.00000000e+000 0.00000000e+000 0.00000000e+000 0.00000000e+000 0.00000000e+000
 9.69827586e+000 3.00000000e+001 0.00000000e+000 0.00000000e+000 0.00000000e+000 0.00000000e+000 0.00000000e+000
 9.72413793e+000 3.00000000e+001 0.00000000e+000 0.00000000e+000 0.00000000e+000 0.00000000e+000 0.00000000e+000
 9.75000000e+000 3.00000000e+001 0.00000000e+000 0.00000000e+000 0.00000000e+000 0.00000000e+000 0.00000000e+000
 9.77586207e+000 3.00000000e+001 0.00000000e+000 0.00000000e+000 0.00000000e+000 0.00000000e+000 0.00000000e+000
 9.80172414e+000 3.00000000e+001 0.00000000e+000 0.00000000e+000 0.00000000e+000 0.00000000e+000 0.00000000e+000
 9.82758621e+000 3.00000000e+001 0.00000000e+000 0.00000000e+000 0.00000000e+000 0.00000000e+000 0.00000000e+000
 9.85344828e+000 3.00000000e+001 0.00000000e+000 0.00000000e+000 0.00000000e+000 0.00000000e+000 0.00000000e+000
 9.87931034e+000 3.00000000e+001 0.00000000e+000 0.00000000e+000 0.00000000e+000 0.00000000e+000 0.00000000e+000
 9.90517241e+000 3.00000000e+001 0.00000000e+000 0.00000000e+000 0.00000000e+000 0.00000000e+000 0.00000000e+000
 9.93103448e+000 3.00000000e+001 0.00000000e+000 0.00000000e+000 0.00000000e+000 0.00000000e+000 0.00000000e+000
 9.95689655e+000 3.00000000e+001 0.00000000e+000 0.00000000e+000 0.00000000e+000 0.00000000e+000 0.00000000e+000
 9.98275862e+000 3.00000000e+001 0.00000000e+000 0.00000000e+000 0.00000000e+000 0.00000000e+000 0.00000000e+000
 1.00086207e+001 3.00000000e+001 0.00000000e+000 0.00000000e+000 0.00000000e+000 0.00000000e+000 0.00000000e+000
 1.00344828e+001 3.00000000e+001 0.00000000e+000 0.00000000e+000 0.00000000e+000 0.00000000e+000 0.00000000e+000
 1.00603448e+001 3.00000000e+001 0.00000000e+000 0.00000000e+000 0.00000000e+000 0.00000000e+000 0.00000000e+000
 1.00862069e+001 3.00000000e+001 0.00000000e+000 0.00000000e+000 0.00000000e+000 0.00000000e+000 0.00000000e+000
 1.01120690e+001 3.00000000e+001 0.00000000e+000 0.00000000e+000 0.00000000e+000 0.00000000e+000 0.00000000e+000
 1.01379310e+001 3.00000000e+001 0.00000000e+000 0.00000000e+000 0.00000000e+000 0.00000000e+000 0.00000000e+000
 1.01637931e+001 3.00000000e+001 0.00000000e+000 0.00000000e+000 0.00000000e+000 0.00000000e+000 0.00000000e+000
 1.01896552e+001 3.00000000e+001 0.00000000e+000 0.00000000e+000 0.00000000e+000 0.00000000e+000 0.00000000e+000
 1.02155172e+001 3.00000000e+001 0.00000000e+000 0.00000000e+000 0.00000000e+000 0.00000000e+000 0.00000000e+000
 1.02413793e+001 3.00000000e+001 0.00000000e+000 0.00000000e+000 0.00000000e+000 0.00000000e+000 0.00000000e+000
 1.02672414e+001 3.00000000e+001 0.00000000e+000 0.00000000e+000 0.00000000e+000 0.00000000e+000 0.00000000e+000
 1.02931034e+001 3.00000000e+001 0.00000000e+000 0.00000000e+000 0.00000000e+000 0.00000000e+000 0.00000000e+000
 1.03189655e+001 3.00000000e+001 0.00000000e+000 0.00000000e+000 0.00000000e+000 0.00000000e+000 0.00000000e+000
 1.03448276e+001 3.00000000e+001 0.00000000e+000 0.00000000e+000 0.00000000e+000 0.00000000e+000 0.00000000e+000
 1.03706897e+001 3.00000000e+001 0.00000000e+000 0.00000000e+000 0.00000000e+000 0.00000000e+000 0.00000000e+000
 1.03965517e+001 3.00000000e+001 0.00000000e+000 0.00000000e+000 0.00000000e+000 0.00000000e+000 0.00000000e+000
 1.04224138e+001 3.00000000e+001 0.00000000e+000 0.00000000e+000 0.00000000e+000 0.00000000e+000 0.00000000e+000
 1.04482759e+001 3.00000000e+001 0.00000000e+000 0.00000000e+000 0.00000000e+000 0.00000000e+000 0.00000000e+000
 1.04741379e+001 3.00000000e+001 0.00000000e+000 0.00000000e+000 0.00000000e+000 0.00000000e+000 0.00000000e+000
 1.05000000e+001 3.00000000e+001 0.00000000e+000 0.00000000e+000 0.00000000e+000 0.00000000e+000 0.00000000e+000
 1.05258621e+001 3.00000000e+001 0.00000000e+000 0.00000000e+000 0.00000000e+000 0.00000000e+000 0.00000000e+000
 1.05517241e+001 3.00000000e+001 0.00000000e+000 0.00000000e+000 0.00000000e+000 0.00000000e+000 0.00000000e+000
 1.05775862e+001 3.00000000e+001 0.00000000e+000 0.00000000e+000 0.00000000e+000 0.00000000e+000 0.00000000e+000
 1.06034483e+001 3.00000000e+001 0.00000000e+000 0.00000000e+000 0.00000000e+000 0.00000000e+000 0.00000000e+000
 1.06293103e+001 3.00000000e+001 0.00000000e+000 0.00000000e+000 0.00000000e+000 0.00000000e+000 0.00000000e+000
 1.06551724e+001 3.00000000e+001 0.00000000e+000 0.00000000e+000 0.00000000e+000 0.00000000e+000 0.00000000e+000
 1.06810345e+001 3.00000000e+001 0.00000000e+000 0.00000000e+000 0.00000000e+000 0.00000000e+000 0.00000000e+000
 1.07068966e+001 3.00000000e+001 0.00000000e+000 0.00000000e+000 0.00000000e+000 0.00000000e+000 0.00000000e+000
 1.07327586e+001 3.00000000e+001 0.00000000e+000 0.00000000e+000 0.00000000e+000 0.00000000e+000 0.00000000e+000
 1.07586207e+001 3.00000000e+001 0.00000000e+000 0.00000000e+000 0.00000000e+000 0.00000000e+000 0.00000000e+000
 1.07844828e+001 3.00000000e+001 0.00000000e+000 0.00000000e+000 0.00000000e+000 0.00000000e+000 0.00000000e+000
 1.08103448e+001 3.00000000e+001 0.00000000e+000 0.00000000e+000 0.00000000e+000 0.00000000e+000 0.00000000e+000
 1.08362069e+001 3.00000000e+001 0.00000000e+000 0.00000000e+000 0.00000000e+000 0.00000000e+000 0.00000000e+000
 1.08620690e+001 3.00000000e+001 0.00000000e+000 0.00000000e+000 0.00000000e+000 0.00000000e+000 0.00000000e+000
 1.08879310e+001 3.00000000e+001 0.00000000e+000 0.00000000e+000 0.00000000e+000 0.00000000e+000 0.00000000e+000
 1.09137931e+001 3.00000000e+001 0.00000000e+000 0.00000000e+000 0.00000000e+000 0.00000000e+000 0.00000000e+000
 1.09396552e+001 3.00000000e+001 0.00000000e+000 0.00000000e+000 0.00000000e+000 0.00000000e+000 0.00000000e+000
 1.09655172e+001 3.00000000e+001 0.00000000e+000 0.00000000e+000 0.00000000e+000 0.00000000e+000 0.00000000e+000
 1.09913793e+001 3.00000000e+001 0.00000000e+000 0.00000000e+000 0.00000000e+000 0.00000000e+000 0.00000000e+000
 1.10172414e+001 3.00000000e+001 0.00000000e+000 0.00000000e+000 0.00000000e+000 0.00000000e+000 0.00000000e+000
 1.10431034e+001 3.00000000e+001 0.00000000e+000 0.00000000e+000 0.00000000e+000 0.00000000e+000 0.00000000e+000
 1.10689655e+001 3.00000000e+001 0.00000000e+000 0.00000000e+000 0.00000000e+000 0.00000000e+000 0.00000000e+000
 1.10948276e+001 3.00000000e+001 0.00000000e+000 0.00000000e+000 0.00000000e+000 0.00000000e+000 0.00000000e+000
 1.11206897e+001 3.00000000e+001 0.00000000e+000 0.00000000e+000 0.00000000e+000 0.00000000e+000 0.00000000e+000
 1.11465517e+001 3.00000000e+001 0.00000000e+000 0.00000000e+000 0.00000000e+000 0.00000000e+000 0.00000000e+000
 1.11724138e+001 3.00000000e+001 0.00000000e+000 0.00000000e+000 0.00000000e+000 0.00000000e+000 0.00000000e+000
 1.11982759e+001 3.00000000e+001 0.00000000e+000 0.00000000e+000 0.00000000e+000 0.00000000e+000 0.00000000e+000
 1.12241379e+001 3.00000000e+001 0.00000000e+000 0.00000000e+000 0.00000000e+000 0.00000000e+000 0.00000000e+000
 1.12500000e+001 3.00000000e+001 0.00000000e+000 0.00000000e+000 0.00000000e+000 0.00000000e+000 0.00000000e+000
 1.12758621e+001 3.00000000e+001 0.00000000e+000 0.00000000e+000 0.00000000e+000 0.00000000e+000 0.00000000e+000
 1.13017241e+001 3.00000000e+001 0.00000000e+000 0.00000000e+000 0.00000000e+000 0.00000000e+000 0.00000000e+000
 1.13275862e+001 3.00000000e+001 0.00000000e+000 0.00000000e+000 0.00000000e+000 0.00000000e+000 0.00000000e+000
 1.13534483e+001 3.00000000e+001 0.00000000e+000 0.00000000e+000 0.00000000e+000 0.00000000e+000 0.00000000e+000
 1.13793103e+001 3.00000000e+001 0.00000000e+000 0.00000000e+000 0.00000000e+000 0.00000000e+000 0.00000000e+000
 1.14051724e+001 3.00000000e+001 0.00000000e+000 0.00000000e+000 0.00000000e+000 0.00000000e+000 0.00000000e+000
 1.14310345e+001 3.00000000e+001 0.00000000e+000 0.00000000e+000 0.00000000e+000 0.00000000e+000 0.00000000e+000
 1.14568966e+001 3.00000000e+001 0.00000000e+000 0.00000000e+000 0.00000000e+000 0.00000000e+000 0.00000000e+000
 1.14827586e+001 3.00000000e+001 0.00000000e+000 0.00000000e+000 0.00000000e+000 0.00000000e+000 0.00000000e+000
 1.15086207e+001 3.00000000e+001 0.00000000e+000 0.00000000e+000 0.00000000e+000 0.00000000e+000 0.00000000e+000
 1.15344828e+001 3.00000000e+001 0.00000000e+000 0.00000000e+000 0.00000000e+000 0.00000000e+000 0.00000000e+000
 1.15603448e+001 3.00000000e+001 0.00000000e+000 0.00000000e+000 0.00000000e+000 0.00000000e+000 0.00000000e+000
 1.15862069e+001 3.00000000e+001 0.00000000e+000 0.00000000e+000 0.00000000e+000 0.00000000e+000 0.00000000e+000
 1.16120690e+001 3.00000000e+001 0.00000000e+000 0.00000000e+000 0.00000000e+000 0.00000000e+000 0.00000000e+000
 1.16379310e+001 3.00000000e+001 0.00000000e+000 0.00000000e+000 0.00000000e+000 0.00000000e+000 0.00000000e+000
 1.16637931e+001 3.00000000e+001 0.00000000e+000 0.00000000e+000 0.00000000e+000 0.00000000e+000 0.00000000e+000
 1.16896552e+001 3.00000000e+001 0.00000000e+000 0.00000000e+000 0.00000000e+000 0.00000000e+000 0.00000000e+000
 1.17155172e+001 3.00000000e+001 0.00000000e+000 0.00000000e+000 0.00000000e+000 0.00000000e+000 0.00000000e+000
 1.17413793e+001 3.00000000e+001 0.00000000e+000 0.00000000e+000 0.00000000e+000 0.00000000e+000 0.00000000e+000
 1.17672414e+001 3.00000000e+001 0.00000000e+000 0.00000000e+000 0.00000000e+000 0.00000000e+000 0.00000000e+000
 1.17931034e+001 3.00000000e+001 0.00000000e+000 0.00000000e+000 0.00000000e+000 0.00000000e+000 0.00000000e+000
 1.18189655e+001 3.00000000e+001 0.00000000e+000 0.00000000e+000 0.00000000e+000 0.00000000e+000 0.00000000e+000
 1.18448276e+001 3.00000000e+001 0.00000000e+000 0.00000000e+000 0.00000000e+000 0.00000000e+000 0.00000000e+000
 1.18706897e+001 3.00000000e+001 0.00000000e+000 0.00000000e+000 0.00000000e+000 0.00000000e+000 0.00000000e+000
 1.18965517e+001 3.00000000e+001 0.00000000e+000 0.00000000e+000 0.00000000e+000 0.00000000e+000 0.00000000e+000
 1.19224138e+001 3.00000000e+001 0.00000000e+000 0.00000000e+000 0.00000000e+000 0.00000000e+000 0.00000000e+000
 1.19482759e+001 3.00000000e+001 0.00000000e+000 0.00000000e+000 0.00000000e+000 0.00000000e+000 0.00000000e+000
 1.19741379e+001 3.00000000e+001 0.00000000e+000 0.00000000e+000 0.00000000e+000 0.00000000e+000 0.00000000e+000
 1.20000000e+001 3.00000000e+001 0.00000000e+000 0.00000000e+000 0.00000000e+000 0.00000000e+000 0.00000000e+000
 1.20258621e+001 3.00000000e+001 0.00000000e+000 0.00000000e+000 0.00000000e+000 0.00000000e+000 0.00000000e+000
 1.20517241e+001 3.00000000e+001 0.00000000e+000 0.00000000e+000 0.00000000e+000 0.00000000e+000 0.00000000e+000
 1.20775862e+001 3.00000000e+001 0.00000000e+000 0.00000000e+000 0.00000000e+000 0.00000000e+000 0.00000000e+000
 1.21034483e+001 3.00000000e+001 0.00000000e+000 0.00000000e+000 0.00000000e+000 0.00000000e+000 0.00000000e+000
 1.21293103e+001 3.00000000e+001 0.00000000e+000 0.00000000e+000 0.00000000e+000 0.00000000e+000 0.00000000e+000
 1.21551724e+001 3.00000000e+001 0.00000000e+000 0.00000000e+000 0.00000000e+000 0.00000000e+000 0.00000000e+000
 1.21810345e+001 3.00000000e+001 0.00000000e+000 0.00000000e+000 0.00000000e+000 0.00000000e+000 0.00000000e+000
 1.22068966e+001 3.00000000e+001 0.00000000e+000 0.00000000e+000 0.00000000e+000 0.00000000e+000 0.00000000e+000
 1.22327586e+001 3.00000000e+001 0.00000000e+000 0.00000000e+000 0.00000000e+000 0.00000000e+000 0.00000000e+000
 1.22586207e+001 3.00000000e+001 0.00000000e+000 0.00000000e+000 0.00000000e+000 0.00000000e+000 0.00000000e+000
 1.22844828e+001 3.00000000e+001 0.00000000e+000 0.00000000e+000 0.00000000e+000 0.00000000e+000 0.00000000e+000
 1.23103448e+001 3.00000000e+001 0.00000000e+000 0.00000000e+000 0.00000000e+000 0.00000000e+000 0.00000000e+000
 1.23362069e+001 3.00000000e+001 0.00000000e+000 0.00000000e+000 0.00000000e+000 0.00000000e+000 0.00000000e+000
 1.23620690e+001 3.00000000e+001 0.00000000e+000 0.00000000e+000 0.00000000e+000 0.00000000e+000 0.00000000e+000
 1.23879310e+001 3.00000000e+001 0.00000000e+000 0.00000000e+000 0.00000000e+000 0.00000000e+000 0.00000000e+000
 1.24137931e+001 3.00000000e+001 0.00000000e+000 0.00000000e+000 0.00000000e+000 0.00000000e+000 0.00000000e+000
 1.24396552e+001 3.00000000e+001 0.00000000e+000 0.00000000e+000 0.00000000e+000 0.00000000e+000 0.00000000e+000
 1.24655172e+001 3.00000000e+001 0.00000000e+000 0.00000000e+000 0.00000000e+000 0.00000000e+000 0.00000000e+000
 1.24913793e+001 3.00000000e+001 0.00000000e+000 0.00000000e+000 0.00000000e+000 0.00000000e+000 0.00000000e+000
 1.25172414e+001 3.00000000e+001 0.00000000e+000 0.00000000e+000 0.00000000e+000 0.00000000e+000 0.00000000e+000
 1.25431034e+001 3.00000000e+001 0.00000000e+000 0.00000000e+000 0.00000000e+000 0.00000000e+000 0.00000000e+000
 1.25689655e+001 3.00000000e+001 0.00000000e+000 0.00000000e+000 0.00000000e+000 0.00000000e+000 0.00000000e+000
 1.25948276e+001 3.00000000e+001 0.00000000e+000 0.00000000e+000 0.00000000e+000 0.00000000e+000 0.00000000e+000
 1.26206897e+001 3.00000000e+001 0.00000000e+000 0.00000000e+000 0.00000000e+000 0.00000000e+000 0.00000000e+000
 1.26465517e+001 3.00000000e+001 0.00000000e+000 0.00000000e+000 0.00000000e+000 0.00000000e+000 0.00000000e+000
 1.26724138e+001 3.00000000e+001 0.00000000e+000 0.00000000e+000 0.00000000e+000 0.00000000e+000 0.00000000e+000
 1.26982759e+001 3.00000000e+001 0.00000000e+000 0.00000000e+000 0.00000000e+000 0.00000000e+000 0.00000000e+000
 1.27241379e+001 3.00000000e+001 0.00000000e+000 0.00000000e+000 0.00000000e+000 0.00000000e+000 0.00000000e+000
 1.27500000e+001 3.00000000e+001 0.00000000e+000 0.00000000e+000 0.00000000e+000 0.00000000e+000 0.00000000e+000
 1.27758621e+001 3.00000000e+001 0.00000000e+000 0.00000000e+000 0.00000000e+000 0.00000000e+000 0.00000000e+000
 1.28017241e+001 3.00000000e+001 0.00000000e+000 0.00000000e+000 0.00000000e+000 0.00000000e+000 0.00000000e+000
 1.28275862e+001 3.00000000e+001 0.00000000e+000 0.00000000e+000 0.00000000e+000 0.00000000e+000 0.00000000e+000
 1.28534483e+001 3.00000000e+001 0.00000000e+000 0.00000000e+000 0.00000000e+000 0.00000000e+000 0.00000000e+000
 1.28793103e+001 3.00000000e+001 0.00000000e+000 0.00000000e+000 0.00000000e+000 0.00000000e+000 0.00000000e+000
 1.29051724e+001 3.00000000e+001 0.00000000e+000 0.00000000e+000 0.00000000e+000 0.00000000e+000 0.00000000e+000
 1.29310345e+001 3.00000000e+001 0.00000000e+000 0.00000000e+000 0.00000000e+000 0.00000000e+000 0.00000000e+000
 1.29568966e+001 3.00000000e+001 0.00000000e+000 0.00000000e+000 0.00000000e+000 0.00000000e+000 0.00000000e+000
 1.29827586e+001 3.00000000e+001 0.00000000e+000 0.00000000e+000 0.00000000e+000 0.00000000e+000 0.00000000e+000
 1.30086207e+001 3.00000000e+001 0.00000000e+000 0.00000000e+000 0.00000000e+000 0.00000000e+000 0.00000000e+000
 1.30344828e+001 3.00000000e+001 0.00000000e+000 0.00000000e+000 0.00000000e+000 0.00000000e+000 0.00000000e+000
 1.30603448e+001 3.00000000e+001 0.00000000e+000 0.00000000e+000 0.00000000e+000 0.00000000e+000 0.00000000e+000
 1.30862069e+001 3.00000000e+001 0.00000000e+000 0.00000000e+000 0.00000000e+000 0.00000000e+000 0.00000000e+000
 1.31120690e+001 3.00000000e+001 0.00000000e+000 0.00000000e+000 0.00000000e+000 0.00000000e+000 0.00000000e+000
 1.31379310e+001 3.00000000e+001 0.00000000e+000 0.00000000e+000 0.00000000e+000 0.00000000e+000 0.00000000e+000
 1.31637931e+001 3.00000000e+001 0.00000000e+000 0.00000000e+000 0.00000000e+000 0.00000000e+000 0.00000000e+000
 1.31896552e+001 3.00000000e+001 0.00000000e+000 0.00000000e+000 0.00000000e+000 0.00000000e+000 0.00000000e+000
 1.32155172e+001 3.00000000e+001 0.00000000e+000 0.00000000e+000 0.00000000e+000 0.00000000e+000 0.00000000e+000
 1.32413793e+001 3.00000000e+001 0.00000000e+000 0.00000000e+000 0.00000000e+000 0.00000000e+000 0.00000000e+000
 1.32672414e+001 3.00000000e+001 0.00000000e+000 0.00000000e+000 0.00000000e+000 0.00000000e+000 0.00000000e+000
 1.32931034e+001 3.00000000e+001 0.00000000e+000 0.00000000e+000 0.00000000e+000 0.00000000e+000 0.00000000e+000
 1.33189655e+001 3.00000000e+001 0.00000000e+000 0.00000000e+000 0.00000000e+000 0.00000000e+000 0.00000000e+000
 1.33448276e+001 3.00000000e+001 0.00000000e+000 0.00000000e+000 0.00000000e+000 0.00000000e+000 0.00000000e+000
 1.33706897e+001 3.00000000e+001 0.00000000e+000 0.00000000e+000 0.00000000e+000 0.00000000e+000 0.00000000e+000
 1.33965517e+001 3.00000000e+001 0.00000000e+000 0.00000000e+000 0.00000000e+000 0.00000000e+000 0.00000000e+000
 1.34224138e+001 3.00000000e+001 0.00000000e+000 0.00000000e+000 0.00000000e+000 0.00000000e+000 0.00000000e+000
 1.34482759e+001 3.00000000e+001 0.00000000e+000 0.00000000e+000 0.00000000e+000 0.00000000e+000 0.00000000e+000
 1.34741379e+001 3.00000000e+001 0.00000000e+000 0.00000000e+000 0.00000000e+000 0.00000000e+000 0.00000000e+000
 1.35000000e+001 3.00000000e+001 0.00000000e+000 0.00000000e+000 0.00000000e+000 0.00000000e+000 0.00000000e+000
 1.35258621e+001 3.00000000e+001 0.00000000e+000 0.00000000e+000 0.00000000e+000 0.00000000e+000 0.00000000e+000
 1.35517241e+001 3.00000000e+001 0.00000000e+000 0.00000000e+000 0.00000000e+000 0.00000000e+000 0.00000000e+000
 1.35775862e+001 3.00000000e+001 0.00000000e+000 0.00000000e+000 0.00000000e+000 0.00000000e+000 0.00000000e+000
 1.36034483e+001 3.00000000e+001 0.00000000e+000 0.00000000e+000 0.00000000e+000 0.00000000e+000 0.00000000e+000
 1.36293103e+001 3.00000000e+001 0.00000000e+000 0.00000000e+000 0.00000000e+000 0.00000000e+000 0.00000000e+000
 1.36551724e+001 3.00000000e+001 0.00000000e+000 0.00000000e+000 0.00000000e+000 0.00000000e+000 0.00000000e+000
 1.36810345e+001 3.00000000e+001 0.00000000e+000 0.00000000e+000 0.00000000e+000 0.00000000e+000 0.00000000e+000
 1.37068966e+001 3.00000000e+001 0.00000000e+000 0.00000000e+000 0.00000000e+000 0.00000000e+000 0.00000000e+000
 1.37327586e+001 3.00000000e+001 0.00000000e+000 0.00000000e+000 0.00000000e+000 0.00000000e+000 0.00000000e+000
 1.37586207e+001 3.00000000e+001 0.00000000e+000 0.00000000e+000 0.00000000e+000 0.00000000e+000 0.00000000e+000
 1.37844828e+001 3.00000000e+001 0.00000000e+000 0.00000000e+000 0.00000000e+000 0.00000000e+000 0.00000000e+000
 1.38103448e+001 3.00000000e+001 0.00000000e+000 0.00000000e+000 0.00000000e+000 0.00000000e+000 0.00000000e+000
 1.38362069e+001 3.00000000e+001 0.00000000e+000 0.00000000e+000 0.00000000e+000 0.00000000e+000 0.00000000e+000
 1.38620690e+001 3.00000000e+001 0.00000000e+000 0.00000000e+000 0.00000000e+000 0.00000000e+000 0.00000000e+000
 1.38879310e+001 3.00000000e+001 0.00000000e+000 0.00000000e+000 0.00000000e+000 0.00000000e+000 0.00000000e+000
 1.39137931e+001 3.00000000e+001 0.00000000e+000 0.00000000e+000 0.00000000e+000 0.00000000e+000 0.00000000e+000
 1.39396552e+001 3.00000000e+001 0.00000000e+000 0.00000000e+000 0.00000000e+000 0.00000000e+000 0.00000000e+000
 1.39655172e+001 3.00000000e+001 0.00000000e+000 0.00000000e+000 0.00000000e+000 0.00000000e+000 0.00000000e+000
 1.39913793e+001 3.00000000e+001 0.00000000e+000 0.00000000e+000 0.00000000e+000 0.00000000e+000 0.00000000e+000
 1.40172414e+001 3.00000000e+001 0.00000000e+000 0.00000000e+000 0.00000000e+000 0.00000000e+000 0.00000000e+000
 1.40431034e+001 3.00000000e+001 0.00000000e+000 0.00000000e+000 0.00000000e+000 0.00000000e+000 0.00000000e+000
 1.40689655e+001 3.00000000e+001 0.00000000e+000 0.00000000e+000 0.00000000e+000 0.00000000e+000 0.00000000e+000
 1.40948276e+001 3.00000000e+001 0.00000000e+000 0.00000000e+000 0.00000000e+000 0.00000000e+000 0.00000000e+000
 1.41206897e+001 3.00000000e+001 0.00000000e+000 0.00000000e+000 0.00000000e+000 0.00000000e+000 0.00000000e+000
 1.41465517e+001 3.00000000e+001 0.00000000e+000 0.00000000e+000 0.00000000e+000 0.00000000e+000 0.00000000e+000
 1.41724138e+001 3.00000000e+001 0.00000000e+000 0.00000000e+000 0.00000000e+000 0.00000000e+000 0.00000000e+000
 1.41982759e+001 3.00000000e+001 0.00000000e+000 0.00000000e+000 0.00000000e+000 0.00000000e+000 0.00000000e+000
 1.42241379e+001 3.00000000e+001 0.00000000e+000 0.00000000e+000 0.00000000e+000 0.00000000e+000 0.00000000e+000
 1.42500000e+001 3.00000000e+001 0.00000000e+000 0.00000000e+000 0.00000000e+000 0.00000000e+000 0.00000000e+000
 1.42758621e+001 3.00000000e+001 0.00000000e+000 0.00000000e+000 0.00000000e+000 0.00000000e+000 0.00000000e+000
 1.43017241e+001 3.00000000e+001 0.00000000e+000 0.00000000e+000 0.00000000e+000 0.00000000e+000 0.00000000e+000
 1.43275862e+001 3.00000000e+001 0.00000000e+000 0.00000000e+000 0.00000000e+000 0.00000000e+000 0.00000000e+000
 1.43534483e+001 3.00000000e+001 0.00000000e+000 0.00000000e+000 0.00000000e+000 0.00000000e+000 0.00000000e+000
 1.43793103e+001 3.00000000e+001 0.00000000e+000 0.00000000e+000 0.00000000e+000 0.00000000e+000 0.00000000e+000
 1.44051724e+001 3.00000000e+001 0.00000000e+000 0.00000000e+000 0.00000000e+000 0.00000000e+000 0.00000000e+000
 1.44310345e+001 3.00000000e+001 0.00000000e+000 0.00000000e+000 0.00000000e+000 0.00000000e+000 0.00000000e+000
 1.44568966e+001 3.00000000e+001 0.00000000e+000 0.00000000e+000 0.00000000e+000 0.00000000e+000 0.00000000e+000
 1.44827586e+001 3.00000000e+001 0.00000000e+000 0.00000000e+000 0.00000000e+000 0.00000000e+000 0.00000000e+000
 1.45086207e+001 3.00000000e+001 0.00000000e+000 0.00000000e+000 0.00000000e+000 0.00000000e+000 0.00000000e+000
 1.45344828e+001 3.00000000e+001 0.00000000e+000 0.00000000e+000 0.00000000e+000 0.00000000e+000 0.00000000e+000
 1.45603448e+001 3.00000000e+001 0.00000000e+000 0.00000000e+000 0.00000000e+000 0.00000000e+000 0.00000000e+000
 1.45862069e+001 3.00000000e+001 0.00000000e+000 0.00000000e+000 0.00000000e+000 0.00000000e+000 0.00000000e+000
 1.46120690e+001 3.00000000e+001 0.00000000e+000 0.00000000e+000 0.00000000e+000 0.00000000e+000 0.00000000e+000
 1.46379310e+001 3.00000000e+001 0.00000000e+000 0.00000000e+000 0.00000000e+000 0.00000000e+000 0.00000000e+000
 1.46637931e+001 3.00000000e+001 0.00000000e+000 0.00000000e+000 0.00000000e+000 0.00000000e+000 0.00000000e+000
 1.46896552e+001 3.00000000e+001 0.00000000e+000 0.00000000e+000 0.00000000e+000 0.00000000e+000 0.00000000e+000
 1.47155172e+001 3.00000000e+001 0.00000000e+000 0.00000000e+000 0.00000000e+000 0.00000000e+000 0.00000000e+000
 1.47413793e+001 3.00000000e+001 0.00000000e+000 0.00000000e+000 0.00000000e+000 0.00000000e+000 0.00000000e+000
 1.47672414e+001 3.00000000e+001 0.00000000e+000 0.00000000e+000 0.00000000e+000 0.00000000e+000 0.00000000e+000
 1.47931034e+001 3.00000000e+001 0.00000000e+000 0.00000000e+000 0.00000000e+000 0.00000000e+000 0.00000000e+000
 1.48189655e+001 3.00000000e+001 0.00000000e+000 0.00000000e+000 0.00000000e+000 0.00000000e+000 0.00000000e+000
 1.48448276e+001 3.00000000e+001 0.00000000e+000 0.00000000e+000 0.00000000e+000 0.00000000e+000 0.00000000e+000
 1.48706897e+001 3.00000000e+001 0.00000000e+000 0.00000000e+000 0.00000000e+000 0.00000000e+000 0.00000000e+000
 1.48965517e+001 3.00000000e+001 0.00000000e+000 0.00000000e+000 0.00000000e+000 0.00000000e+000 0.00000000e+000
 1.49224138e+001 3.00000000e+001 0.00000000e+000 0.00000000e+000 0.00000000e+000 0.00000000e+000 0.00000000e+000
 1.49482759e+001 3.00000000e+001 0.00000000e+000 0.00000000e+000 0.00000000e+000 0.00000000e+000 0.00000000e+000
 1.49741379e+001 3.00000000e+001 0.00000000e+000 0.00000000e+000 0.00000000e+000 0.00000000e+000 0.00000000e+000
 1.50000000e+001 3.00000000e+001 0.00000000e+000 0.00000000e+000 0.00000000e+000 0.00000000e+000 0.00000000e+000
 1.50258621e+001 3.00000000e+001 0.00000000e+000 0.00000000e+000 0.00000000e+000 0.00000000e+000 0.00000000e+000
 1.50517241e+001 3.00000000e+001 0.00000000e+000 0.00000000e+000 0.00000000e+000 0.00000000e+000 0.00000000e+000
 1.50775862e+001 3.00000000e+001 0.00000000e+000 0.00000000e+000 0.00000000e+000 0.00000000e+000 0.00000000e+000
 1.51034483e+001 3.00000000e+001 0.00000000e+000 0.00000000e+000 0.00000000e+000 0.00000000e+000 0.00000000e+000
 1.51293103e+001 3.00000000e+001 0.00000000e+000 0.00000000e+000 0.00000000e+000 0.00000000e+000 0.00000000e+000
 1.51551724e+001 3.00000000e+001 0.00000000e+000 0.00000000e+000 0.00000000e+000 0.00000000e+000 0.00000000e+000
 1.51810345e+001 3.00000000e+001 0.00000000e+000 0.00000000e+000 0.00000000e+000 0.00000000e+000 0.00000000e+000
 1.52068966e+001 3.00000000e+001 0.00000000e+000 0.00000000e+000 0.00000000e+000 0.00000000e+000 0.00000000e+000
 1.52327586e+001 3.00000000e+001 0.00000000e+000 0.00000000e+000 0.00000000e+000 0.00000000e+000 0.00000000e+000
 1.52586207e+001 3.00000000e+001 0.00000000e+000 0.00000000e+000 0.00000000e+000 0.00000000e+000 0.00000000e+000
 1.52844828e+001 3.00000000e+001 0.00000000e+000 0.00000000e+000 0.00000000e+000 0.00000000e+000 0.00000000e+000
 1.53103448e+001 3.00000000e+001 0.00000000e+000 0.00000000e+000 0.00000000e+000 0.00000000e+000 0.00000000e+000
 1.53362069e+001 3.00000000e+001 0.00000000e+000 0.00000000e+000 0.00000000e+000 0.00000000e+000 0.00000000e+000
 1.53620690e+001 3.00000000e+001 0.00000000e+000 0.00000000e+000 0.00000000e+000 0.00000000e+000 0.00000000e+000
 1.53879310e+001 3.00000000e+001 0.00000000e+000 0.00000000e+000 0.00000000e+000 0.00000000e+000 0.00000000e+000
 1.54137931e+001 3.00000000e+001 0.00000000e+000 0.00000000e+000 0.00000000e+000 0.00000000e+000 0.00000000e+000
 1.54396552e+001 3.00000000e+001 0.00000000e+000 0.00000000e+000 0.00000000e+000 0.00000000e+000 0.00000000e+000
 1.54655172e+001 3.00000000e+001 0.00000000e+000 0.00000000e+000 0.00000000e+000 0.00000000e+000 0.00000000e+000
 1.54913793e+001 3.00000000e+001 0.00000000e+000 0.00000000e+000 0.00000000e+000 0.00000000e+000 0.00000000e+000
 1.55172414e+001 3.00000000e+001 0.00000000e+000 0.00000000e+000 0.00000000e+000 0.00000000e+000 0.00000000e+000
 1.55431034e+001 3.00000000e+001 0.00000000e+000 0.00000000e+000 0.00000000e+000 0.00000000e+000 0.00000000e+000
 1.55689655e+001 3.00000000e+001 0.00000000e+000 0.00000000e+000 0.00000000e+000 0.00000000e+000 0.00000000e+000
 1.55948276e+001 3.00000000e+001 0.00000000e+000 0.00000000e+000 0.00000000e+000 0.00000000e+000 0.00000000e+000
 1.56206897e+001 3.00000000e+001 0.00000000e+000 0.00000000e+000 0.00000000e+000 0.00000000e+000 0.00000000e+000
 1.56465517e+001 3.00000000e+001 0.00000000e+000 0.00000000e+000 0.00000000e+000 0.00000000e+000 0.00000000e+000
 1.56724138e+001 3.00000000e+001 0.00000000e+000 0.00000000e+000 0.00000000e+000 0.00000000e+000 0.00000000e+000
 1.56982759e+001 3.00000000e+001 0.00000000e+000 0.00000000e+000 0.00000000e+000 0.00000000e+000 0.00000000e+000
 1.57241379e+001 3.00000000e+001 0.00000000e+000 0.00000000e+000 0.00000000e+000 0.00000000e+000 0.00000000e+000
 1.57500000e+001 3.00000000e+001 0.00000000e+000 0.00000000e+000 0.00000000e+000 0.00000000e+000 0.00000000e+000
 1.57758621e+001 3.00000000e+001 0.00000000e+000 0.00000000e+000 0.00000000e+000 0.00000000e+000 0.00000000e+000
 1.58017241e+001 3.00000000e+001 0.00000000e+000 0.00000000e+000 0.00000000e+000 0.00000000e+000 0.00000000e+000
 1.58275862e+001 3.00000000e+001 0.00000000e+000 0.00000000e+000 0.00000000e+000 0.00000000e+000 0.00000000e+000
 1.58534483e+001 3.00000000e+001 0.00000000e+000 0.00000000e+000 0.00000000e+000 0.00000000e+000 0.00000000e+000
 1.58793103e+001 3.00000000e+001 0.00000000e+000 0.00000000e+000 0.00000000e+000 0.00000000e+000 0.00000000e+000
 1.59051724e+001 3.00000000e+001 0.00000000e+000 0.00000000e+000 0.00000000e+000 0.00000000e+000 0.00000000e+000
 1.59310345e+001 3.00000000e+001 0.00000000e+000 0.00000000e+000 0.00000000e+000 0.00000000e+000 0.00000000e+000
 1.59568966e+001 3.00000000e+001 0.00000000e+000 0.00000000e+000 0.00000000e+000 0.00000000e+000 0.00000000e+000
 1.59827586e+001 3.00000000e+001 0.00000000e+000 0.00000000e+000 0.00000000e+000 0.00000000e+000 0.00000000e+000
 1.60086207e+001 3.00000000e+001 0.00000000e+000 0.00000000e+000 0.00000000e+000 0.00000000e+000 0.00000000e+000
 1.60344828e+001 3.00000000e+001 0.00000000e+000 0.00000000e+000 0.00000000e+000 0.00000000e+000 0.00000000e+000
 1.60603448e+001 3.00000000e+001 0.00000000e+000 0.00000000e+000 0.00000000e+000 0.00000000e+000 0.00000000e+000
 1.60862069e+001 3.00000000e+001 0.00000000e+000 0.00000000e+000 0.00000000e+000 0.00000000e+000 0.00000000e+000
 1.61120690e+001 3.00000000e+001 0.00000000e+000 0.00000000e+000 0.00000000e+000 0.00000000e+000 0.00000000e+000
 1.61379310e+001 3.00000000e+001 0.00000000e+000 0.00000000e+000 0.00000000e+000 0.00000000e+000 0.00000000e+000
 1.61637931e+001 3.00000000e+001 0.00000000e+000 0.00000000e+000 0.00000000e+000 0.00000000e+000 0.00000000e+000
 1.61896552e+001 3.00000000e+001 0.00000000e+000 0.00000000e+000 0.00000000e+000 0.00000000e+000 0.00000000e+000
 1.62155172e+001 3.00000000e+001 0.00000000e+000 0.00000000e+000 0.00000000e+000 0.00000000e+000 0.00000000e+000
 1.62413793e+001 3.00000000e+001 0.00000000e+000 0.00000000e+000 0.00000000e+000 0.00000000e+000 0.00000000e+000
 1.62672414e+001 3.00000000e+001 0.00000000e+000 0.00000000e+000 0.00000000e+000 0.00000000e+000 0.00000000e+000
 1.62931034e+001 3.00000000e+001 0.00000000e+000 0.00000000e+000 0.00000000e+000 0.00000000e+000 0.00000000e+000
 1.63189655e+001 3.00000000e+001 0.00000000e+000 0.00000000e+000 0.00000000e+000 0.00000000e+000 0.00000000e+000
