 2.58620690e-002 7.50293059e-002 6.94676307e-002 1.89965898e-002 6.94426950e-002 1.90875419e-002 1.13058422e-002
 5.17241379e-002 8.05367084e-002 2.59843980e-001 1.66676697e-001 2.59609437e-001 1.67041776e-001 1.09427833e-001
 7.75862069e-002 8.64341946e-002 -5.82989276e-002 -5.08191555e-002 -5.82221975e-002 -5.09070451e-002 -5.13235545e-002
 1.03448276e-001 9.27473014e-002 2.43134443e-001 5.97200442e-002 2.43037453e-001 6.01135386e-002 6.07737770e-002
 1.29310345e-001 9.95029347e-002 1.27729772e-002 3.73484419e-002 1.27080966e-002 3.73705678e-002 5.88063084e-003
 1.55172414e-001 1.06729399e-001 1.87137500e-001 3.47241908e-003 1.87130707e-001 3.82100874e-003 3.88631791e-002
 1.81034483e-001 1.14456422e-001 1.62406150e-001 8.15250141e-002 1.62242968e-001 8.18492805e-002 5.75372313e-002
 2.06896552e-001 1.22715168e-001 9.14241906e-002 2.38360512e-003 9.14188757e-002 2.57941034e-003 9.15639000e-003
 2.32758621e-001 1.31538249e-001 1.22424038e-001 3.21023668e-002 1.22350016e-001 3.23833401e-002 3.00768542e-002
 2.58620690e-001 1.40959721e-001 2.21697332e-001 4.40816297e-002 2.21588211e-001 4.46269180e-002 6.26277253e-002
 2.84482759e-001 1.51015071e-001 6.67557334e-002 8.74374570e-003 6.67324556e-002 8.91966390e-003 6.55693759e-003
 3.10344828e-001 1.61741188e-001 2.13643445e-001 4.32820597e-002 2.13520412e-001 4.38849840e-002 5.50318673e-002
 3.36206897e-001 1.73176327e-001 9.34987096e-002 2.34153033e-002 9.34275099e-002 2.36977955e-002 1.41758450e-002
 3.62068966e-001 1.85360050e-001 1.93557056e-001 2.64981952e-002 1.93470318e-001 2.71242403e-002 4.81937466e-002
 3.87931034e-001 1.98333154e-001 1.71280737e-001 3.67051589e-002 1.71152654e-001 3.72978375e-002 4.46223684e-002
 4.13793103e-001 2.12137579e-001 1.67918489e-001 1.90062030e-002 1.67846968e-001 1.96277893e-002 3.44219073e-002
 4.39655172e-001 2.26816294e-001 1.60216719e-001 2.72586722e-002 1.60107555e-001 2.78927055e-002 3.41589859e-002
 4.65517241e-001 2.42413170e-001 1.96442482e-001 2.83552403e-002 1.96320756e-001 2.91861141e-002 4.51387317e-002
 4.91379310e-001 2.58972823e-001 1.77573852e-001 2.88227959e-002 1.77441761e-001 2.96251198e-002 4.12379667e-002
 5.17241379e-001 2.76540440e-001 2.04843220e-001 2.32365217e-002 2.04728682e-001 2.42249314e-002 4.22708462e-002
 5.43103448e-001 2.95161579e-001 1.64945554e-001 2.88039629e-002 1.64794981e-001 2.96533008e-002 3.36260015e-002
 5.68965517e-001 3.14881951e-001 2.08531179e-001 1.82885086e-002 2.08427522e-001 1.94342571e-002 3.85966530e-002
 5.94827586e-001 3.35747178e-001 2.09477521e-001 3.50493045e-002 2.09268540e-001 3.62762117e-002 5.09683401e-002
 6.20689655e-001 3.57802534e-001 2.15351107e-001 2.16430068e-002 2.15211752e-001 2.29874075e-002 4.35140088e-002
 6.46551724e-001 3.81092662e-001 2.13560947e-001 2.33042216e-002 2.13401221e-001 2.47241582e-002 4.13218915e-002
 6.72413793e-001 4.05661282e-001 2.15614689e-001 2.72580996e-002 2.15416296e-001 2.87839826e-002 4.36164642e-002
 6.98275862e-001 4.31550881e-001 2.35747084e-001 1.91829103e-002 2.35595913e-001 2.09579926e-002 4.72998938e-002
 7.24137931e-001 4.58802396e-001 2.49384574e-001 3.30578984e-002 2.49111867e-001 3.50537922e-002 5.43216694e-002
 7.50000000e-001 4.87454893e-001 2.23131340e-001 1.87087077e-002 2.22964099e-001 2.06063406e-002 3.90111711e-002
 7.75862069e-001 5.17545241e-001 2.43820580e-001 2.31906280e-002 2.43601158e-001 2.53920512e-002 4.41838022e-002
 8.01724138e-001 5.49107796e-001 2.48681243e-001 2.63032353e-002 2.48417743e-001 2.86852870e-002 4.83803371e-002
 8.27586207e-001 5.82174089e-001 2.73714988e-001 2.27512934e-002 2.73469690e-001 2.55312493e-002 5.37191602e-002
 8.53448276e-001 6.16772536e-001 2.63205220e-001 2.57449685e-002 2.62912839e-001 2.85767504e-002 4.89899586e-002
 8.79310345e-001 6.52928159e-001 2.61757075e-001 1.98711322e-002 2.61513638e-001 2.28526946e-002 4.42516945e-002
 9.05172414e-001 6.90662347e-001 2.86067831e-001 2.28138941e-002 2.85772048e-001 2.62605097e-002 5.24940050e-002
 9.31034483e-001 7.29992632e-001 2.89294373e-001 2.54358646e-002 2.88946830e-001 2.91195349e-002 5.46084184e-002
 9.56896552e-001 7.70932514e-001 2.96087770e-001 2.13540294e-002 2.95773651e-001 2.53359291e-002 5.18968297e-002
 9.82758621e-001 8.13491316e-001 2.86763648e-001 2.18373508e-002 2.86424706e-001 2.59065125e-002 4.70597393e-002
 1.00862069e+000 8.57674088e-001 2.96866230e-001 2.02226131e-002 2.96530264e-001 2.46640423e-002 4.80799739e-002
 1.03448276e+000 9.03481555e-001 3.18719386e-001 2.40932190e-002 3.18299858e-001 2.91158146e-002 5.66262066e-002
 1.06034483e+000 9.50910104e-001 3.18239093e-001 2.13676412e-002 3.17840653e-001 2.66461150e-002 5.39189644e-002
 1.08620690e+000 9.99951827e-001 3.23182128e-001 2.06653915e-002 3.22772267e-001 2.63022785e-002 5.16595148e-002
 1.11206897e+000 1.05059460e+000 3.25010802e-001 2.00283637e-002 3.24588939e-001 2.59841698e-002 5.07330186e-002
 1.13793103e+000 1.10282223e+000 3.40607936e-001 2.07672114e-002 3.40145144e-001 2.73189401e-002 5.57144147e-002
 1.16379310e+000 1.15661457e+000 3.54890913e-001 2.30879940e-002 3.54352566e-001 3.02468913e-002 5.90546246e-002
 1.18965517e+000 1.21194780e+000 3.41392528e-001 1.79924684e-002 3.40935600e-001 2.52092033e-002 5.03284971e-002
 1.21551724e+000 1.26879460e+000 3.53691127e-001 1.98396222e-002 3.53165103e-001 2.76664815e-002 5.21541491e-002
 1.24137931e+000 1.32712444e+000 3.60106751e-001 1.87835875e-002 3.59575115e-001 2.71188445e-002 5.32724118e-002
 1.26724138e+000 1.38690388e+000 3.76912896e-001 2.11768112e-002 3.76289922e-001 3.02932848e-002 5.85771524e-002
 1.29310345e+000 1.44809686e+000 3.78267664e-001 1.90991465e-002 3.77664195e-001 2.86523879e-002 5.56438537e-002
 1.31896552e+000 1.51066499e+000 3.74434801e-001 1.64891435e-002 3.73869957e-001 2.63546458e-002 5.12358952e-002
 1.34482759e+000 1.57456794e+000 3.90621455e-001 1.84958659e-002 3.89965732e-001 2.92223534e-002 5.58369259e-002
 1.37068966e+000 1.63976370e+000 4.02183682e-001 1.80695852e-002 4.01501919e-001 2.95708200e-002 5.85412995e-002
 1.39655172e+000 1.70620892e+000 4.05601699e-001 1.86013812e-002 4.04868023e-001 3.06697471e-002 5.76190408e-002
 1.42241379e+000 1.77385923e+000 4.03938786e-001 1.55968553e-002 4.03262417e-001 2.80932005e-002 5.29180915e-002
 1.44827586e+000 1.84266954e+000 4.08618669e-001 1.56944932e-002 4.07902710e-001 2.88255543e-002 5.28431888e-002
 1.47413793e+000 1.91259431e+000 4.26024550e-001 1.71965450e-002 4.25213281e-001 3.14054784e-002 5.78340927e-002
 1.50000000e+000 1.98358784e+000 4.31948345e-001 1.61285760e-002 4.31131252e-001 3.10700361e-002 5.77874818e-002
 1.52586207e+000 2.05560449e+000 4.32936571e-001 1.50976757e-002 4.32116427e-001 3.06171223e-002 5.49921918e-002
 1.55172414e+000 2.12859892e+000 4.37942929e-001 1.35133107e-002 4.37138821e-001 2.97702877e-002 5.38705168e-002
 1.57758621e+000 2.20252631e+000 4.49712617e-001 1.45740309e-002 4.48820273e-001 3.18465604e-002 5.72929420e-002
 1.60344828e+000 2.27734252e+000 4.62410651e-001 1.50296463e-002 4.61448205e-001 3.33924307e-002 5.98406268e-002
 1.62931034e+000 2.35300427e+000 4.59606594e-001 1.29947480e-002 4.58685559e-001 3.18534590e-002 5.57509191e-002
 1.65517241e+000 2.42946925e+000 4.63167440e-001 1.20651486e-002 4.62239690e-001 3.16877552e-002 5.38745663e-002
 1.68103448e+000 2.50669629e+000 4.72310707e-001 1.18097076e-002 4.71342250e-001 3.24554582e-002 5.52782713e-002
 1.70689655e+000 2.58464539e+000 4.83140641e-001 1.29510388e-002 4.82065107e-001 3.47252231e-002 5.82398270e-002
 1.73275862e+000 2.66327786e+000 4.90073222e-001 1.13822721e-002 4.89014984e-001 3.41418329e-002 5.73890788e-002
 1.75862069e+000 2.74255635e+000 4.88957349e-001 9.80243772e-003 4.87928273e-001 3.31870182e-002 5.41875942e-002
 1.78448276e+000 2.82244491e+000 4.98466191e-001 9.61436711e-003 4.97388092e-001 3.41476957e-002 5.55663589e-002
 1.81034483e+000 2.90290899e+000 5.11551668e-001 9.85095597e-003 5.10396350e-001 3.57451569e-002 5.86829747e-002
 1.83620690e+000 2.98391550e+000 5.17553139e-001 9.73355546e-003 5.16344748e-001 3.66619037e-002 5.86825160e-002
 1.86206897e+000 3.06543281e+000 5.17633969e-001 7.42401287e-003 5.16496285e-001 3.50945780e-002 5.51396016e-002
 1.88793103e+000 3.14743069e+000 5.22414838e-001 7.01741925e-003 5.21241513e-001 3.56902320e-002 5.45215099e-002
 1.91379310e+000 3.22988037e+000 5.34727233e-001 7.17885975e-003 5.33473355e-001 3.72951623e-002 5.71794469e-002
 1.93965517e+000 3.31275450e+000 5.42887996e-001 7.01150113e-003 5.41575649e-001 3.83712540e-002 5.81876243e-002
 1.96551724e+000 3.39602706e+000 5.44943155e-001 5.52859186e-003 5.43658703e-001 3.77997653e-002 5.59535463e-002
 1.99137931e+000 3.47967343e+000 5.49748873e-001 3.92735323e-003 5.48496984e-001 3.72868083e-002 5.46622922e-002
 2.01724138e+000 3.56367027e+000 5.59124859e-001 4.23900129e-003 5.57780216e-001 3.89847113e-002 5.66089468e-002
 2.04310345e+000 3.64799551e+000 5.70259660e-001 4.04429965e-003 5.68846864e-001 4.03197450e-002 5.86192731e-002
 2.06896552e+000 3.73262830e+000 5.73641065e-001 2.90637153e-003 5.72234998e-001 4.02445735e-002 5.70650888e-002
 2.09482759e+000 3.81754898e+000 5.74817717e-001 1.28711867e-003 5.73456571e-001 3.95553454e-002 5.44988664e-002
 2.12068966e+000 3.90273901e+000 5.83973424e-001 7.82335327e-004 5.82565957e-001 4.05274952e-002 5.54711494e-002
 2.14655172e+000 3.98818093e+000 5.93202249e-001 9.94883889e-004 5.91696567e-001 4.22501023e-002 5.73115263e-002
 2.17241379e+000 4.07385833e+000 6.00595003e-001 -9.02975000e-005 5.99083895e-001 4.25776088e-002 5.72353842e-002
 2.19827586e+000 4.15975576e+000 6.01974577e-001 -1.63668833e-003 6.00507501e-001 4.20334570e-002 5.48864701e-002
 2.22413793e+000 4.24585872e+000 6.09093644e-001 -2.56714526e-003 6.07612072e-001 4.25350068e-002 5.50281272e-002
 2.25000000e+000 4.33215362e+000 6.20644152e-001 -2.63840710e-003 6.19070210e-001 4.42515488e-002 5.74137172e-002
 2.27586207e+000 4.41862768e+000 6.27563330e-001 -3.14785049e-003 6.25940580e-001 4.52109804e-002 5.78361288e-002
 2.30172414e+000 4.50526893e+000 6.30833774e-001 -4.91508021e-003 6.29270653e-001 4.46525869e-002 5.58779926e-002
 2.32758621e+000 4.59206618e+000 6.34927014e-001 -6.00797191e-003 6.33369885e-001 4.48441409e-002 5.47768317e-002
 2.35344828e+000 4.67900892e+000 6.44150475e-001 -6.41478935e-003 6.42527016e-001 4.61521151e-002 5.61021846e-002
 2.37931034e+000 4.76608733e+000 6.53221172e-001 -6.77492022e-003 6.51525387e-001 4.75233577e-002 5.73261736e-002
 2.40517241e+000 4.85329224e+000 6.57357747e-001 -8.21707469e-003 6.55696058e-001 4.74279220e-002 5.60346973e-002
 2.43103448e+000 4.94061504e+000 6.61461119e-001 -9.75465731e-003 6.59843560e-001 4.72487192e-002 5.47122740e-002
 2.45689655e+000 5.02804771e+000 6.70095332e-001 -1.03100670e-002 6.68420357e-001 4.84590364e-002 5.57992457e-002
 2.48275862e+000 5.11558275e+000 6.79922503e-001 -1.08355686e-002 6.78180427e-001 4.98330083e-002 5.74159988e-002
 2.50862069e+000 5.20321316e+000 6.86073396e-001 -1.18792306e-002 6.84323612e-001 5.03886388e-002 5.70681871e-002
 2.53448276e+000 5.29093241e+000 6.88735835e-001 -1.36167782e-002 6.87056985e-001 4.99516387e-002 5.51805278e-002
 2.56034483e+000 5.37873438e+000 6.96058908e-001 -1.45335384e-002 6.94356395e-001 5.07781813e-002 5.54051001e-002
 2.58620690e+000 5.46661338e+000 7.05009538e-001 -1.49892766e-002 7.03231033e-001 5.22421325e-002 5.67363704e-002
 2.61206897e+000 5.55456412e+000 7.12377209e-001 -1.59671211e-002 7.10577737e-001 5.30614418e-002 5.70173318e-002
 2.63793103e+000 5.64258162e+000 7.16497773e-001 -1.75705109e-002 7.14753633e-001 5.29624884e-002 5.56935162e-002
 2.66379310e+000 5.73066128e+000 7.21984340e-001 -1.89031669e-002 7.20263586e-001 5.32830521e-002 5.52148071e-002
 2.68965517e+000 5.81879879e+000 7.32044455e-001 -1.94760940e-002 7.30247134e-001 5.48409094e-002 5.68293384e-002
 2.71551724e+000 5.90699013e+000 7.40095264e-001 -2.03059310e-002 7.38255319e-001 5.59679711e-002 5.76232165e-002
 2.74137931e+000 5.99523158e+000 7.45036062e-001 -2.18774590e-002 7.43246162e-001 5.60580065e-002 5.66372795e-002
 2.76724138e+000 6.08351966e+000 7.49845692e-001 -2.33166867e-002 7.48093970e-001 5.62818132e-002 5.57226242e-002
 2.79310345e+000 6.17185110e+000 7.57983325e-001 -2.42273595e-002 7.56194686e-001 5.74045533e-002 5.64817695e-002
 2.81896552e+000 6.26022291e+000 7.66680381e-001 -2.49179272e-002 7.64825744e-001 5.88327375e-002 5.75489543e-002
 2.84482759e+000 6.34863226e+000 7.72243716e-001 -2.63380964e-002 7.70420310e-001 5.92165413e-002 5.69798442e-002
 2.87068966e+000 6.43707653e+000 7.77228343e-001 -2.79535423e-002 7.75462295e-001 5.93592999e-002 5.60711763e-002
 2.89655172e+000 6.52555330e+000 7.84816612e-001 -2.90551654e-002 7.83034010e-001 6.03245988e-002 5.65529519e-002
 2.92241379e+000 6.61406028e+000 7.94053594e-001 -2.98876235e-002 7.92211278e-001 6.17711152e-002 5.78806010e-002
 2.94827586e+000 6.70259536e+000 8.01338699e-001 -3.10720855e-002 7.99488441e-001 6.26691083e-002 5.81129393e-002
 2.97413793e+000 6.79115659e+000 8.05944972e-001 -3.28207208e-002 8.04171351e-001 6.27131188e-002 5.70582755e-002
 3.00000000e+000 6.87974213e+000 8.12417307e-001 -3.40661838e-002 8.10648350e-001 6.34951787e-002 5.69972403e-002
 3.02586207e+000 6.96835027e+000 8.21262364e-001 -3.50339949e-002 8.19446323e-001 6.48612027e-002 5.80539263e-002
 3.05172414e+000 7.05697944e+000 8.28761691e-001 -3.61350795e-002 8.26922801e-001 6.59572988e-002 5.85346455e-002
 3.07758621e+000 7.14562816e+000 8.34466142e-001 -3.77847869e-002 8.32685117e-001 6.63093361e-002 5.78885858e-002
 3.10344828e+000 7.23429506e+000 8.40133567e-001 -3.93325728e-002 8.38398722e-001 6.67760782e-002 5.74606026e-002
 3.12931034e+000 7.32297887e+000 8.49096113e-001 -4.03654727e-002 8.47315458e-001 6.81916044e-002 5.85401214e-002
 3.15517241e+000 7.41167839e+000 8.57570970e-001 -4.15004591e-002 8.55759335e-001 6.94709840e-002 5.94471538e-002
 3.18103448e+000 7.50039253e+000 8.63962244e-001 -4.30047138e-002 8.62183688e-001 7.01388062e-002 5.92665954e-002
 3.20689655e+000 7.58912026e+000 8.69622767e-001 -4.46775270e-002 8.67905904e-001 7.05633061e-002 5.86857027e-002
 3.23275862e+000 7.67786062e+000 8.77280616e-001 -4.59412338e-002 8.75553604e-001 7.16781794e-002 5.92052119e-002
 3.25862069e+000 7.76661273e+000 8.85966821e-001 -4.70023816e-002 8.84191449e-001 7.31567646e-002 6.01737330e-002
 3.28448276e+000 7.85537576e+000 8.92907744e-001 -4.84704582e-002 8.91153491e-001 7.40208086e-002 6.02310146e-002
 3.31034483e+000 7.94414895e+000 8.98633769e-001 -5.01868422e-002 8.96946026e-001 7.44929272e-002 5.97184625e-002
 3.33620690e+000 8.03293157e+000 9.06111232e-001 -5.16115100e-002 9.04432698e-001 7.55169277e-002 6.00354811e-002
 3.36206897e+000 8.12172297e+000 9.14707766e-001 -5.27737553e-002 9.12989094e-001 7.69823386e-002 6.10927355e-002
 3.38793103e+000 8.21052253e+000 9.22981702e-001 -5.41510997e-002 9.21254515e-001 7.82156170e-002 6.17027881e-002
 3.41379310e+000 8.29932967e+000 9.28973935e-001 -5.58874194e-002 9.27312284e-001 7.87902563e-002 6.13427353e-002
 3.43965517e+000 8.38814387e+000 9.35950659e-001 -5.74472929e-002 9.34318679e-001 7.97021539e-002 6.13916533e-002
 3.46551724e+000 8.47696462e+000 9.44297599e-001 -5.87545740e-002 9.42642461e-001 8.10878898e-002 6.22051239e-002
 3.49137931e+000 8.56579146e+000 9.52632047e-001 -6.00680312e-002 9.50952731e-001 8.24917580e-002 6.29566539e-002
 3.51724138e+000 8.65462396e+000 9.59244721e-001 -6.17785243e-002 9.57618460e-001 8.32700792e-002 6.28366358e-002
 3.54310345e+000 8.74346174e+000 9.66093159e-001 -6.34788301e-002 9.64515514e-001 8.41152660e-002 6.27491992e-002
 3.56896552e+000 8.83230440e+000 9.74088483e-001 -6.48633387e-002 9.72497022e-001 8.54702739e-002 6.34616662e-002
 3.59482759e+000 8.92115162e+000 9.83247768e-001 -6.62028586e-002 9.81619525e-001 8.70752606e-002 6.45441428e-002
 3.62068966e+000 9.01000307e+000 9.90644688e-001 -6.78199766e-002 9.89042213e-001 8.81586463e-002 6.47733714e-002
 3.64655172e+000 9.09885844e+000 9.97385233e-001 -6.96181341e-002 9.95844392e-001 8.89827729e-002 6.46667000e-002
 3.67241379e+000 9.18771748e+000 1.00531169e+000 -7.11147389e-002 1.00376892e+000 9.03153130e-002 6.51941793e-002
 3.69827586e+000 9.27657991e+000 1.01420836e+000 -7.25102688e-002 1.01263292e+000 9.19288594e-002 6.61577710e-002
 3.72413793e+000 9.36544550e+000 1.02209202e+000 -7.40612972e-002 1.02052009e+000 9.32519006e-002 6.66259188e-002
 3.75000000e+000 9.45431402e+000 1.02930134e+000 -7.58359914e-002 1.02777713e+000 9.42682855e-002 6.66496080e-002
 3.77586207e+000 9.54318527e+000 1.03693311e+000 -7.74815684e-002 1.03542866e+000 9.55048281e-002 6.69998024e-002
 3.80172414e+000 9.63205906e+000 1.04594385e+000 -7.89155007e-002 1.04440291e+000 9.72047712e-002 6.79846837e-002
 3.82758621e+000 9.72093521e+000 1.05452728e+000 -8.04372440e-002 1.05296800e+000 9.87741250e-002 6.87329090e-002
 3.85344828e+000 9.80981355e+000 1.06218959e+000 -8.21843748e-002 1.06066146e+000 9.99912962e-002 6.89585837e-002
 3.87931034e+000 9.89869392e+000 1.06985190e+000 -8.39037235e-002 1.06834888e+000 1.01259981e-001 6.91926637e-002
 3.90517241e+000 9.98757619e+000 1.07862368e+000 -8.54281529e-002 1.07709375e+000 1.02937178e-001 7.00095332e-002
 3.93103448e+000 1.00764602e+001 1.08784013e+000 -8.68798994e-002 1.08626106e+000 1.04791147e-001 7.09072793e-002
 3.95689655e+000 1.01653459e+001 1.09595185e+000 -8.85739323e-002 1.09438055e+000 1.06240380e-001 7.12749445e-002
 3.98275862e+000 1.02542331e+001 1.10379227e+000 -9.03151374e-002 1.10223957e+000 1.07620375e-001 7.14715716e-002
 4.00862069e+000 1.03431217e+001 1.11269201e+000 -9.18646797e-002 1.11110461e+000 1.09403777e-001 7.21869468e-002
 4.03448276e+000 1.04320116e+001 1.12186877e+000 -9.33301067e-002 1.12022395e+000 1.11347856e-001 7.30846083e-002
 4.06034483e+000 1.05209027e+001 1.13085269e+000 -9.49150550e-002 1.12917214e+000 1.13167793e-001 7.36797301e-002
 4.08620690e+000 1.06097950e+001 1.13903685e+000 -9.66306954e-002 1.13735533e+000 1.14740078e-001 7.38867190e-002
 4.11206897e+000 1.06986883e+001 1.14795655e+000 -9.81801540e-002 1.14622825e+000 1.16637891e-001 7.44627856e-002
 4.13793103e+000 1.07875826e+001 1.15759998e+000 -9.96014868e-002 1.15578494e+000 1.18824850e-001 7.53510439e-002
 4.16379310e+000 1.08764778e+001 1.16718700e+000 -1.01078794e-001 1.16529275e+000 1.20976151e-001 7.60043328e-002
 4.18965517e+000 1.09653739e+001 1.17596857e+000 -1.02675078e-001 1.17402852e+000 1.22887243e-001 7.62915573e-002
 4.21551724e+000 1.10542707e+001 1.18513196e+000 -1.04224249e-001 1.18312685e+000 1.24945199e-001 7.66651584e-002
 4.24137931e+000 1.11431683e+001 1.19504283e+000 -1.05595226e-001 1.19292055e+000 1.27350991e-001 7.74291868e-002
 4.26724138e+000 1.12320665e+001 1.20513279e+000 -1.06892361e-001 1.20287088e+000 1.29894801e-001 7.81437377e-002
 4.29310345e+000 1.13209654e+001 1.21483484e+000 -1.08324040e-001 1.21246222e+000 1.32261730e-001 7.84561266e-002
 4.31896552e+000 1.14098649e+001 1.22412735e+000 -1.09700260e-001 1.22163666e+000 1.34632091e-001 7.85992455e-002
 4.34482759e+000 1.14987649e+001 1.23504912e+000 -1.10919943e-001 1.23237199e+000 1.37509435e-001 7.92916401e-002
 4.37068966e+000 1.15876654e+001 1.24540542e+000 -1.12000528e-001 1.24251942e+000 1.40443103e-001 7.98643851e-002
 4.39655172e+000 1.16765664e+001 1.25614061e+000 -1.13166771e-001 1.25304907e+000 1.43401396e-001 8.03088114e-002
 4.42241379e+000 1.17654679e+001 1.26564990e+000 -1.14376413e-001 1.26238122e+000 1.46100258e-001 8.02502710e-002
 4.44827586e+000 1.18543697e+001 1.27643169e+000 -1.15316327e-001 1.27289793e+000 1.49353807e-001 8.06609733e-002
 4.47413793e+000 1.19432719e+001 1.28694542e+000 -1.16072410e-001 1.28310727e+000 1.52764730e-001 8.10804300e-002
 4.50000000e+000 1.20321745e+001 1.29709610e+000 -1.16966070e-001 1.29298266e+000 1.55997463e-001 8.13619383e-002
 4.52586207e+000 1.21210774e+001 1.30633846e+000 -1.17769386e-001 1.30194404e+000 1.59158816e-001 8.14110115e-002
 4.55172414e+000 1.22099806e+001 1.31617491e+000 -1.18344582e-001 1.31143110e+000 1.62696965e-001 8.18123834e-002
 4.57758621e+000 1.22988840e+001 1.32613420e+000 -1.18618144e-001 1.32096607e+000 1.66585820e-001 8.23244320e-002
 4.60344828e+000 1.23877878e+001 1.33498066e+000 -1.18975973e-001 1.32942325e+000 1.70183619e-001 8.26978468e-002
 4.62931034e+000 1.24766917e+001 1.34434934e+000 -1.19309243e-001 1.33837701e+000 1.73944869e-001 8.32306421e-002
 4.65517241e+000 1.25655959e+001 1.35304833e+000 -1.19731432e-001 1.34668797e+000 1.77501831e-001 8.36030556e-002
 4.68103448e+000 1.26545003e+001 1.36173351e+000 -1.19955800e-001 1.35493429e+000 1.81274995e-001 8.42280489e-002
 4.70689655e+000 1.27434049e+001 1.37093569e+000 -1.20226122e-001 1.36368652e+000 1.85143399e-001 8.47555944e-002
 4.73275862e+000 1.28323097e+001 1.37890037e+000 -1.20600399e-001 1.37124647e+000 1.88663195e-001 8.50771926e-002
 4.75862069e+000 1.29212147e+001 1.38752577e+000 -1.20970737e-001 1.37944188e+000 1.92358483e-001 8.55663267e-002
 4.78448276e+000 1.30101197e+001 1.39491604e+000 -1.21311862e-001 1.38641910e+000 1.95830064e-001 8.58492278e-002
 4.81034483e+000 1.30990250e+001 1.40365591e+000 -1.21824937e-001 1.39474230e+000 1.99462152e-001 8.62230814e-002
 4.83620690e+000 1.31879303e+001 1.41221815e+000 -1.22487945e-001 1.40291881e+000 2.02934037e-001 8.63435321e-002
 4.86206897e+000 1.32768358e+001 1.41919326e+000 -1.23182454e-001 1.40955040e+000 2.06036622e-001 8.58352244e-002
 4.88793103e+000 1.33657414e+001 1.42659638e+000 -1.23877102e-001 1.41659218e+000 2.09259086e-001 8.53262714e-002
 4.91379310e+000 1.34546471e+001 1.43453775e+000 -1.24277066e-001 1.42408224e+000 2.12915730e-001 8.60620135e-002
 4.93965517e+000 1.35435529e+001 1.44042773e+000 -1.24934326e-001 1.42963026e+000 2.15865580e-001 8.61677546e-002
 4.96551724e+000 1.36324588e+001 1.44742454e+000 -1.25700783e-001 1.43627392e+000 2.18987909e-001 8.63862230e-002
 4.99137931e+000 1.37213647e+001 1.45338885e+000 -1.26431599e-001 1.44189983e+000 2.21921090e-001 8.55024286e-002
 5.01724138e+000 1.38102708e+001 1.46066656e+000 -1.27281409e-001 1.44882392e+000 2.25070224e-001 8.47926803e-002
 5.04310345e+000 1.38991769e+001 1.46659362e+000 -1.27739076e-001 1.45433638e+000 2.28297593e-001 8.37699031e-002
 5.06896552e+000 1.39880830e+001 1.47356528e+000 -1.28145138e-001 1.46084346e+000 2.31845190e-001 8.24685327e-002
 5.09482759e+000 1.40769892e+001 1.47992305e+000 -1.28695276e-001 1.46678260e+000 2.35124461e-001 8.13553545e-002
 5.12068966e+000 1.41658955e+001 1.48675965e+000 -1.29205500e-001 1.47316956e+000 2.38578610e-001 8.00543395e-002
 5.14655172e+000 1.42548018e+001 1.49711711e+000 -1.29490642e-001 1.48290636e+000 2.43138252e-001 7.97418699e-002
 5.17241379e+000 1.43437081e+001 1.50619850e+000 -1.29711708e-001 1.49138035e+000 2.47474628e-001 8.02877018e-002
 5.19827586e+000 1.44326144e+001 1.51454440e+000 -1.30334924e-001 1.49923239e+000 2.51265111e-001 8.10617505e-002
 5.22413793e+000 1.45215208e+001 1.52621083e+000 -1.30463857e-001 1.51016676e+000 2.56391649e-001 8.32419884e-002
 5.25000000e+000 1.46104273e+001 1.53617521e+000 -1.30639759e-001 1.51945363e+000 2.61077936e-001 8.50482303e-002
 5.27586207e+000 1.46993337e+001 1.54524713e+000 -1.30824783e-001 1.52786863e+000 2.65558373e-001 8.60768475e-002
 5.30172414e+000 1.47882401e+001 1.55639011e+000 -1.30496338e-001 1.53814477e+000 2.71090643e-001 8.76100231e-002
 5.32758621e+000 1.48771466e+001 1.56294441e+000 -1.30360125e-001 1.54402188e+000 2.75291518e-001 8.72439557e-002
 5.35344828e+000 1.49660530e+001 1.57169351e+000 -1.30002636e-001 1.55195285e+000 2.80291848e-001 8.60598723e-002
 5.37931034e+000 1.50549595e+001 1.57803359e+000 -1.29718368e-001 1.55756468e+000 2.84621009e-001 8.43425742e-002
 5.40517241e+000 1.51438660e+001 1.57751264e+000 -1.30458693e-001 1.55681170e+000 2.86186845e-001 8.02954648e-002
 5.43103448e+000 1.52327724e+001 1.57714599e+000 -1.30937273e-001 1.55613773e+000 2.88044121e-001 7.56970601e-002
 5.45689655e+000 1.53216789e+001 1.57121596e+000 -1.31193512e-001 1.55003734e+000 2.88644378e-001 6.93770955e-002
 5.48275862e+000 1.54105853e+001 1.56532075e+000 -1.32007870e-001 1.54412072e+000 2.88697597e-001 6.20010382e-002
 5.50862069e+000 1.54994917e+001 1.55398941e+000 -1.32474078e-001 1.53287623e+000 2.87615952e-001 5.40034857e-002
 5.53448276e+000 1.55883981e+001 1.54470978e+000 -1.32980515e-001 1.52362588e+000 2.87012706e-001 4.65086816e-002
 5.56034483e+000 1.56773045e+001 1.53846219e+000 -1.32769285e-001 1.51710643e+000 2.87891738e-001 4.06566940e-002
 5.58620690e+000 1.57662108e+001 1.53553073e+000 -1.32668518e-001 1.51380934e+000 2.89545959e-001 3.61802272e-002
 5.61206897e+000 1.58551171e+001 1.53801555e+000 -1.32043239e-001 1.51557768e+000 2.93174955e-001 3.42599273e-002
 5.63793103e+000 1.59440233e+001 1.54599231e+000 -1.31097369e-001 1.52253100e+000 2.98627018e-001 3.50438658e-002
 5.66379310e+000 1.60329295e+001 1.56184987e+000 -1.29714064e-001 1.53692448e+000 3.06698371e-001 3.89657379e-002
 5.68965517e+000 1.61218356e+001 1.58079353e+000 -1.28666989e-001 1.55435465e+000 3.15349043e-001 4.39910672e-002
 5.71551724e+000 1.62107417e+001 1.60156166e+000 -1.27575868e-001 1.57350126e+000 3.24606162e-001 5.01772941e-002
 5.74137931e+000 1.62996477e+001 1.62779581e+000 -1.26197070e-001 1.59778841e+000 3.35733653e-001 5.82767971e-002
 5.76724138e+000 1.63885536e+001 1.65277152e+000 -1.25053665e-001 1.62090388e+000 3.46356378e-001 6.62143333e-002
 5.79310345e+000 1.64774595e+001 1.67812945e+000 -1.23565799e-001 1.64425899e+000 3.57490355e-001 7.47362556e-002
 5.81896552e+000 1.65663653e+001 1.70245896e+000 -1.22540320e-001 1.66672949e+000 3.67961198e-001 8.26751391e-002
 5.84482759e+000 1.66552709e+001 1.72632552e+000 -1.21397166e-001 1.68869415e+000 3.78482666e-001 9.04077926e-002
 5.87068966e+000 1.67441765e+001 1.74749369e+000 -1.20520129e-001 1.70812281e+000 3.88040925e-001 9.64570830e-002
 5.89655172e+000 1.68330820e+001 1.76831768e+000 -1.19567186e-001 1.72717441e+000 3.97633357e-001 1.02687636e-001
 5.92241379e+000 1.69219873e+001 1.78918997e+000 -1.18492835e-001 1.74621118e+000 4.07416035e-001 1.08748619e-001
 5.94827586e+000 1.70108925e+001 1.80903073e+000 -1.17733845e-001 1.76432756e+000 4.16655387e-001 1.14229265e-001
 5.97413793e+000 1.70997976e+001 1.82726755e+000 -1.16915852e-001 1.78086903e+000 4.25536697e-001 1.19174491e-001
 6.00000000e+000 1.71887025e+001 1.84220870e+000 -1.16225085e-001 1.79427629e+000 4.33374847e-001 1.23165314e-001
 6.02586207e+000 1.72776072e+001 1.85802940e+000 -1.15494255e-001 1.80849144e+000 4.41555097e-001 1.27254675e-001
 6.05172414e+000 1.73665118e+001 1.87044678e+000 -1.14899226e-001 1.81947783e+000 4.48635038e-001 1.30418314e-001
 6.07758621e+000 1.74554161e+001 1.88484336e+000 -1.14307070e-001 1.83233551e+000 4.56341072e-001 1.33868551e-001
 6.10344828e+000 1.75443203e+001 1.89607191e+000 -1.13487948e-001 1.84208454e+000 4.63349495e-001 1.36599216e-001
 6.12931034e+000 1.76332242e+001 1.90826155e+000 -1.12750936e-001 1.85275702e+000 4.70602137e-001 1.39372399e-001
 6.15517241e+000 1.77221278e+001 1.92019218e+000 -1.11892607e-001 1.86312774e+000 4.77925713e-001 1.42518745e-001
 6.18103448e+000 1.78110313e+001 1.93073505e+000 -1.11129609e-001 1.87218809e+000 4.84767338e-001 1.45437597e-001
 6.20689655e+000 1.78999344e+001 1.94325485e+000 -1.09983111e-001 1.88299504e+000 4.92610769e-001 1.48730588e-001
 6.23275862e+000 1.79888372e+001 1.95534290e+000 -1.09059941e-001 1.89344046e+000 5.00143135e-001 1.52091673e-001
 6.25862069e+000 1.80777397e+001 1.96694911e+000 -1.08133844e-001 1.90340805e+000 5.07562341e-001 1.55654127e-001
 6.28448276e+000 1.81666418e+001 1.97973586e+000 -1.06988001e-001 1.91441033e+000 5.15590525e-001 1.59424270e-001
 6.31034483e+000 1.82555435e+001 1.99210532e+000 -1.05712529e-001 1.92495536e+000 5.23646437e-001 1.63506252e-001
 6.33620690e+000 1.83444449e+001 2.00541475e+000 -1.04354248e-001 1.93634612e+000 5.32110723e-001 1.68150047e-001
 6.36206897e+000 1.84333458e+001 2.01977927e+000 -1.02953158e-001 1.94870265e+000 5.40985825e-001 1.73278570e-001
 6.38793103e+000 1.85222462e+001 2.03218688e+000 -1.01794174e-001 1.95925763e+000 5.49049298e-001 1.77762696e-001
 6.41379310e+000 1.86111461e+001 2.04725964e+000 -1.00435334e-001 1.97225425e+000 5.58186769e-001 1.82958427e-001
 6.43965517e+000 1.87000454e+001 2.06238919e+000 -9.87790972e-002 1.98518565e+000 5.67665763e-001 1.88678560e-001
 6.46551724e+000 1.87889441e+001 2.07560594e+000 -9.75605912e-002 1.99642247e+000 5.76155707e-001 1.94169653e-001
 6.49137931e+000 1.88778422e+001 2.09369273e+000 -9.60085336e-002 2.01213786e+000 5.86573173e-001 2.00797675e-001
 6.51724138e+000 1.89667397e+001 2.10918815e+000 -9.45421983e-002 2.02540289e+000 5.96117436e-001 2.07240698e-001
 6.54310345e+000 1.90556363e+001 2.12338226e+000 -9.32621057e-002 2.03747393e+000 6.05103338e-001 2.13150368e-001
 6.56896552e+000 1.91445322e+001 2.14217989e+000 -9.14592244e-002 2.05369940e+000 6.16131698e-001 2.20556561e-001
 6.59482759e+000 1.92334272e+001 2.15799522e+000 -9.02131552e-002 2.06726310e+000 6.25703658e-001 2.27107231e-001
 6.62068966e+000 1.93223213e+001 2.17254802e+000 -8.88114086e-002 2.07955910e+000 6.35048300e-001 2.33758532e-001
 6.64655172e+000 1.94112143e+001 2.19084303e+000 -8.69854683e-002 2.09521956e+000 6.46076340e-001 2.41476881e-001
 6.67241379e+000 1.95001063e+001 2.20658882e+000 -8.54898020e-002 2.10855804e+000 6.55992162e-001 2.48454234e-001
 6.69827586e+000 1.95889972e+001 2.21778455e+000 -8.43841893e-002 2.11771484e+000 6.64057892e-001 2.54297640e-001
 6.72413793e+000 1.96778868e+001 2.23760969e+000 -8.22800578e-002 2.13464089e+000 6.75999556e-001 2.62774940e-001
 6.75000000e+000 1.97667751e+001 2.25205693e+000 -8.09687862e-002 2.14674208e+000 6.85430359e-001 2.69629484e-001
 6.77586207e+000 1.98556619e+001 2.26671347e+000 -7.89880951e-002 2.15878863e+000 6.95600981e-001 2.76700093e-001
 6.80172414e+000 1.99445472e+001 2.28030401e+000 -7.75602417e-002 2.16999528e+000 7.04927252e-001 2.83467519e-001
 6.82758621e+000 2.00334308e+001 2.29909218e+000 -7.58242327e-002 2.18595576e+000 7.16359942e-001 2.91733331e-001
 6.85344828e+000 2.01223127e+001 2.31010384e+000 -7.40703573e-002 2.19457799e+000 7.25185221e-001 2.98364437e-001
 6.87931034e+000 2.02111926e+001 2.32755538e+000 -7.24928742e-002 2.20928239e+000 7.36098213e-001 3.06545344e-001
 6.90517241e+000 2.03000704e+001 2.34396856e+000 -7.05810283e-002 2.22286833e+000 7.47011824e-001 3.14920134e-001
 6.93103448e+000 2.03889460e+001 2.35864864e+000 -6.88765563e-002 2.23487346e+000 7.57171073e-001 3.22903738e-001
 6.95689655e+000 2.04778192e+001 2.37005508e+000 -6.72101801e-002 2.24379896e+000 7.66188296e-001 3.29919496e-001
 6.98275862e+000 2.05666898e+001 2.38897641e+000 -6.51466365e-002 2.25959828e+000 7.78246730e-001 3.39329059e-001
 7.00862069e+000 2.06555577e+001 2.40171866e+000 -6.35228020e-002 2.26973882e+000 7.87764782e-001 3.47061664e-001
 7.03448276e+000 2.07444225e+001 2.41601564e+000 -6.15140203e-002 2.28117288e+000 7.98226707e-001 3.55157002e-001
 7.06034483e+000 2.08332842e+001 2.43215503e+000 -5.95415245e-002 2.29431481e+000 8.09347187e-001 3.64014285e-001
 7.08620690e+000 2.09221424e+001 2.44612326e+000 -5.77198538e-002 2.30545359e+000 8.19593992e-001 3.72321706e-001
 7.11206897e+000 2.10109969e+001 2.45793430e+000 -5.58901484e-002 2.31454950e+000 8.29111175e-001 3.79944623e-001
 7.13793103e+000 2.10998473e+001 2.47556550e+000 -5.39057985e-002 2.32899574e+000 8.40897869e-001 3.89336262e-001
 7.16379310e+000 2.11886935e+001 2.48831664e+000 -5.18700929e-002 2.33884231e+000 8.51015193e-001 3.97890283e-001
 7.18965517e+000 2.12775350e+001 2.49946512e+000 -5.01684223e-002 2.34729095e+000 8.60272024e-001 4.05644709e-001
 7.21551724e+000 2.13663716e+001 2.51548519e+000 -4.77302776e-002 2.35998500e+000 8.72017608e-001 4.15052004e-001
 7.24137931e+000 2.14552028e+001 2.52908246e+000 -4.57380056e-002 2.37055651e+000 8.82503212e-001 4.23731830e-001
 7.26724138e+000 2.15440283e+001 2.53798680e+000 -4.38884884e-002 2.37678859e+000 8.91167333e-001 4.31251399e-001
 7.29310345e+000 2.16328475e+001 2.55132304e+000 -4.18753032e-002 2.38705899e+000 9.01638624e-001 4.40098473e-001
 7.31896552e+000 2.17216601e+001 2.56478302e+000 -3.97629433e-002 2.39738095e+000 9.12281529e-001 4.49049120e-001
 7.34482759e+000 2.18104655e+001 2.57389231e+000 -3.76816216e-002 2.40364803e+000 9.21313025e-001 4.56909689e-001
 7.37068966e+000 2.18992632e+001 2.58406944e+000 -3.56517854e-002 2.41090296e+000 9.30716307e-001 4.65065169e-001
 7.39655172e+000 2.19880525e+001 2.59731945e+000 -3.34105342e-002 2.42090484e+000 9.41490489e-001 4.74185080e-001
 7.42241379e+000 2.20768330e+001 2.60656031e+000 -3.11427470e-002 2.42715407e+000 9.50815268e-001 4.82271275e-001
 7.44827586e+000 2.21656038e+001 2.61376601e+000 -2.92504897e-002 2.43163727e+000 9.59045635e-001 4.89610183e-001
 7.47413793e+000 2.22543644e+001 2.62448118e+000 -2.69054273e-002 2.43917753e+000 9.69039908e-001 4.98140882e-001
 7.50000000e+000 2.23431138e+001 2.63361661e+000 -2.46773679e-002 2.44527617e+000 9.78350595e-001 5.06415282e-001
 7.52586207e+000 2.24318512e+001 2.63883519e+000 -2.29249947e-002 2.44791304e+000 9.85747674e-001 5.13134476e-001
 7.55172414e+000 2.25205758e+001 2.64752486e+000 -2.05172714e-002 2.45348845e+000 9.95089564e-001 5.21230626e-001
 7.57758621e+000 2.26092866e+001 2.65524609e+000 -1.82491480e-002 2.45820070e+000 1.00394930e+000 5.29020903e-001
 7.60344828e+000 2.26979825e+001 2.66002748e+000 -1.60191795e-002 2.46019419e+000 1.01165575e+000 5.36046743e-001
 7.62931034e+000 2.27866625e+001 2.66372123e+000 -1.37868082e-002 2.46116631e+000 1.01895105e+000 5.42595988e-001
 7.65517241e+000 2.28753252e+001 2.66914978e+000 -1.16905723e-002 2.46377333e+000 1.02679998e+000 5.49678796e-001
 7.68103448e+000 2.29639694e+001 2.67305173e+000 -9.37338990e-003 2.46487045e+000 1.03426643e+000 5.56519483e-001
 7.70689655e+000 2.30525937e+001 2.67434936e+000 -7.28595230e-003 2.46364434e+000 1.04050669e+000 5.62390753e-001
 7.73275862e+000 2.31411967e+001 2.67677023e+000 -5.00433586e-003 2.46336175e+000 1.04736469e+000 5.68557469e-001
 7.75862069e+000 2.32297766e+001 2.67756765e+000 -2.83197192e-003 2.46161552e+000 1.05348259e+000 5.74542443e-001
 7.78448276e+000 2.33183319e+001 2.67849355e+000 -6.08484399e-004 2.45995447e+000 1.05969434e+000 5.80159526e-001
 7.81034483e+000 2.34068605e+001 2.67737804e+000 1.46224729e-003 2.45646786e+000 1.06495117e+000 5.85295045e-001
 7.83620690e+000 2.34953605e+001 2.67514574e+000 3.58004914e-003 2.45192845e+000 1.06979645e+000 5.90035805e-001
 7.86206897e+000 2.35838298e+001 2.67220574e+000 5.86560080e-003 2.44666480e+000 1.07449954e+000 5.94460774e-001
 7.88793103e+000 2.36722661e+001 2.67131912e+000 7.93521562e-003 2.44336042e+000 1.07981418e+000 5.99461549e-001
 7.91379310e+000 2.37606668e+001 2.66531469e+000 9.92361092e-003 2.43539485e+000 1.08298328e+000 6.03090645e-001
 7.93965517e+000 2.38490293e+001 2.65867883e+000 1.18877891e-002 2.42685834e+000 1.08585130e+000 6.06047929e-001
 7.96551724e+000 2.39373508e+001 2.65448688e+000 1.41776175e-002 2.42042114e+000 1.08998306e+000 6.10037170e-001
 7.99137931e+000 2.40256281e+001 2.64772396e+000 1.62852660e-002 2.41170378e+000 1.09288254e+000 6.13217226e-001
 8.01724138e+000 2.41138581e+001 2.63951969e+000 1.81444216e-002 2.40177010e+000 1.09494008e+000 6.15579063e-001
 8.04310345e+000 2.42020370e+001 2.63005511e+000 1.98995789e-002 2.39072990e+000 1.09635597e+000 6.17441229e-001
 8.06896552e+000 2.42901613e+001 2.62117024e+000 2.20892836e-002 2.38004174e+000 1.09837276e+000 6.19622563e-001
 8.09482759e+000 2.43782266e+001 2.61048493e+000 2.39604847e-002 2.36784573e+000 1.09932357e+000 6.21004706e-001
 8.12068966e+000 2.44662288e+001 2.60087639e+000 2.57865379e-002 2.35665243e+000 1.10064175e+000 6.22657892e-001
 8.14655172e+000 2.45541630e+001 2.58691834e+000 2.73972893e-002 2.34159529e+000 1.09992208e+000 6.22812298e-001
 8.17241379e+000 2.46420243e+001 2.57475388e+000 2.90954894e-002 2.32814113e+000 1.09998315e+000 6.23270225e-001
 8.19827586e+000 2.47298073e+001 2.56223297e+000 3.08169166e-002 2.31436035e+000 1.09987437e+000 6.23802792e-001
 8.22413793e+000 2.48175061e+001 2.54895635e+000 3.24417631e-002 2.29994163e+000 1.09931772e+000 6.23857749e-001
 8.25000000e+000 2.49051145e+001 2.53399931e+000 3.40025211e-002 2.28403463e+000 1.09795013e+000 6.23136110e-001
 8.27586207e+000 2.49926260e+001 2.51507644e+000 3.51822863e-002 2.26470557e+000 1.09451176e+000 6.21080191e-001
 8.30172414e+000 2.50800334e+001 2.50038510e+000 3.66079757e-002 2.24912268e+000 1.09302924e+000 6.19952737e-001
 8.32758621e+000 2.51673291e+001 2.48332319e+000 3.79057947e-002 2.23146061e+000 1.09037354e+000 6.18100728e-001
 8.35344828e+000 2.52545049e+001 2.46535399e+000 3.90825627e-002 2.21304523e+000 1.08716538e+000 6.15643928e-001
 8.37931034e+000 2.53415521e+001 2.44545057e+000 4.02321928e-002 2.19291077e+000 1.08304639e+000 6.12192567e-001
 8.40517241e+000 2.54284614e+001 2.42258251e+000 4.07463135e-002 2.17039202e+000 1.07701660e+000 6.07229260e-001
 8.43103448e+000 2.55152227e+001 2.39939701e+000 4.14861616e-002 2.14751571e+000 1.07098244e+000 6.01909074e-001
 8.45689655e+000 2.56018255e+001 2.37381483e+000 4.20426028e-002 2.12258353e+000 1.06367458e+000 5.95588127e-001
 8.48275862e+000 2.56882583e+001 2.34587185e+000 4.25066679e-002 2.09559410e+000 1.05518099e+000 5.87855286e-001
 8.50862069e+000 2.57745091e+001 2.30866820e+000 4.26287351e-002 2.06044788e+000 1.04226706e+000 5.76971455e-001
 8.53448276e+000 2.58605647e+001 2.26693186e+000 4.26563239e-002 2.02131130e+000 1.02718074e+000 5.63886197e-001
 8.56034483e+000 2.59464115e+001 2.21961409e+000 4.26687056e-002 1.97721626e+000 1.00951631e+000 5.48495262e-001
 8.58620690e+000 2.60320347e+001 2.16364949e+000 4.25992446e-002 1.92544899e+000 9.87846149e-001 5.30186621e-001
 8.61206897e+000 2.61174186e+001 2.10182628e+000 4.24644615e-002 1.86852339e+000 9.63378063e-001 5.09984751e-001
 8.63793103e+000 2.62025465e+001 2.03942440e+000 4.23116512e-002 1.81116806e+000 9.38462791e-001 4.89665930e-001
 8.66379310e+000 2.62874009e+001 1.97687881e+000 4.25263469e-002 1.75360377e+000 9.13636753e-001 4.70467839e-001
 8.68965517e+000 2.63719628e+001 1.92547728e+000 4.33078823e-002 1.70585416e+000 8.94091678e-001 4.55937366e-001
 8.71551724e+000 2.64562124e+001 1.87800073e+000 4.41308761e-002 1.66166638e+000 8.76184401e-001 4.44168969e-001
 8.74137931e+000 2.65401284e+001 1.84053926e+000 4.48794096e-002 1.62653302e+000 8.62548108e-001 4.36410864e-001
 8.76724138e+000 2.66236886e+001 1.81361140e+000 4.60845891e-002 1.60066061e+000 8.53929574e-001 4.33100957e-001
 8.79310345e+000 2.67068693e+001 1.79648295e+000 4.75475200e-002 1.58346059e+000 8.49861364e-001 4.33845090e-001
 8.81896552e+000 2.67896455e+001 1.78443555e+000 4.93800025e-002 1.57065087e+000 8.48353967e-001 4.36985088e-001
 8.84482759e+000 2.68719909e+001 1.77491097e+000 5.12571856e-002 1.56008541e+000 8.47979812e-001 4.41336955e-001
 8.87068966e+000 2.69538778e+001 1.77211670e+000 5.35880486e-002 1.55532464e+000 8.51019713e-001 4.48066844e-001
 8.89655172e+000 2.70352772e+001 1.76814312e+000 5.59534679e-002 1.54949949e+000 8.53529278e-001 4.54861232e-001
 8.92241379e+000 2.71161584e+001 1.76992478e+000 5.89304499e-002 1.54852200e+000 8.59177608e-001 4.63677606e-001
 8.94827586e+000 2.71964895e+001 1.76845483e+000 6.19761235e-002 1.54461643e+000 8.63384982e-001 4.72363069e-001
 8.97413793e+000 2.72762371e+001 1.76691804e+000 6.46569262e-002 1.54081875e+000 8.67212465e-001 4.81167705e-001
 9.00000000e+000 2.73553662e+001 1.76549859e+000 6.75100176e-002 1.53704787e+000 8.71221394e-001 4.89706416e-001
 9.02586207e+000 2.74338405e+001 1.76299488e+000 6.97367968e-002 1.53260509e+000 8.74148618e-001 4.98032609e-001
 9.05172414e+000 2.75116225e+001 1.76104537e+000 7.24194947e-002 1.52844870e+000 8.77707198e-001 5.06441305e-001
 9.07758621e+000 2.75886731e+001 1.75219280e+000 7.37847300e-002 1.51878873e+000 8.76872032e-001 5.11902733e-001
 9.10344828e+000 2.76649520e+001 1.73949677e+000 7.56754694e-002 1.50549754e+000 8.74673064e-001 5.15367947e-001
 9.12931034e+000 2.77404178e+001 1.73182255e+000 7.69821446e-002 1.49694377e+000 8.74239633e-001 5.19467368e-001
 9.15517241e+000 2.78150279e+001 1.72595472e+000 7.75280000e-002 1.49035952e+000 8.73932948e-001 5.23802638e-001
 9.18103448e+000 2.78887388e+001 1.70607297e+000 7.80765511e-002 1.47140475e+000 8.67034600e-001 5.22758068e-001
 9.20689655e+000 2.79615062e+001 1.69323677e+000 7.79290934e-002 1.45903380e+000 8.62753769e-001 5.22464893e-001
 9.23275862e+000 2.80332851e+001 1.67768050e+000 7.76593595e-002 1.44434746e+000 8.57031647e-001 5.20643146e-001
 9.25862069e+000 2.81040302e+001 1.66015669e+000 7.76299507e-002 1.42784437e+000 8.50533429e-001 5.18151825e-001
 9.28448276e+000 2.81736957e+001 1.63817826e+000 7.65910994e-002 1.40792521e+000 8.40976106e-001 5.12437535e-001
 9.31034483e+000 2.82422359e+001 1.63279859e+000 7.60549633e-002 1.40243264e+000 8.39641764e-001 5.11475964e-001
 9.33620690e+000 2.83096055e+001 1.60953452e+000 7.49566450e-002 1.38148362e+000 8.29290579e-001 5.05017669e-001
 9.36206897e+000 2.83757594e+001 1.60847613e+000 7.44066061e-002 1.37985539e+000 8.29898140e-001 5.04244371e-001
 9.38793103e+000 2.84406534e+001 1.58881277e+000 7.30572765e-002 1.36226696e+000 8.20909331e-001 4.97286021e-001
 9.41379310e+000 2.85042446e+001 1.58505118e+000 7.19590549e-002 1.35857349e+000 8.19660553e-001 4.94530157e-001
 9.43965517e+000 2.85664913e+001 1.56751544e+000 7.11397231e-002 1.34267300e+000 8.12031238e-001 4.87772091e-001
 9.46551724e+000 2.86273536e+001 1.57176900e+000 7.04379794e-002 1.34587946e+000 8.14879000e-001 4.87232972e-001
 9.49137931e+000 2.86867936e+001 1.55446485e+000 6.90500024e-002 1.33051943e+000 8.06750833e-001 4.79050100e-001
 9.51724138e+000 2.87447759e+001 1.55600988e+000 6.79593516e-002 1.33158148e+000 8.07883652e-001 4.76383280e-001
 9.54310345e+000 2.88012676e+001 1.54383238e+000 6.72063850e-002 1.32047594e+000 8.02669537e-001 4.69679170e-001
 9.56896552e+000 2.88562390e+001 1.54788609e+000 6.59874905e-002 1.32384386e+000 8.04824901e-001 4.66606579e-001
 9.59482759e+000 2.89096635e+001 1.53530093e+000 6.53223620e-002 1.31239755e+000 7.99392663e-001 4.59238727e-001
 9.62068966e+000 2.89615182e+001 1.53755799e+000 6.40827087e-002 1.31424861e+000 8.00588394e-001 4.54546303e-001
 9.64655172e+000 2.90117839e+001 1.53127515e+000 6.34100926e-002 1.30837748e+000 7.98105750e-001 4.48779513e-001
 9.67241379e+000 2.90604453e+001 1.52984479e+000 6.14312736e-002 1.30741006e+000 7.96792194e-001 4.42498446e-001
 9.69827586e+000 2.91074913e+001 1.53068808e+000 6.07339414e-002 1.30783138e+000 7.97666404e-001 4.38598153e-001
 9.72413793e+000 2.91529149e+001 1.52855226e+000 5.88551409e-002 1.30624857e+000 7.96021744e-001 4.31637660e-001
 9.75000000e+000 2.91967137e+001 1.52242909e+000 5.75660581e-002 1.30092329e+000 7.92907804e-001 4.24763026e-001
 9.77586207e+000 2.92388892e+001 1.51689410e+000 5.52365956e-002 1.29664732e+000 7.89128957e-001 4.16920129e-001
 9.80172414e+000 2.92794477e+001 1.52068754e+000 5.40113956e-002 1.29999641e+000 7.90833209e-001 4.12237245e-001
 9.82758621e+000 2.93183994e+001 1.51258832e+000 5.18473609e-002 1.29345631e+000 7.85864076e-001 4.03146577e-001
 9.85344828e+000 2.93557587e+001 1.51103259e+000 4.98919275e-002 1.29254627e+000 7.84240295e-001 3.96185632e-001
 9.87931034e+000 2.93915443e+001 1.50148219e+000 4.75998136e-002 1.28485998e+000 7.78363248e-001 3.86362931e-001
 9.90517241e+000 2.94257782e+001 1.50646477e+000 4.49611742e-002 1.29003082e+000 7.79280488e-001 3.80117676e-001
 9.93103448e+000 2.94584864e+001 1.49905611e+000 4.31684315e-002 1.28401660e+000 7.74812307e-001 3.71056128e-001
 9.95689655e+000 2.94896981e+001 1.49758886e+000 3.99038971e-002 1.28392420e+000 7.71947783e-001 3.62777422e-001
 9.98275862e+000 2.95194454e+001 1.49389867e+000 3.75827092e-002 1.28145576e+000 7.68776177e-001 3.55035392e-001
 1.00086207e+001 2.95477634e+001 1.48440940e+000 3.37211162e-002 1.27472485e+000 7.61370436e-001 3.44393401e-001
 1.00344828e+001 2.95746894e+001 1.48821107e+000 3.12995073e-002 1.27886847e+000 7.61739647e-001 3.38960631e-001
 1.00603448e+001 2.96002630e+001 1.48019621e+000 2.78355078e-002 1.27327051e+000 7.55339556e-001 3.29330225e-001
 1.00862069e+001 2.96245256e+001 1.48168472e+000 2.44006621e-002 1.27594237e+000 7.53628608e-001 3.21914395e-001
 1.01120690e+001 2.96475199e+001 1.48222691e+000 2.12288772e-002 1.27767999e+000 7.51652268e-001 3.14842347e-001
 1.01379310e+001 2.96692899e+001 1.47605756e+000 1.70711598e-002 1.27409181e+000 7.45471264e-001 3.05455536e-001
 1.01637931e+001 2.96898805e+001 1.47781530e+000 1.40891078e-002 1.27682784e+000 7.44209145e-001 2.98720973e-001
 1.01896552e+001 2.97093369e+001 1.47536172e+000 1.00690466e-002 1.27643633e+000 7.39935063e-001 2.90283047e-001
 1.02155172e+001 2.97277049e+001 1.47874056e+000 6.64048767e-003 1.28083336e+000 7.39042389e-001 2.84142575e-001
 1.02413793e+001 2.97450302e+001 1.48258733e+000 3.21924665e-003 1.28564717e+000 7.38367733e-001 2.78524711e-001
 1.02672414e+001 2.97613583e+001 1.48507910e+000 -6.70541871e-004 1.28953066e+000 7.36594248e-001 2.71602094e-001
 1.02931034e+001 2.97767342e+001 1.49282779e+000 -3.98654575e-003 1.29770534e+000 7.37910262e-001 2.67205727e-001
 1.03189655e+001 2.97912023e+001 1.49358034e+000 -7.85324169e-003 1.30009319e+000 7.35256148e-001 2.60767391e-001
 1.03448276e+001 2.98048064e+001 1.49743403e+000 -1.17280873e-002 1.30518849e+000 7.34117984e-001 2.55377467e-001
 1.03706897e+001 2.98175892e+001 1.51148036e+000 -1.47648079e-002 1.31872144e+000 7.38758861e-001 2.53379965e-001
 1.03965517e+001 2.98295924e+001 1.52169493e+000 -1.85045631e-002 1.32928811e+000 7.40871793e-001 2.49559844e-001
 1.04224138e+001 2.98408564e+001 1.53037496e+000 -2.17156004e-002 1.33826937e+000 7.42666939e-001 2.45787173e-001
 1.04482759e+001 2.98514206e+001 1.53814842e+000 -2.54549648e-002 1.34673576e+000 7.43539713e-001 2.41750724e-001
 1.04741379e+001 2.98613229e+001 1.56078790e+000 -2.80217780e-002 1.36751896e+000 7.52818680e-001 2.42543426e-001
 1.05000000e+001 2.98705997e+001 1.57224158e+000 -3.09331874e-002 1.37877915e+000 7.56219876e-001 2.40605524e-001
 1.05258621e+001 2.98792864e+001 1.58578101e+000 -3.41490849e-002 1.39200629e+000 7.60385473e-001 2.39270342e-001
 1.05517241e+001 2.98874166e+001 1.60792192e+000 -3.67662554e-002 1.41239881e+000 7.69346643e-001 2.40172764e-001
 1.05775862e+001 2.98950226e+001 1.62460074e+000 -3.96881798e-002 1.42821253e+000 7.75313928e-001 2.40596348e-001
 1.06034483e+001 2.99021351e+001 1.64572170e+000 -4.18660361e-002 1.44751127e+000 7.84132500e-001 2.42170194e-001
 1.06293103e+001 2.99087837e+001 1.66107464e+000 -4.45709329e-002 1.46207723e+000 7.89611095e-001 2.41706306e-001
 1.06551724e+001 2.99149962e+001 1.69533747e+000 -4.60146842e-002 1.49240949e+000 8.05605602e-001 2.47794967e-001
 1.06810345e+001 2.99207992e+001 1.71137542e+000 -4.82467843e-002 1.50734162e+000 8.11821927e-001 2.49276097e-001
 1.07068966e+001 2.99262180e+001 1.73577113e+000 -5.02904356e-002 1.52942737e+000 8.22363951e-001 2.52951331e-001
 1.07327586e+001 2.99312765e+001 1.76012187e+000 -5.18141749e-002 1.55121799e+000 8.33328529e-001 2.57492920e-001
 1.07586207e+001 2.99359972e+001 1.78651916e+000 -5.35029367e-002 1.57486753e+000 8.45165982e-001 2.62193834e-001
 1.07844828e+001 2.99404015e+001 1.81222259e+000 -5.40373548e-002 1.59734246e+000 8.57652497e-001 2.67713359e-001
 1.08103448e+001 2.99445096e+001 1.83926680e+000 -5.57078133e-002 1.62154885e+000 8.69818972e-001 2.72911953e-001
 1.08362069e+001 2.99483405e+001 1.86491237e+000 -5.64645838e-002 1.64408975e+000 8.82074421e-001 2.78995606e-001
 1.08620690e+001 2.99519122e+001 1.89080969e+000 -5.72786995e-002 1.66687982e+000 8.94401352e-001 2.84943080e-001
 1.08879310e+001 2.99552414e+001 1.91814986e+000 -5.73527268e-002 1.69055277e+000 9.08085652e-001 2.92085480e-001
 1.09137931e+001 2.99583440e+001 1.94422937e+000 -5.77507363e-002 1.71329734e+000 9.20855698e-001 2.99194004e-001
 1.09396552e+001 2.99612351e+001 1.97057815e+000 -5.80869483e-002 1.73624640e+000 9.33809813e-001 3.06346289e-001
 1.09655172e+001 2.99639284e+001 1.99037448e+000 -5.83051265e-002 1.75346182e+000 9.43589780e-001 3.12410687e-001
 1.09913793e+001 2.99664372e+001 2.01975499e+000 -5.77783956e-002 1.77861028e+000 9.58798224e-001 3.21094563e-001
 1.10172414e+001 2.99687737e+001 2.03742950e+000 -5.77104946e-002 1.79384865e+000 9.67758488e-001 3.27366939e-001
 1.10431034e+001 2.99709495e+001 2.06138489e+000 -5.72505992e-002 1.81433420e+000 9.80192179e-001 3.35117655e-001
 1.10689655e+001 2.99729753e+001 2.07808791e+000 -5.67768690e-002 1.82853205e+000 9.89011392e-001 3.41274325e-001
 1.10948276e+001 2.99748614e+001 2.10111492e+000 -5.58247261e-002 1.84797080e+000 1.00140113e+000 3.49731165e-001
 1.11206897e+001 2.99766171e+001 2.11401521e+000 -5.51436981e-002 1.85877445e+000 1.00849326e+000 3.55053670e-001
 1.11465517e+001 2.99782512e+001 2.13212975e+000 -5.41983106e-002 1.87396440e+000 1.01841650e+000 3.62126027e-001
 1.11724138e+001 2.99797721e+001 2.14083847e+000 -5.31387797e-002 1.88095143e+000 1.02373571e+000 3.66610834e-001
 1.11982759e+001 2.99811875e+001 2.15654750e+000 -5.19265138e-002 1.89392735e+000 1.03268227e+000 3.73196147e-001
 1.12241379e+001 2.99825046e+001 2.16310521e+000 -5.06893767e-002 1.89896551e+000 1.03707451e+000 3.77634321e-001
 1.12500000e+001 2.99837300e+001 2.17320308e+000 -4.93732325e-002 1.90703203e+000 1.04330158e+000 3.82438095e-001
 1.12758621e+001 2.99848702e+001 2.17733610e+000 -4.80994819e-002 1.90995453e+000 1.04650836e+000 3.85944893e-001
 1.13017241e+001 2.99859309e+001 2.18352184e+000 -4.65421580e-002 1.91451459e+000 1.05098414e+000 3.90048756e-001
 1.13275862e+001 2.99869176e+001 2.18599750e+000 -4.46019358e-002 1.91567104e+000 1.05393496e+000 3.93850697e-001
 1.13534483e+001 2.99878355e+001 2.18978139e+000 -4.29067601e-002 1.91808422e+000 1.05732515e+000 3.97436803e-001
 1.13793103e+001 2.99886893e+001 2.18381281e+000 -4.14507534e-002 1.91217118e+000 1.05563154e+000 3.98584522e-001
 1.14051724e+001 2.99894834e+001 2.18356208e+000 -3.99813126e-002 1.91120490e+000 1.05680543e+000 4.00442416e-001
 1.14310345e+001 2.99902220e+001 2.18235259e+000 -3.77578868e-002 1.90903234e+000 1.05815123e+000 4.03244069e-001
 1.14568966e+001 2.99909089e+001 2.17978051e+000 -3.55260645e-002 1.90567635e+000 1.05882142e+000 4.05473363e-001
 1.14827586e+001 2.99915477e+001 2.17618116e+000 -3.37846163e-002 1.90167665e+000 1.05855172e+000 4.07027651e-001
 1.15086207e+001 2.99921418e+001 2.16645069e+000 -3.22652636e-002 1.89247868e+000 1.05502326e+000 4.06917801e-001
 1.15344828e+001 2.99926943e+001 2.16076983e+000 -3.01177999e-002 1.88647489e+000 1.05406160e+000 4.08374106e-001
 1.15603448e+001 2.99932080e+001 2.15837250e+000 -2.79236038e-002 1.88329226e+000 1.05478045e+000 4.11107292e-001
 1.15862069e+001 2.99936857e+001 2.14918926e+000 -2.58515851e-002 1.87429424e+000 1.05199995e+000 4.11718667e-001
 1.16120690e+001 2.99941299e+001 2.14296941e+000 -2.39104416e-002 1.86792882e+000 1.05058629e+000 4.13097118e-001
 1.16379310e+001 2.99945428e+001 2.13252487e+000 -2.25554801e-002 1.85819814e+000 1.04655184e+000 4.12510514e-001
 1.16637931e+001 2.99949269e+001 2.12438085e+000 -1.99432454e-002 1.84983192e+000 1.04475528e+000 4.13526617e-001
 1.16896552e+001 2.99952839e+001 2.11811020e+000 -1.79670097e-002 1.84340663e+000 1.04334348e+000 4.14829239e-001
 1.17155172e+001 2.99956158e+001 2.10705816e+000 -1.61007609e-002 1.83289582e+000 1.03944517e+000 4.14553397e-001
 1.17413793e+001 2.99959245e+001 2.10066851e+000 -1.39630553e-002 1.82628767e+000 1.03811199e+000 4.15670044e-001
 1.17672414e+001 2.99962114e+001 2.08992634e+000 -1.24398587e-002 1.81621761e+000 1.03406984e+000 4.15752121e-001
 1.17931034e+001 2.99964782e+001 2.07612597e+000 -1.03833123e-002 1.80323274e+000 1.02895994e+000 4.14723555e-001
 1.18189655e+001 2.99967262e+001 2.06884448e+000 -8.63364492e-003 1.79604737e+000 1.02684266e+000 4.15805049e-001
 1.18448276e+001 2.99969567e+001 2.05678354e+000 -7.05603868e-003 1.78480911e+000 1.02218626e+000 4.15229537e-001
 1.18706897e+001 2.99971711e+001 2.04394718e+000 -5.31284514e-003 1.77281683e+000 1.01728500e+000 4.13908508e-001
 1.18965517e+001 2.99973703e+001 2.03562770e+000 -3.46038248e-003 1.76468207e+000 1.01473608e+000 4.14531820e-001
 1.19224138e+001 2.99975556e+001 2.01831115e+000 -2.33788248e-003 1.74912064e+000 1.00705629e+000 4.12396068e-001
 1.19482759e+001 2.99977278e+001 2.00556889e+000 -7.32443175e-004 1.73727957e+000 1.00208123e+000 4.10859761e-001
 1.19741379e+001 2.99978879e+001 1.99701779e+000 1.06583864e-003 1.72897206e+000 9.99368202e-001 4.10870190e-001
 1.20000000e+001 2.99980367e+001 1.97945214e+000 2.06604368e-003 1.71325679e+000 9.91456607e-001 4.08425030e-001
 1.20258621e+001 2.99981750e+001 1.97100558e+000 4.03291724e-003 1.70495595e+000 9.88941093e-001 4.08087061e-001
 1.20517241e+001 2.99983036e+001 1.94968742e+000 4.90649048e-003 1.68605458e+000 9.79042935e-001 4.04328791e-001
 1.20775862e+001 2.99984232e+001 1.93746975e+000 6.12359950e-003 1.67486303e+000 9.73991973e-001 4.02884187e-001
 1.21034483e+001 2.99985343e+001 1.91667925e+000 7.32370542e-003 1.65625575e+000 9.64639770e-001 3.99439831e-001
 1.21293103e+001 2.99986376e+001 1.91115099e+000 8.90797889e-003 1.65067422e+000 9.63250780e-001 3.99729575e-001
 1.21551724e+001 2.99987336e+001 1.88641379e+000 9.88324589e-003 1.62876168e+000 9.51730037e-001 3.94885783e-001
 1.21810345e+001 2.99988228e+001 1.87289232e+000 1.09776889e-002 1.61650291e+000 9.45919904e-001 3.92385282e-001
 1.22068966e+001 2.99989058e+001 1.85519745e+000 1.20478789e-002 1.60064209e+000 9.38001926e-001 3.89473985e-001
 1.22327586e+001 2.99989829e+001 1.83894933e+000 1.29841845e-002 1.58610126e+000 9.30691142e-001 3.86574665e-001
 1.22586207e+001 2.99990546e+001 1.81846122e+000 1.43946482e-002 1.56765150e+000 9.21670877e-001 3.82791417e-001
 1.22844828e+001 2.99991213e+001 1.80744379e+000 1.49840900e-002 1.55781425e+000 9.16674606e-001 3.80884455e-001
 1.23103448e+001 2.99991832e+001 1.77874270e+000 1.59205502e-002 1.53248896e+000 9.03137103e-001 3.74919501e-001
 1.23362069e+001 2.99992408e+001 1.77053476e+000 1.72507603e-002 1.52471463e+000 9.00186773e-001 3.74283873e-001
 1.23620690e+001 2.99992943e+001 1.74880603e+000 1.79477924e-002 1.50554752e+000 8.89927717e-001 3.69703119e-001
 1.23879310e+001 2.99993441e+001 1.73170190e+000 1.88763741e-002 1.49026975e+000 8.82181308e-001 3.66335344e-001
 1.24137931e+001 2.99993903e+001 1.71139250e+000 1.98804218e-002 1.47217846e+000 8.72897535e-001 3.62254120e-001
 1.24396552e+001 2.99994333e+001 1.69701968e+000 2.06615794e-002 1.45933993e+000 8.66388856e-001 3.59566461e-001
 1.24655172e+001 2.99994732e+001 1.67516072e+000 2.17710756e-002 1.43985407e+000 8.56421426e-001 3.55189256e-001
 1.24913793e+001 2.99995104e+001 1.66040505e+000 2.22694114e-002 1.42682551e+000 8.49476207e-001 3.52296797e-001
 1.25172414e+001 2.99995449e+001 1.64328122e+000 2.32388372e-002 1.41151055e+000 8.41754820e-001 3.48793188e-001
 1.25431034e+001 2.99995770e+001 1.62761127e+000 2.43200197e-002 1.39739886e+000 8.34857072e-001 3.46079264e-001
 1.25689655e+001 2.99996068e+001 1.60905125e+000 2.47657593e-002 1.38110205e+000 8.25963923e-001 3.42352326e-001
 1.25948276e+001 2.99996345e+001 1.58976776e+000 2.53684792e-002 1.36410024e+000 8.16844926e-001 3.38178369e-001
 1.26206897e+001 2.99996603e+001 1.57911222e+000 2.64563451e-002 1.35432794e+000 8.12459947e-001 3.36565566e-001
 1.26465517e+001 2.99996842e+001 1.55909244e+000 2.69768921e-002 1.33672964e+000 8.02901525e-001 3.32575514e-001
 1.26724138e+001 2.99997065e+001 1.54593800e+000 2.77592407e-002 1.32494604e+000 7.97002419e-001 3.30363913e-001
 1.26982759e+001 2.99997272e+001 1.52496293e+000 2.78735220e-002 1.30672362e+000 7.86614421e-001 3.25579823e-001
 1.27241379e+001 2.99997464e+001 1.51347018e+000 2.84873235e-002 1.29646342e+000 7.81400097e-001 3.23353440e-001
 1.27500000e+001 2.99997643e+001 1.49933090e+000 2.93874948e-002 1.28376809e+000 7.75110485e-001 3.20670582e-001
 1.27758621e+001 2.99997809e+001 1.48613862e+000 2.98326160e-002 1.27212043e+000 7.68900251e-001 3.18101938e-001
 1.28017241e+001 2.99997964e+001 1.47101371e+000 3.02310145e-002 1.25882245e+000 7.61683210e-001 3.14738713e-001
 1.28275862e+001 2.99998107e+001 1.45458690e+000 3.01265286e-002 1.24464844e+000 7.53379679e-001 3.10624900e-001
 1.28534483e+001 2.99998241e+001 1.44244698e+000 3.05995688e-002 1.23389824e+000 7.47719707e-001 3.07959233e-001
 1.28793103e+001 2.99998365e+001 1.42944746e+000 3.09809907e-002 1.22244943e+000 7.41550566e-001 3.05089023e-001
 1.29051724e+001 2.99998480e+001 1.42120287e+000 3.14819534e-002 1.21505877e+000 7.37862383e-001 3.03465596e-001
 1.29310345e+001 2.99998587e+001 1.40477103e+000 3.11948713e-002 1.20097176e+000 7.29398104e-001 2.99197813e-001
 1.29568966e+001 2.99998687e+001 1.39182280e+000 3.12328784e-002 1.18973912e+000 7.22957138e-001 2.95783638e-001
 1.29827586e+001 2.99998779e+001 1.38013412e+000 3.12870314e-002 1.17958922e+000 7.17159912e-001 2.92913872e-001
 1.30086207e+001 2.99998866e+001 1.37125151e+000 3.13743305e-002 1.17185289e+000 7.12794401e-001 2.90413314e-001
 1.30344828e+001 2.99998946e+001 1.35884786e+000 3.11989550e-002 1.16119859e+000 7.06440880e-001 2.86882716e-001
 1.30603448e+001 2.99999020e+001 1.34680833e+000 3.06794456e-002 1.15103170e+000 6.99971373e-001 2.83034053e-001
 1.30862069e+001 2.99999089e+001 1.33777529e+000 3.08203473e-002 1.14313832e+000 6.95577029e-001 2.80613906e-001
 1.31120690e+001 2.99999153e+001 1.32886326e+000 3.03805161e-002 1.13564010e+000 6.90740249e-001 2.77581187e-001
 1.31379310e+001 2.99999213e+001 1.31874370e+000 3.02572874e-002 1.12693784e+000 6.85573880e-001 2.74224005e-001
 1.31637931e+001 2.99999268e+001 1.30596790e+000 2.94838449e-002 1.11626032e+000 6.78516284e-001 2.70192306e-001
 1.31896552e+001 2.99999320e+001 1.29761670e+000 2.88330025e-002 1.10935333e+000 6.73777147e-001 2.66592956e-001
 1.32155172e+001 2.99999368e+001 1.29029073e+000 2.85651900e-002 1.10314270e+000 6.69882329e-001 2.64114804e-001
 1.32413793e+001 2.99999413e+001 1.28172076e+000 2.78305738e-002 1.09608813e+000 6.64961241e-001 2.60773790e-001
 1.32672414e+001 2.99999454e+001 1.27641838e+000 2.76049719e-002 1.09160889e+000 6.62114759e-001 2.58365530e-001
 1.32931034e+001 2.99999492e+001 1.26625781e+000 2.59646589e-002 1.08362968e+000 6.55614000e-001 2.54179646e-001
 1.33189655e+001 2.99999528e+001 1.26024746e+000 2.54972303e-002 1.07865824e+000 6.52204092e-001 2.51225083e-001
 1.33448276e+001 2.99999562e+001 1.25314287e+000 2.48206498e-002 1.07284373e+000 6.48065925e-001 2.47924179e-001
 1.33706897e+001 2.99999592e+001 1.24440930e+000 2.34753187e-002 1.06595287e+000 6.42534115e-001 2.43277895e-001
 1.33965517e+001 2.99999621e+001 1.24499971e+000 2.32606780e-002 1.06657146e+000 6.42643488e-001 2.41930213e-001
 1.34224138e+001 2.99999648e+001 1.23633398e+000 2.16907960e-002 1.05985162e+000 6.36951117e-001 2.37787169e-001
 1.34482759e+001 2.99999673e+001 1.23577448e+000 2.09598887e-002 1.05973252e+000 6.36038433e-001 2.35956900e-001
 1.34741379e+001 2.99999696e+001 1.22420950e+000 1.94464179e-002 1.05047365e+000 6.28945285e-001 2.31303149e-001
 1.35000000e+001 2.99999717e+001 1.22606462e+000 1.85926360e-002 1.05250710e+000 6.29133485e-001 2.29766945e-001
 1.35258621e+001 2.99999737e+001 1.22374821e+000 1.78033892e-002 1.05089563e+000 6.27291809e-001 2.27471469e-001
 1.35517241e+001 2.99999756e+001 1.21622585e+000 1.59208477e-002 1.04532232e+000 6.21900338e-001 2.22795742e-001
 1.35775862e+001 2.99999773e+001 1.22072490e+000 1.53875866e-002 1.04948523e+000 6.23688076e-001 2.22331680e-001
 1.36034483e+001 2.99999789e+001 1.21635593e+000 1.37112978e-002 1.04653971e+000 6.20051911e-001 2.18924459e-001
 1.36293103e+001 2.99999804e+001 1.21180090e+000 1.25114606e-002 1.04319485e+000 6.16735337e-001 2.15494326e-001
 1.36551724e+001 2.99999818e+001 1.21959929e+000 1.18707977e-002 1.05026877e+000 6.20079723e-001 2.15385695e-001
 1.36810345e+001 2.99999831e+001 1.21346474e+000 1.00999801e-002 1.04584149e+000 6.15478901e-001 2.11638861e-001
 1.37068966e+001 2.99999842e+001 1.21809292e+000 9.38526408e-003 1.05020695e+000 6.17174050e-001 2.10974109e-001
 1.37327586e+001 2.99999854e+001 1.21482675e+000 7.45759673e-003 1.04834219e+000 6.13871576e-001 2.08022022e-001
 1.37586207e+001 2.99999864e+001 1.22198187e+000 6.34508400e-003 1.05509494e+000 6.16485686e-001 2.07673411e-001
 1.37844828e+001 2.99999873e+001 1.22184107e+000 5.43984606e-003 1.05542562e+000 6.15631346e-001 2.06114011e-001
 1.38103448e+001 2.99999882e+001 1.22255557e+000 3.40606701e-003 1.05706128e+000 6.14227311e-001 2.03944326e-001
 1.38362069e+001 2.99999891e+001 1.22689061e+000 2.38607033e-003 1.06132552e+000 6.15511499e-001 2.03163630e-001
 1.38620690e+001 2.99999898e+001 1.23339280e+000 1.42276198e-003 1.06743822e+000 6.17928356e-001 2.02884138e-001
 1.38879310e+001 2.99999906e+001 1.23170214e+000 -3.53667484e-004 1.06686228e+000 6.15544610e-001 1.99823890e-001
 1.39137931e+001 2.99999912e+001 1.24452466e+000 -8.61139740e-004 1.07822064e+000 6.21516398e-001 2.01348702e-001
 1.39396552e+001 2.99999918e+001 1.24591232e+000 -2.37117706e-003 1.08017740e+000 6.20902507e-001 1.99891824e-001
 1.39655172e+001 2.99999924e+001 1.25564466e+000 -3.51341718e-003 1.08917697e+000 6.24779478e-001 2.00703131e-001
 1.39913793e+001 2.99999930e+001 1.26112994e+000 -4.63558706e-003 1.09448844e+000 6.26550299e-001 2.00905261e-001
 1.40172414e+001 2.99999934e+001 1.26674141e+000 -6.19147069e-003 1.10012605e+000 6.28008608e-001 2.00570061e-001
 1.40431034e+001 2.99999939e+001 1.27862080e+000 -7.04691801e-003 1.11084162e+000 6.33207471e-001 2.02211982e-001
 1.40689655e+001 2.99999943e+001 1.28059141e+000 -8.82103340e-003 1.11343527e+000 6.32656355e-001 2.00924372e-001
 1.40948276e+001 2.99999947e+001 1.28910968e+000 -9.70481604e-003 1.12125420e+000 6.36150121e-001 2.01589997e-001
 1.41206897e+001 2.99999951e+001 1.29861487e+000 -1.04967748e-002 1.12988191e+000 6.40216866e-001 2.02759403e-001
 1.41465517e+001 2.99999955e+001 1.30536817e+000 -1.18370949e-002 1.13640060e+000 6.42432772e-001 2.02751288e-001
 1.41724138e+001 2.99999958e+001 1.31794066e+000 -1.25421108e-002 1.14764120e+000 6.48108461e-001 2.04879624e-001
 1.41982759e+001 2.99999961e+001 1.32603402e+000 -1.37940370e-002 1.15527621e+000 6.51070945e-001 2.05973905e-001
 1.42241379e+001 2.99999964e+001 1.34089324e+000 -1.45750200e-002 1.16853516e+000 6.57824207e-001 2.08597472e-001
 1.42500000e+001 2.99999966e+001 1.34721163e+000 -1.55275452e-002 1.17448331e+000 6.60158496e-001 2.09271101e-001
 1.42758621e+001 2.99999968e+001 1.35940655e+000 -1.64738288e-002 1.18551756e+000 6.65436455e-001 2.11518762e-001
 1.43017241e+001 2.99999971e+001 1.36748877e+000 -1.71432180e-002 1.19285166e+000 6.68897864e-001 2.13022252e-001
 1.43275862e+001 2.99999973e+001 1.37749243e+000 -1.83668449e-002 1.20212689e+000 6.72840001e-001 2.14503806e-001
 1.43534483e+001 2.99999975e+001 1.38929371e+000 -1.88625331e-002 1.21259494e+000 6.78311368e-001 2.16714739e-001
 1.43793103e+001 2.99999976e+001 1.39937624e+000 -1.96386364e-002 1.22171472e+000 6.82680513e-001 2.18579318e-001
 1.44051724e+001 2.99999978e+001 1.41141039e+000 -2.00947555e-002 1.23236465e+000 6.88302577e-001 2.20916700e-001
 1.44310345e+001 2.99999980e+001 1.42109092e+000 -2.09125869e-002 1.24115716e+000 6.92434585e-001 2.23047920e-001
 1.44568966e+001 2.99999981e+001 1.43711229e+000 -2.12490128e-002 1.25520028e+000 7.00153918e-001 2.26983413e-001
 1.44827586e+001 2.99999982e+001 1.44884077e+000 -2.18429713e-002 1.26565442e+000 7.05503781e-001 2.29764101e-001
 1.45086207e+001 2.99999984e+001 1.45592136e+000 -2.24595906e-002 1.27209470e+000 7.08510069e-001 2.31464906e-001
 1.45344828e+001 2.99999985e+001 1.46947830e+000 -2.26881714e-002 1.28394964e+000 7.15090583e-001 2.34837531e-001
 1.45603448e+001 2.99999986e+001 1.48192071e+000 -2.30454872e-002 1.29490374e+000 7.21002345e-001 2.38246608e-001
 1.45862069e+001 2.99999987e+001 1.49096135e+000 -2.34158965e-002 1.30291837e+000 7.25201882e-001 2.40333462e-001
 1.46120690e+001 2.99999988e+001 1.50303702e+000 -2.38151435e-002 1.31357583e+000 7.30893962e-001 2.43250641e-001
 1.46379310e+001 2.99999989e+001 1.51518314e+000 -2.38424449e-002 1.32410833e+000 7.36943383e-001 2.46695741e-001
 1.46637931e+001 2.99999989e+001 1.52304467e+000 -2.38577600e-002 1.33092427e+000 7.40860885e-001 2.49067610e-001
 1.46896552e+001 2.99999990e+001 1.53546067e+000 -2.38505876e-002 1.34167325e+000 7.47075096e-001 2.52747171e-001
 1.47155172e+001 2.99999991e+001 1.54558807e+000 -2.40084457e-002 1.35052277e+000 7.52002092e-001 2.55897046e-001
 1.47413793e+001 2.99999992e+001 1.55686152e+000 -2.37399576e-002 1.36015162e+000 7.57871336e-001 2.59539571e-001
 1.47672414e+001 2.99999992e+001 1.56742258e+000 -2.37656411e-002 1.36931060e+000 7.63129622e-001 2.62916686e-001
 1.47931034e+001 2.99999993e+001 1.57661924e+000 -2.35681606e-002 1.37717641e+000 7.67898978e-001 2.66029887e-001
 1.48189655e+001 2.99999993e+001 1.58464080e+000 -2.33504420e-002 1.38401442e+000 7.72098309e-001 2.69145565e-001
 1.48448276e+001 2.99999994e+001 1.59254051e+000 -2.29973098e-002 1.39067921e+000 7.76353987e-001 2.72240321e-001
 1.48706897e+001 2.99999994e+001 1.59991052e+000 -2.24764134e-002 1.39680137e+000 7.80490099e-001 2.75180822e-001
 1.48965517e+001 2.99999995e+001 1.61061546e+000 -2.19056480e-002 1.40578674e+000 7.86336870e-001 2.78959375e-001
 1.49224138e+001 2.99999995e+001 1.61266315e+000 -2.15591591e-002 1.40738684e+000 7.87660782e-001 2.80578555e-001
 1.49482759e+001 2.99999995e+001 1.62313801e+000 -2.09033403e-002 1.41613043e+000 7.93466170e-001 2.84497174e-001
 1.49741379e+001 2.99999996e+001 1.62672924e+000 -2.03951489e-002 1.41898643e+000 7.95701893e-001 2.86689953e-001
 1.50000000e+001 2.99999996e+001 1.63379638e+000 -1.96710259e-002 1.42474469e+000 7.99862574e-001 2.89966794e-001
 1.50258621e+001 2.99999996e+001 1.63771743e+000 -1.87864566e-002 1.42769813e+000 8.02589158e-001 2.92731668e-001
 1.50517241e+001 2.99999996e+001 1.64353638e+000 -1.79907950e-002 1.43233966e+000 8.06187693e-001 2.95582826e-001
 1.50775862e+001 2.99999997e+001 1.64649687e+000 -1.71006075e-002 1.43445843e+000 8.08438867e-001 2.97746357e-001
 1.51034483e+001 2.99999997e+001 1.64868068e+000 -1.62812440e-002 1.43593998e+000 8.10240360e-001 3.00084174e-001
 1.51293103e+001 2.99999997e+001 1.65105069e+000 -1.52558668e-002 1.43747978e+000 8.12313371e-001 3.02249694e-001
 1.51551724e+001 2.99999997e+001 1.65039097e+000 -1.42086195e-002 1.43638482e+000 8.12890452e-001 3.03817648e-001
 1.51810345e+001 2.99999998e+001 1.65063616e+000 -1.31493339e-002 1.43606752e+000 8.13930419e-001 3.05585739e-001
 1.52068966e+001 2.99999998e+001 1.65088613e+000 -1.20464693e-002 1.43573256e+000 8.15010511e-001 3.07258780e-001
 1.52327586e+001 2.99999998e+001 1.65129450e+000 -1.07022349e-002 1.43541411e+000 8.16378839e-001 3.09116393e-001
 1.52586207e+001 2.99999998e+001 1.64885507e+000 -9.51068415e-003 1.43270573e+000 8.16191038e-001 3.10590405e-001
 1.52844828e+001 2.99999998e+001 1.64711092e+000 -8.26741754e-003 1.43057361e+000 8.16395663e-001 3.12238986e-001
 1.53103448e+001 2.99999998e+001 1.64611202e+000 -6.93923847e-003 1.42904445e+000 8.17046451e-001 3.13901992e-001
 1.53362069e+001 2.99999998e+001 1.64119014e+000 -5.77866069e-003 1.42420169e+000 8.15590600e-001 3.14547949e-001
 1.53620690e+001 2.99999999e+001 1.63778521e+000 -4.44541585e-003 1.42058631e+000 8.15042758e-001 3.15676792e-001
 1.53879310e+001 2.99999999e+001 1.63298421e+000 -3.08244623e-003 1.41574703e+000 8.13822624e-001 3.16253544e-001
 1.54137931e+001 2.99999999e+001 1.62918453e+000 -1.63027008e-003 1.41173033e+000 8.13180405e-001 3.17346816e-001
 1.54396552e+001 2.99999999e+001 1.62228310e+000 -3.71785983e-004 1.40512427e+000 8.10819569e-001 3.17488139e-001
 1.54655172e+001 2.99999999e+001 1.61596670e+000 1.03002637e-003 1.39895320e+000 8.08875374e-001 3.17906516e-001
 1.54913793e+001 2.99999999e+001 1.61252925e+000 2.50061200e-003 1.39524099e+000 8.08430214e-001 3.19222458e-001
 1.55172414e+001 2.99999999e+001 1.60602402e+000 3.69262360e-003 1.38901129e+000 8.06209912e-001 3.19378202e-001
 1.55431034e+001 2.99999999e+001 1.59709216e+000 5.15047523e-003 1.38054714e+000 8.03006519e-001 3.18771076e-001
 1.55689655e+001 2.99999999e+001 1.59314643e+000 6.31241846e-003 1.37654908e+000 8.02039930e-001 3.19644595e-001
 1.55948276e+001 2.99999999e+001 1.58762962e+000 7.79578842e-003 1.37102969e+000 8.00566157e-001 3.20086338e-001
 1.56206897e+001 2.99999999e+001 1.58068623e+000 9.11764167e-003 1.36435561e+000 7.98239225e-001 3.20250907e-001
 1.56465517e+001 2.99999999e+001 1.57300398e+000 1.02281003e-002 1.35714736e+000 7.95359784e-001 3.19922632e-001
 1.56724138e+001 2.99999999e+001 1.56715595e+000 1.14285743e-002 1.35148258e+000 7.93475411e-001 3.20029160e-001
 1.56982759e+001 2.99999999e+001 1.56005726e+000 1.25026924e-002 1.34479787e+000 7.90856277e-001 3.19753740e-001
 1.57241379e+001 2.99999999e+001 1.55180447e+000 1.34514236e-002 1.33717638e+000 7.87551510e-001 3.19399423e-001
 1.57500000e+001 3.00000000e+001 1.54829027e+000 1.45326362e-002 1.33359239e+000 7.86730767e-001 3.20068053e-001
 1.57758621e+001 3.00000000e+001 1.53898744e+000 1.53213541e-002 1.32514154e+000 7.82762402e-001 3.18861220e-001
 1.58017241e+001 3.00000000e+001 1.53668854e+000 1.63554534e-002 1.32263359e+000 7.82508507e-001 3.19514519e-001
 1.58275862e+001 3.00000000e+001 1.53017903e+000 1.72902171e-002 1.31652880e+000 7.80063281e-001 3.18971814e-001
 1.58534483e+001 3.00000000e+001 1.52192792e+000 1.78402365e-002 1.30910813e+000 7.76414060e-001 3.17775104e-001
 1.58793103e+001 3.00000000e+001 1.51527031e+000 1.83758136e-002 1.30307468e+000 7.73549078e-001 3.16959933e-001
 1.59051724e+001 3.00000000e+001 1.50710062e+000 1.87339495e-002 1.29582045e+000 7.69774386e-001 3.15479934e-001
 1.59310345e+001 3.00000000e+001 1.50497562e+000 1.95748361e-002 1.29355970e+000 7.69440114e-001 3.15738002e-001
 1.59568966e+001 3.00000000e+001 1.49696612e+000 1.97170666e-002 1.28655216e+000 7.65558541e-001 3.14215626e-001
 1.59827586e+001 3.00000000e+001 1.49086460e+000 2.00861551e-002 1.28108354e+000 7.62827419e-001 3.13100769e-001
 1.60086207e+001 3.00000000e+001 1.48815582e+000 2.03617126e-002 1.27859989e+000 7.61711671e-001 3.12828878e-001
 1.60344828e+001 3.00000000e+001 1.47947085e+000 2.03847011e-002 1.27106699e+000 7.57389092e-001 3.10645210e-001
 1.60603448e+001 3.00000000e+001 1.47405969e+000 2.03813970e-002 1.26638244e+000 7.54680652e-001 3.09108405e-001
 1.60862069e+001 3.00000000e+001 1.46850588e+000 2.03578780e-002 1.26158446e+000 7.51883381e-001 3.07516573e-001
 1.61120690e+001 3.00000000e+001 1.46416918e+000 2.03131461e-002 1.25785113e+000 7.49676291e-001 3.05865191e-001
 1.61379310e+001 3.00000000e+001 1.45459540e+000 1.98785063e-002 1.24977732e+000 7.44512993e-001 3.02829604e-001
 1.61637931e+001 3.00000000e+001 1.45156166e+000 2.00748709e-002 1.24705184e+000 7.43166179e-001 3.01253632e-001
 1.61896552e+001 3.00000000e+001 1.44279061e+000 1.94250785e-002 1.23978079e+000 7.38217919e-001 2.98230731e-001
 1.62155172e+001 3.00000000e+001 1.43490435e+000 1.90104790e-002 1.23315838e+000 7.33915732e-001 2.95256205e-001
 1.62413793e+001 3.00000000e+001 1.43510447e+000 1.88110494e-002 1.23343140e+000 7.33843082e-001 2.94515155e-001
 1.62672414e+001 3.00000000e+001 1.42170214e+000 1.76613768e-002 1.22239948e+000 7.26146271e-001 2.89817737e-001
 1.62931034e+001 3.00000000e+001 1.42315202e+000 1.75108321e-002 1.22373039e+000 7.26740835e-001 2.89379053e-001
 1.63189655e+001 3.00000000e+001 1.41662243e+000 1.68669877e-002 1.21839752e+000 7.22918455e-001 2.86378609e-001
