   1.2931034e-02   4.0426206e-01   2.6915779e-01   4.3894751e-02   2.6884139e-01   4.5792741e-02   6.8173870e-02
   2.5862069e-02   4.0847187e-01   2.6687076e-01   4.2957204e-02   2.6655773e-01   4.4858666e-02   6.1783220e-02
   3.8793103e-02   4.1271851e-01   2.2467544e-01   2.6125083e-02   2.2448142e-01   2.7742795e-02   4.9633330e-02
   5.1724138e-02   4.1700218e-01   1.7133146e-01   1.8521651e-02   1.7119212e-01   1.9768110e-02   2.9469324e-02
   6.4655172e-02   4.2132305e-01   1.8518811e-01   2.7934493e-02   1.8497769e-01   2.9295502e-02   3.6949374e-02
   7.7586207e-02   4.2568132e-01   1.9797713e-01   2.2796656e-02   1.9780230e-01   2.4266893e-02   3.5576634e-02
   9.0517241e-02   4.3007718e-01   2.0168819e-01   1.7862439e-02   2.0154843e-01   1.9375846e-02   3.2316503e-02
   1.0344828e-01   4.3451081e-01   1.8277374e-01   2.1248006e-02   1.8260735e-01   2.2633473e-02   3.1531498e-02
   1.1637931e-01   4.3898239e-01   1.6350203e-01   2.6836234e-02   1.6329162e-01   2.8088136e-02   2.7679648e-02
   1.2931034e-01   4.4349212e-01   1.9659351e-01   3.2738089e-02   1.9633422e-01   3.4258805e-02   3.8983482e-02
   1.4224138e-01   4.4804017e-01   1.8695980e-01   2.2999492e-02   1.8677423e-01   2.4460758e-02   2.8883524e-02
   1.5517241e-01   4.5262673e-01   2.0991929e-01   2.2620634e-02   2.0973404e-01   2.4278237e-02   3.7767956e-02
   1.6810345e-01   4.5725198e-01   1.8034873e-01   1.9900899e-02   1.8018417e-01   2.1339532e-02   2.5275094e-02
   1.8103448e-01   4.6191609e-01   1.9315553e-01   2.5561877e-02   1.9294318e-01   2.7118241e-02   3.3277877e-02
   1.9396552e-01   4.6661924e-01   1.8545250e-01   2.2195177e-02   1.8526559e-01   2.3704757e-02   2.5833701e-02
   2.0689655e-01   4.7136159e-01   2.1261144e-01   2.4793461e-02   2.1240028e-01   2.6541717e-02   3.5811907e-02
   2.1982759e-01   4.7614334e-01   2.0805901e-01   2.1699128e-02   2.0787150e-01   2.3427385e-02   3.0240463e-02
   2.3275862e-01   4.8096464e-01   2.1060223e-01   2.2113575e-02   2.1040919e-01   2.3880658e-02   3.2513872e-02
   2.4568966e-01   4.8582566e-01   2.0023225e-01   1.9609274e-02   2.0005878e-01   2.1306370e-02   2.6129752e-02
   2.5862069e-01   4.9072657e-01   2.1030705e-01   2.0839918e-02   2.1012085e-01   2.2640368e-02   2.8855520e-02
   2.7155172e-01   4.9566753e-01   2.2194187e-01   2.1549796e-02   2.2174714e-01   2.3468991e-02   3.1468547e-02
   2.8448276e-01   5.0064872e-01   2.2629072e-01   2.1539094e-02   2.2609388e-01   2.3515568e-02   3.1777767e-02
   2.9741379e-01   5.0567029e-01   2.2908915e-01   2.2159760e-02   2.2888466e-01   2.4180723e-02   3.2574171e-02
   3.1034483e-01   5.1073240e-01   2.2171883e-01   1.9914526e-02   2.2153250e-01   2.1890102e-02   2.7453666e-02
   3.2327586e-01   5.1583520e-01   2.3503516e-01   2.0907835e-02   2.3483740e-01   2.3022986e-02   3.1992992e-02
   3.3620690e-01   5.2097885e-01   2.3423621e-01   1.8991687e-02   2.3405384e-01   2.1120735e-02   2.8588664e-02
   3.4913793e-01   5.2616350e-01   2.4966668e-01   2.1230200e-02   2.4946119e-01   2.3522033e-02   3.4471754e-02
   3.6206897e-01   5.3138930e-01   2.4040738e-01   1.9150879e-02   2.4021943e-01   2.1379680e-02   2.8335817e-02
   3.7500000e-01   5.3665641e-01   2.5067647e-01   2.0946841e-02   2.5046928e-01   2.3293829e-02   3.2642503e-02
   3.8793103e-01   5.4196496e-01   2.4673381e-01   1.8686565e-02   2.4654602e-01   2.1019567e-02   2.8431892e-02
   4.0086207e-01   5.4731511e-01   2.6023388e-01   1.9751016e-02   2.6003333e-01   2.2235948e-02   3.2974211e-02
   4.1379310e-01   5.5270698e-01   2.5716174e-01   1.8215896e-02   2.5697405e-01   2.0695736e-02   2.9369223e-02
   4.2672414e-01   5.5814072e-01   2.6540133e-01   1.9121215e-02   2.6520247e-01   2.1705646e-02   3.1633515e-02
   4.3965517e-01   5.6361647e-01   2.6461827e-01   1.8466606e-02   2.6442381e-01   2.1068711e-02   2.9859567e-02
   4.5258621e-01   5.6913436e-01   2.7002093e-01   1.8526362e-02   2.6982358e-01   2.1207594e-02   3.0808848e-02
   4.6551724e-01   5.7469452e-01   2.7481250e-01   1.8330495e-02   2.7461482e-01   2.1085981e-02   3.1072496e-02
   4.7844828e-01   5.8029708e-01   2.7599834e-01   1.7583867e-02   2.7580610e-01   2.0378255e-02   2.9655081e-02
   4.9137931e-01   5.8594217e-01   2.8358730e-01   1.7936417e-02   2.8338905e-01   2.0835568e-02   3.1377220e-02
   5.0431034e-01   5.9162990e-01   2.8270021e-01   1.6895551e-02   2.8251068e-01   1.9813730e-02   2.9288771e-02
   5.1724138e-01   5.9736041e-01   2.9167241e-01   1.7669326e-02   2.9147235e-01   2.0709260e-02   3.1961624e-02
   5.3017241e-01   6.0313380e-01   2.8994981e-01   1.6395779e-02   2.8976115e-01   1.9447020e-02   2.8976366e-02
   5.4310345e-01   6.0895020e-01   2.9864794e-01   1.7225827e-02   2.9844800e-01   2.0398880e-02   3.1533079e-02
   5.5603448e-01   6.1480972e-01   2.9742106e-01   1.5839441e-02   2.9723397e-01   1.9029931e-02   2.8906688e-02
   5.6896552e-01   6.2071246e-01   3.0614919e-01   1.6523726e-02   3.0595222e-01   1.9839352e-02   3.1526437e-02
   5.8189655e-01   6.2665854e-01   3.0491702e-01   1.5378776e-02   3.0473058e-01   1.8712745e-02   2.8993686e-02
   5.9482759e-01   6.3264805e-01   3.1224741e-01   1.5868005e-02   3.1205317e-01   1.9314739e-02   3.0698025e-02
   6.0775862e-01   6.3868111e-01   3.1368524e-01   1.5021535e-02   3.1349831e-01   1.8517207e-02   2.9283935e-02
   6.2068966e-01   6.4475780e-01   3.2012882e-01   1.5128002e-02   3.1993832e-01   1.8729425e-02   3.0557563e-02
   6.3362069e-01   6.5087823e-01   3.2295598e-01   1.4591135e-02   3.2276939e-01   1.8258884e-02   2.9986086e-02
   6.4655172e-01   6.5704249e-01   3.2631426e-01   1.4337229e-02   3.2612839e-01   1.8078231e-02   2.9803270e-02
   6.5948276e-01   6.6325066e-01   3.3076401e-01   1.4152559e-02   3.3057803e-01   1.7980419e-02   2.9977544e-02
   6.7241379e-01   6.6950284e-01   3.3382265e-01   1.3585685e-02   3.3364112e-01   1.7485396e-02   2.9464497e-02
   6.8534483e-01   6.7579911e-01   3.4016382e-01   1.3666784e-02   3.3997897e-01   1.7677946e-02   3.0582372e-02
   6.9827586e-01   6.8213954e-01   3.4163673e-01   1.2852405e-02   3.4145950e-01   1.6918782e-02   2.9285006e-02
   7.1120690e-01   6.8852422e-01   3.4755034e-01   1.3037518e-02   3.4736857e-01   1.7212994e-02   3.0355293e-02
   7.2413793e-01   6.9495322e-01   3.4891859e-01   1.2149290e-02   3.4874556e-01   1.6380404e-02   2.8954343e-02
   7.3706897e-01   7.0142662e-01   3.5582589e-01   1.2310729e-02   3.5564852e-01   1.6665791e-02   3.0450305e-02
   7.5000000e-01   7.0794447e-01   3.5756536e-01   1.1477679e-02   3.5739625e-01   1.5894755e-02   2.9187270e-02
   7.6293103e-01   7.1450685e-01   3.6371473e-01   1.1600582e-02   3.6354178e-01   1.6135266e-02   3.0266558e-02
   7.7586207e-01   7.2111383e-01   3.6555699e-01   1.0836810e-02   3.6539165e-01   1.5436661e-02   2.9128426e-02
   7.8879310e-01   7.2776545e-01   3.7163236e-01   1.0785935e-02   3.7146538e-01   1.5505377e-02   3.0096577e-02
   8.0172414e-01   7.3446177e-01   3.7462651e-01   1.0139923e-02   3.7446575e-01   1.4941212e-02   2.9507759e-02
   8.1465517e-01   7.4120284e-01   3.7960982e-01   9.9315158e-03   3.7944958e-01   1.4841344e-02   2.9916201e-02
   8.2758621e-01   7.4798872e-01   3.8316971e-01   9.4658310e-03   3.8301349e-01   1.4467112e-02   2.9617879e-02
   8.4051724e-01   7.5481944e-01   3.8744678e-01   9.0806666e-03   3.8729353e-01   1.4183988e-02   2.9688111e-02
   8.5344828e-01   7.6169506e-01   3.9222603e-01   8.7765819e-03   3.9207470e-01   1.3989940e-02   2.9985951e-02
   8.6637931e-01   7.6861561e-01   3.9588942e-01   8.2369589e-03   3.9574330e-01   1.3546865e-02   2.9699879e-02
   8.7931034e-01   7.7558113e-01   4.0086655e-01   8.0078368e-03   4.0072143e-01   1.3433245e-02   3.0094801e-02
   8.9224138e-01   7.8259166e-01   4.0405835e-01   7.3571586e-03   4.0392017e-01   1.2875253e-02   2.9563518e-02
   9.0517241e-01   7.8964722e-01   4.0976398e-01   7.1628924e-03   4.0962635e-01   1.2809378e-02   3.0297306e-02
   9.1810345e-01   7.9674783e-01   4.1288481e-01   6.4963935e-03   4.1275455e-01   1.2237104e-02   2.9736446e-02
   9.3103448e-01   8.0389352e-01   4.1838207e-01   6.3115796e-03   4.1825234e-01   1.2180913e-02   3.0375346e-02
   9.4396552e-01   8.1108431e-01   4.2155106e-01   5.6375419e-03   4.2142902e-01   1.1604293e-02   2.9796129e-02
   9.5689655e-01   8.1832022e-01   4.2704499e-01   5.3802515e-03   4.2692459e-01   1.1478715e-02   3.0423402e-02
   9.6982759e-01   8.2560124e-01   4.3066181e-01   4.7557136e-03   4.3054857e-01   1.0960609e-02   3.0076148e-02
   9.8275862e-01   8.3292741e-01   4.3575900e-01   4.4491067e-03   4.3564828e-01   1.0783184e-02   3.0511578e-02
   9.9568966e-01   8.4029873e-01   4.3955406e-01   3.8630634e-03   4.3945014e-01   1.0308908e-02   3.0255099e-02
   1.0086207e+00   8.4771520e-01   4.4442878e-01   3.4586733e-03   4.4432897e-01   1.0033566e-02   3.0547447e-02
   1.0215517e+00   8.5517680e-01   4.4889765e-01   2.9519937e-03   4.4880359e-01   9.6515057e-03   3.0603612e-02
   1.0344828e+00   8.6268353e-01   4.5335827e-01   2.4679165e-03   4.5326973e-01   9.2934439e-03   3.0693025e-02
   1.0474138e+00   8.7023542e-01   4.5796886e-01   2.0127797e-03   4.5788547e-01   8.9681279e-03   3.0838651e-02
   1.0603448e+00   8.7783244e-01   4.6225418e-01   1.4500765e-03   4.6217771e-01   8.5318562e-03   3.0815278e-02
   1.0732759e+00   8.8547457e-01   4.6734476e-01   1.0222672e-03   4.6727316e-01   8.2444123e-03   3.1178116e-02
   1.0862069e+00   8.9316176e-01   4.7148090e-01   4.2694234e-04   4.7141696e-01   7.7763263e-03   3.1067272e-02
   1.0991379e+00   9.0089403e-01   4.7659780e-01   7.3246282e-06   4.7653877e-01   7.5008324e-03   3.1455554e-02
   1.1120690e+00   9.0867137e-01   4.8069506e-01  -6.1829753e-04   4.8064442e-01   7.0049514e-03   3.1322226e-02
   1.1250000e+00   9.1649375e-01   4.8591372e-01  -1.0463196e-03   4.8586829e-01   6.7260778e-03   3.1762262e-02
   1.1379310e+00   9.2436109e-01   4.9031198e-01  -1.6522276e-03   4.9027483e-01   6.2579184e-03   3.1722976e-02
   1.1508621e+00   9.3227337e-01   4.9542956e-01  -2.1236508e-03   4.9539854e-01   5.9375279e-03   3.2110882e-02
   1.1637931e+00   9.4023059e-01   4.9972420e-01  -2.7223149e-03   4.9970159e-01   5.4782174e-03   3.2085887e-02
   1.1767241e+00   9.4823270e-01   5.0485282e-01  -3.2306886e-03   5.0483715e-01   5.1245769e-03   3.2473605e-02
   1.1896552e+00   9.5627966e-01   5.0961374e-01  -3.8193508e-03   5.0960650e-01   4.6863561e-03   3.2623762e-02
   1.2025862e+00   9.6437141e-01   5.1453478e-01  -4.3572587e-03   5.1453524e-01   4.3033192e-03   3.2867181e-02
   1.2155172e+00   9.7250786e-01   5.1911980e-01  -4.9498120e-03   5.1912903e-01   3.8617392e-03   3.2990730e-02
   1.2284483e+00   9.8068898e-01   5.2407937e-01  -5.5220630e-03   5.2409712e-01   3.4485824e-03   3.3261709e-02
   1.2413793e+00   9.8891475e-01   5.2939286e-01  -6.0740377e-03   5.2941884e-01   3.0636380e-03   3.3654245e-02
   1.2543103e+00   9.9718513e-01   5.3427767e-01  -6.6932769e-03   5.3431324e-01   2.6059234e-03   3.3890851e-02
   1.2672414e+00   1.0055000e+00   5.3902682e-01  -7.2994749e-03   5.3907191e-01   2.1606991e-03   3.4117249e-02
   1.2801724e+00   1.0138592e+00   5.4384574e-01  -7.8708221e-03   5.4389987e-01   1.7533573e-03   3.4313675e-02
   1.2931034e+00   1.0222628e+00   5.4933802e-01  -8.5100887e-03   5.4940242e-01   1.2919537e-03   3.4811701e-02
   1.3060345e+00   1.0307108e+00   5.5468374e-01  -9.1522475e-03   5.5475863e-01   8.2706591e-04   3.5138802e-02
   1.3189655e+00   1.0392030e+00   5.5976595e-01  -9.7137908e-03   5.5985005e-01   4.4001347e-04   3.5528014e-02
   1.3318966e+00   1.0477394e+00   5.6426590e-01  -1.0362057e-02   5.6436104e-01  -4.2450456e-05   3.5609478e-02
   1.3448276e+00   1.0563197e+00   5.6979545e-01  -1.0948825e-02   5.6990046e-01  -4.4266454e-04   3.6140602e-02
   1.3577586e+00   1.0649440e+00   5.7580089e-01  -1.1667019e-02   5.7591827e-01  -9.6333616e-04   3.6768651e-02
   1.3706897e+00   1.0736123e+00   5.8164537e-01  -1.2240715e-02   5.8177261e-01  -1.3402928e-03   3.7344852e-02
   1.3836207e+00   1.0823243e+00   5.8597496e-01  -1.2889903e-02   5.8611389e-01  -1.8191227e-03   3.7344140e-02
   1.3965517e+00   1.0910800e+00   5.9085953e-01  -1.3501358e-02   5.9100949e-01  -2.2478880e-03   3.7625950e-02
   1.4094828e+00   1.0998793e+00   5.9732979e-01  -1.4136564e-02   5.9749109e-01  -2.6680132e-03   3.8433598e-02
   1.4224138e+00   1.1087222e+00   6.0384070e-01  -1.4917831e-02   6.0401630e-01  -3.2309345e-03   3.9336076e-02
   1.4353448e+00   1.1176085e+00   6.0889518e-01  -1.5558373e-02   6.0908281e-01  -3.6790883e-03   3.9624639e-02
   1.4482759e+00   1.1265380e+00   6.1341273e-01  -1.6132545e-02   6.1361134e-01  -4.0694067e-03   3.9779998e-02
   1.4612069e+00   1.1355107e+00   6.1925201e-01  -1.6862284e-02   6.1946456e-01  -4.5871910e-03   4.0381799e-02
   1.4741379e+00   1.1445266e+00   6.2683073e-01  -1.7589669e-02   6.2705701e-01  -5.0655744e-03   4.1608427e-02
   1.4870690e+00   1.1535854e+00   6.3301651e-01  -1.8205670e-02   6.3325474e-01  -5.4577734e-03   4.2244900e-02
   1.5000000e+00   1.1626871e+00   6.3757615e-01  -1.9108868e-02   6.3783262e-01  -6.1676686e-03   4.2318018e-02
   1.5129310e+00   1.1718314e+00   6.4304292e-01  -1.9650347e-02   6.4331030e-01  -6.4954376e-03   4.2865108e-02
   1.5258621e+00   1.1810183e+00   6.5001129e-01  -2.0356457e-02   6.5029277e-01  -6.9546208e-03   4.3965732e-02
   1.5387931e+00   1.1902478e+00   6.5784750e-01  -2.1061514e-02   6.5814306e-01  -7.3919972e-03   4.5125826e-02
   1.5517241e+00   1.1995197e+00   6.6428046e-01  -2.1738509e-02   6.6458997e-01  -7.8276723e-03   4.5921262e-02
   1.5646552e+00   1.2088337e+00   6.6801249e-01  -2.2545626e-02   6.6833945e-01  -8.4478412e-03   4.5742053e-02
   1.5775862e+00   1.2181898e+00   6.7408605e-01  -2.3386757e-02   6.7443089e-01  -9.0505223e-03   4.6361834e-02
   1.5905172e+00   1.2275879e+00   6.8320030e-01  -2.3723128e-02   6.8355173e-01  -9.0809284e-03   4.7989019e-02
   1.6034483e+00   1.2370279e+00   6.8996953e-01  -2.4655761e-02   6.9034101e-01  -9.7545849e-03   4.8911819e-02
   1.6163793e+00   1.2465095e+00   6.9556390e-01  -2.5490837e-02   6.9595382e-01  -1.0353522e-02   4.9307362e-02
   1.6293103e+00   1.2560326e+00   7.0063583e-01  -2.6226998e-02   7.0104238e-01  -1.0862655e-02   4.9536095e-02
   1.6422414e+00   1.2655971e+00   7.0734146e-01  -2.7203823e-02   7.0776975e-01  -1.1574107e-02   5.0356855e-02
   1.6551724e+00   1.2752029e+00   7.1656693e-01  -2.7706238e-02   7.1700605e-01  -1.1752428e-02   5.2072532e-02
   1.6681034e+00   1.2848498e+00   7.2261407e-01  -2.8385003e-02   7.2306886e-01  -1.2174705e-02   5.2515411e-02
   1.6810345e+00   1.2945377e+00   7.2742295e-01  -2.9255969e-02   7.2789824e-01  -1.2814546e-02   5.2778055e-02
   1.6939655e+00   1.3042664e+00   7.3404085e-01  -3.0179578e-02   7.3453762e-01  -1.3463684e-02   5.3425812e-02
   1.7068966e+00   1.3140357e+00   7.4140189e-01  -3.1120710e-02   7.4192058e-01  -1.4110521e-02   5.4476281e-02
   1.7198276e+00   1.3238455e+00   7.4884677e-01  -3.1887968e-02   7.4938361e-01  -1.4578545e-02   5.5496196e-02
   1.7327586e+00   1.3336956e+00   7.5583688e-01  -3.2358854e-02   7.5638528e-01  -1.4757774e-02   5.6324142e-02
   1.7456897e+00   1.3435859e+00   7.6178217e-01  -3.3273354e-02   7.6235292e-01  -1.5402053e-02   5.6833233e-02
   1.7586207e+00   1.3535162e+00   7.6797064e-01  -3.4029668e-02   7.6856018e-01  -1.5879850e-02   5.7480433e-02
   1.7715517e+00   1.3634863e+00   7.7656325e-01  -3.4930676e-02   7.7717455e-01  -1.6442402e-02   5.8686614e-02
   1.7844828e+00   1.3734961e+00   7.8247660e-01  -3.5962392e-02   7.8311379e-01  -1.7196305e-02   5.9065287e-02
   1.7974138e+00   1.3835454e+00   7.8878167e-01  -3.6589157e-02   7.8943516e-01  -1.7533298e-02   5.9635202e-02
   1.8103448e+00   1.3936340e+00   7.9557857e-01  -3.7471505e-02   7.9625458e-01  -1.8111072e-02   6.0212518e-02
   1.8232759e+00   1.4037617e+00   8.0211529e-01  -3.8542361e-02   8.0281876e-01  -1.8880723e-02   6.0902103e-02
   1.8362069e+00   1.4139285e+00   8.0925625e-01  -3.9040975e-02   8.0997319e-01  -1.9060527e-02   6.1788296e-02
   1.8491379e+00   1.4241340e+00   8.1735261e-01  -3.9463314e-02   8.1808093e-01  -1.9137240e-02   6.2924714e-02
   1.8620690e+00   1.4343782e+00   8.2307477e-01  -4.0594677e-02   8.2383302e-01  -1.9978743e-02   6.3085526e-02
   1.8750000e+00   1.4446608e+00   8.2988791e-01  -4.1470455e-02   8.3066965e-01  -2.0534624e-02   6.3752478e-02
   1.8879310e+00   1.4549816e+00   8.3776645e-01  -4.2070828e-02   8.3856458e-01  -2.0785125e-02   6.4751987e-02
   1.9008621e+00   1.4653406e+00   8.4377688e-01  -4.3117859e-02   8.4460356e-01  -2.1526502e-02   6.5043611e-02
   1.9137931e+00   1.4757374e+00   8.5064481e-01  -4.4137889e-02   8.5149938e-01  -2.2216059e-02   6.5586973e-02
   1.9267241e+00   1.4861720e+00   8.5817531e-01  -4.4758767e-02   8.5904748e-01  -2.2486345e-02   6.6369285e-02
   1.9396552e+00   1.4966441e+00   8.6497362e-01  -4.5377118e-02   8.6586372e-01  -2.2769915e-02   6.6894366e-02
   1.9525862e+00   1.5071535e+00   8.7179873e-01  -4.6423323e-02   8.7271815e-01  -2.3477424e-02   6.7275694e-02
   1.9655172e+00   1.5177001e+00   8.7912150e-01  -4.7024906e-02   8.8005859e-01  -2.3724202e-02   6.7965440e-02
   1.9784483e+00   1.5282836e+00   8.8620772e-01  -4.7554690e-02   8.8716079e-01  -2.3902243e-02   6.8450702e-02
   1.9913793e+00   1.5389039e+00   8.9294620e-01  -4.8419267e-02   8.9392447e-01  -2.4421099e-02   6.8795354e-02
   2.0043103e+00   1.5495607e+00   8.9973793e-01  -4.9436579e-02   9.0074575e-01  -2.5088111e-02   6.8887792e-02
   2.0172414e+00   1.5602540e+00   9.0714025e-01  -4.9804949e-02   9.0816002e-01  -2.5086684e-02   6.9407474e-02
   2.0301724e+00   1.5709834e+00   9.1394632e-01  -5.0494816e-02   9.1498712e-01  -2.5419635e-02   6.9654837e-02
   2.0431034e+00   1.5817488e+00   9.2085873e-01  -5.1280412e-02   9.2192335e-01  -2.5842208e-02   6.9831201e-02
   2.0560345e+00   1.5925499e+00   9.2814048e-01  -5.1989976e-02   9.2922686e-01  -2.6175329e-02   7.0038804e-02
   2.0689655e+00   1.6033867e+00   9.3577709e-01  -5.2456727e-02   9.3687848e-01  -2.6252467e-02   7.0423048e-02
   2.0818966e+00   1.6142589e+00   9.4344059e-01  -5.2882346e-02   9.4455589e-01  -2.6284255e-02   7.0694673e-02
   2.0948276e+00   1.6251662e+00   9.5062602e-01  -5.3450478e-02   9.5175953e-01  -2.6468561e-02   7.0686093e-02
   2.1077586e+00   1.6361084e+00   9.5711477e-01  -5.4035333e-02   9.5826737e-01  -2.6686147e-02   7.0361912e-02
   2.1206897e+00   1.6470855e+00   9.6391174e-01  -5.4454228e-02   9.6507867e-01  -2.6725912e-02   7.0090081e-02
   2.1336207e+00   1.6580972e+00   9.7112329e-01  -5.4740182e-02   9.7230059e-01  -2.6617600e-02   6.9889834e-02
   2.1465517e+00   1.6691432e+00   9.7845269e-01  -5.5011707e-02   9.7963991e-01  -2.6488069e-02   6.9669794e-02
   2.1594828e+00   1.6802234e+00   9.8569301e-01  -5.5275862e-02   9.8688996e-01  -2.6350367e-02   6.9269751e-02
   2.1724138e+00   1.6913375e+00   9.9261169e-01  -5.5472695e-02   9.9381652e-01  -2.6151474e-02   6.8749121e-02
   2.1853448e+00   1.7024854e+00   9.9943522e-01  -5.5593081e-02   1.0006457e+00  -2.5875717e-02   6.8144901e-02
   2.1982759e+00   1.7136669e+00   1.0061187e+00  -5.5674678e-02   1.0073337e+00  -2.5562129e-02   6.7454540e-02
   2.2112069e+00   1.7248817e+00   1.0124311e+00  -5.5724973e-02   1.0136497e+00  -2.5225226e-02   6.6626406e-02
   2.2241379e+00   1.7361296e+00   1.0183062e+00  -5.5723401e-02   1.0195270e+00  -2.4846665e-02   6.5686236e-02
   2.2370690e+00   1.7474104e+00   1.0235946e+00  -5.5707888e-02   1.0248173e+00  -2.4469169e-02   6.4588403e-02
   2.2500000e+00   1.7587240e+00   1.0282056e+00  -5.5679248e-02   1.0294301e+00  -2.4096665e-02   6.3384937e-02
   2.2629310e+00   1.7700700e+00   1.0326481e+00  -5.5606167e-02   1.0338730e+00  -2.3682543e-02   6.2242516e-02
   2.2758621e+00   1.7814483e+00   1.0364995e+00  -5.5527538e-02   1.0377247e+00  -2.3278907e-02   6.1119539e-02
   2.2887931e+00   1.7928587e+00   1.0400615e+00  -5.5506739e-02   1.0412889e+00  -2.2940015e-02   5.9901470e-02
   2.3017241e+00   1.8043010e+00   1.0425989e+00  -5.5487517e-02   1.0438291e+00  -2.2632957e-02   5.8501125e-02
   2.3146552e+00   1.8157749e+00   1.0444139e+00  -5.5438840e-02   1.0456461e+00  -2.2317758e-02   5.6983171e-02
   2.3275862e+00   1.8272803e+00   1.0458349e+00  -5.5451305e-02   1.0470712e+00  -2.2074935e-02   5.5487964e-02
   2.3405172e+00   1.8388169e+00   1.0473720e+00  -5.5523774e-02   1.0486143e+00  -2.1887214e-02   5.3909564e-02
   2.3534483e+00   1.8503847e+00   1.0491763e+00  -5.5539412e-02   1.0504225e+00  -2.1632874e-02   5.2579424e-02
   2.3663793e+00   1.8619832e+00   1.0518256e+00  -5.5560125e-02   1.0530755e+00  -2.1354853e-02   5.1598690e-02
   2.3793103e+00   1.8736123e+00   1.0559674e+00  -5.5533174e-02   1.0572185e+00  -2.0978761e-02   5.1207663e-02
   2.3922414e+00   1.8852718e+00   1.0606964e+00  -5.5456396e-02   1.0619466e+00  -2.0531311e-02   5.1215394e-02
   2.4051724e+00   1.8969614e+00   1.0678421e+00  -5.5365088e-02   1.0690896e+00  -1.9986851e-02   5.2133058e-02
   2.4181034e+00   1.9086811e+00   1.0768613e+00  -5.5174839e-02   1.0781015e+00  -1.9277629e-02   5.3996183e-02
   2.4310345e+00   1.9204305e+00   1.0881759e+00  -5.4899520e-02   1.0894044e+00  -1.8402214e-02   5.6816062e-02
   2.4439655e+00   1.9322095e+00   1.1019656e+00  -5.4554239e-02   1.1031784e+00  -1.7368220e-02   6.0680077e-02
   2.4568966e+00   1.9440178e+00   1.1171398e+00  -5.4182666e-02   1.1183348e+00  -1.6254748e-02   6.5303701e-02
   2.4698276e+00   1.9558551e+00   1.1338388e+00  -5.3762064e-02   1.1350131e+00  -1.5033411e-02   7.0688029e-02
   2.4827586e+00   1.9677214e+00   1.1522240e+00  -5.3261384e-02   1.1533734e+00  -1.3666675e-02   7.6763234e-02
   2.4956897e+00   1.9796165e+00   1.1708930e+00  -5.2790861e-02   1.1720178e+00  -1.2312084e-02   8.3173539e-02
   2.5086207e+00   1.9915400e+00   1.1904758e+00  -5.2261838e-02   1.1915729e+00  -1.0858937e-02   8.9998162e-02
   2.5215517e+00   2.0034917e+00   1.2097065e+00  -5.1695630e-02   1.2107743e+00  -9.3722024e-03   9.6910881e-02
   2.5344828e+00   2.0154715e+00   1.2290115e+00  -5.1156934e-02   1.2300503e+00  -7.9017392e-03   1.0383994e-01
   2.5474138e+00   2.0274793e+00   1.2477359e+00  -5.0589581e-02   1.2487446e+00  -6.4145074e-03   1.1066043e-01
   2.5603448e+00   2.0395147e+00   1.2658167e+00  -5.0019177e-02   1.2667950e+00  -4.9386820e-03   1.1726957e-01
   2.5732759e+00   2.0515774e+00   1.2829944e+00  -4.9402861e-02   1.2839406e+00  -3.4411105e-03   1.2360406e-01
   2.5862069e+00   2.0636674e+00   1.2988511e+00  -4.8822036e-02   1.2997668e+00  -2.0187393e-03   1.2943667e-01
   2.5991379e+00   2.0757844e+00   1.3132140e+00  -4.8220575e-02   1.3140988e+00  -6.2255121e-04   1.3476403e-01
   2.6120690e+00   2.0879284e+00   1.3263442e+00  -4.7574282e-02   1.3271969e+00   7.8021305e-04   1.3962795e-01
   2.6250000e+00   2.1000989e+00   1.3380658e+00  -4.6882146e-02   1.3388851e+00   2.1833431e-03   1.4400322e-01
   2.6379310e+00   2.1122957e+00   1.3484802e+00  -4.6202191e-02   1.3492669e+00   3.5317092e-03   1.4796918e-01
   2.6508621e+00   2.1245187e+00   1.3581881e+00  -4.5394753e-02   1.3589373e+00   4.9863148e-03   1.5176332e-01
   2.6637931e+00   2.1367677e+00   1.3675156e+00  -4.4512506e-02   1.3682244e+00   6.5062464e-03   1.5556007e-01
   2.6767241e+00   2.1490426e+00   1.3766494e+00  -4.3633923e-02   1.3773174e+00   8.0198447e-03   1.5934704e-01
   2.6896552e+00   2.1613429e+00   1.3852786e+00  -4.2661490e-02   1.3859020e+00   9.6127101e-03   1.6309758e-01
   2.7025862e+00   2.1736686e+00   1.3941076e+00  -4.1575944e-02   1.3946814e+00   1.1330486e-02   1.6707236e-01
   2.7155172e+00   2.1860196e+00   1.4029459e+00  -4.0393042e-02   1.4034656e+00   1.3150298e-02   1.7119605e-01
   2.7284483e+00   2.1983955e+00   1.4116720e+00  -3.9252638e-02   1.4121387e+00   1.4927745e-02   1.7540082e-01
   2.7413793e+00   2.2107961e+00   1.4210991e+00  -3.7930877e-02   1.4215046e+00   1.6917815e-02   1.8013713e-01
   2.7543103e+00   2.2232212e+00   1.4301451e+00  -3.6581541e-02   1.4304877e+00   1.8925320e-02   1.8495592e-01
   2.7672414e+00   2.2356707e+00   1.4394735e+00  -3.5236402e-02   1.4397524e+00   2.0944156e-02   1.8991110e-01
   2.7801724e+00   2.2481444e+00   1.4494351e+00  -3.3839520e-02   1.4496470e+00   2.3044177e-02   1.9536647e-01
   2.7931034e+00   2.2606420e+00   1.4587478e+00  -3.2432619e-02   1.4588918e+00   2.5133529e-02   2.0065487e-01
   2.8060345e+00   2.2731634e+00   1.4688842e+00  -3.0802133e-02   1.4689500e+00   2.7483603e-02   2.0659459e-01
   2.8189655e+00   2.2857083e+00   1.4790598e+00  -2.9319323e-02   1.4790523e+00   2.9692689e-02   2.1262056e-01
   2.8318966e+00   2.2982766e+00   1.4892166e+00  -2.7711716e-02   1.4891300e+00   3.2030749e-02   2.1890415e-01
   2.8448276e+00   2.3108680e+00   1.4987782e+00  -2.6085253e-02   1.4986112e+00   3.4368680e-02   2.2518357e-01
   2.8577586e+00   2.3234824e+00   1.5090105e+00  -2.4493803e-02   1.5087629e+00   3.6703586e-02   2.3174793e-01
   2.8706897e+00   2.3361195e+00   1.5180932e+00  -2.2814437e-02   1.5177615e+00   3.9084555e-02   2.3824221e-01
   2.8836207e+00   2.3487793e+00   1.5281847e+00  -2.1018175e-02   1.5277622e+00   4.1628236e-02   2.4514274e-01
   2.8965517e+00   2.3614614e+00   1.5359244e+00  -1.9357221e-02   1.5354176e+00   4.3944847e-02   2.5139282e-01
   2.9094828e+00   2.3741657e+00   1.5438256e+00  -1.7625316e-02   1.5432305e+00   4.6343022e-02   2.5785905e-01
   2.9224138e+00   2.3868919e+00   1.5497376e+00  -1.5870426e-02   1.5490540e+00   4.8685379e-02   2.6382804e-01
   2.9353448e+00   2.3996399e+00   1.5554995e+00  -1.3984471e-02   1.5547210e+00   5.1155584e-02   2.6993096e-01
   2.9482759e+00   2.4124096e+00   1.5581318e+00  -1.2290476e-02   1.5572682e+00   5.3305383e-02   2.7489910e-01
   2.9612069e+00   2.4252008e+00   1.5614925e+00  -1.0291543e-02   1.5605294e+00   5.5792386e-02   2.8006928e-01
   2.9741379e+00   2.4380131e+00   1.5608802e+00  -8.4834615e-03   1.5598283e+00   5.7921746e-02   2.8416717e-01
   2.9870690e+00   2.4508464e+00   1.5593834e+00  -6.6113288e-03   1.5582398e+00   6.0077535e-02   2.8806105e-01
   3.0000000e+00   2.4637006e+00   1.5560657e+00  -4.6824426e-03   1.5548287e+00   6.2211608e-02   2.9137065e-01
   3.0129310e+00   2.4765755e+00   1.5510150e+00  -2.7172855e-03   1.5496837e+00   6.4306068e-02   2.9403576e-01
   3.0258621e+00   2.4894709e+00   1.5435028e+00  -8.4463988e-04   1.5420827e+00   6.6199427e-02   2.9603021e-01
   3.0387931e+00   2.5023866e+00   1.5341740e+00   1.2267754e-03   1.5326575e+00   6.8209179e-02   2.9742518e-01
   3.0517241e+00   2.5153224e+00   1.5248761e+00   3.3254283e-03   1.5232610e+00   7.0243785e-02   2.9884168e-01
   3.0646552e+00   2.5282780e+00   1.5124485e+00   5.2394997e-03   1.5107451e+00   7.1952218e-02   2.9900566e-01
   3.0775862e+00   2.5412535e+00   1.4998227e+00   7.2430346e-03   1.4980266e+00   7.3736099e-02   2.9910590e-01
   3.0905172e+00   2.5542485e+00   1.4852901e+00   9.0616685e-03   1.4834106e+00   7.5245036e-02   2.9853828e-01
   3.1034483e+00   2.5672629e+00   1.4715112e+00   1.0928213e-02   1.4695448e+00   7.6829468e-02   2.9808358e-01
   3.1163793e+00   2.5802965e+00   1.4575344e+00   1.3054954e-02   1.4554689e+00   7.8659112e-02   2.9784354e-01
   3.1293103e+00   2.5933492e+00   1.4399994e+00   1.4761781e-02   1.4378566e+00   7.9902355e-02   2.9614075e-01
   3.1422414e+00   2.6064207e+00   1.4248765e+00   1.6600126e-02   1.4226475e+00   8.1379119e-02   2.9535055e-01
   3.1551724e+00   2.6195110e+00   1.4077746e+00   1.8113934e-02   1.4054757e+00   8.2434762e-02   2.9336502e-01
   3.1681034e+00   2.6326198e+00   1.3911889e+00   1.9847220e-02   1.3888090e+00   8.3725967e-02   2.9183065e-01
   3.1810345e+00   2.6457468e+00   1.3736034e+00   2.1194401e-02   1.3711608e+00   8.4578144e-02   2.8953192e-01
   3.1939655e+00   2.6588920e+00   1.3556279e+00   2.2578866e-02   1.3531210e+00   8.5441818e-02   2.8729698e-01
   3.2068966e+00   2.6720553e+00   1.3387933e+00   2.3949172e-02   1.3362212e+00   8.6336685e-02   2.8510842e-01
   3.2198276e+00   2.6852364e+00   1.3206897e+00   2.5023689e-02   1.3180673e+00   8.6869286e-02   2.8241927e-01
   3.2327586e+00   2.6984351e+00   1.3028151e+00   2.6141855e-02   1.3001397e+00   8.7448317e-02   2.7978556e-01
   3.2456897e+00   2.7116513e+00   1.2839665e+00   2.6998058e-02   1.2812516e+00   8.7711742e-02   2.7648276e-01
   3.2586207e+00   2.7248849e+00   1.2655012e+00   2.7908924e-02   1.2627436e+00   8.8039661e-02   2.7316332e-01
   3.2715517e+00   2.7381356e+00   1.2467779e+00   2.8616312e-02   1.2439874e+00   8.8143832e-02   2.6971734e-01
   3.2844828e+00   2.7514033e+00   1.2277311e+00   2.9240645e-02   1.2249121e+00   8.8141212e-02   2.6580284e-01
   3.2974138e+00   2.7646878e+00   1.2082410e+00   2.9869437e-02   1.2053940e+00   8.8113190e-02   2.6182701e-01
   3.3103448e+00   2.7779890e+00   1.1886084e+00   3.0308483e-02   1.1857427e+00   8.7880034e-02   2.5739491e-01
   3.3232759e+00   2.7913068e+00   1.1691325e+00   3.0676366e-02   1.1662515e+00   8.7574646e-02   2.5284871e-01
   3.3362069e+00   2.8046409e+00   1.1493028e+00   3.1085842e-02   1.1464051e+00   8.7284763e-02   2.4825373e-01
   3.3491379e+00   2.8179912e+00   1.1292618e+00   3.1318363e-02   1.1263566e+00   8.6798839e-02   2.4325234e-01
   3.3620690e+00   2.8313575e+00   1.1098245e+00   3.1563561e-02   1.1069106e+00   8.6346368e-02   2.3836530e-01
   3.3750000e+00   2.8447397e+00   1.0906088e+00   3.1700212e-02   1.0876916e+00   8.5787714e-02   2.3333770e-01
   3.3879310e+00   2.8581376e+00   1.0715609e+00   3.1853514e-02   1.0686396e+00   8.5245372e-02   2.2818984e-01
   3.4008621e+00   2.8715511e+00   1.0528850e+00   3.1898874e-02   1.0499650e+00   8.4605247e-02   2.2296040e-01
   3.4137931e+00   2.8849799e+00   1.0344161e+00   3.1879409e-02   1.0315005e+00   8.3902329e-02   2.1775300e-01
   3.4267241e+00   2.8984241e+00   1.0170126e+00   3.1790258e-02   1.0141041e+00   8.3175313e-02   2.1261575e-01
   3.4396552e+00   2.9118835e+00   1.0006463e+00   3.1584621e-02   9.9774979e-01   8.2376751e-02   2.0762446e-01
   3.4525862e+00   2.9253577e+00   9.8501605e-01   3.1382677e-02   9.8213083e-01   8.1612020e-02   2.0274049e-01
   3.4655172e+00   2.9388467e+00   9.7057080e-01   3.1084105e-02   9.6770064e-01   8.0804450e-02   1.9807022e-01
   3.4784483e+00   2.9523504e+00   9.5679230e-01   3.0736956e-02   9.5393924e-01   7.9976164e-02   1.9353129e-01
   3.4913793e+00   2.9658687e+00   9.4401803e-01   3.0351085e-02   9.4118315e-01   7.9154924e-02   1.8921097e-01
   3.5043103e+00   2.9794013e+00   9.3296759e-01   2.9784000e-02   9.3015840e-01   7.8236532e-02   1.8512508e-01
   3.5172414e+00   2.9929481e+00   9.2319212e-01   2.9217589e-02   9.2040732e-01   7.7380408e-02   1.8132370e-01
   3.5301724e+00   3.0065091e+00   9.1464673e-01   2.8585895e-02   9.1188848e-01   7.6519226e-02   1.7774520e-01
   3.5431034e+00   3.0200841e+00   9.0660356e-01   2.7868390e-02   9.0387613e-01   7.5595004e-02   1.7427773e-01
   3.5560345e+00   3.0336729e+00   9.0072687e-01   2.7069211e-02   8.9803201e-01   7.4700303e-02   1.7131163e-01
   3.5689655e+00   3.0472752e+00   8.9537741e-01   2.6266463e-02   8.9271504e-01   7.3827510e-02   1.6846731e-01
   3.5818966e+00   3.0608911e+00   8.9169732e-01   2.5335239e-02   8.8907235e-01   7.2913252e-02   1.6592654e-01
   3.5948276e+00   3.0745203e+00   8.8864495e-01   2.4474811e-02   8.8605315e-01   7.2101836e-02   1.6363916e-01
   3.6077586e+00   3.0881629e+00   8.8659566e-01   2.3511565e-02   8.8404154e-01   7.1240562e-02   1.6147527e-01
   3.6206897e+00   3.1018187e+00   8.8566342e-01   2.2580483e-02   8.8314404e-01   7.0471099e-02   1.5972145e-01
   3.6336207e+00   3.1154874e+00   8.8502703e-01   2.1582340e-02   8.8254600e-01   6.9650529e-02   1.5794287e-01
   3.6465517e+00   3.1291689e+00   8.8520491e-01   2.0637001e-02   8.8275856e-01   6.8927048e-02   1.5634742e-01
   3.6594828e+00   3.1428631e+00   8.8593760e-01   1.9656455e-02   8.8352741e-01   6.8199132e-02   1.5496326e-01
   3.6724138e+00   3.1565699e+00   8.8771524e-01   1.8758718e-02   8.8533545e-01   6.7612006e-02   1.5384687e-01
   3.6853448e+00   3.1702892e+00   8.8946631e-01   1.7878010e-02   8.8711633e-01   6.7041476e-02   1.5277709e-01
   3.6982759e+00   3.1840208e+00   8.9186176e-01   1.6966019e-02   8.8954264e-01   6.6476550e-02   1.5178000e-01
   3.7112069e+00   3.1977646e+00   8.9431444e-01   1.6214621e-02   8.9201744e-01   6.6076515e-02   1.5096146e-01
   3.7241379e+00   3.2115205e+00   8.9695284e-01   1.5383679e-02   8.9468237e-01   6.5608845e-02   1.5012903e-01
   3.7370690e+00   3.2252883e+00   9.0031219e-01   1.4662225e-02   8.9806120e-01   6.5292524e-02   1.4965505e-01
   3.7500000e+00   3.2390680e+00   9.0322968e-01   1.3974946e-02   9.0099713e-01   6.4987171e-02   1.4894577e-01
   3.7629310e+00   3.2528594e+00   9.0651979e-01   1.3385440e-02   9.0429972e-01   6.4802177e-02   1.4853181e-01
   3.7758621e+00   3.2666624e+00   9.0998821e-01   1.2931429e-02   9.0777274e-01   6.4764395e-02   1.4824314e-01
   3.7887931e+00   3.2804768e+00   9.1346070e-01   1.2485345e-02   9.1124942e-01   6.4736620e-02   1.4808676e-01
   3.8017241e+00   3.2943026e+00   9.1690217e-01   1.2010663e-02   9.1469683e-01   6.4680374e-02   1.4800449e-01
   3.8146552e+00   3.3081396e+00   9.2068646e-01   1.1646397e-02   9.1848019e-01   6.4755989e-02   1.4786057e-01
   3.8275862e+00   3.3219877e+00   9.2459874e-01   1.1325259e-02   9.2238882e-01   6.4884084e-02   1.4806196e-01
   3.8405172e+00   3.3358467e+00   9.2872284e-01   1.1106666e-02   9.2650293e-01   6.5128949e-02   1.4843770e-01
   3.8534483e+00   3.3497168e+00   9.3228180e-01   1.0930616e-02   9.3005031e-01   6.5385435e-02   1.4867604e-01
   3.8663793e+00   3.3635975e+00   9.3701558e-01   1.0810565e-02   9.3476711e-01   6.5768648e-02   1.4931626e-01
   3.8793103e+00   3.3774888e+00   9.4118956e-01   1.0721482e-02   9.3892311e-01   6.6152257e-02   1.5005279e-01
   3.8922414e+00   3.3913906e+00   9.4653316e-01   1.0549468e-02   9.4425146e-01   6.6524464e-02   1.5073748e-01
   3.9051724e+00   3.4053030e+00   9.4999931e-01   1.0497639e-02   9.4769838e-01   6.6907889e-02   1.5134723e-01
   3.9181034e+00   3.4192256e+00   9.5512932e-01   1.0381973e-02   9.5280988e-01   6.7328676e-02   1.5227033e-01
   3.9310345e+00   3.4331584e+00   9.5958368e-01   1.0254753e-02   9.5724746e-01   6.7700124e-02   1.5311537e-01
   3.9439655e+00   3.4471013e+00   9.6521290e-01   1.0300819e-02   9.6284722e-01   6.8317518e-02   1.5452258e-01
   3.9568966e+00   3.4610541e+00   9.7037713e-01   1.0331204e-02   9.6798353e-01   6.8894086e-02   1.5591218e-01
   3.9698276e+00   3.4750169e+00   9.7528182e-01   1.0233634e-02   9.7286830e-01   6.9329877e-02   1.5708285e-01
   3.9827586e+00   3.4889894e+00   9.8014214e-01   1.0183247e-02   9.7770574e-01   6.9812613e-02   1.5816456e-01
   3.9956897e+00   3.5029715e+00   9.8453731e-01   1.0062740e-02   9.8208299e-01   7.0199469e-02   1.5933398e-01
   4.0086207e+00   3.5169633e+00   9.9028277e-01   1.0117119e-02   9.8779712e-01   7.0846020e-02   1.6089067e-01
   4.0215517e+00   3.5309645e+00   9.9590154e-01   1.0094530e-02   9.9338928e-01   7.1410907e-02   1.6256688e-01
   4.0344828e+00   3.5449751e+00   9.9979690e-01   1.0126491e-02   9.9725772e-01   7.1926577e-02   1.6338951e-01
   4.0474138e+00   3.5589949e+00   1.0051336e+00   1.0125938e-02   1.0025665e+00   7.2501324e-02   1.6495947e-01
   4.0603448e+00   3.5730238e+00   1.0097218e+00   1.0150749e-02   1.0071265e+00   7.3057503e-02   1.6648311e-01
   4.0732759e+00   3.5870618e+00   1.0134777e+00   1.0056555e-02   1.0108630e+00   7.3445237e-02   1.6766505e-01
   4.0862069e+00   3.6011088e+00   1.0180341e+00   1.0209558e-02   1.0153827e+00   7.4131951e-02   1.6880327e-01
   4.0991379e+00   3.6151646e+00   1.0215561e+00   1.0210590e-02   1.0188795e+00   7.4604153e-02   1.7000677e-01
   4.1120690e+00   3.6292292e+00   1.0257607e+00   1.0180032e-02   1.0230593e+00   7.5089913e-02   1.7125227e-01
   4.1250000e+00   3.6433024e+00   1.0285493e+00   1.0302916e-02   1.0258159e+00   7.5641035e-02   1.7207402e-01
   4.1379310e+00   3.6573842e+00   1.0308367e+00   1.0407287e-02   1.0280734e+00   7.6143221e-02   1.7281569e-01
   4.1508621e+00   3.6714745e+00   1.0329221e+00   1.0633162e-02   1.0301213e+00   7.6754995e-02   1.7380072e-01
   4.1637931e+00   3.6855731e+00   1.0355239e+00   1.0839195e-02   1.0326855e+00   7.7381325e-02   1.7468401e-01
   4.1767241e+00   3.6996801e+00   1.0368406e+00   1.0915848e-02   1.0339754e+00   7.7797037e-02   1.7533635e-01
   4.1896552e+00   3.7137953e+00   1.0379120e+00   1.1025155e-02   1.0350183e+00   7.8230240e-02   1.7579286e-01
   4.2025862e+00   3.7279186e+00   1.0389721e+00   1.1392688e-02   1.0360330e+00   7.8921049e-02   1.7649889e-01
   4.2155172e+00   3.7420500e+00   1.0388306e+00   1.1511490e-02   1.0358645e+00   7.9285888e-02   1.7661871e-01
   4.2284483e+00   3.7561893e+00   1.0377559e+00   1.1990926e-02   1.0347411e+00   7.9949510e-02   1.7677533e-01
   4.2413793e+00   3.7703363e+00   1.0383413e+00   1.2158427e-02   1.0352944e+00   8.0410631e-02   1.7710099e-01
   4.2543103e+00   3.7844912e+00   1.0379864e+00   1.2566640e-02   1.0348935e+00   8.1050296e-02   1.7728496e-01
   4.2672414e+00   3.7986537e+00   1.0361483e+00   1.2577775e-02   1.0330387e+00   8.1195440e-02   1.7703595e-01
   4.2801724e+00   3.8128239e+00   1.0364865e+00   1.3083403e-02   1.0333223e+00   8.1977921e-02   1.7761658e-01
   4.2931034e+00   3.8270015e+00   1.0346753e+00   1.3267693e-02   1.0314825e+00   8.2296600e-02   1.7727079e-01
   4.3060345e+00   3.8411865e+00   1.0343249e+00   1.3543684e-02   1.0310940e+00   8.2803866e-02   1.7753973e-01
   4.3189655e+00   3.8553789e+00   1.0328054e+00   1.3720187e-02   1.0295455e+00   8.3133203e-02   1.7737489e-01
   4.3318966e+00   3.8695786e+00   1.0321018e+00   1.3984562e-02   1.0288052e+00   8.3604648e-02   1.7737527e-01
   4.3448276e+00   3.8837854e+00   1.0314439e+00   1.4216551e-02   1.0281122e+00   8.4046633e-02   1.7724009e-01
   4.3577586e+00   3.8979994e+00   1.0299616e+00   1.4236808e-02   1.0266111e+00   8.4221131e-02   1.7702817e-01
   4.3706897e+00   3.9122203e+00   1.0290543e+00   1.4368079e-02   1.0256761e+00   8.4545000e-02   1.7696000e-01
   4.3836207e+00   3.9264483e+00   1.0282097e+00   1.4438101e-02   1.0248076e+00   8.4811720e-02   1.7687539e-01
   4.3965517e+00   3.9406830e+00   1.0283560e+00   1.4451690e-02   1.0249315e+00   8.5089930e-02   1.7684050e-01
   4.4094828e+00   3.9549246e+00   1.0279912e+00   1.4436473e-02   1.0245475e+00   8.5304348e-02   1.7663021e-01
   4.4224138e+00   3.9691728e+00   1.0276334e+00   1.4436204e-02   1.0241693e+00   8.5534094e-02   1.7666754e-01
   4.4353448e+00   3.9834277e+00   1.0286221e+00   1.4373272e-02   1.0251387e+00   8.5794805e-02   1.7677536e-01
   4.4482759e+00   3.9976892e+00   1.0287917e+00   1.4130736e-02   1.0253033e+00   8.5819841e-02   1.7653890e-01
   4.4612069e+00   4.0119572e+00   1.0288174e+00   1.3905113e-02   1.0253234e+00   8.5851896e-02   1.7630217e-01
   4.4741379e+00   4.0262316e+00   1.0298938e+00   1.3698944e-02   1.0263902e+00   8.5977255e-02   1.7625584e-01
   4.4870690e+00   4.0405123e+00   1.0304843e+00   1.3514798e-02   1.0269708e+00   8.6090995e-02   1.7608194e-01
   4.5000000e+00   4.0547993e+00   1.0319090e+00   1.3341843e-02   1.0283826e+00   8.6275291e-02   1.7635968e-01
   4.5129310e+00   4.0690925e+00   1.0331347e+00   1.3126896e-02   1.0295989e+00   8.6404403e-02   1.7644257e-01
   4.5258621e+00   4.0833918e+00   1.0335450e+00   1.2847486e-02   1.0300065e+00   8.6411871e-02   1.7604839e-01
   4.5387931e+00   4.0976972e+00   1.0362557e+00   1.2702168e-02   1.0326990e+00   8.6717787e-02   1.7652781e-01
   4.5517241e+00   4.1120086e+00   1.0386221e+00   1.2431948e-02   1.0350570e+00   8.6875898e-02   1.7685063e-01
   4.5646552e+00   4.1263259e+00   1.0382281e+00   1.2070945e-02   1.0346682e+00   8.6746117e-02   1.7621736e-01
   4.5775862e+00   4.1406491e+00   1.0411280e+00   1.1920867e-02   1.0375497e+00   8.7064472e-02   1.7673611e-01
   4.5905172e+00   4.1549780e+00   1.0436585e+00   1.1686598e-02   1.0400688e+00   8.7273642e-02   1.7700812e-01
   4.6034483e+00   4.1693127e+00   1.0460901e+00   1.1608306e-02   1.0424777e+00   8.7632551e-02   1.7741725e-01
   4.6163793e+00   4.1836531e+00   1.0466692e+00   1.1174612e-02   1.0430649e+00   8.7503176e-02   1.7712976e-01
   4.6293103e+00   4.1979991e+00   1.0492078e+00   1.1163617e-02   1.0455756e+00   8.7939212e-02   1.7754960e-01
   4.6422414e+00   4.2123505e+00   1.0506133e+00   1.1088972e-02   1.0469607e+00   8.8229895e-02   1.7775610e-01
   4.6551724e+00   4.2267075e+00   1.0531497e+00   1.0812564e-02   1.0494884e+00   8.8403521e-02   1.7800324e-01
   4.6681034e+00   4.2410699e+00   1.0546562e+00   1.0790452e-02   1.0509703e+00   8.8755958e-02   1.7824015e-01
   4.6810345e+00   4.2554377e+00   1.0562217e+00   1.0734633e-02   1.0525133e+00   8.9080001e-02   1.7851367e-01
   4.6939655e+00   4.2698107e+00   1.0566435e+00   1.0675385e-02   1.0529160e+00   8.9316347e-02   1.7840641e-01
   4.7068966e+00   4.2841889e+00   1.0577218e+00   1.0883920e-02   1.0539532e+00   8.9869073e-02   1.7870897e-01
   4.7198276e+00   4.2985723e+00   1.0599811e+00   1.0722033e-02   1.0561957e+00   9.0141564e-02   1.7902691e-01
   4.7327586e+00   4.3129609e+00   1.0595876e+00   1.0570794e-02   1.0557921e+00   9.0226403e-02   1.7889837e-01
   4.7456897e+00   4.3273545e+00   1.0618362e+00   1.0716279e-02   1.0580006e+00   9.0806370e-02   1.7943351e-01
   4.7586207e+00   4.3417530e+00   1.0613709e+00   1.0755660e-02   1.0575108e+00   9.1076289e-02   1.7926726e-01
   4.7715517e+00   4.3561565e+00   1.0625887e+00   1.0950636e-02   1.0586873e+00   9.1629044e-02   1.7977331e-01
   4.7844828e+00   4.3705650e+00   1.0639455e+00   1.0889568e-02   1.0600217e+00   9.1937776e-02   1.8008312e-01
   4.7974138e+00   4.3849783e+00   1.0637779e+00   1.0854482e-02   1.0598341e+00   9.2156633e-02   1.7990123e-01
   4.8103448e+00   4.3993963e+00   1.0644420e+00   1.1111624e-02   1.0604533e+00   9.2730655e-02   1.8006852e-01
   4.8232759e+00   4.4138190e+00   1.0643245e+00   1.0986754e-02   1.0603224e+00   9.2864053e-02   1.7996462e-01
   4.8362069e+00   4.4282463e+00   1.0655809e+00   1.0960063e-02   1.0615537e+00   9.3201443e-02   1.8041562e-01
   4.8491379e+00   4.4426783e+00   1.0665490e+00   1.0892829e-02   1.0625006e+00   9.3476788e-02   1.8055551e-01
   4.8620690e+00   4.4571149e+00   1.0663567e+00   1.0782171e-02   1.0622939e+00   9.3619230e-02   1.8040810e-01
   4.8750000e+00   4.4715559e+00   1.0691167e+00   1.1138958e-02   1.0649940e+00   9.4457853e-02   1.8119568e-01
   4.8879310e+00   4.4860014e+00   1.0686034e+00   1.1081769e-02   1.0644630e+00   9.4629197e-02   1.8107076e-01
   4.9008621e+00   4.5004512e+00   1.0689940e+00   1.1065762e-02   1.0648297e+00   9.4912340e-02   1.8103961e-01
   4.9137931e+00   4.5149054e+00   1.0699633e+00   1.0900011e-02   1.0657851e+00   9.5092031e-02   1.8119475e-01
   4.9267241e+00   4.5293640e+00   1.0697363e+00   1.0893030e-02   1.0655353e+00   9.5336090e-02   1.8114242e-01
   4.9396552e+00   4.5438268e+00   1.0720602e+00   1.0795635e-02   1.0678355e+00   9.5692067e-02   1.8156209e-01
   4.9525862e+00   4.5582938e+00   1.0733024e+00   1.0552586e-02   1.0690689e+00   9.5818130e-02   1.8178289e-01
   4.9655172e+00   4.5727649e+00   1.0738480e+00   1.0566764e-02   1.0695873e+00   9.6145769e-02   1.8171913e-01
   4.9784483e+00   4.5872401e+00   1.0757484e+00   1.0436641e-02   1.0714678e+00   9.6438272e-02   1.8216778e-01
   4.9913793e+00   4.6017194e+00   1.0771326e+00   1.0254437e-02   1.0728377e+00   9.6638475e-02   1.8239162e-01
   5.0043103e+00   4.6162027e+00   1.0794752e+00   1.0235836e-02   1.0751498e+00   9.7079662e-02   1.8277319e-01
   5.0172414e+00   4.6306898e+00   1.0812751e+00   1.0128183e-02   1.0769279e+00   9.7389516e-02   1.8307567e-01
   5.0301724e+00   4.6451810e+00   1.0829542e+00   9.9143543e-03   1.0785941e+00   9.7584745e-02   1.8327397e-01
   5.0431034e+00   4.6596761e+00   1.0845944e+00   9.7201491e-03   1.0802200e+00   9.7797294e-02   1.8365145e-01
   5.0560345e+00   4.6741750e+00   1.0858287e+00   9.4945675e-03   1.0814438e+00   9.7946398e-02   1.8382691e-01
   5.0689655e+00   4.6886776e+00   1.0889816e+00   9.4823038e-03   1.0845623e+00   9.8465622e-02   1.8431959e-01
   5.0818966e+00   4.7031840e+00   1.0897212e+00   9.1382324e-03   1.0853027e+00   9.8457949e-02   1.8417921e-01
   5.0948276e+00   4.7176941e+00   1.0922773e+00   9.0189458e-03   1.0878349e+00   9.8824139e-02   1.8464643e-01
   5.1077586e+00   4.7322079e+00   1.0942834e+00   8.9357220e-03   1.0898160e+00   9.9182266e-02   1.8519229e-01
   5.1206897e+00   4.7467252e+00   1.0953706e+00   8.8146345e-03   1.0908843e+00   9.9427685e-02   1.8541636e-01
   5.1336207e+00   4.7612461e+00   1.0976956e+00   8.6369518e-03   1.0931908e+00   9.9720071e-02   1.8561541e-01
   5.1465517e+00   4.7757706e+00   1.0995834e+00   8.5760222e-03   1.0950518e+00   1.0009364e-01   1.8596878e-01
   5.1594828e+00   4.7902985e+00   1.1008313e+00   8.4558969e-03   1.0962800e+00   1.0035581e-01   1.8628227e-01
   5.1724138e+00   4.8048299e+00   1.1032407e+00   8.5554983e-03   1.0986470e+00   1.0093491e-01   1.8673597e-01
   5.1853448e+00   4.8193646e+00   1.1049596e+00   8.4003085e-03   1.1003473e+00   1.0120338e-01   1.8719968e-01
   5.1982759e+00   4.8339027e+00   1.1054590e+00   8.3445901e-03   1.1008239e+00   1.0146914e-01   1.8728698e-01
   5.2112069e+00   4.8484442e+00   1.1072073e+00   8.3772588e-03   1.1025374e+00   1.0192884e-01   1.8761334e-01
   5.2241379e+00   4.8629890e+00   1.1085766e+00   8.2844614e-03   1.1038837e+00   1.0223234e-01   1.8807491e-01
   5.2370690e+00   4.8775369e+00   1.1101963e+00   8.2352518e-03   1.1054757e+00   1.0260130e-01   1.8842526e-01
   5.2500000e+00   4.8920881e+00   1.1117103e+00   8.2132516e-03   1.1069600e+00   1.0298925e-01   1.8863096e-01
   5.2629310e+00   4.9066426e+00   1.1111896e+00   8.2866018e-03   1.1064087e+00   1.0329898e-01   1.8866125e-01
   5.2758621e+00   4.9212001e+00   1.1134143e+00   8.2931851e-03   1.1085984e+00   1.0377750e-01   1.8924261e-01
   5.2887931e+00   4.9357607e+00   1.1149063e+00   8.3294786e-03   1.1100554e+00   1.0422376e-01   1.8983726e-01
   5.3017241e+00   4.9503243e+00   1.1139166e+00   8.4246269e-03   1.1090346e+00   1.0451530e-01   1.8951544e-01
   5.3146552e+00   4.9648910e+00   1.1152416e+00   8.5030042e-03   1.1103212e+00   1.0499001e-01   1.8989521e-01
   5.3275862e+00   4.9794608e+00   1.1143784e+00   8.4544244e-03   1.1094388e+00   1.0514903e-01   1.8984610e-01
   5.3405172e+00   4.9940334e+00   1.1151291e+00   8.7159445e-03   1.1101370e+00   1.0575707e-01   1.9027149e-01
   5.3534483e+00   5.0086089e+00   1.1172372e+00   8.7146458e-03   1.1122103e+00   1.0622224e-01   1.9069407e-01
   5.3663793e+00   5.0231874e+00   1.1164248e+00   8.7167983e-03   1.1113738e+00   1.0643624e-01   1.9058152e-01
   5.3793103e+00   5.0377687e+00   1.1163473e+00   8.6969719e-03   1.1112712e+00   1.0669251e-01   1.9055900e-01
   5.3922414e+00   5.0523529e+00   1.1164001e+00   8.8321413e-03   1.1112847e+00   1.0711467e-01   1.9047062e-01
   5.4051724e+00   5.0669398e+00   1.1164919e+00   8.6522184e-03   1.1113647e+00   1.0722648e-01   1.9063306e-01
   5.4181034e+00   5.0815295e+00   1.1177623e+00   8.8437442e-03   1.1125858e+00   1.0781277e-01   1.9100326e-01
   5.4310345e+00   5.0961219e+00   1.1178675e+00   9.0004130e-03   1.1126492e+00   1.0826151e-01   1.9107307e-01
   5.4439655e+00   5.1107170e+00   1.1177727e+00   8.8024986e-03   1.1125448e+00   1.0833937e-01   1.9095439e-01
   5.4568966e+00   5.1253148e+00   1.1172868e+00   8.6695443e-03   1.1120451e+00   1.0844699e-01   1.9079376e-01
   5.4698276e+00   5.1399152e+00   1.1189380e+00   8.7714123e-03   1.1136529e+00   1.0897975e-01   1.9127771e-01
   5.4827586e+00   5.1545181e+00   1.1189958e+00   8.7351555e-03   1.1136858e+00   1.0923266e-01   1.9126312e-01
   5.4956897e+00   5.1691236e+00   1.1189985e+00   8.6115411e-03   1.1136718e+00   1.0939369e-01   1.9133390e-01
   5.5086207e+00   5.1837317e+00   1.1202272e+00   8.4887765e-03   1.1148786e+00   1.0966637e-01   1.9137091e-01
   5.5215517e+00   5.1983423e+00   1.1212815e+00   8.5687209e-03   1.1158933e+00   1.1012580e-01   1.9143977e-01
   5.5344828e+00   5.2129554e+00   1.1216763e+00   8.1735761e-03   1.1162943e+00   1.1005277e-01   1.9133839e-01
   5.5474138e+00   5.2275708e+00   1.1224780e+00   8.1135916e-03   1.1170700e+00   1.1035083e-01   1.9140623e-01
   5.5603448e+00   5.2421887e+00   1.1236042e+00   7.9177066e-03   1.1181812e+00   1.1054365e-01   1.9148964e-01
   5.5732759e+00   5.2568091e+00   1.1249536e+00   7.8754825e-03   1.1195005e+00   1.1091056e-01   1.9160223e-01
   5.5862069e+00   5.2714318e+00   1.1264402e+00   7.6151723e-03   1.1209764e+00   1.1107364e-01   1.9184731e-01
   5.5991379e+00   5.2860567e+00   1.1266537e+00   7.3587157e-03   1.1211843e+00   1.1112408e-01   1.9175301e-01
   5.6120690e+00   5.3006840e+00   1.1298419e+00   7.4331577e-03   1.1243236e+00   1.1177896e-01   1.9246297e-01
   5.6250000e+00   5.3153137e+00   1.1303723e+00   6.8438869e-03   1.1248777e+00   1.1152844e-01   1.9213079e-01
   5.6379310e+00   5.3299456e+00   1.1325077e+00   7.0130006e-03   1.1269596e+00   1.1218244e-01   1.9242008e-01
   5.6508621e+00   5.3445796e+00   1.1342596e+00   6.8083397e-03   1.1286943e+00   1.1242969e-01   1.9250303e-01
   5.6637931e+00   5.3592159e+00   1.1356379e+00   6.6608730e-03   1.1300516e+00   1.1269992e-01   1.9290280e-01
   5.6767241e+00   5.3738543e+00   1.1380879e+00   6.5186611e-03   1.1324753e+00   1.1307650e-01   1.9344948e-01
   5.6896552e+00   5.3884949e+00   1.1388482e+00   6.2618787e-03   1.1332274e+00   1.1318162e-01   1.9335162e-01
   5.7025862e+00   5.4031375e+00   1.1413538e+00   6.1719641e-03   1.1357013e+00   1.1361764e-01   1.9373984e-01
   5.7155172e+00   5.4177823e+00   1.1429877e+00   5.8299661e-03   1.1373312e+00   1.1372173e-01   1.9398428e-01
   5.7284483e+00   5.4324292e+00   1.1455899e+00   5.7831531e-03   1.1398970e+00   1.1421221e-01   1.9456050e-01
   5.7413793e+00   5.4470782e+00   1.1468829e+00   5.7420716e-03   1.1411588e+00   1.1458550e-01   1.9484803e-01
   5.7543103e+00   5.4617291e+00   1.1495647e+00   5.5334506e-03   1.1438190e+00   1.1492488e-01   1.9538656e-01
   5.7672414e+00   5.4763821e+00   1.1530420e+00   5.4379366e-03   1.1472602e+00   1.1545418e-01   1.9594244e-01
   5.7801724e+00   5.4910370e+00   1.1544943e+00   5.3145961e-03   1.1486880e+00   1.1576382e-01   1.9632089e-01
   5.7931034e+00   5.5056939e+00   1.1558468e+00   5.2368322e-03   1.1500121e+00   1.1611002e-01   1.9662704e-01
   5.8060345e+00   5.5203527e+00   1.1549161e+00   5.1665159e-03   1.1490627e+00   1.1624471e-01   1.9645944e-01
   5.8189655e+00   5.5350134e+00   1.1580808e+00   5.0513453e-03   1.1521939e+00   1.1672934e-01   1.9708340e-01
   5.8318966e+00   5.5496759e+00   1.1598527e+00   4.9781656e-03   1.1539347e+00   1.1712271e-01   1.9759109e-01
   5.8448276e+00   5.5643404e+00   1.1618563e+00   4.9916868e-03   1.1558975e+00   1.1762578e-01   1.9808689e-01
   5.8577586e+00   5.5790068e+00   1.1623908e+00   4.9802188e-03   1.1564005e+00   1.1796222e-01   1.9824843e-01
   5.8706897e+00   5.5936749e+00   1.1630516e+00   4.8855595e-03   1.1570371e+00   1.1822846e-01   1.9825985e-01
   5.8836207e+00   5.6083448e+00   1.1648960e+00   4.9278969e-03   1.1588382e+00   1.1874708e-01   1.9902963e-01
   5.8965517e+00   5.6230165e+00   1.1671616e+00   4.9081056e-03   1.1610644e+00   1.1924612e-01   1.9952498e-01
   5.9094828e+00   5.6376899e+00   1.1673137e+00   5.0077352e-03   1.1611754e+00   1.1965755e-01   1.9957432e-01
   5.9224138e+00   5.6523651e+00   1.1667450e+00   4.9433855e-03   1.1605852e+00   1.1983491e-01   1.9938385e-01
   5.9353448e+00   5.6670420e+00   1.1694292e+00   5.0799297e-03   1.1632120e+00   1.2053314e-01   2.0012655e-01
   5.9482759e+00   5.6817205e+00   1.1693650e+00   5.2386581e-03   1.1631015e+00   1.2098272e-01   2.0025539e-01
   5.9612069e+00   5.6964008e+00   1.1711160e+00   5.2091903e-03   1.1648158e+00   1.2142521e-01   2.0085108e-01
   5.9741379e+00   5.7110827e+00   1.1703211e+00   5.1965007e-03   1.1639949e+00   1.2163196e-01   2.0072705e-01
   5.9870690e+00   5.7257662e+00   1.1700532e+00   5.5188215e-03   1.1636650e+00   1.2222424e-01   2.0094054e-01
   6.0000000e+00   5.7404514e+00   1.1715567e+00   5.5532896e-03   1.1651261e+00   1.2270717e-01   2.0156307e-01
   6.0129310e+00   5.7551381e+00   1.1701369e+00   5.4590730e-03   1.1636915e+00   1.2276971e-01   2.0117997e-01
   6.0258621e+00   5.7698264e+00   1.1699458e+00   5.5658646e-03   1.1634591e+00   1.2315507e-01   2.0115185e-01
   6.0387931e+00   5.7845163e+00   1.1692231e+00   5.6395376e-03   1.1627010e+00   1.2345381e-01   2.0117573e-01
   6.0517241e+00   5.7992078e+00   1.1702288e+00   5.7532120e-03   1.1636583e+00   1.2396666e-01   2.0156171e-01
   6.0646552e+00   5.8139007e+00   1.1710280e+00   5.7655760e-03   1.1644204e+00   1.2435832e-01   2.0170910e-01
   6.0775862e+00   5.8285951e+00   1.1709087e+00   5.7368388e-03   1.1642727e+00   1.2461625e-01   2.0179726e-01
   6.0905172e+00   5.8432910e+00   1.1696816e+00   5.7675899e-03   1.1630168e+00   1.2482053e-01   2.0161216e-01
   6.1034483e+00   5.8579884e+00   1.1692396e+00   5.7257315e-03   1.1625494e+00   1.2503211e-01   2.0151062e-01
   6.1163793e+00   5.8726872e+00   1.1697772e+00   5.8094172e-03   1.1630435e+00   1.2546860e-01   2.0170209e-01
   6.1293103e+00   5.8873874e+00   1.1693050e+00   5.6825282e-03   1.1625545e+00   1.2559234e-01   2.0151982e-01
   6.1422414e+00   5.9020891e+00   1.1696632e+00   5.7686152e-03   1.1628697e+00   1.2601311e-01   2.0155847e-01
   6.1551724e+00   5.9167922e+00   1.1687373e+00   5.6095951e-03   1.1619328e+00   1.2605790e-01   2.0136828e-01
   6.1681034e+00   5.9314966e+00   1.1675934e+00   5.5028446e-03   1.1607736e+00   1.2613170e-01   2.0105125e-01
   6.1810345e+00   5.9462024e+00   1.1678495e+00   5.4981206e-03   1.1609965e+00   1.2645146e-01   2.0096023e-01
   6.1939655e+00   5.9609096e+00   1.1675752e+00   5.3985198e-03   1.1607015e+00   1.2662193e-01   2.0072295e-01
   6.2068966e+00   5.9756181e+00   1.1679733e+00   5.3843037e-03   1.1610664e+00   1.2694719e-01   2.0070520e-01
   6.2198276e+00   5.9903279e+00   1.1669974e+00   5.3024295e-03   1.1600717e+00   1.2706200e-01   2.0030773e-01
   6.2327586e+00   6.0050390e+00   1.1679792e+00   5.2019082e-03   1.1610259e+00   1.2736259e-01   2.0065674e-01
   6.2456897e+00   6.0197514e+00   1.1684642e+00   5.0560810e-03   1.1614908e+00   1.2756655e-01   2.0059469e-01
   6.2586207e+00   6.0344650e+00   1.1694092e+00   4.8993325e-03   1.1624142e+00   1.2780829e-01   2.0054726e-01
   6.2715517e+00   6.0491799e+00   1.1681211e+00   4.7872030e-03   1.1611122e+00   1.2785957e-01   2.0005075e-01
   6.2844828e+00   6.0638961e+00   1.1690397e+00   4.4449420e-03   1.1620290e+00   1.2791449e-01   2.0007014e-01
   6.2974138e+00   6.0786134e+00   1.1706586e+00   4.5187901e-03   1.1635981e+00   1.2845783e-01   2.0024669e-01
   6.3103448e+00   6.0933320e+00   1.1712615e+00   4.3838105e-03   1.1641789e+00   1.2868652e-01   2.0031914e-01
   6.3232759e+00   6.1080517e+00   1.1708262e+00   4.3497668e-03   1.1637166e+00   1.2890543e-01   2.0013940e-01
   6.3362069e+00   6.1227727e+00   1.1722723e+00   4.1149478e-03   1.1651463e+00   1.2912518e-01   2.0033780e-01
   6.3491379e+00   6.1374948e+00   1.1736203e+00   3.8561129e-03   1.1664810e+00   1.2931133e-01   2.0027213e-01
   6.3620690e+00   6.1522181e+00   1.1743747e+00   3.9268716e-03   1.1671903e+00   1.2976228e-01   2.0057412e-01
   6.3750000e+00   6.1669426e+00   1.1748515e+00   3.6237287e-03   1.1676635e+00   1.2981206e-01   2.0054001e-01
   6.3879310e+00   6.1816681e+00   1.1756749e+00   3.4428537e-03   1.1684682e+00   1.3002100e-01   2.0048479e-01
   6.4008621e+00   6.1963947e+00   1.1769683e+00   3.4120795e-03   1.1697238e+00   1.3043033e-01   2.0063988e-01
   6.4137931e+00   6.2111224e+00   1.1785218e+00   3.3624960e-03   1.1712401e+00   1.3084980e-01   2.0107819e-01
   6.4267241e+00   6.2258513e+00   1.1799064e+00   3.1079189e-03   1.1726104e+00   1.3104795e-01   2.0103936e-01
   6.4396552e+00   6.2405812e+00   1.1793353e+00   3.0350255e-03   1.1720169e+00   1.3121486e-01   2.0093302e-01
   6.4525862e+00   6.2553122e+00   1.1804529e+00   2.9811268e-03   1.1730999e+00   1.3158439e-01   2.0116378e-01
   6.4655172e+00   6.2700442e+00   1.1814227e+00   2.8021386e-03   1.1740496e+00   1.3181401e-01   2.0114847e-01
   6.4784483e+00   6.2847772e+00   1.1833651e+00   2.7899037e-03   1.1759478e+00   1.3231638e-01   2.0176660e-01
   6.4913793e+00   6.2995113e+00   1.1840662e+00   2.7167350e-03   1.1766185e+00   1.3262298e-01   2.0182137e-01
   6.5043103e+00   6.3142464e+00   1.1837560e+00   2.6280134e-03   1.1762859e+00   1.3280327e-01   2.0186994e-01
   6.5172414e+00   6.3289824e+00   1.1850466e+00   2.5846909e-03   1.1775392e+00   1.3320502e-01   2.0202224e-01
   6.5301724e+00   6.3437195e+00   1.1840965e+00   2.5191849e-03   1.1765678e+00   1.3333780e-01   2.0180679e-01
   6.5431034e+00   6.3584574e+00   1.1858031e+00   2.4966184e-03   1.1782322e+00   1.3380702e-01   2.0215532e-01
   6.5560345e+00   6.3731965e+00   1.1862367e+00   2.4658476e-03   1.1786320e+00   1.3412766e-01   2.0233924e-01
   6.5689655e+00   6.3879364e+00   1.1848948e+00   2.5939481e-03   1.1772496e+00   1.3440888e-01   2.0219174e-01
   6.5818966e+00   6.4026773e+00   1.1870303e+00   2.5140323e-03   1.1793461e+00   1.3487047e-01   2.0277496e-01
   6.5948276e+00   6.4174191e+00   1.1864813e+00   2.5258139e-03   1.1787645e+00   1.3512425e-01   2.0253755e-01
   6.6077586e+00   6.4321619e+00   1.1863836e+00   2.7018275e-03   1.1786128e+00   1.3559151e-01   2.0268667e-01
   6.6206897e+00   6.4469055e+00   1.1861235e+00   2.7558402e-03   1.1783134e+00   1.3591926e-01   2.0285651e-01
   6.6336207e+00   6.4616501e+00   1.1852790e+00   2.6422192e-03   1.1774521e+00   1.3601455e-01   2.0258829e-01
   6.6465517e+00   6.4763955e+00   1.1855211e+00   2.7527899e-03   1.1776451e+00   1.3645475e-01   2.0285700e-01
   6.6594828e+00   6.4911418e+00   1.1848854e+00   2.9485360e-03   1.1769562e+00   1.3688045e-01   2.0281574e-01
   6.6724138e+00   6.5058889e+00   1.1839456e+00   2.9606973e-03   1.1759858e+00   1.3708898e-01   2.0289700e-01
   6.6853448e+00   6.5206369e+00   1.1827984e+00   2.8915963e-03   1.1748185e+00   1.3719274e-01   2.0253706e-01
   6.6982759e+00   6.5353858e+00   1.1817113e+00   3.0873837e-03   1.1736809e+00   1.3756595e-01   2.0242489e-01
   6.7112069e+00   6.5501355e+00   1.1811945e+00   3.2803066e-03   1.1731100e+00   1.3800079e-01   2.0252687e-01
   6.7241379e+00   6.5648860e+00   1.1795629e+00   3.3870343e-03   1.1714413e+00   1.3822228e-01   2.0232038e-01
   6.7370690e+00   6.5796372e+00   1.1783091e+00   3.4754056e-03   1.1701500e+00   1.3846801e-01   2.0221524e-01
   6.7500000e+00   6.5943893e+00   1.1781433e+00   3.5145231e-03   1.1699451e+00   1.3878910e-01   2.0218526e-01
   6.7629310e+00   6.6091423e+00   1.1753585e+00   3.7659091e-03   1.1671141e+00   1.3901954e-01   2.0174422e-01
   6.7758621e+00   6.6238960e+00   1.1746082e+00   3.8485805e-03   1.1663234e+00   1.3931563e-01   2.0173922e-01
   6.7887931e+00   6.6386504e+00   1.1732756e+00   3.9055099e-03   1.1649573e+00   1.3951847e-01   2.0155280e-01
   6.8017241e+00   6.6534056e+00   1.1715441e+00   4.0764158e-03   1.1631816e+00   1.3978760e-01   2.0126539e-01
   6.8146552e+00   6.6681616e+00   1.1691418e+00   4.0482293e-03   1.1607629e+00   1.3978022e-01   2.0075501e-01
   6.8275862e+00   6.6829184e+00   1.1677909e+00   4.1313974e-03   1.1593754e+00   1.4000457e-01   2.0041995e-01
   6.8405172e+00   6.6976759e+00   1.1652408e+00   4.2179411e-03   1.1567966e+00   1.4009172e-01   1.9987491e-01
   6.8534483e+00   6.7124340e+00   1.1640557e+00   4.2726766e-03   1.1555771e+00   1.4030552e-01   1.9967853e-01
   6.8663793e+00   6.7271930e+00   1.1624461e+00   4.3349181e-03   1.1539351e+00   1.4047644e-01   1.9931285e-01
   6.8793103e+00   6.7419526e+00   1.1597597e+00   4.3372261e-03   1.1512307e+00   1.4046060e-01   1.9875991e-01
   6.8922414e+00   6.7567130e+00   1.1577035e+00   4.4872781e-03   1.1491349e+00   1.4066426e-01   1.9835659e-01
   6.9051724e+00   6.7714739e+00   1.1571913e+00   4.5697441e-03   1.1485803e+00   1.4098181e-01   1.9821858e-01
   6.9181034e+00   6.7862356e+00   1.1549154e+00   4.5027181e-03   1.1462919e+00   1.4094223e-01   1.9767929e-01
   6.9310345e+00   6.8009981e+00   1.1550448e+00   4.5015467e-03   1.1463842e+00   1.4125174e-01   1.9765958e-01
   6.9439655e+00   6.8157612e+00   1.1518467e+00   4.5752309e-03   1.1431635e+00   1.4124073e-01   1.9684403e-01
   6.9568966e+00   6.8305249e+00   1.1498655e+00   4.4790173e-03   1.1411714e+00   1.4120414e-01   1.9639389e-01
   6.9698276e+00   6.8452892e+00   1.1493131e+00   4.3431568e-03   1.1406027e+00   1.4129747e-01   1.9609148e-01
   6.9827586e+00   6.8600543e+00   1.1479680e+00   4.5726327e-03   1.1392034e+00   1.4165856e-01   1.9581972e-01
   6.9956897e+00   6.8748200e+00   1.1459910e+00   4.4195814e-03   1.1372223e+00   1.4156354e-01   1.9529800e-01
   7.0086207e+00   6.8895862e+00   1.1459427e+00   4.3378729e-03   1.1371477e+00   1.4176971e-01   1.9508637e-01
   7.0215517e+00   6.9043531e+00   1.1445065e+00   4.2439304e-03   1.1356966e+00   1.4179687e-01   1.9465126e-01
   7.0344828e+00   6.9191206e+00   1.1443785e+00   4.3112744e-03   1.1355248e+00   1.4214102e-01   1.9445841e-01
   7.0474138e+00   6.9338887e+00   1.1425190e+00   4.1566752e-03   1.1336609e+00   1.4205574e-01   1.9396622e-01
   7.0603448e+00   6.9486575e+00   1.1422900e+00   3.8523564e-03   1.1334338e+00   1.4201817e-01   1.9355674e-01
   7.0732759e+00   6.9634268e+00   1.1419466e+00   3.9941974e-03   1.1330390e+00   1.4240949e-01   1.9346820e-01
   7.0862069e+00   6.9781967e+00   1.1411768e+00   3.8211979e-03   1.1322593e+00   1.4243633e-01   1.9300377e-01
   7.0991379e+00   6.9929672e+00   1.1415907e+00   3.6906403e-03   1.1326492e+00   1.4264902e-01   1.9297187e-01
   7.1120690e+00   7.0077383e+00   1.1411884e+00   3.5091058e-03   1.1322352e+00   1.4271175e-01   1.9267942e-01
   7.1250000e+00   7.0225100e+00   1.1407767e+00   3.4493927e-03   1.1317971e+00   1.4289406e-01   1.9257783e-01
   7.1379310e+00   7.0372821e+00   1.1392462e+00   3.3146154e-03   1.1302578e+00   1.4286458e-01   1.9204566e-01
   7.1508621e+00   7.0520549e+00   1.1402756e+00   3.1406516e-03   1.1312638e+00   1.4310972e-01   1.9202345e-01
   7.1637931e+00   7.0668281e+00   1.1411596e+00   3.1523517e-03   1.1321027e+00   1.4352177e-01   1.9215929e-01
   7.1767241e+00   7.0816019e+00   1.1409760e+00   3.0504637e-03   1.1318961e+00   1.4368994e-01   1.9211564e-01
   7.1896552e+00   7.0963763e+00   1.1412902e+00   2.7400184e-03   1.1322091e+00   1.4371256e-01   1.9194339e-01
   7.2025862e+00   7.1111512e+00   1.1417282e+00   2.6107636e-03   1.1326226e+00   1.4393047e-01   1.9179322e-01
   7.2155172e+00   7.1259266e+00   1.1414011e+00   2.5827173e-03   1.1322644e+00   1.4415414e-01   1.9144823e-01
   7.2284483e+00   7.1407025e+00   1.1416704e+00   2.5725015e-03   1.1324957e+00   1.4446948e-01   1.9155001e-01
   7.2413793e+00   7.1554790e+00   1.1423888e+00   2.4392698e-03   1.1331877e+00   1.4471883e-01   1.9177327e-01
   7.2543103e+00   7.1702559e+00   1.1438686e+00   2.2736939e-03   1.1346393e+00   1.4503151e-01   1.9193543e-01
   7.2672414e+00   7.1850333e+00   1.1438926e+00   2.2787632e-03   1.1346251e+00   1.4533217e-01   1.9186583e-01
   7.2801724e+00   7.1998112e+00   1.1432236e+00   2.1208076e-03   1.1339436e+00   1.4538426e-01   1.9162918e-01
   7.2931034e+00   7.2145896e+00   1.1446765e+00   2.1271970e-03   1.1353467e+00   1.4586554e-01   1.9194887e-01
   7.3060345e+00   7.2293685e+00   1.1455231e+00   2.1397820e-03   1.1361473e+00   1.4627741e-01   1.9217475e-01
   7.3189655e+00   7.2441479e+00   1.1470428e+00   1.9587693e-03   1.1376399e+00   1.4658253e-01   1.9253896e-01
   7.3318966e+00   7.2589276e+00   1.1475984e+00   1.9241941e-03   1.1381576e+00   1.4691190e-01   1.9256174e-01
   7.3448276e+00   7.2737079e+00   1.1471906e+00   1.9578051e-03   1.1377109e+00   1.4718720e-01   1.9264979e-01
   7.3577586e+00   7.2884886e+00   1.1475233e+00   1.9639477e-03   1.1380021e+00   1.4752900e-01   1.9269693e-01
   7.3706897e+00   7.3032698e+00   1.1482207e+00   1.8779976e-03   1.1386667e+00   1.4782597e-01   1.9289353e-01
   7.3836207e+00   7.3180513e+00   1.1470825e+00   1.9145024e-03   1.1374949e+00   1.4801095e-01   1.9269035e-01
   7.3965517e+00   7.3328334e+00   1.1487234e+00   1.8540428e-03   1.1390919e+00   1.4845388e-01   1.9303444e-01
   7.4094828e+00   7.3476159e+00   1.1494014e+00   2.0086600e-03   1.1397062e+00   1.4898782e-01   1.9335799e-01
   7.4224138e+00   7.3623989e+00   1.1491246e+00   2.1177241e-03   1.1393793e+00   1.4935458e-01   1.9356598e-01
   7.4353448e+00   7.3771822e+00   1.1488614e+00   2.0096902e-03   1.1390935e+00   1.4950762e-01   1.9347901e-01
   7.4482759e+00   7.3919659e+00   1.1482935e+00   2.0395755e-03   1.1384878e+00   1.4975809e-01   1.9332842e-01
   7.4612069e+00   7.4067501e+00   1.1478744e+00   2.2363218e-03   1.1380082e+00   1.5019293e-01   1.9347854e-01
   7.4741379e+00   7.4215346e+00   1.1495207e+00   2.4148999e-03   1.1395788e+00   1.5087631e-01   1.9409625e-01
   7.4870690e+00   7.4363196e+00   1.1481463e+00   2.3749542e-03   1.1381822e+00   1.5095288e-01   1.9388626e-01
   7.5000000e+00   7.4511050e+00   1.1475292e+00   2.4068073e-03   1.1375273e+00   1.5119815e-01   1.9379444e-01
   7.5129310e+00   7.4658907e+00   1.1473458e+00   2.5482894e-03   1.1372880e+00   1.5160815e-01   1.9378568e-01
   7.5258621e+00   7.4806769e+00   1.1453498e+00   2.7280891e-03   1.1352463e+00   1.5182004e-01   1.9363968e-01
   7.5387931e+00   7.4954634e+00   1.1456652e+00   2.7611242e-03   1.1355156e+00   1.5218691e-01   1.9381305e-01
   7.5517241e+00   7.5102503e+00   1.1450342e+00   2.9093156e-03   1.1348313e+00   1.5254441e-01   1.9389216e-01
   7.5646552e+00   7.5250375e+00   1.1440802e+00   3.0004870e-03   1.1338341e+00   1.5280273e-01   1.9377985e-01
   7.5775862e+00   7.5398252e+00   1.1423909e+00   3.1819553e-03   1.1320961e+00   1.5305360e-01   1.9359855e-01
   7.5905172e+00   7.5546133e+00   1.1406890e+00   3.2380614e-03   1.1303621e+00   1.5317766e-01   1.9333603e-01
   7.6034483e+00   7.5694016e+00   1.1395403e+00   3.3990976e-03   1.1291627e+00   1.5347773e-01   1.9325938e-01
   7.6163793e+00   7.5841904e+00   1.1390918e+00   3.4454180e-03   1.1286723e+00   1.5375590e-01   1.9325003e-01
   7.6293103e+00   7.5989795e+00   1.1391314e+00   3.7113822e-03   1.1286366e+00   1.5431608e-01   1.9340897e-01
   7.6422414e+00   7.6137690e+00   1.1369262e+00   3.8002086e-03   1.1263992e+00   1.5440327e-01   1.9308683e-01
   7.6551724e+00   7.6285587e+00   1.1354794e+00   3.7903846e-03   1.1249267e+00   1.5449223e-01   1.9279085e-01
   7.6681034e+00   7.6433488e+00   1.1336998e+00   3.8185536e-03   1.1231192e+00   1.5457383e-01   1.9237508e-01
   7.6810345e+00   7.6581392e+00   1.1327254e+00   4.0075014e-03   1.1220884e+00   1.5492116e-01   1.9228874e-01
   7.6939655e+00   7.6729300e+00   1.1321497e+00   4.0146888e-03   1.1214769e+00   1.5514107e-01   1.9220517e-01
   7.7068966e+00   7.6877212e+00   1.1302247e+00   4.0640564e-03   1.1195224e+00   1.5522199e-01   1.9185556e-01
   7.7198276e+00   7.7025126e+00   1.1282924e+00   4.1986081e-03   1.1175495e+00   1.5538536e-01   1.9144570e-01
   7.7327586e+00   7.7173043e+00   1.1271387e+00   4.1833920e-03   1.1163681e+00   1.5550386e-01   1.9123391e-01
   7.7456897e+00   7.7320964e+00   1.1257803e+00   4.1667804e-03   1.1149841e+00   1.5559284e-01   1.9087707e-01
   7.7586207e+00   7.7468889e+00   1.1257623e+00   4.3298137e-03   1.1149040e+00   1.5603981e-01   1.9081189e-01
   7.7715517e+00   7.7616816e+00   1.1235051e+00   4.3327308e-03   1.1126268e+00   1.5602571e-01   1.9024815e-01
   7.7844828e+00   7.7764745e+00   1.1228170e+00   4.3085792e-03   1.1119080e+00   1.5619593e-01   1.9009512e-01
   7.7974138e+00   7.7912678e+00   1.1222690e+00   4.2801273e-03   1.1113286e+00   1.5638054e-01   1.8998093e-01
   7.8103448e+00   7.8060614e+00   1.1206900e+00   4.3078598e-03   1.1097201e+00   1.5648049e-01   1.8950189e-01
   7.8232759e+00   7.8208553e+00   1.1204914e+00   4.3064751e-03   1.1094830e+00   1.5673862e-01   1.8952184e-01
   7.8362069e+00   7.8356496e+00   1.1194472e+00   4.2480557e-03   1.1084160e+00   1.5682486e-01   1.8903233e-01
   7.8491379e+00   7.8504440e+00   1.1190803e+00   4.1933824e-03   1.1080195e+00   1.5700678e-01   1.8895167e-01
   7.8620690e+00   7.8652387e+00   1.1190939e+00   4.0452842e-03   1.1080126e+00   1.5714804e-01   1.8862118e-01
   7.8750000e+00   7.8800337e+00   1.1187075e+00   4.0450528e-03   1.1075893e+00   1.5738095e-01   1.8852614e-01
   7.8879310e+00   7.8948291e+00   1.1170949e+00   3.9914984e-03   1.1059586e+00   1.5739240e-01   1.8805889e-01
   7.9008621e+00   7.9096247e+00   1.1165212e+00   3.8911957e-03   1.1053636e+00   1.5749971e-01   1.8785976e-01
   7.9137931e+00   7.9244205e+00   1.1168227e+00   3.8791593e-03   1.1056231e+00   1.5781478e-01   1.8771846e-01
   7.9267241e+00   7.9392166e+00   1.1169824e+00   3.6774666e-03   1.1057683e+00   1.5792259e-01   1.8760566e-01
   7.9396552e+00   7.9540130e+00   1.1169980e+00   3.6517416e-03   1.1057466e+00   1.5818484e-01   1.8752895e-01
   7.9525862e+00   7.9688097e+00   1.1161373e+00   3.4593705e-03   1.1048799e+00   1.5816054e-01   1.8723844e-01
   7.9655172e+00   7.9836065e+00   1.1168231e+00   3.3497173e-03   1.1055334e+00   1.5843254e-01   1.8714892e-01
   7.9784483e+00   7.9984036e+00   1.1165765e+00   3.2002385e-03   1.1052691e+00   1.5853571e-01   1.8693143e-01
   7.9913793e+00   8.0132010e+00   1.1164528e+00   3.1372670e-03   1.1051144e+00   1.5874156e-01   1.8679140e-01
   8.0043103e+00   8.0279987e+00   1.1175602e+00   3.0186381e-03   1.1061865e+00   1.5906416e-01   1.8692328e-01
   8.0172414e+00   8.0427966e+00   1.1168959e+00   3.0217448e-03   1.1054872e+00   1.5925999e-01   1.8659618e-01
   8.0301724e+00   8.0575948e+00   1.1180215e+00   2.8291113e-03   1.1065875e+00   1.5951254e-01   1.8672063e-01
   8.0431034e+00   8.0723931e+00   1.1194367e+00   2.7106401e-03   1.1079641e+00   1.5987978e-01   1.8691614e-01
   8.0560345e+00   8.0871918e+00   1.1188892e+00   2.6733708e-03   1.1073859e+00   1.6005202e-01   1.8663551e-01
   8.0689655e+00   8.1019907e+00   1.1196889e+00   2.4851063e-03   1.1081628e+00   1.6026436e-01   1.8685199e-01
   8.0818966e+00   8.1167897e+00   1.1210423e+00   2.3514330e-03   1.1094801e+00   1.6060934e-01   1.8690308e-01
   8.0948276e+00   8.1315890e+00   1.1223039e+00   2.2759720e-03   1.1106982e+00   1.6099966e-01   1.8708673e-01
   8.1077586e+00   8.1463885e+00   1.1226333e+00   2.3135223e-03   1.1109772e+00   1.6137039e-01   1.8712969e-01
   8.1206897e+00   8.1611883e+00   1.1239302e+00   2.0680759e-03   1.1122541e+00   1.6159850e-01   1.8728287e-01
   8.1336207e+00   8.1759882e+00   1.1235522e+00   2.0981473e-03   1.1118339e+00   1.6186181e-01   1.8725904e-01
   8.1465517e+00   8.1907884e+00   1.1248277e+00   1.9199907e-03   1.1130799e+00   1.6215438e-01   1.8739664e-01
   8.1594828e+00   8.2055888e+00   1.1273143e+00   1.9361276e-03   1.1154969e+00   1.6281278e-01   1.8797416e-01
