0.020455709907880593
0.04655870196374096
0.07098761349323784
0.08520749117934175
0.08356321672646391
0.06708906556930086
0.042491798936227634
0.011595460002898673
-0.03648239062199595
-0.09725356748749638
-0.09105828220750285
0.13456675543393865
0.6419691588597087
1.2024818697248072
1.3486352535604538
0.7864790497808207
-0.16376888901234832
-0.9041436644667503
-1.0177941129239403
-0.2858530030338427
0.9949643644334049
3.0270671317191167
5.313405574447634
8.09451821835092
12.988783751195289
12.184694999794829
18.219737334844872
23.931677500169766
31.87277678629637
16.289585199140685
45.181723410227505
11.36605477415609
48.00304693364126
10.20762598967416
38.076284319574455
9.407252963953573
28.858197492559142
17.212130483718706
17.29582791389292
24.15812625591942
33.99897516144755
15.801362135029844
14.733645189824925
16.254437708642538
9.501979072674954
8.979351884410532
7.464365871447074
7.596174815418108
4.603208967122106
4.4552024749629116
4.211308293115764
4.152467439390836
4.134096710735442
3.0624201816130396
3.4320746057389395
3.3996434586498774
3.7516252421118126
2.8620591987206097
3.1799516721237335
3.3628463573680696
2.992356390049452
3.344618651474842
3.4182374229291654
2.699617125962026
3.1819060886428026
3.215084276375461
2.961871376490716
2.8912275962055687
2.9265325840863654
2.9945166519198723
2.8465204417191656
2.712974371864606
2.6178098886899126
2.411453406785293
2.1842357145184947
2.1032643382194802
2.1700032456823055
2.207691797813318
2.4247840005074996
2.700567865044102
2.6607511283492657
2.221461380317676
1.8315944204332095
1.7590545386923482
1.9638886143255647
2.095278247840415
1.9656762879273761
1.7181925175752406
1.600140685427055
1.6604821589509742
1.746160991538543
1.699515132913708
1.5140134651986255
1.312359032366741
1.2118855537870918
1.2227687465048906
1.2601149651399994
1.2331696886584065
1.1184459347211027
0.9622330323419732
0.8292400708300331
0.7514137351269956
0.7152415270507164
0.6854695780688058
0.6366043510361874
0.566986068277827
0.4914244792956162
0.4252954776837727
0.3743823370683094
0.3351984290778072
0.30124353253217256
0.2683816755635095
0.23610216918446067
0.20575128163936568
0.17841061678739226
0.1540410190338553
0.13182320818922175
0.11083693226565439
0.09044634644876232
0.07030937794977538
0.05023263767482666
0.030067721286597612
0.009695007966235274
-0.010951912767683192
-0.03187029005362114
-0.052994749192124914
-0.07421661975192306
-0.09540406495881695
-0.11641792007424309
-0.13712317886755954
-0.15739704164120966
-0.1771338140592323
-0.1962467218824624
-0.2146670959772084
-0.23234182861130376
-0.24923014133328134
-0.265300532969497
-0.2805284416566888
-0.29489479638187416
-0.3083853443174028
-0.3209904725562321
-0.33270520820764166
-0.3435291509061884
-0.35346621299773895
-0.36252415908339997
-0.3707140121943806
-0.37804941799731884
-0.3845460428852172
-0.39022105082707875
-0.3950926711441027
-0.3991798518146625
-0.40250198572632173
-0.40507869073818425
-0.4069296452094272
-0.4080744557332628
-0.40853256125595216
-0.40832316852721906
-0.4074651939561667
-0.4059772434098429
-0.40387757862101736
-0.40118415453647843
-0.39791459363865656
-0.3940861816496742
-0.3897158919875189
-0.38482040320826655
-0.3794161169231515
-0.3735191766907792
-0.36714548743797576
-0.3603107349500484
-0.35303040506596794
-0.34531980231503223
-0.33719406780160316
-0.3286681962076439
-0.3197570518264071
-0.31047538357659943
-0.3008378389740229
-0.29085897705639685
-0.2805532802744961
-0.2699351653717601
-0.2590189932848502
-0.24781907810227125
-0.2363496951214592
-0.22462508804930476
-0.21265947538890248
-0.2004670560592145
-0.18806201429238475
-0.17545852385196495
-0.16267075161843228
-0.14971286058175015
-0.13659901228625737
-0.12334336876682417
-0.10996009401804734
-0.09646335504324263
-0.08286732237559083
-0.06918617064689966
-0.05543407926578688
-0.04162522966100117
-0.027773807446819027
-0.013894000870038009
