#strength 	x-position 	z-position 
0.007446433328834632	-11.00379057881832	0.021766355238652432
0.007438618024643825	-11.002758730942457	0.02167608024703121
0.0074230040425310026	-11.000697173853027	0.021495717372494477
0.007399624268764731	-10.997610180441907	0.021225640444642306
0.007368528187987134	-10.993504148974347	0.02086640923915018
0.007329782015500541	-10.988387589827582	0.020418768317548446
0.007283467749546517	-10.982271107851776	0.019883645484004814
0.007229682931853328	-10.975167380389852	0.019262149862308568
0.007168541602714633	-10.967091131001757	0.018555569597042118
0.007100173853027141	-10.958059098947645	0.017765369183704666
0.007024724057881435	-10.948090004493201	0.01689318643332162
0.006942351101671572	-10.937204510109027	0.01594082907783117
0.006853229774673433	-10.925425177644517	0.01491027102328377
0.006757549449910035	-10.912776421564987	0.013803648258620429
0.006655511746072717	-10.899284458348962	0.012623254428509449
0.006547331496026419	-10.884977252150515	0.011371536079417599
0.0064332383089275354	-10.869884456839298	0.010051087588768954
0.006313474161926406	-10.854037354538363	0.008664645787701514
0.0061882908400360155	-10.837468790787181	0.007215084288566727
0.006057951836137392	-10.820213106464259	0.005705407528929078
0.005922733724758436	-10.802306066610411	0.004138744544410435
0.005782922571779443	-10.783784786300256	0.002518342483285911
0.005638811571089602	-10.764687653715555	0.0008475598762731839
0.005490703947575178	-10.745054250579848	-0.0008701403245352823
0.005338913740375077	-10.724925270119286	-0.002631197923169239
0.005183761068171824	-10.704342432719699	-0.0044319628588305
0.005025570421210713	-10.683348399454731	-0.006268702771201312
0.004864674503365259	-10.66198668366425	-0.008137610736331083
0.004701414008674865	-10.640301560766305	-0.010034813157067607
0.004536131927741985	-10.618337976489563	-0.011956377791678675
0.004369172955035893	-10.59614145371642	-0.013898321904023563
0.0042008880593324876	-10.57375799812988	-0.01585662051838186
0.004031632860014121	-10.551234002859744	-0.0178272147618303
0.00386176131421463	-10.52861615232577	-0.01980602027687669
0.0036916266616765113	-10.505951325477085	-0.02178893568691454
0.003521586360864321	-10.483286498628399	-0.023771851096952387
0.0033519987311282414	-10.460668648094426	-0.025750656611998775
0.0031832165153706012	-10.438144652824288	-0.02772125085544721
0.0030155897084056557	-10.415761197237746	-0.029679549469805507
0.0028494703417617797	-10.393564674464605	-0.0316214935821504
0.0026852071533341932	-10.371601090187863	-0.03354305821676147
0.0025231396765384253	-10.349915967289917	-0.035440260637498
0.0023636031843056074	-10.328554251499437	-0.03730916860262777
0.0022069326447294447	-10.307560218234467	-0.039145908514998565
0.002053455311292204	-10.28697738083488	-0.04094667345065983
0.0019034861584643395	-10.266848400374318	-0.04270773104929379
0.0017573350212378852	-10.247214997238615	-0.04442543125010226
0.0016153088563392805	-10.228117864653914	-0.04609621385711499
0.0014777023221651784	-10.209596584343757	-0.04771661591823951
0.0013447956036278573	-10.191689544489908	-0.04928327890275815
0.001216863625600785	-10.174433860166985	-0.050792955662395806
0.0010941754836392868	-10.157865296415807	-0.05224251716153059
0.000976983352621768	-10.14201819411487	-0.05362895896259803
0.0008655241561065754	-10.126925398803653	-0.05494940745324668
0.0007600304408732124	-10.112618192605206	-0.05620112580233853
0.0006607253479260127	-10.09912622938918	-0.0573815196324495
0.0005678108474179138	-10.086477473309651	-0.05848814239711284
0.0004814759045190359	-10.074698140845143	-0.059518700451660245
0.0004019081145718745	-10.063812646460967	-0.0604710578071507
0.0003292815664544179	-10.053843552006523	-0.06134324055753374
0.0002637479871711601	-10.044811519952411	-0.0621334409708712
0.00020545479496745123	-10.036735270564316	-0.06284002123613765
0.00015453411067314617	-10.02963154310239	-0.0634615168578339
0.00011102531677919237	-10.023515061126584	-0.06399663969137753
748299576840405e-19	-10.01839850197982	-0.06444428061297926
45804599045273466e-21	-10.014292470512261	-0.06480351181847138
2390648473424638e-20	-10.011205477101141	-0.06507358874632355
9217806525279291e-21	-10.00914392001171	-0.06525395162086028
18458360889999798e-22	-10.008112072135848	-0.06534422661248152
