#Fourier coeffs (0-n) 	d/dt (Fourier coeffs) 
0.08179589833949899	0.0005569775641025195
-0.0008079926460549802	0.00015547000434118757
0.00024175354197450465	-4815151807988842e-20
-0.00012253055406167025	23891810120684646e-21
6894907105400248e-20	0
-3886966150229497e-20	0
20529165113014078e-21	0
-8993165966315716e-21	0
17470796566948233e-22	0
26605832350356464e-22	0
-5144741887196795e-21	0
631916671577315e-20	0
-6613255161181535e-21	0
63350861946971626e-22	0
-57081393702937475e-22	0
4894251968380693e-21	0
-4008971841269566e-21	0
31324742443446397e-22	0
-2317736460063668e-21	0
15969045476960455e-22	0
-9863831340625214e-22	0
4909607788207208e-22	0
-1071643340828441e-22	0
-17402907267157404e-23	0
3650286743624934e-22	0
-4799401386924029e-22	0
5332839003612284e-22	0
-5390623960014253e-22	0
5101209358544297e-22	0
-4577506273010755e-22	0
39148563847988045e-23	0
-3190514116271434e-22	0
24642515409088167e-23	0
-17797497220586208e-23	0
11664915370510366e-23	0
-6419218465495863e-23	0
