#strength 	x-position 	z-position 
-0.04186538040205421	-0.21969596257970392	-0.009789534907873794
-0.0016018121059206483	-0.20170034662752687	0.055955301692328714
-0.0071234882568686365	-0.14210864537579157	0.07940938014154664
-0.00529475302904338	-0.1249906130036937	0.03491876215391926
-0.004775374303329943	-0.23850820020651275	0.09038849495277267
-0.004271399771480682	-0.10415045464948625	-0.06660819856660875
-0.0038921308728170753	-0.17654716456687844	0.10564334510574361
-0.003587736053715967	-0.19493521796386123	0.09527348396116214
-0.003337901077009915	-0.16972778290482612	0.06995757219887112
-0.0031279548098067725	-0.14179069153219373	0.06346714409788291
-0.002948232968388911	-0.26851062735185666	0.04086171770241268
-0.0027920525767365168	-0.24393597456285881	0.05668603883362307
-0.002654648462229286	-0.25403927930829234	0.05680569546576925
-0.0025325185630453387	-0.11655346112403328	-0.04217606870110377
-0.0024230218607840144	-0.21012344268162098	-0.08653786155463941
-0.002324121377731931	-0.281187626226373	-0.07805788681379301
-0.0022342140326152672	-0.35020987878710785	0.030305331245205507
-0.0021520149788250374	-0.3117155732527146	0.13413353414625676
-0.0020764779258331603	-0.23690503519554723	0.18456043945431494
-0.0020067398871035664	-0.16042389664148782	0.193763105507996
-0.0019420823663454222	-0.09318917143434637	0.1749190178392608
-0.0018819032627475432	-0.03917294058946347	0.13491283322013362
-0.001825695586065327	-0.0032306143312904314	0.08021144746016722
-0.0017730305509084127	0.012582590641058542	0.01977551882648838
-0.0017235436933335704	0.011201190675024767	-0.038811307676805795
-0.0016769233080133703	-0.002342866172361088	-0.09212684556608565
-0.0016329008407294648	-0.024460539836961656	-0.13972474516078354
-0.0015912430047866823	-0.05322182646349743	-0.18113452396436144
-0.00155174542957392	-0.08635072918996309	-0.21572157854460983
-0.00151422764967535	-0.12148481895638924	-0.24383541099525233
-0.0014785292327368794	-0.15697843727265734	-0.26647331865123836
-0.0014445068343920883	-0.19189146350142575	-0.284708604874754
-0.0014120319644727198	-0.22574273635658776	-0.2994679249716477
-0.001380989258914436	-0.25832392331705595	-0.3114944695020558
-0.001351275079765183	-0.2895853490781859	-0.32136640408004497
-0.0013227963083767575	-0.3195649259645723	-0.32952737013349115
-0.0012954692456601212	-0.34834333781292015	-0.33631677703598606
-0.0012692185802289386	-0.37601727934165147	-0.34199557752818627
-0.0012439764155728478	-0.4026851896565649	-0.3467662086626731
-0.0012196813649100208	-0.4284407714764267	-0.35078716964211526
-0.001196277724816435	-0.45337061276412627	-0.3541835342265407
-0.0011737147378274235	-0.4775535438297115	-0.3570547155473816
-0.0011519459435080058	-0.5010606160104946	-0.35948038404836413
-0.0011309286162538047	-0.5239553482787113	-0.36152503670196634
-0.0011106232830223467	-0.5462941554403073	-0.3632415050165496
-0.001090993312422404	-0.5681269450857233	-0.36467359096661417
-0.0010720045687562067	-0.5894978508263312	-0.3658579940512325
-0.0010536251241377963	-0.6104460250704283	-0.36682569686841854
-0.0010358250226286617	-0.6310064087157252	-0.36760296635541084
-0.0010185760913569378	-0.6512104126579631	-0.3682121031530776
-0.0010018517917416581	-0.6710864738246807	-0.36867203858551467
-0.000985627104863421	-0.690660477363568	-0.36899884417284073
-0.0009698784428335445	-0.7099560576715424	-0.3692061892094754
-0.0009545835794493359	-0.7289948056247698	-0.36930575852710645
-0.000939721591883512	-0.7477964183770244	-0.36930762608986273
-0.0009252728080438657	-0.7663788252064868	-0.3692205747689692
-0.0009112187541808134	-0.7847583104420658	-0.3690523568410228
-0.0008975421001916322	-0.8029496426276485	-0.3688098963767616
-0.000884226600592829	-0.8209662102493556	-0.36849944053274075
-0.0008712570315553038	-0.838820158133384	-0.3681266708417195
-0.0008586191243836923	-0.8565225175558168	-0.36769678591707394
-0.0008462994968902841	-0.8740833264580102	-0.3672145640009267
-0.0008342855842555421	-0.8915117389086553	-0.3666844108021204
-0.0008225655710011933	-0.9088161238743592	-0.3661103964151089
-0.0008111283255634785	-0.9260041537324961	-0.36549628409440066
-0.0007999633390587003	-0.9430828834653086	-0.3648455527783602
-0.0007890606686518954	-0.9600588214841462	-0.3641614149190986
-0.0007784108872843643	-0.9769379920489564	-0.36344683144124157
-0.0007680050391356153	-0.9937259893803108	-0.3627045253553137
-0.000757834601404328	-1.0104280241090036	-0.3619369949601988
-0.0007478914524797278	-1.0270489625685684	-0.36114652729928703
-0.0007381678446891551	-1.043593359678859	-0.36033521229285603
-0.0007286563828325186	-1.0600654857486116	-0.3595049579048019
-0.0007193500057878898	-1.0764693482145327	-0.35865750605724145
-0.0007102419709997861	-1.0928087099963972	-0.35779444856221765
-0.000701325841610069	-1.109087104820919	-0.35691724292880983
-0.0006925954738621759	-1.1253078500246603	-0.3560272278350292
-0.000684045005627458	-1.1414740580016658	-0.35512563757498905
-0.0006756688444211224	-1.1575886471477648	-0.3542136149051891
-0.0006674616550031709	-1.1736543526198262	-0.35329222218506323
-0.0006594183467327104	-1.189673736626986	-0.35236245105677005
-0.0006515340601383705	-1.2056491985059181	-0.35142523059938263
-0.0006438041525125195	-1.2215829851017665	-0.3504814337696221
-0.0006362241845469623	-1.2374772010890758	-0.3495318824148844
-0.0006287899052146509	-1.2533338190511478	-0.34857735116301636
-0.0006214972389427739	-1.2691546892831442	-0.3476185703579196
-0.0006143422714913332	-1.284941549258895	-0.34665622820403114
-0.0006073212383051179	-1.3006960326721049	-0.34569097233356305
-0.0006004305127518331	-1.3164196778187325	-0.3447234110512765
-0.0005936665963919615	-1.3321139353626397	-0.34375411437486086
-0.0005870261098204627	-1.3477801754452177	-0.3427836150039165
-0.0005805057854716949	-1.3634196939918684	-0.3418124093859002
-0.0005741024611217692	-1.3790337183214012	-0.34084095887721294
-0.0005678130745106254	-1.3946234122572352	-0.3398696909597542
-0.0005616346594449571	-1.4101898805372237	-0.33889900066223033
-0.0005555643420774581	-1.425734172560943	-0.3379292522057883
-0.0005495993382153147	-1.4412572857408468	-0.3369607807382948
-0.00054373695082237	-1.456760168467783	-0.3359938941434183
-0.0005379745681176624	-1.4722437226718441	-0.3350288749406618
-0.0005323096614048162	-1.4877088061245043	-0.3340659821965541
-0.0005267397832290129	-1.5031562345564704	-0.3331054533923007
-0.000521262565470677	-1.5185867835889493	-0.33214750622610467
-0.0005158757169334369	-1.53400119061143	-0.3311923402822249
-0.0005105770213484767	-1.5494001565763351	-0.3302401385730757
-0.0005053643348801127	-1.5647843476960877	-0.3292910689531175
-0.000500235583374524	-1.580154397173995	-0.32834528533944435
-0.0004951887601432302	-1.5955109069170723	-0.3274029287538935
-0.0004902219228500523	-1.6108544492365902	-0.32646412820926884
-0.00048533319134471883	-1.6261855684934863	-0.3255290014823363
-0.0004805207450340604	-1.6415047826515716	-0.3245976557949427
-0.0004757828203440246	-1.65681258485026	-0.3236701883676197
-0.0004711177088820937	-1.6721094448935108	-0.3227466869118745
-0.00046652375520923883	-1.6873958106091094	-0.3218272301136748
-0.0004619993552304174	-1.702672109127872	-0.32091188810283483
-0.0004575429545048623	-1.7179387480430803	-0.32000072293784193
-0.00045315304698898516	-1.7331961164413896	-0.31909378911729386
-0.00044882817350060805	-1.7484445858726294	-0.3181911340839684
-0.00044456692061874137	-1.7636845112582267	-0.31729279872801
-0.0004403679195613651	-1.7789162316760823	-0.3163988179269343
-0.0004362298449812063	-1.7941400710749955	-0.3155092210954709
-0.0004321514137778735	-1.8093563389648515	-0.3146240327144753
-0.00042813138401514086	-1.8245653310503485	-0.31374327285337567
-0.00042416855359562675	-1.839767329814702	-0.3128669576848227
-0.00042026175903983956	-1.8549626050801953	-0.31199509997507185
-0.0004164098740106169	-1.8701514145369966	-0.31112770955456187
-0.0004126118080769615	-1.8853340042222777	-0.31026479377409694
-0.00040886650491464213	-1.9005106089946113	-0.3094063579178529
-0.000405172940823699	-1.915681453011261	-0.30855240556582614
-0.00040153012306365886	-1.930846750169309	-0.3077029389218161
-0.0003979370879136062	-1.946006704553531	-0.30685795908411684
-0.0003943928990738973	-1.9611615108912361	-0.3060174662513117
-0.0003908966456139043	-1.9763113550084277	-0.3051814598679862
-0.0003874474403946608	-1.991456414279663	-0.3043499387150437
-0.00038404441820013603	-2.006596858082635	-0.30352290093479695
-0.00038068673395553164	-2.021732848288325	-0.30270034398193224
-0.00037737356153244583	-2.036864539719569	-0.3018822645422138
-0.0003741040921222197	-2.0519920805893905	-0.3010686584219867
-0.0003708775331686589	-2.067115612952687	-0.3002595203968916
-0.00036769310746288635	-2.082235273126125	-0.2994548440512648
-0.00036455005229711623	-2.097351192074618	-0.2986546216242712
-0.0003614476190798091	-2.11246349576006	-0.2978588438716785
-0.0003583850728127169	-2.127572305457993	-0.2970674999454606
-0.0003553616920417054	-2.1426777380465487	-0.2962805772941071
-0.0003523767686783707	-2.1577799062602776	-0.2954980615925843
-0.00034942960823617676	-2.1728789189106794	-0.2947199367043656
-0.0003465195297728263	-2.1879748810849358	-0.29394618467196343
-0.00034364586640960905	-2.203067894316384	-0.29317678574123607
-0.0003408079652679908	-2.2181580567277366	-0.2924117184235705
-0.0003380051882230003	-2.233245463135799	-0.2916509596002944
-0.0003352369116566209	-2.2483302051455674	-0.2908944846506631
-0.0003325025270456538	-2.2634123712396015	-0.29014226759866296
-0.0003298014409517918	-2.2784920468316234	-0.28939428129130723
-0.0003271330750860852	-2.293569314324488	-0.2886504975818343
-0.00032449686620101593	-2.3086442531790836	-0.28791088750610666
-0.0003218922660504168	-2.3237169399802164	-0.2871754214575213
-0.00031931874107483417	-2.3387874485050397	-0.28644406935577865
-0.0003167757721665044	-2.353855849799116	-0.2857168008045124
-0.00031426285430172056	-2.3689222122503586	-0.2849935852427675
-0.000311779496147236	-2.3839866016585103	-0.28427439209204874
-0.0003093252195867837	-2.39904908129978	-0.2835591908967244
-0.00030689955916742007	-2.4141097119947172	-0.28284795144968394
-0.00030450206140377606	-2.4291685521829	-0.2821406439000495
-0.0003021322843003559	-2.4442256579865878	-0.2814372388507128
-0.000299789796430628	-2.459281083281312	-0.2807377074307573
-0.000297474176158382	-2.474334879791119	-0.28004202132950934
-0.00029518501105338726	-2.489387097180687	-0.2793501528071884
-0.0002929218968157274	-2.504437783157013	-0.2786620746776806
-0.0002906844369770824	-2.519486983575502	-0.2779777602652988
-0.00028847224168893765	-2.5345347425578946	-0.27729718333523395
-0.00028628492783149863	-2.5495811026007673	-0.27662031801427156
-0.00028412211791443813	-2.5646261046797747	-0.2759471387020006
-0.0002819834401659241	-2.579669788362929	-0.27527761996955497
-0.0002798685279584972	-2.594712191900778	-0.27461173647081855
-0.0002777770200663894	-2.6097533522967034	-0.27394946286686145
-0.0002757085599074307	-2.624793305389716	-0.27329077374394617
-0.00027366279614154596	-2.639832085926951	-0.2726356435423992
-0.0002716393823781211	-2.6548697276077426	-0.27198404650984015
-0.0002696379771476298	-2.6699062631406143	-0.27133595665552385
-0.00026765824441255665	-2.684941724277547	-0.2706913477249351
-0.0002656998531163201	-2.699976141851147	-0.2700501931800543
-0.00026376247771014646	-2.7150095458152146	-0.2694124661855144
-0.00026184579823891087	-2.7300419652595993	-0.2687781396180797
-0.0002599495001962913	-2.745073428439789	-0.268147186074194
-0.00025807327495322614	-2.7601039628014883	-0.2675195778866336
-0.0002562168197872555	-2.77513359498893	-0.2668952871571093
-0.0002543798377073591	-2.7901623508708417	-0.2662742857824423
-0.0002525620379495025	-2.805190255555223	-0.2656565454917709
-0.0002507631357120954	-2.82021733339567	-0.2650420378926919
-0.00024898285217721597	-2.8352436080141543	-0.26443073450844584
-0.0002472209147298312	-2.8502691023123323	-0.26382260682328873
-0.0002454770566421051	-2.8652938384828555	-0.2632176263287744
-0.00024375101722903803	-2.8803178380279206	-0.2626157645638526
-0.0002420425415721912	-2.895341121776465	-0.2620169931549946
-0.00024035138069607685	-2.910363709895166	-0.261421283859396
-0.00023867729115296422	-2.925385621904738	-0.2608286086017306
-0.00023702003501207755	-2.940406876703703	-0.260238939503286
-0.00023537937990109926	-2.9554274925775115	-0.2596522489183341
-0.00023375509844840783	-2.9704474872194537	-0.25906850945904614
-0.00023214696846779806	-2.9854668777551474	-0.2584876940147855
-0.00023055477272532557	-3.000485680752158	-0.25790977577947416
-0.00022897829861689457	-3.015503912239093	-0.2573347282697013
-0.00022741733819453894	-3.030521587725224	-0.25676252533837574
-0.000225871687815243	-3.0455387222169037	-0.2561931411876067
-0.00022434114811860882	-3.0605553302355917	-0.2556265503777666
-0.00022282552366331178	-3.0755714258352342	-0.2550627278343234
-0.00022132462306391834	-3.0905870226148076	-0.25450164885519805
-0.00021983825832820603	-3.105602133738508	-0.2539432891092806
-0.00021836624523042213	-3.120616771952231	-0.2533876246349244
-0.00021690840271571497	-3.1356309495947086	-0.25283463183971816
-0.00021546455294240395	-3.15064467861813	-0.2522842874901761
-0.00021403452104518453	-3.1656579706033794	-0.2517365687030201
-0.0002126181351048556	-3.1806708367711667	-0.2511914529376815
-0.00021121522581215614	-3.195683287998856	-0.25064891798177347
-0.0002098256264519479	-3.210695334838829	-0.25010894193336064
-0.0002084491729021018	-3.225706987527045	-0.24957150318988497
-0.00020708570323100563	-3.2407182559982135	-0.2490365804306892
-0.00020573505790086148	-3.255729149900835	-0.248504152598504
-0.00020439707953908565	-3.270739678605172	-0.2479741988861131
-0.0002030716128683767	-3.285749851217433	-0.24744669871739394
-0.00020175850461887947	-3.3007596765940144	-0.246921631728581
-0.00020045760372408745	-3.3157691633450925	-0.24639897775931494
-0.00019916876092909187	-3.330778319843312	-0.24587871683944656
-0.00019789182892928844	-3.3457871542390127	-0.24536082917026536
-0.0001966266624510299	-3.360795674464509	-0.2448452951158651
-0.00019537311798517587	-3.375803888241087	-0.2443320951939158
-0.00019413105403889158	-3.390811803085663	-0.24382121006728563
-0.00019290033091169147	-3.405819426315695	-0.24331262053736807
-0.0001916808107354246	-3.420826765058941	-0.24280630753396157
-0.0001904723575535984	-3.435833826257625	-0.24230225211104678
-0.00018927483723585672	-3.450840616670996	-0.24180043544493768
-0.0001880881174508263	-3.465847142882536	-0.24130083882858538
-0.00018691206766591716	-3.480853411306064	-0.24080344366732562
-0.00018574655929095608	-3.495859428186725	-0.24030823147988906
-0.00018459146531571262	-3.5108651996085634	-0.2398151838938448
-0.0001834466607157463	-3.5258707314989866	-0.2393242826445114
-0.00018231202221501153	-3.5408760296278743	-0.23883550957905705
-0.00018118742815340962	-3.5558810996169044	-0.23834884665128447
-0.00018007275885201235	-3.5708859469420213	-0.2378642759227155
-0.0001789678961569719	-3.5858905769359013	-0.23738177956454232
-0.00017787272383396405	-3.600894994792111	-0.23690133985796435
-0.0001767871271864726	-3.6158992055681756	-0.23642293919541182
-0.00017571099334376568	-3.6309032141896367	-0.23594656008087986
-0.00017464421100067164	-3.6459070254527965	-0.2354721851313751
-0.00017358667055855648	-3.660910644028804	-0.2349997970770613
-0.0001725382640363083	-3.6759140744660406	-0.2345293787629024
-0.00017149888500605712	-3.6909173211944175	-0.2340609131484153
-0.00017046842873295193	-3.7059203885267666	-0.23359438331010163
-0.00016944679191451678	-3.7209232806627375	-0.23312977244088756
-0.0001684338728129304	-3.735926001694131	-0.23266706384811026
-0.0001674295713105598	-3.7509285556037977	-0.23220624095799258
-0.00016643378861864143	-3.7659309462702644	-0.23174728731381153
-0.00016544642746000628	-3.780933177473837	-0.23129018657211817
-0.0001644673921064356	-3.7959352528952364	-0.23083492250729365
-0.0001634965881308209	-3.8109371761185797	-0.2303814790111501
-0.00016253392254405447	-3.825938950637255	-0.22992984008912098
-0.00016157930377993374	-3.8409405798545606	-0.22947998986226242
-0.00016063264166301001	-3.8559420670849827	-0.22903191256871752
-0.0001596938472464178	-3.8709434155593727	-0.22858559256097083
-0.00015876283315648977	-3.8859446284248764	-0.22814101430881026
-0.00015783951311220193	-3.9009457087474533	-0.2276981623996385
-0.0001569238022869658	-3.9159466595161025	-0.2272570215370012
-0.0001560156171573051	-3.9309474836415115	-0.22681757654556553
-0.00015511487540872428	-3.9459481839593864	-0.22637981237095742
-0.00015422149602999265	-3.960948763232946	-0.22594371408035
-0.00015333539932435754	-3.9759492241523673	-0.22550926686657044
-0.00015245650661975356	-3.9909495693391066	-0.22507645604645646
-0.00015158474068388723	-4.005949801346579	-0.2246452670635366
-0.0001507200252794938	-4.020949922659691	-0.2242156854920125
-0.0001498622854224016	-4.035949935697925	-0.22378769703583315
-0.00014901144709763767	-4.050949842817696	-0.2233612875281192
-0.0001481674375478706	-4.065949646312776	-0.22293644293269063
-0.00014733018485456502	-4.080949348416042	-0.22251314934331667
-0.00014649961828645808	-4.095948951301912	-0.2220913929818359
-0.00014567566791641624	-4.1109484570879	-0.22167116019639757
-0.00014485826489113972	-4.125947867836853	-0.2212524374592857
-0.00014404734122657782	-4.140947185556292	-0.22083521136751955
-0.0001432428298442142	-4.155946412200767	-0.22041946863892323
-0.00014244466437235252	-4.170945549676938	-0.22000519610383262
-0.00014165277942481888	-4.185944599844395	-0.21959238070292159
-0.00014086711049473254	-4.20094356451296	-0.21918100948988062
-0.0001400875936181968	-4.215942445447809	-0.21877106962314188
-0.00013931416589662085	-4.230941244371411	-0.21836254836163313
-0.00013854676498583317	-4.245939962963636	-0.21795543306342227
-0.0001377853294867691	-4.260938602863398	-0.2175497111828602
-0.0001370297987000734	-4.2759371656684255	-0.2171453702703291
-0.00013628011264163117	-4.290935652938155	-0.21674239796757522
-0.00013553621217158793	-4.305934066194393	-0.21634078200676227
-0.00013479803885739494	-4.320932406921286	-0.21594051021073798
-0.00013406553502649451	-4.335930676566847	-0.21554157049157874
-0.0001333386437737897	-4.3509288765430485	-0.21514395085126883
-0.0001326173089409577	-4.365927008225958	-0.2147476393822234
-0.00013190147501151127	-4.380925072958015	-0.21435262426476132
-0.00013119108727451846	-4.395923072048718	-0.213958893767048
-0.00013048609169746123	-4.410921006773762	-0.2135664362476113
-0.00012978643497670896	-4.425918878375364	-0.21317524015564332
-0.00012909206437364956	-4.440916688064757	-0.21278529402785978
-0.00012840292787061162	-4.4559144370230594	-0.21239658648748103
-0.00012771897418506657	-4.470912126399544	-0.21200910624716554
-0.00012704015239884368	-4.485909757314859	-0.21162284210413163
-0.00012636641247939888	-4.50090733086155	-0.21123778293917694
-0.00012569770480699329	-4.515904848102803	-0.21085391771832063
-0.00012503398041607654	-4.53090231007482	-0.2104712354884342
-0.0001243751907714103	-4.545899717788437	-0.21008972537362147
-0.00012372128809009023	-4.560897072228473	-0.20970937657563066
-0.00012307222491569382	-4.575894374354211	-0.20933017837229573
-0.0001224279544855024	-4.5908916251007055	-0.2089521201142073
-0.00012178843038336724	-4.605888825379767	-0.20857519122187454
-0.0001211536068209014	-4.620885976080917	-0.2081993811831344
-0.00012052343849097008	-4.635883078070452	-0.2078246795539401
-0.00011989788057594798	-4.650880132192521	-0.20745107595546128
-0.00011927688864982015	-4.665877139271362	-0.2070785600693329
-0.00011866041897691179	-4.68087410011024	-0.2067071216387468
-0.00011804842814345726	-4.695871015491235	-0.20633675046827324
-0.00011744087329614711	-4.710867886177205	-0.2059674364197612
-0.00011683771199613203	-4.725864712912337	-0.20559916941089257
-0.0001162389024115286	-4.740861496421521	-0.20523193941599804
-0.00011564440307622499	-4.755858237410793	-0.20486573646531256
-0.00011505417307733704	-4.770854936568356	-0.2045005506428745
-0.00011446817194388052	-4.785851594564749	-0.20413637208639912
-0.00011388635973098513	-4.800848212052969	-0.20377319098699076
-0.00011330869692283488	-4.8158447896692556	-0.2034109975882928
-0.00011273514453147282	-4.830841328033179	-0.20304978218670683
-0.00011216566409551036	-4.845837827747001	-0.20268953513312948
-0.00011160021748350853	-4.860834289397518	-0.2023302468301814
-0.00011103876717908322	-4.875830713556166	-0.20197190773244095
-0.00011048127617140774	-4.890827100777599	-0.20161450835022676
-0.00010992770771329	-4.905823451601826	-0.20125803924620111
-0.00010937802580092068	-4.920819766553962	-0.2009024910366322
-0.00010883219467136031	-4.935816046143738	-0.20054785439315886
-0.00010829017914260747	-4.950812290866876	-0.20019412004092652
-0.00010775194441268489	-4.965808501204838	-0.1998412787598999
-0.00010721745621594496	-4.980804677624748	-0.1994893213857757
-0.00010668668056430276	-4.995800820580292	-0.19913823880886605
-0.00010615958410222295	-5.010796930511426	-0.19878802197549042
-0.00010563613369973107	-5.025793007844375	-0.19843866188812617
-0.00010511629670803893	-5.04078905299319	-0.19809014960252383
-0.00010460004084769312	-5.055785066359362	-0.19774247622859478
-0.00010408733428986586	-5.070781048331517	-0.19739563293151768
-0.0001035781454581837	-5.08577699928614	-0.1970496109301446
-0.00010307244325591207	-5.100772919587844	-0.19670440149630986
-0.0001025701968382798	-5.115768809589423	-0.19635999595401007
-0.00010207137568668187	-5.13076466963296	-0.19601638567679805
-0.00010157594975816926	-5.145760500048926	-0.19567356208893327
-0.00010108388904158695	-5.160756301157506	-0.19533151666200496
-0.00010059516418741386	-5.175752073268055	-0.19499024091530753
-0.00010010974585965803	-5.190747816679029	-0.19464972641514733
-9962760505191452e-20	-5.205743531680168	-0.1943099647687087
-9914871323813898e-20	-5.22073921855079	-0.1939709476271309
-9867304192198723e-20	-5.235734877560231	-0.19363266668342893
-9820056300893082e-20	-5.250730508969297	-0.1932951136682826
-9773124870514002e-20	-5.265726113029087	-0.1929582803515547
-9726507137114947e-20	-5.280721689981821	-0.19262215853950698
-9680200371696597e-20	-5.295717240061339	-0.19228674007233562
-9634201869791921e-20	-5.3107127634927735	-0.19195201682430219
-9588508953899295e-20	-5.325708260492799	-0.1916179807023769
-9543118971412634e-20	-5.340703731269978	-0.1912846236446449
-949802930000302e-19	-5.355699176024741	-0.19095193761986637
-9453237343677937e-20	-5.370694594949314	-0.19061991462727393
-9408740531066141e-20	-5.385689988228068	-0.19028854669497858
-9364536319209776e-20	-5.400685356038003	-0.18995782587869942
-932062219270273e-19	-5.415680698548429	-0.18962774426222642
-927699567416073e-19	-5.430676015920609	-0.18929829395852857
-9233654286368125e-20	-5.445671308308998	-0.1889694671064365
-9190595622375966e-20	-5.460666575860361	-0.18864125587326025
-9147817262488735e-20	-5.475661818713704	-0.1883136524550076
-9105316840046611e-20	-5.490657037001492	-0.18798664907316132
-9063092005555384e-20	-5.5056522308489475	-0.18766023797686357
-9021140441319193e-20	-5.520647400374293	-0.187334411442645
-8979459859140108e-20	-5.53564254568848	-0.1870091617754762
-8938047995061572e-20	-5.550637666895486	-0.18668448130820336
-8896902605203677e-20	-5.5656327640930225	-0.18636036239941375
-8856021487253091e-20	-5.580627837372082	-0.18603679743532375
-8815402455259955e-20	-5.5956228868165905	-0.18571377883084844
-8775043346395152e-20	-5.610617912504235	-0.18539129902743134
-8734942036097912e-20	-5.62561291450605	-0.185069350494098
-8695096400711255e-20	-5.640607892887108	-0.18474792572553067
-8655504367246353e-20	-5.6556028477062705	-0.18442701724276042
-8616163870905046e-20	-5.670597779015618	-0.1841066175947896
-8577072866244352e-20	-5.685592686861745	-0.18378671935464416
-853822934006182e-19	-5.7005875712853875	-0.18346731512010173
-8499631300151224e-20	-5.715582432320822	-0.18314839751548434
-846127676433165e-19	-5.730577269996641	-0.18282995918871825
-842316377926769e-19	-5.745572084336104	-0.1825119928098234
-8385290408465147e-20	-5.760566875356605	-0.18219449107208502
-8347654741613572e-20	-5.7755616430696275	-0.181877446691757
-8310254862544698e-20	-5.790556387481686	-0.1815608524041538
-8273088909037732e-20	-5.805551108593771	-0.18124470096501102
-823615500290132e-19	-5.820545806401116	-0.18092898515029215
-8199451301073302e-20	-5.835540480894074	-0.1806136977527036
-8162975970650403e-20	-5.8505351320575745	-0.18029883158227072
-812672719078273e-19	-5.865529759871552	-0.17998437946428203
-8090703165026733e-20	-5.880524364310677	-0.17967033423880202
-8054902099796125e-20	-5.895518945344613	-0.17935668875899946
-8019322224330806e-20	-5.9105135029383185	-0.17904343588898966
-7983961776633804e-20	-5.925508037051834	-0.1787305685035858
-7948819023057344e-20	-5.940502547639939	-0.17841807948863692
-7913892220438173e-20	-5.955497034652747	-0.17810596173780927
-7879179662266013e-20	-5.970491498035903	-0.17779420815098107
-7844679644219109e-20	-5.985485937730045	-0.1774828116349847
-7810390483719253e-20	-6.000480353671228	-0.17717176510203547
-7776310510545885e-20	-6.015474745790707	-0.17686106146934572
-7742438073853573e-20	-6.030469114014979	-0.17655069365852785
-7708771532139412e-20	-6.045463458266052	-0.17624065459406554
-7675309265797042e-20	-6.060457778461459	-0.1759309372028671
-7642049677164357e-20	-6.075452074513797	-0.17562153441599873
-7608991177803989e-20	-6.090446346330886	-0.17531243916769057
-7576132195898609e-20	-6.1054405938162954	-0.17500364439359561
-7543471190408872e-20	-6.1204348168686735	-0.1746951430327079
-7511006620883331e-20	-6.135429015381992	-0.17438692802706085
-7478736980429113e-20	-6.150423189245647	-0.17407899232098056
-7446660762379896e-20	-6.165417338344471	-0.1737713288609949
-7414776500402377e-20	-6.1804114625584985	-0.17346393059700782
-7383082722149832e-20	-6.1954055617630575	-0.17315679048177604
-7351577982958601e-20	-6.210399635829128	-0.17284990146932924
-7320260863420344e-20	-6.225393684622666	-0.17254325651746166
-7289129931613292e-20	-6.240387708005267	-0.17223684858498076
-725818380742007e-19	-6.255381705833859	-0.17193067063229076
-7227421090527653e-20	-6.270375677960696	-0.17162471562117443
-7196840415505355e-20	-6.285369624233675	-0.17131897651275071
-7166440430792648e-20	-6.300363544495795	-0.17101344626948428
-7136219773325528e-20	-6.315357438585744	-0.1707081178514247
-7106177128324807e-20	-6.330351306337596	-0.1704029842170801
-7076311160791882e-20	-6.345345147580682	-0.17009803832285733
-7046620552899306e-20	-6.360338962140296	-0.16979327311882664
-7017104022898069e-20	-6.375332749836788	-0.1694886815521575
-6987760254661274e-20	-6.390326510485967	-0.1691842565638949
-6958587984316755e-20	-6.405320243899318	-0.16887999108686788
-6929585922147569e-20	-6.420313949883712	-0.16857587804587174
-6900752817073225e-20	-6.435307628241521	-0.16827191035600367
-6872087400271176e-20	-6.450301278770502	-0.16796808092192483
-6843588438934338e-20	-6.465294901263737	-0.16766438263720648
-6815254682533516e-20	-6.480288495509698	-0.16736080838263492
-6787084900315536e-20	-6.495282061292496	-0.167057351023382
-6759077881503261e-20	-6.51027559839138	-0.1667540034108333
-6731232394484137e-20	-6.525269106580997	-0.16645075837980194
-6703547257233371e-20	-6.540262585631162	-0.166147608748826
-6676021253196156e-20	-6.555256035306885	-0.16584454731840303
-6648653199724588e-20	-6.5702494553688195	-0.1655415668677128
-6621441924413961e-20	-6.58524284557246	-0.16523866015777186
-6594386254489375e-20	-6.600236205668223	-0.1649358199296839
-6567485022279662e-20	-6.615229535401989	-0.1646330389008653
-65407370784476e-18	-6.630222834514742	-0.16433030976546023
-6514141289534585e-20	-6.645216102742139	-0.16402762519603067
-6487696507277707e-20	-6.66020933981491	-0.16372497784001946
-6461401617403884e-20	-6.675202545458855	-0.16342236031881785
-6435255504956897e-20	-6.690195719394374	-0.1631197652290707
-6409257060728188e-20	-6.705188861336835	-0.1628171851398825
-6383405191078516e-20	-6.7201819709964035	-0.16251461259240946
-6357698821076417e-20	-6.735175048077668	-0.16221204010097864
-6332136856934678e-20	-6.7501680922800915	-0.1619094601493965
-6306718248887469e-20	-6.765161103297809	-0.16160686519104875
-6281441940906435e-20	-6.780154080819141	-0.16130424765084694
-6256306884183313e-20	-6.795147024526946	-0.1610015999218557
-6231312046232375e-20	-6.810139934098593	-0.16069891436405614
-6206456396457873e-20	-6.825132809205842	-0.1603961833038297
-618173893058363e-19	-6.840125649514586	-0.16009339903463107
-6157158638638374e-20	-6.855118454684821	-0.15979055381592336
-613271452175549e-19	-6.870111224370823	-0.15948763987058753
-6108405607301026e-20	-6.885103958220784	-0.1591846493858129
-6084230899277253e-20	-6.900096655877013	-0.15888157451055482
-606018945430338e-19	-6.915089316975658	-0.15857840735565157
-6036280295863665e-20	-6.930081941146633	-0.15827513999317855
-60125024929198745e-21	-6.945074528013597	-0.15797176445443348
-5988855090003145e-20	-6.960067077193977	-0.15766827272905873
-5965337173521011e-20	-6.975059588298669	-0.1573646567644136
-5941947813539045e-20	-6.9900520609320065	-0.15706090846475182
-59186860927828294e-21	-7.00504449469192	-0.1567570196879492
-58955511252869325e-21	-7.020036889169467	-0.1564529822473131
-58725419953560565e-21	-7.035029243948913	-0.15614878790889744
-5849657833506376e-20	-7.050021558607701	-0.15584442838972398
-582689774724747e-19	-7.0650138327162555	-0.15553989535720625
-5804260874867767e-20	-7.080006065837995	-0.1552351804273293
-5781746355733308e-20	-7.094998257528993	-0.1549302751650613
-5759353333992072e-20	-7.109990407338008	-0.1546251710817969
-5737080963253739e-20	-7.124982514806473	-0.1543198596334499
-5714928410748693e-20	-7.139974579468228	-0.15401433221982996
-5692894840008192e-20	-7.154966600849539	-0.1537085801829441
-5670979445315458e-20	-7.169958578468784	-0.15340259480697174
-56491814037827257e-21	-7.184950511836372	-0.15309636731636636
-56274999149728486e-21	-7.199942400454828	-0.1527898888730075
-5605934184254799e-20	-7.21493424381846	-0.1524831505760845
-55844834227799026e-21	-7.229926041413264	-0.1521761434605704
-556314685506501e-19	-7.2449177927167865	-0.1518688584960666
-5541923708676788e-20	-7.259909497197961	-0.15156128658500595
-55208132125200704e-21	-7.274901154317144	-0.15125341856008506
-5499814626933226e-20	-7.289892763525677	-0.15094524518478922
-54789271898407835e-21	-7.304884324265851	-0.15063675715117084
-5458150166798119e-20	-7.319875835970883	-0.15032794507681785
-5437482819321132e-20	-7.334867298064619	-0.1500187995043117
-54169244269493266e-21	-7.349858709961376	-0.1497093108998508
-53964742617720884e-21	-7.364850071065761	-0.14939946965074447
-53761316093510134e-21	-7.379841380772632	-0.14908926606286058
-5355895764271035e-20	-7.394832638466756	-0.14877869036004074
-5335766022396271e-20	-7.409823843522649	-0.14846773268202018
-53157416806341035e-21	-7.424814995304494	-0.14815638308105217
-5295822046712771e-20	-7.439806093165885	-0.14784463152015523
-52760064380898836e-21	-7.454797136449566	-0.14753246787234836
-5256294163595576e-20	-7.469788124487244	-0.14721988191704707
-52366845366101644e-21	-7.484779056599556	-0.14690686333655487
-52171769001328056e-21	-7.499769932095559	-0.14659340171636304
-5197770558325668e-20	-7.514760750272681	-0.14627948654107178
-51784648595339794e-21	-7.529751510416528	-0.14596510719128977
-51592591275457025e-21	-7.544742211800496	-0.14565025294246667
-5140152710239425e-20	-7.559732853685616	-0.14533491296178594
-5121144943657022e-20	-7.57472343532028	-0.14501907630539018
-5102235171623032e-20	-7.58971395594004	-0.14470273191479247
-5083422753494188e-20	-7.604704414767264	-0.1443858686157434
-5064707036816704e-20	-7.619694811010862	-0.1440684751151865
-5046087383107044e-20	-7.634685143866027	-0.14375053999759224
-5027563154040571e-20	-7.649675412513991	-0.14343205172257298
-5009133718068305e-20	-7.664665616121666	-0.14311299862196428
-4990798447938871e-20	-7.679655753841365	-0.14279336889702746
-497255672228282e-19	-7.694645824810477	-0.1424731506155549
-495440792387062e-19	-7.709635828151164	-0.14215233170897704
-4936351445657995e-20	-7.724625762970007	-0.14183089996938783
-49183866705495086e-21	-7.739615628357708	-0.14150884304550126
-4900513013489892e-20	-7.754605423388717	-0.14118614844052252
-48827298683221804e-21	-7.769595147120856	-0.1408628035087219
-48650366484407834e-21	-7.7845847985950245	-0.14053879545116413
-4847432782418941e-20	-7.799574376834732	-0.14021411131418476
-48299176760470755e-21	-7.814563880845771	-0.13988873798434973
-4812490774176552e-20	-7.829553309615822	-0.1395626621849495
-4795151499017991e-20	-7.844542662114012	-0.13923587047287217
-4777899299553308e-20	-7.859531937290522	-0.13890834923424375
-4760733615344695e-20	-7.874521134076166	-0.13858008468092906
-4743653902733458e-20	-7.88951025138187	-0.1382510628462359
-47266596109513115e-21	-7.9044992880983305	-0.13792126958061612
-4709750208963144e-20	-7.919488243095438	-0.1375906905475979
-46929251536131575e-21	-7.934477115221851	-0.13725931121911775
-4676183920985719e-20	-7.949465903304475	-0.136927116870618
-4659525977156881e-20	-7.964454606147958	-0.1365940925763397
-4642950807881574e-20	-7.979443222534151	-0.13626022320484132
-4626457893689741e-20	-7.994431751221509	-0.13592549341434812
-4610046714014458e-20	-8.009420190944606	-0.13558988764625904
-4593716760445919e-20	-8.02440854041351	-0.1352533901198528
-4577467520007483e-20	-8.03939679831322	-0.1349159848272011
-45612984964188766e-21	-8.05438496330297	-0.13457765552809398
-45452091803571334e-21	-8.069373034015557	-0.13423838574374172
-45291990706150184e-21	-8.084361009056877	-0.13389815874970748
-45132676719926434e-21	-8.099348887005043	-0.13355695757017289
-4497414483300814e-20	-8.114336666409761	-0.13321476497148424
-44816390250430535e-21	-8.129324345791595	-0.1328715634564236
-4465940798011221e-20	-8.14431192364116	-0.13252733525701876
-4450319317779103e-20	-8.159299398418469	-0.13218206232655402
-4434774099069255e-20	-8.174286768552014	-0.1318357263329925
-4419304662657206e-20	-8.189274032438043	-0.13148830865182212
-4403910530960051e-20	-8.204261188439567	-0.13113979035849352
-4388591227675459e-20	-8.219248234885635	-0.13079015222026372
-437334628118867e-19	-8.234235170070322	-0.1304393746879853
-4358175222564549e-20	-8.249221992251833	-0.13008743788794674
-4343077590877355e-20	-8.264208699651496	-0.1297343216136261
-4328052922630138e-20	-8.279195290452817	-0.12938000531672536
-4313100763973787e-20	-8.2941817628004	-0.12902446809789897
-42982206583171145e-21	-8.309168114798869	-0.12866768869733852
-4283412163906368e-20	-8.324154344511804	-0.12830964548540988
-4268674831965982e-20	-8.339140449960535	-0.12795031645248184
-4254008223157982e-20	-8.354126429123031	-0.12758967919824846
-4239411909394593e-20	-8.36911227993261	-0.12722771092186907
-4224885454066907e-20	-8.384098000276694	-0.1268643884104622
-4210428432444707e-20	-8.399083587995461	-0.12649968802715297
-41960404248543234e-21	-8.414069040880587	-0.1261335856998036
-418172101359672e-19	-8.429054356673698	-0.1257660569088515
-41674697908802155e-21	-8.444039533065002	-0.12539707667455263
-4153286337068782e-20	-8.459024567691744	-0.12502661954325556
-413917026598435e-19	-8.474009458136601	-0.12465465957451768
-4125121158082834e-20	-8.488994201926138	-0.12428117032632935
-4111138626819791e-20	-8.503978796529024	-0.12390612484005106
-4097222283372913e-20	-8.518963239354346	-0.12352949562661816
-40833717299201475e-21	-8.533947527749726	-0.12315125464962404
-4069586584259759e-20	-8.548931658999466	-0.12277137330853718
-4055866459707659e-20	-8.563915630322617	-0.12238982242213908
-4042210983236892e-20	-8.578899438870854	-0.12200657221106964
-4028619770053525e-20	-8.593883081726439	-0.12162159227906649
-4015092449836423e-20	-8.608866555899931	-0.12123485159364922
-4001628649370065e-20	-8.623849858327993	-0.1208463184665845
-3988227997807521e-20	-8.638832985870941	-0.12045596053295832
-3974890129512451e-20	-8.653815935310258	-0.12006374472966864
-39616146736375785e-21	-8.668798703346052	-0.11966963727294103
-3948401277617877e-20	-8.683781286594368	-0.11927360363552118
-393524956936505e-19	-8.698763681584325	-0.11887560852207989
-3922159195578201e-20	-8.71374588475531	-0.11847561584365486
-39091297966024896e-21	-8.728727892453838	-0.11807358869185466
-38961610200779345e-21	-8.743709700930447	-0.11766948931141263
-3883252510542001e-20	-8.758691306336376	-0.11726327907142091
-38704039120327285e-21	-8.773672704720108	-0.11685491843518671
-3857614882539842e-20	-8.788653892023786	-0.1164443669295951
-38448850646756114e-21	-8.803634864079505	-0.11603158311251854
-383221412360614e-19	-8.818615616605301	-0.11561652453902073
-3819601704662355e-20	-8.833596145201147	-0.11519914772573918
-38070474675086854e-21	-8.848576445344587	-0.11477940811340047
-379455107334236e-19	-8.86355651238632	-0.1143572600286093
-3782112178853103e-20	-8.878536341545521	-0.11393265664309445
-37697304517086624e-21	-8.893515927904906	-0.11350554993122938
-37574055497749045e-21	-8.908495266405597	-0.11307589062540259
-3745137144174973e-20	-8.923474351841772	-0.11264362816933272
-3732924898517884e-20	-8.938453178855033	-0.11220871066915833
-3720768482578726e-20	-8.953431741928432	-0.11177108484191291
-3708667571563316e-20	-8.96841003538038	-0.11133069596192315
-3696621835131558e-20	-8.983388053358055	-0.11088748780395047
-3684630948290815e-20	-8.998365789830569	-0.11044140258328095
-3672694584477658e-20	-9.013343238581829	-0.10999238089316793
-3660812434313175e-20	-9.028320393202955	-0.10954036163920607
-3648984156291897e-20	-9.043297247084324	-0.10908528196916432
-3637209463478938e-20	-9.058273793407249	-0.10862707720036074
-36254880121846383e-21	-9.073250025135138	-0.10816568074208875
-36138195072947174e-21	-9.08822593500418	-0.10770102401342159
-3602203623936581e-20	-9.103201515513614	-0.10723303635744949
-35906400604903896e-21	-9.11817675891532	-0.10676164494994678
-3579128511837365e-20	-9.133151657202987	-0.10628677470327877
-35676686633524454e-21	-9.148126202100476	-0.10580834816362933
-35562602229614534e-21	-9.163100385049681	-0.10532628540280982
-35449028759017634e-21	-9.178074197197589	-0.10484050390325722
-35335963373567605e-21	-9.193047629382589	-0.10435091843613363
-3522340303199409e-20	-9.20802067211993	-0.10385744093166786
-3511134474870614e-20	-9.222993315586377	-0.1033599803404836
-34999785671093256e-21	-9.237965549603786	-0.10285844248699123
-34888722852110046e-21	-9.252937363621736	-0.10235272991271493
-34778153464230105e-21	-9.267908746699058	-0.10184274170875839
-3466807456916146e-20	-9.28287968748399	-0.10132837333671453
-3455848336095246e-20	-9.297850174193275	-0.10080951643725798
-3444937704881294e-20	-9.312820194589616	-0.10028605862541697
-3434075279492438e-20	-9.327789735957694	-0.09975788327041424
-3423260787203779e-20	-9.342758785078491	-0.09922486925934679
-341249394712629e-19	-9.357727328201744	-0.09868689074298477
-34017744927131166e-21	-9.372695351016366	-0.098143816861957
-33911021455826015e-21	-9.387662838618803	-0.0975955114512147
-338047664402881e-19	-9.40262977547873	-0.0970418327206936
-3369897716979167e-20	-9.417596145402376	-0.09648263290958242
-335936509849432e-19	-9.432561931492671	-0.09591775791110367
-33488785298501494e-21	-9.447527116106325	-0.09534704686515881
-33384377453385405e-21	-9.462491680807188	-0.09477033171454473
-3328042491595497e-20	-9.477455606315795	-0.09418743672079628
-3317692508423252e-20	-9.49241887245427	-0.0935981779346774
-33073875368504896e-21	-9.507381458086442	-0.09300236261558215
-3297127329566531e-20	-9.522343341052348	-0.09239978859397083
-3286911633076754e-20	-9.53730449809641	-0.09179024356876297
-327674020009841e-19	-9.552264904788746	-0.09117350433077699
-3266612772600229e-20	-9.567224535438259	-0.0905493359022112
-32565291215347e-18	-9.582183362996828	-0.08991749058046201
-3246488987946987e-20	-9.597141358953042	-0.08927770687105996
-32364921344452124e-21	-9.612098493213967	-0.08862970829294126
-32265383248020196e-21	-9.627054733973242	-0.08797320203619309
-3216627312006837e-20	-9.642010047563147	-0.08730787744655236
-3206758863531431e-20	-9.656964398288059	-0.08663340430734097
-3196932743169609e-20	-9.671917748236059	-0.0859494308821723
-31871487163511944e-21	-9.686870057064688	-0.08525558167285271
-31774065532716445e-21	-9.701821281755818	-0.0845514548365174
-3167706020156154e-20	-9.716771376333682	-0.08383661919128658
-3158046889291041e-20	-9.731720291537911	-0.08311061072098767
-314842893522245e-19	-9.746667974441925	-0.082372928464195
-3138851935446767e-20	-9.761614368003526	-0.08162302963831924
-3129315658489777e-20	-9.776559410530687	-0.08086032380251884
-3119819889938619e-20	-9.791503035040066	-0.08008416579768503
-3110364411158459e-20	-9.80644516847747	-0.07929384710734849
-31009489932168e-18	-9.821385730757937	-0.07848858514668425
-3091573434967944e-20	-9.836324633565889	-0.07766750978397902
-3082237507593365e-20	-9.851261778829105	-0.07682964608657561
-3072941008374838e-20	-9.86619705673879	-0.07597389179241891
-3063683719744387e-20	-9.88113034311998	-0.07509898720564263
-3054465434421984e-20	-9.896061495841334	-0.07420347384832124
-30452859470115126e-21	-9.910990349748078	-0.07328563576263106
-30361450497468773e-21	-9.925916709215947	-0.07234341275285333
-3027042530904904e-20	-9.940840336647295	-0.07137426556279854
-30179782074922154e-21	-9.955760933546603	-0.07037495273623734
-3008951854070567e-20	-9.97067810688486	-0.0693411314180012
-2999963290347199e-20	-9.985591304598335	-0.06826658593590353
-29910123022639998e-21	-10.000499709437932	-0.06714194440542716
