#y=-1.2246467991473532e-16 
#strength 	x-position 	z-position 
1169424705699397e-20	-1.449740918412255	-17206704890090188e-24
11730741460944156e-21	-1.4487051290474193	-8599786092698842e-23
11802975385604784e-21	-1.4466356971493823	-22343759282503915e-23
1191040943519812e-20	-1.4435369119317663	-42924103575193703e-23
1205160128807225e-20	-1.4394151961001391	-7029816306446826e-22
12223434044359172e-21	-1.4342790925399762	-10440920083183816e-22
1242336955468492e-20	-1.4281392466102218	-14518651654255186e-22
12649904440542042e-21	-1.4210083840791594	-19254559298283573e-22
12899305492319754e-21	-1.4129012847483147	-24638827123472642e-22
131657354538779e-19	-1.4038347518190584	-30660295412541754e-22
1344557481518064e-20	-1.3938275770654047	-37306483752944182e-22
13736682802917212e-21	-1.382900501885191	-4456361690442801e-21
14033252155244761e-21	-1.3710761743103657	-5241665335032505e-21
14327471317925755e-21	-1.3583791020654794	-608493164733911e-20
14615558250181824e-21	-1.3448356017716843	-6984412829158076e-21
14895222238744757e-21	-1.3304737444015222	-7938244568383421e-21
1515906001274563e-20	-1.3153232970975408	-8944449903079253e-21
15398293379746556e-21	-1.2994156614753511	-10000943319035273e-21
1561001245326258e-20	-1.2827838085389804	-1110553507231345e-20
15792348399191835e-21	-1.265462210343431	-12255935727826729e-21
1593696007510136e-20	-1.2474867685460858	-13449760904542847e-21
16035254731718684e-21	-1.2288947399950367	-14684536217478142e-21
1608622736707023e-20	-1.2097246595085807	-15957702406238286e-21
16088996556975476e-21	-1.190016260005922	-1726662063947626e-20
16035020700370127e-21	-1.1698103901546317	-18608577984273305e-21
15917058429622035e-21	-1.1491489297055455	-19980793029106655e-21
15736922368598335e-21	-1.1280747026905837	-21380421648749673e-21
1549518700383781e-20	-1.1066313886634083	-228045628991557e-19
15183821483180806e-21	-1.0848634321668744	-24250265030107574e-21
14797990393278259e-21	-1.0628159506149304	-25714531603170726e-21
14343016808522532e-21	-1.040534640779887	-27194327702269398e-21
13821227018343431e-21	-1.01806568407888	-2868658622401365e-20
1322569240063616e-20	-0.995455650855829	-3018821423473953e-20
12554827309441033e-21	-0.9727514038572882	-3169609938108638e-20
11817875614346008e-21	-0.9500000011022494	-3320711634082446e-20
11018993732320424e-21	-0.9272485983472107	-3471813330056255e-20
10152763006127154e-21	-0.90454435134867	-362260184469094e-19
9221429674897438e-21	-0.8819343181256185	-37727646457635266e-21
8238282107839642e-21	-0.8594653614246116	-39219904979379526e-21
7209169412104519e-21	-0.8371840515895685	-406997010784782e-19
613039239764834e-20	-0.8151365700376245	-4216396765154135e-20
5008376418065979e-21	-0.7933686135410905	-4360966978249323e-20
3860374005084965e-21	-0.7719252995139145	-4503381103289926e-20
26936436374123582e-22	-0.7508510724989534	-4643343965254227e-20
15062825834152203e-22	-0.7301896120498673	-4780565469737561e-20
3091650213309506e-22	-0.7099837421985769	-4914761204217265e-20
-8765522174212829e-22	-0.6902753426959181	-5045653027541063e-20
-2042448887010418e-21	-0.6711052622094618	-5172969646417078e-20
-3188467773325291e-21	-0.6525132336584129	-5296447177710607e-20
-4298666729365913e-21	-0.6345377918610673	-541582969538222e-19
-5347502268987017e-21	-0.6172161936655183	-5530869760933548e-20
-6325170001478193e-21	-0.6005843407291476	-56413289362613653e-21
-7228761730810289e-21	-0.5846767051069579	-5746978277856968e-20
-8035073184814701e-21	-0.5695262578029768	-5847598811326551e-20
-8711686461018349e-21	-0.5551644004328142	-59429819852490845e-21
-9245280184012451e-21	-0.5416209001390196	-6032930103430981e-20
-9625786800302096e-21	-0.5289238278941328	-6117256734661641e-20
-9813699174514545e-21	-0.5170995003193073	-6195787099120612e-20
-9758345737231915e-21	-0.5061724251390941	-626835843063545e-19
-9429678988869374e-21	-0.49616525038544024	-6334820314039474e-20
-878446434673396e-20	-0.4870987174561836	-6395034996930166e-20
-7729800037151836e-21	-0.4789916181253391	-6448877675182058e-20
-621706736799025e-20	-0.47186075559427704	-649623675162234e-19
-44065171216925755e-22	-0.4657209096645224	-6537014067333055e-20
-2667713973318997e-21	-0.4605848061043592	-6571125105100424e-20
-1349787272548311e-21	-0.4564630902727327	-6598499164589699e-20
-5595815660556312e-22	-0.4533643050551167	-661907950888239e-19
-1763753281937019e-22	-0.45129487315707945	-6632823482072194e-20
-31078283331033495e-24	-0.45025908379224555	-6639702597675884e-20
