#y=-1.4142135623730951 
#strength 	x-position 	z-position 
9848248557263799e-21	-1.449740918412255	-17206704890090188e-24
9888288555704583e-21	-1.4487051290474193	-8599786092698842e-23
9967619559093998e-21	-1.4466356971493823	-22343759282503915e-23
10085654128389383e-21	-1.4435369119317663	-42924103575193703e-23
1024091793379288e-20	-1.4394151961001391	-7029816306446826e-22
10430326893140081e-21	-1.4342790925399762	-10440920083183816e-22
1065130210137981e-20	-1.4281392466102218	-14518651654255186e-22
10902199152538083e-21	-1.4210083840791594	-19254559298283573e-22
11179247740393222e-21	-1.4129012847483147	-24638827123472642e-22
11476671768163675e-21	-1.4038347518190584	-30660295412541754e-22
11790745636639877e-21	-1.3938275770654047	-37306483752944182e-22
12119103648342628e-21	-1.382900501885191	-4456361690442801e-21
12455916518643197e-21	-1.3710761743103657	-5241665335032505e-21
12793453550584154e-21	-1.3583791020654794	-608493164733911e-20
13127745617339905e-21	-1.3448356017716843	-6984412829158076e-21
13456207610975992e-21	-1.3304737444015222	-7938244568383421e-21
13771447307551189e-21	-1.3153232970975408	-8944449903079253e-21
14064774835229492e-21	-1.2994156614753511	-10000943319035273e-21
14333000501385837e-21	-1.2827838085389804	-1110553507231345e-20
14573910331730798e-21	-1.265462210343431	-12255935727826729e-21
1477922199089582e-20	-1.2474867685460858	-13449760904542847e-21
14940423450582523e-21	-1.2288947399950367	-14684536217478142e-21
15056129920763224e-21	-1.2097246595085807	-15957702406238286e-21
1512508572890887e-20	-1.190016260005922	-1726662063947626e-20
15138866303369453e-21	-1.1698103901546317	-18608577984273305e-21
15090286320266222e-21	-1.1491489297055455	-19980793029106655e-21
14980675822896649e-21	-1.1280747026905837	-21380421648749673e-21
14810228802403273e-21	-1.1066313886634083	-228045628991557e-19
14571095190923403e-21	-1.0848634321668744	-24250265030107574e-21
1425845250490534e-20	-1.0628159506149304	-25714531603170726e-21
13877039365767727e-21	-1.040534640779887	-27194327702269398e-21
13428817424475819e-21	-1.01806568407888	-2868658622401365e-20
12907102635990707e-21	-0.995455650855829	-3018821423473953e-20
12310259529563997e-21	-0.9727514038572882	-3169609938108638e-20
11646848578235425e-21	-0.9500000011022494	-3320711634082446e-20
10920696402789277e-21	-0.9272485983472107	-3471813330056255e-20
10126686573052342e-21	-0.90454435134867	-362260184469094e-19
9266930939506012e-21	-0.8819343181256185	-37727646457635266e-21
8353937170766776e-21	-0.8594653614246116	-39219904979379526e-21
7393272214142369e-21	-0.8371840515895685	-406997010784782e-19
6381582989728847e-21	-0.8151365700376245	-4216396765154135e-20
5325048556132636e-21	-0.7933686135410905	-4360966978249323e-20
4240037620138379e-21	-0.7719252995139145	-4503381103289926e-20
3133576018002895e-21	-0.7508510724989534	-4643343965254227e-20
20041258197813656e-22	-0.7301896120498673	-4780565469737561e-20
8621613065623661e-22	-0.7099837421985769	-4914761204217265e-20
-2721732489156299e-22	-0.6902753426959181	-5045653027541063e-20
-13906587873397324e-22	-0.6711052622094618	-5172969646417078e-20
-24929019451033724e-22	-0.6525132336584129	-5296447177710607e-20
-35635931433416866e-22	-0.6345377918610673	-541582969538222e-19
-457840391355952e-20	-0.6172161936655183	-5530869760933548e-20
-552775996955785e-20	-0.6005843407291476	-56413289362613653e-21
-640854980390767e-20	-0.5846767051069579	-5746978277856968e-20
-7198621290559286e-21	-0.5695262578029768	-5847598811326551e-20
-786718062814911e-20	-0.5551644004328142	-59429819852490845e-21
-8401351165893527e-21	-0.5416209001390196	-6032930103430981e-20
-8791316048492083e-21	-0.5289238278941328	-6117256734661641e-20
-8999654525708394e-21	-0.5170995003193073	-6195787099120612e-20
-897848752893848e-20	-0.5061724251390941	-626835843063545e-19
-8699298896995847e-21	-0.49616525038544024	-6334820314039474e-20
-812122284444465e-20	-0.4870987174561836	-6395034996930166e-20
-7156827708495042e-21	-0.4789916181253391	-6448877675182058e-20
-5760245463161156e-21	-0.47186075559427704	-649623675162234e-19
-4081558974333003e-21	-0.4657209096645224	-6537014067333055e-20
-24672209955187174e-22	-0.4605848061043592	-6571125105100424e-20
-12445471642294444e-22	-0.4564630902727327	-6598499164589699e-20
-5136187042214726e-22	-0.4533643050551167	-661907950888239e-19
-16108995814316572e-23	-0.45129487315707945	-6632823482072194e-20
-2827952795699505e-23	-0.45025908379224555	-6639702597675884e-20
