#y=-1.9753766811902755 
#strength 	x-position 	z-position 
-6301565100694092e-21	-1.449740918412255	-17206704890090188e-24
-623050968338853e-20	-1.4487051290474193	-8599786092698842e-23
-6089096364877279e-21	-1.4466356971493823	-22343759282503915e-23
-5878332759581637e-21	-1.4435369119317663	-42924103575193703e-23
-5599973177393595e-21	-1.4394151961001391	-7029816306446826e-22
-5256814826221761e-21	-1.4342790925399762	-10440920083183816e-22
-4851793137491733e-21	-1.4281392466102218	-14518651654255186e-22
-4387785913220749e-21	-1.4210083840791594	-19254559298283573e-22
-3868888040901009e-21	-1.4129012847483147	-24638827123472642e-22
-33003410075093685e-22	-1.4038347518190584	-30660295412541754e-22
-2686798359782858e-21	-1.3938275770654047	-37306483752944182e-22
-20325929409780952e-22	-1.382900501885191	-4456361690442801e-21
-13437469011784471e-22	-1.3710761743103657	-5241665335032505e-21
-6272841729360385e-22	-1.3583791020654794	-608493164733911e-20
11118978331190425e-23	-1.3448356017716843	-6984412829158076e-21
8665151226975098e-22	-1.3304737444015222	-7938244568383421e-21
16313958468734211e-22	-1.3153232970975408	-8944449903079253e-21
2397914023803972e-21	-1.2994156614753511	-10000943319035273e-21
3160432733995365e-21	-1.2827838085389804	-1110553507231345e-20
391371942742453e-20	-1.265462210343431	-12255935727826729e-21
4650005558129084e-21	-1.2474867685460858	-13449760904542847e-21
53614845034655704e-22	-1.2288947399950367	-14684536217478142e-21
6043449861955938e-21	-1.2097246595085807	-15957702406238286e-21
6691372769333873e-21	-1.190016260005922	-1726662063947626e-20
7297851508606858e-21	-1.1698103901546317	-18608577984273305e-21
7856190303362482e-21	-1.1491489297055455	-19980793029106655e-21
8363498636751228e-21	-1.1280747026905837	-21380421648749673e-21
8816642619502265e-21	-1.1066313886634083	-228045628991557e-19
9209352500401475e-21	-1.0848634321668744	-24250265030107574e-21
9536918279613234e-21	-1.0628159506149304	-25714531603170726e-21
979896713332507e-20	-1.040534640779887	-27194327702269398e-21
9994271454549546e-21	-1.01806568407888	-2868658622401365e-20
10118285330228971e-21	-0.995455650855829	-3018821423473953e-20
10168936982073574e-21	-0.9727514038572882	-3169609938108638e-20
10148810188284824e-21	-0.9500000011022494	-3320711634082446e-20
10058846981538388e-21	-0.9272485983472107	-3471813330056255e-20
9896573193355071e-21	-0.90454435134867	-362260184469094e-19
9662924893287674e-21	-0.8819343181256185	-37727646457635266e-21
9363582177081926e-21	-0.8594653614246116	-39219904979379526e-21
9001643993023026e-21	-0.8371840515895685	-406997010784782e-19
85767833105453e-19	-0.8151365700376245	-4216396765154135e-20
8093024880866671e-21	-0.7933686135410905	-4360966978249323e-20
755900811415438e-20	-0.7719252995139145	-4503381103289926e-20
6979723944143449e-21	-0.7508510724989534	-4643343965254227e-20
63568240516543905e-22	-0.7301896120498673	-4780565469737561e-20
5697285335770394e-21	-0.7099837421985769	-4914761204217265e-20
50123971746425336e-22	-0.6902753426959181	-5045653027541063e-20
430861895960725e-20	-0.6711052622094618	-5172969646417078e-20
35892833062824045e-22	-0.6525132336584129	-5296447177710607e-20
2864167989209832e-21	-0.6345377918610673	-541582969538222e-19
2146976362825691e-21	-0.6172161936655183	-5530869760933548e-20
14452704141528134e-22	-0.6005843407291476	-56413289362613653e-21
7639395520287079e-22	-0.5846767051069579	-5746978277856968e-20
11593529577927914e-23	-0.5695262578029768	-5847598811326551e-20
-4821507091602158e-22	-0.5551644004328142	-59429819852490845e-21
-10213306189103016e-22	-0.5416209001390196	-6032930103430981e-20
-14939795707634353e-22	-0.5289238278941328	-6117256734661641e-20
-18809212952371725e-22	-0.5170995003193073	-6195787099120612e-20
-2158696003825352e-21	-0.5061724251390941	-626835843063545e-19
-23121782877327874e-22	-0.49616525038544024	-6334820314039474e-20
-23212163697089326e-22	-0.4870987174561836	-6395034996930166e-20
-21462126704431442e-22	-0.4789916181253391	-6448877675182058e-20
-1765352282897788e-21	-0.47186075559427704	-649623675162234e-19
-12398010156691113e-22	-0.4657209096645224	-6537014067333055e-20
-7139015859963781e-22	-0.4605848061043592	-6571125105100424e-20
-32421130865047466e-23	-0.4564630902727327	-6598499164589699e-20
-1116650629313024e-22	-0.4533643050551167	-661907950888239e-19
-27415511833143743e-24	-0.45129487315707945	-6632823482072194e-20
-380357078628747e-23	-0.45025908379224555	-6639702597675884e-20
