#y=-1.2246467991473532e-16 
#Fourier coeffs at root (0-n) 	d/dt (Fourier coeffs at root) 
0.00012832135565574702	0.0015379159761827366
1846656726735484e-20	0.0002223097105867907
0.00024595702918656174	0.002946165655792501
-0.00015748480451083965	-0.0018864119290087774
9768338053051467e-20	0
-5688826236258871e-20	0
29140275395955503e-21	0
-10574599491271999e-21	0
-1432315244747576e-21	0
8732158512899377e-21	0
-12672667741369749e-21	0
14256246018069742e-21	0
-14237638260217664e-21	0
13186798730449077e-21	0
-11531429857086143e-21	0
958736446245785e-20	0
-7581456987559433e-21	0
5669659791550847e-21	0
-3951817502003046e-21	0
24840538838373177e-22	0
-12892502587120026e-22	0
3659064352290641e-22	0
30443390835461587e-23	0
-7510627070692588e-22	0
10091800635131523e-22	0
-11160503104660368e-22	0
11081272516265832e-22	0
-10190282490410413e-22	0
8782328086559788e-22	0
-7103808250844246e-22	0
5350491340916918e-22	0
-3668922496333418e-22	0
21604349146366272e-23	0
-8868529881647025e-23	0
-12288523008736068e-24	0
8658142181214753e-23	0
