#y=-1.4142135623730951 
#Fourier coeffs at root (0-n) 	d/dt (Fourier coeffs at root) 
0.00010803947384645265	0.0012947597999083001
4199449058602199e-20	0.0005041949442203874
0.00023071305347823422	0.002763547316131651
-0.00014772392752395895	-0.0017694830405774302
9162892913831563e-20	0
-53362304385501445e-21	0
27334160530508248e-21	0
-9919203650654355e-21	0
-13435105889805239e-22	0
8190903247083491e-21	0
-11887177644525956e-21	0
13372606715434162e-21	0
-13355155290010462e-21	0
12369451067516683e-21	0
-10816686854286877e-21	0
8993119678098827e-21	0
-71115431942026994e-22	0
5318243596816929e-21	0
-37068769974663674e-22	0
23300885385103006e-22	0
-12093413438598566e-22	0
34322823385073107e-23	0
2855631305045821e-22	0
-7045090915070211e-22	0
94662796160506e-20	0
-1046874340786568e-21	0
10394425405935421e-22	0
-9558662416256264e-22	0
8237977432890804e-22	0
-6663497046276938e-22	0
5018855463445271e-22	0
-34415146444108885e-23	0
20265269486189486e-23	0
-8318847770223331e-23	0
-11526743866369254e-24	0
812147962082771e-22	0
