#y=-1.9753766811902755 
#Fourier coeffs at root (0-n) 	d/dt (Fourier coeffs at root) 
-6939761235923836e-20	-0.00083152563906983
0.0002477664855541848	0.002969101844826923
973993337883073e-19	0.001166658472586833
-6236393183156383e-20	-0.000747004577864011
3868257162895282e-20	0
-22527756323166465e-21	0
11539590169886076e-21	0
-4187602023029825e-21	0
-5671281979726547e-22	0
34578651726138446e-22	0
-5018310210072545e-21	0
5645413270912278e-21	0
-5638052231377049e-21	0
5221928168992454e-21	0
-45664106271319336e-22	0
37965689332833483e-22	0
-30022371036611633e-22	0
22451720437855574e-22	0
-15649120971853738e-22	0
983682230065513e-21	0
-5105434689069708e-22	0
14490181223612578e-23	0
12055133359852578e-23	0
-29741544390493687e-23	0
39962961934415757e-23	0
-44195039664818674e-23	0
43881335153210343e-23	0
-4035308426616985e-22	0
34777665483796794e-23	0
-28130810548739486e-23	0
2118775595546762e-22	0
-14528816038862072e-23	0
8555267448391893e-23	0
-3511933340865572e-23	0
-48659190949083785e-25	0
342856428924514e-22	0
