#y location 	alpha (def) 	h 	u 	scaled bound circ 	a0 	a03d 	tevstr 	cl 	cd 	cm 
-1.9753766811902755	0.003632106144954273	0	1	0.0004688577365502569	-6939761235923836e-20	-0.00041437210613240287	-15386545720336153e-21	0.0020040167489393293	9677905258266883e-23	-0.0019472818447169703
-1.902113032590307	0.003632106144954273	0	1	0.00034309213143072825	15662144767896293e-21	-0.0002528644764667777	-25481502272871673e-21	0.005776706569335877	36465691946641444e-23	-0.003634203914281269
-1.7820130483767358	0.003632106144954273	0	1	0.00027068740415262535	6462884638346758e-20	-0.00015988643845837741	-31293532495204127e-21	0.00794875571587971	4776450402815668e-22	-0.004605421439056322
-1.618033988749895	0.003632106144954273	0	1	0.00022981835083261642	922663189371124e-19	-0.00010740703234279631	-3457432744889341e-20	0.009174826632711875	5281233275386439e-22	-0.0051536552877334
-1.4142135623730951	0.003632106144954273	0	1	0.00020649219968457106	0.00010803947384645265	-774554805451074e-19	-36446965798986666e-21	0.00987464595300831	552634984751238e-21	-0.005466579825289658
-1.1755705045849463	0.003632106144954273	0	1	0.00019278802787398678	0.00011730576119558511	-5985945844070085e-20	-37547207550810494e-21	0.010285811867047266	5655796958195406e-22	-0.005650434104389952
-0.9079809994790937	0.003632106144954273	0	1	0.0001846205386073201	0.0001228281206809569	-4937274679177764e-20	-38202966598224405e-21	0.010530871301620932	5727823878609401e-22	-0.005760013876633267
-0.6180339887498949	0.003632106144954273	0	1	0.0001798178663858294	0.00012607531512767728	-4320641799087693e-20	-38588580863576846e-21	0.010674976383138468	5768392193860704e-22	-0.005824451545253194
-0.31286893008046185	0.003632106144954273	0	1	0.0001772901503674219	0.00012778433294069754	-3996102408927938e-20	-38791539720504226e-21	0.010750822563549202	5789213123641225e-22	-0.005858366815127474
-12246467991473532e-32	0.003632106144954273	0	1	0.00017649586541771466	0.00012832135565574702	-38941226128290225e-21	-3885531605409172e-20	0.01077465592477705	5795680066250131e-22	-0.005869024116183379
