#y=-1.4142135623730951 
#strength 	x-position 	z-position 
-11785439390527702e-22	-0.0037500014761129804	19086508580318362e-21
-22819654006689394e-24	-0.011250001322247637	18365042381364553e-21
-15400971458898183e-23	-0.018750001191766428	17821435865784763e-21
-22582877681927294e-23	-0.026250001270746174	18036748568941244e-21
-23927997772933696e-23	-0.033750001433572596	1860827623369596e-20
-250204386861852e-21	-0.04125000157764638	1915725280589565e-20
-2685848465890095e-22	-0.048750001707832884	19675769875647083e-21
-2907390514190339e-22	-0.05625000183810895	20192989414757216e-21
-31555107676307925e-23	-0.06375000197412273	2071298675991725e-20
-34329072915763315e-23	-0.07125000211832265	21233892513772908e-21
-37423881365031275e-23	-0.07875000227262538	21754589208951112e-21
-4086198677252101e-22	-0.0862500024387397	2227405257753779e-20
-4466964225579434e-22	-0.0937500026182036	2279082500152994e-20
-4887812442705419e-22	-0.10125000281247437	23303031124707287e-21
-5352309212242751e-22	-0.10875000302299238	2380842399318316e-20
-5864455483971243e-22	-0.116250003251209	24304382554294672e-21
-642870503046733e-21	-0.12375000349859337	24787893323550846e-21
-7050004478866695e-22	-0.13125000376662926	2525552781062163e-20
-7733823569958109e-22	-0.1387500040568029	25703415852829515e-21
-8486200823113604e-22	-0.14625000437058033	2612721477505177e-20
-9313796242114286e-22	-0.15375000470937772	2652207528864562e-20
-10223945225776299e-22	-0.16125000507451945	26882604589782997e-21
-11224721522852532e-22	-0.1687500054671868	27202827046085247e-21
-12325010152625798e-22	-0.1762500058883511	27476143061363387e-21
-13534582194527772e-22	-0.18375000633869437	27695286501005908e-21
-14864183691867122e-22	-0.19125000681851098	27852281236395544e-21
-16325627988766217e-22	-0.19875000732759135	27938397538257246e-21
-17931901544632894e-22	-0.20625000786508357	279441091369709e-19
-1969727822280845e-21	-0.21375000842933234	2785905200476151e-20
-21637445242039116e-22	-0.22125000901769173	2767198610343127e-20
-23769644010712687e-22	-0.22875000962631298	27370761765413912e-21
-261128209730864e-20	-0.23625001024990586	2694229270268491e-20
-28687795321172965e-22	-0.24375001088147447	2637253808971577e-20
-3151744528450892e-21	-0.25125001151203286	25646496859769285e-21
-3462690975656116e-21	-0.2587500121303041	24748218001580195e-21
-3804381060576803e-21	-0.2662500127224184	2366083155172559e-20
-4179849819742343e-21	-0.2737500132716198	22366606159829313e-21
-4592431874624048e-21	-0.2812500137580118	2084704044329643e-20
-5045791242540634e-21	-0.28875001415837004	19082997155800718e-21
-5543953386148021e-21	-0.2962500144460703	17054891370678704e-21
-6091341067653022e-21	-0.3037500145911928	14742946710429528e-21
-669281332241721e-20	-0.3112500145608827	12127537311732436e-21
-7353708597645711e-21	-0.3187500143200702	9189637863355844e-21
-8079891505478193e-21	-0.3262500138326837	5911410197226344e-21
-8877804993924834e-21	-0.3337500130635189	2276963168036656e-21
-9754526945741221e-21	-0.34125001198095706	-17266663933005284e-22
-1071783257112352e-20	-0.3487500105607613	-6108248705288547e-21
-1177626285944755e-20	-0.3562500087911928	-10870727707003381e-21
-12939199824677644e-21	-0.3637500066796731	-1600910457713517e-20
-14216948643522298e-21	-0.3712500042611431	-21507678711916004e-21
-1562082855005066e-20	-0.3787500016080391	-2733641989057973e-20
-1716327161503141e-20	-0.3862499988413209	-33446143227319996e-21
-1885793180264085e-20	-0.3937499961409345	-3976200029783943e-20
-20719804227574065e-21	-0.4012499937520003	-4617455775469065e-20
-22765356014605928e-21	-0.4087499919789312	-5252739856257386e-20
-25012669797250253e-21	-0.4162499911524714	-5859992197708624e-20
-27481600568569908e-21	-0.42374999154517606	-6408513281611948e-20
-3019394809036964e-20	-0.43124999321303076	-6857229153607276e-20
-3317364561408395e-20	-0.4387499958152828	-715986246937765e-19
-36446965798986666e-21	-0.4462499986954082	-7295177572442064e-20
