#y=-1.2246467991473532e-16 
#strength 	x-position 	z-position 
-12354778023745266e-22	-0.0037500016220741524	2052503181882755e-20
-18848202472734887e-24	-0.011250001454975574	19795225305181886e-21
-16328002449064738e-23	-0.01875000131253365	19248529605433665e-21
-24107818922917967e-23	-0.026250001400005375	19492252527233417e-21
-254678728233218e-21	-0.03375000157888034	20102506466710132e-21
-2661518191393597e-22	-0.04125000173657528	20686096531884555e-21
-2859473957773223e-22	-0.04875000187934857	2123901122118509e-20
-3097082611949048e-22	-0.05625000202277417	21792499223868178e-21
-33622910162491026e-23	-0.06375000217285422	2235018349537245e-20
-36585267680112887e-23	-0.07125000233214973	22909763442449548e-21
-39889072366364187e-23	-0.07875000250274271	23469992647860806e-21
-43558108652093364e-23	-0.0862500026865119	24029753279113988e-21
-4762040748482882e-22	-0.09375000288515037	2458746626988574e-20
-5210947129543481e-22	-0.10125000310026536	2514112244420973e-20
-5706343828796451e-22	-0.10875000333344943	25688332969803902e-21
-6252503047653873e-22	-0.11625000358630871	26226322855899814e-21
-6854180537498727e-22	-0.12375000386047008	2675190916217472e-20
-7516652584509814e-22	-0.13125000415757615	27261475928238756e-21
-8245754997276977e-22	-0.13875000447927097	27750945190049977e-21
-9047928396302418e-22	-0.14625000482717496	28215743873912676e-21
-9930275219807022e-22	-0.15375000520285037	28650767365472033e-21
-10900616932950358e-22	-0.16125000560775493	29050340291924628e-21
-1196756287272574e-21	-0.16875000604318294	29408174917910797e-21
-13140586235579205e-22	-0.17625000651019135	29717327708880716e-21
-14430105116924885e-22	-0.18375000700950941	29970154476920035e-21
-1584757591911734e-21	-0.1912500075414296	3015826471117642e-20
-1740559353150678e-21	-0.1987500081056758	30272475851188498e-21
-19118002863912492e-22	-0.20625000870124935	3030276836397458e-20
-2100002167208792e-21	-0.2137500093262481	30238242754299068e-21
-2306837399839237e-21	-0.22125000997765776	30067079865925988e-21
-25341440801195797e-22	-0.2287500106511144	29776506235694902e-21
-27839420108366486e-22	-0.23625001134063767	29352766612610133e-21
-3058450751903044e-21	-0.24375001203833774	28781106286947008e-21
-33601093267655174e-22	-0.25125001273409786	2804576658942291e-20
-36915976977438397e-22	-0.2587500134152422	27129997561770012e-21
-4055860493058089e-21	-0.2662500140661996	26016092829779884e-21
-4456133462173509e-21	-0.2737500146681847	2468545300565084e-20
-4895971513145525e-21	-0.2812500151989183	23118685250245945e-21
-5379280678568729e-21	-0.2887500156324292	21295748628035873e-21
-591035254417574e-20	-0.2962500159389874	19196157287041983e-21
-6493902035267438e-21	-0.30375001608523833	16799256333117275e-21
-71351093751757105e-22	-0.31125001603462676	14084589285710533e-21
-7839665647579527e-21	-0.3187500157482314	11032380948308514e-21
-86138231691988e-19	-0.32625001518615515	7624166044198158e-21
-9464450576293984e-21	-0.33375001430965356	3843602755417012e-21
-10399093611111396e-21	-0.34125001308422376	-3224779227811618e-22
-11426041255185176e-21	-0.348750011483899	-4882719923313338e-21
-12554399202283767e-21	-0.3562500094970218	-983949712133944e-20
-13794169300052408e-21	-0.36375000713373906	-15186653383509698e-21
-15156338241411119e-21	-0.3712500044353705	-20906557844002504e-21
-1665297336499172e-20	-0.37875000148553833	-26966234470640165e-21
-182973286497988e-19	-0.38624999842237345	-3331221624726148e-20
-20103960866532655e-21	-0.393749995449906	-3986360577316459e-20
-2208885660890704e-20	-0.40124999284434065	-4650256646657875e-20
-24269571999956455e-21	-0.40874999094622494	-53061110609060274e-21
-26665385447236997e-21	-0.41624999012127284	-5930277489952176e-20
-2929746537062329e-20	-0.42374999066181046	-6489896156658084e-20
-32189053604950515e-21	-0.4312499926036601	-6941046063542465e-20
-3536566673427444e-20	-0.43874999552046906	-7234253268814432e-20
-3885531605409172e-20	-0.4462499986271505	-7346703594331474e-20
