#y=-1.9753766811902755 
#strength 	x-position 	z-position 
-5485030658853446e-22	-0.0037500003797136415	6404840202818884e-21
-2558515615168344e-23	-0.011250000348461088	5969542678741234e-21
-6707522674787025e-23	-0.018750000323830826	562529234432465e-20
-9176244635152042e-23	-0.026250000345397474	5649832037466481e-21
-9863482075718466e-23	-0.0337500003865544	5860917321930625e-21
-10417333045145694e-23	-0.04125000042490497	6070136448784997e-21
-11197535049536911e-23	-0.04875000046035505	6259352256790581e-21
-12128545041380223e-23	-0.05625000049558462	643838766750876e-20
-13179714300481926e-23	-0.06375000053207397	6610629845579052e-21
-14356846939414525e-23	-0.07125000057061234	6776604112225565e-21
-1566925965108129e-22	-0.0787500006117562	6936371402545803e-21
-17126363194286398e-23	-0.08625000065596516	708968997204494e-20
-18739340887710676e-23	-0.09375000070364907	7235977041581252e-21
-2052132637483245e-22	-0.101250000755197	7374351362926488e-21
-22487353189964976e-23	-0.1087500008109935	75036710174349455e-22
-24654283687156053e-23	-0.11625000087142803	7622549504494196e-21
-2704094677254826e-22	-0.12375000093689774	7729359454516658e-21
-2966821302883421e-22	-0.1312500010078083	7822229306621326e-21
-325592019304044e-21	-0.13875000108457186	7899034895812717e-21
-3573942253358442e-22	-0.14625000116760326	795738708876871e-20
-39237001155101314e-23	-0.1537500012573135	799461621725944e-20
-4308291915132434e-22	-0.161250001354102	8007754047434386e-21
-4731129952702251e-22	-0.168750001458344	7993513694313294e-21
-5195963115895569e-22	-0.17625000157037757	7948267640737957e-21
-5706921647162522e-22	-0.18375000169048533	7868024363566708e-21
-6268540524347749e-22	-0.19125000181887242	774840373594505e-20
-6885811388787633e-22	-0.19875000195563994	75846115161535485e-22
-7564215264224683e-22	-0.2062500021007533	7371413299896826e-21
-8309780391776989e-22	-0.21375000225400426	7103108291618648e-21
-9129131756258763e-22	-0.22125000241496653	6773503540425155e-21
-10029547729412114e-22	-0.2287500025829449	6375889058014439e-21
-11019027597765352e-22	-0.23625000275691554	5903014748085963e-21
-12106363980711465e-22	-0.24375000293546065	5347070218539162e-21
-1330121424097247e-21	-0.25125000311669415	4699668488811171e-21
-1461419185239815e-21	-0.2587500032981817	3951835242308741e-21
-16056961141385634e-22	-0.2662500034768551	3094005645550433e-21
-17642332871530692e-22	-0.27375000364892543	2116030902829414e-21
-19384388198796787e-22	-0.2812500038097972	1007197682285341e-21
-21298593188331244e-22	-0.2887500039539916	-2437358991290641e-22
-2340194449407945e-21	-0.2962500040750853	-1648483102549086e-21
-25713113362083734e-22	-0.3037500041656805	-32191442596164002e-22
-2825261240660751e-21	-0.3112500042174196	-4968087993889087e-21
-3104297866951891e-21	-0.3187500042210707	-6907788452824555e-21
-34108970557826523e-22	-0.326250004166709	-9050606491352194e-21
-3747778700775861e-21	-0.33375000404403676	-11408499205494411e-21
-411793053033821e-20	-0.341250003842888	-13992637402920639e-21
-4524634890715196e-21	-0.3487500035539794	-16812904011654015e-21
-4971497093109178e-21	-0.3562500031699771	-19877237231516467e-21
-54624776002001885e-22	-0.3637500026869657	-23190768990254466e-21
-6001926030875515e-21	-0.3712500021064021	-26754689916835116e-21
-6594620590301761e-21	-0.37875000143763543	-3056474297732367e-20
-7245808457343947e-21	-0.3862500007010155	-34609203616199056e-21
-7961252808762545e-21	-0.39374999993150184	-3886613542552571e-20
-874728250124801e-20	-0.401249999182398	-43299605057038855e-21
-9610847493462735e-21	-0.4087499985282595	-47854393735946644e-21
-10559579227957527e-21	-0.4162499980649209	-5244862850650357e-20
-1160185688811946e-20	-0.4237499979029557	-5696423276528828e-20
-12746879904343075e-21	-0.4312499981499088	-6123943517049426e-20
-14004747560433448e-21	-0.4387499988803924	-6509098676136132e-20
-15386545720336153e-21	-0.4462500001084745	-6844454894503501e-20
