#y=-1.4142135623730951 
#strength 	x-position 	z-position 
0.019819744190301556	-4.5997409227357995	-14983086657415804e-22
0.019613028733232483	-4.598705150656216	-7488437855196792e-21
0.019251662312946508	-4.596635753292835	-19456280776631347e-21
0.01857332587601775	-4.593537019787714	-3737703224801829e-20
0.017582502480741297	-4.589415372739241	-6121354877532576e-20
0.016658130364132346	-4.584279354890322	-9091642553804842e-20
0.015816693604384067	-4.57813961142225	-0.0001264240987882799
0.014622319688308606	-4.5710088678909475	-0.0001676629734509511
0.013180225111442208	-4.562901903851296	-0.00021454757566087134
0.01191790449164531	-4.5538355222242455	-0.0002669807299203844
0.01032347893254817	-4.543828514470219	-0.00032485376051038465
0.007639472022664442	-4.532901621640924	-0.0003880467167374534
0.004463260044309113	-4.5210774913903595	-0.00045642862154974455
0.0015471201138622726	-4.508380631034083	-0.0005298577430071836
-0.0019549738552324327	-4.494837356754078	-0.0006081818880424921
-0.006405271852119398	-4.480475739054443	-0.0006912387179044582
-0.009802981874343173	-4.465325544580974	-0.000778856084629793
-0.011441194552435495	-4.449418174425243	-0.0008708523878462172
-0.014479625778733256	-4.4327865990410595	-0.0009670369511670851
-0.020214091538141323	-4.4154652899081634	-0.0010672104173967576
-0.023735509503832884	-4.39749014808481	-0.0011711651617292193
-0.021728793571183402	-4.378898429797339	-0.0012786857220823883
-0.020088769702415785	-4.359728669220984	-0.0013895492456758368
-0.02516351531257297	-4.340020598611897	-0.0015035259509274055
-0.031712405814126515	-4.3198150659559555	-0.0016203796037104388
-0.030376712156281516	-4.2991539503051115	-0.00173986800698509
-0.023877407737681527	-4.278080074976632	-0.001861743502788873
-0.023205013199863404	-4.2566371187952585	-0.001985753485545737
-0.029346720423054754	-4.234869525562157	-0.0021116409256291963
-0.03267572720730221	-4.212822411938356	-0.0022391449020958323
-0.030887809066551957	-4.190541473933584	-0.002368001143484212
-0.032650608581884843	-4.1680728921942976	-0.0024979425755561743
-0.039946843331501614	-4.145463236287247	-0.0026286998748510084
-0.0413994519776175	-4.122759368176949	-0.002760002026898576
-0.030401541897191457	-4.100008345097088	-0.002891576887937638
-0.018038962007668077	-4.077257322017225	-0.003023151748976837
-0.018394684011567252	-4.054553453906924	-0.003154453901024365
-0.028810223647282945	-4.031943797999874	-0.0032852112003194127
-0.03453206249314236	-4.009475216260584	-0.0034151526323914034
-0.028782024631841693	-3.9871942782558065	-0.003544008873779223
-0.019406661327727965	-3.9651471646320102	-0.0036715128502459848
-0.01672214441903084	-3.9433795713989124	-0.0037974002903296876
-0.021777491380222575	-3.9219366152175397	-0.0039214102730863905
-0.028025274837954698	-3.900862739889061	-0.0040432857688902455
-0.030207610272199335	-3.880201624238213	-0.004162774172165388
-0.02879299241250721	-3.859996091582271	-0.004279627824948418
-0.02696540094461724	-3.8402880209731807	-0.004393604530199333
-0.02594491965160554	-3.8211182603968306	-0.004504468053792786
-0.024574902899428187	-3.8025265421093657	-0.00461198861414656
-0.022324904769575746	-3.7845514002860083	-0.004715943358478634
-0.020417732383172713	-3.767230091153108	-0.004816116824708102
-0.019710375822146728	-3.750598515768928	-0.0049123013880286665
-0.019433267512474366	-3.7346911456131986	-0.005004297691244868
-0.018796284228110395	-3.7195409511397273	-0.005091915057970476
-0.018230206818113402	-3.7051793334400918	-0.0051749718878326394
-0.01819240643075032	-3.6916360591600874	-0.005253296032868119
-0.018080264162024677	-3.6789391988038114	-0.005326725154325305
-0.017130832836538382	-3.667115068553245	-0.00539510705913748
-0.015394191209114231	-3.656188175723953	-0.005458300015364471
-0.013282469994415689	-3.64618116796993	-0.005516173045954592
-0.01099896962589065	-3.6371147863428788	-0.005568606200213753
-0.008730551971874645	-3.6290078223032234	-0.005615490802423908
-0.0067025391821990375	-3.6218770787719228	-0.005656729677086756
-0.004893667243159883	-3.6157373353038524	-0.005692237350337013
-0.0031969302534227365	-3.61060131745493	-0.005721940227100514
-0.001771496144014754	-3.6064796704064555	-0.00574577674362723
-0.000831065560453511	-3.60338093690134	-0.005763697495098058
-0.00031410146522057816	-3.601311539537961	-0.00577566533801991
-6695826690690415e-20	-3.6002757674583665	-0.005781655467209192
