#y=-1.2246467991473532e-16 
#strength 	x-position 	z-position 
0.004077274643973929	-4.5997409227357995	-14983086657415804e-22
0.004057877138334989	-4.598705150656216	-7488437855196792e-21
0.004018032962635872	-4.596635753292835	-19456280776631347e-21
0.003960234664147323	-4.593537019787714	-3737703224801829e-20
0.0038846120377234454	-4.589415372739241	-6121354877532576e-20
0.003785677604681626	-4.584279354890322	-9091642553804842e-20
0.003664031579894045	-4.57813961142225	-0.0001264240987882799
0.0035267916006953585	-4.5710088678909475	-0.0001676629734509511
0.0033700836312475437	-4.562901903851296	-0.00021454757566087134
0.003182797378250892	-4.5538355222242455	-0.0002669807299203844
0.002969527207870487	-4.543828514470219	-0.00032485376051038465
0.0027406739970635596	-4.532901621640924	-0.0003880467167374534
0.0024839589457890565	-4.5210774913903595	-0.00045642862154974455
0.002181973450211115	-4.508380631034083	-0.0005298577430071836
0.0018452789819264764	-4.494837356754078	-0.0006081818880424921
0.0014839856515574473	-4.480475739054443	-0.0006912387179044582
0.001069394433486587	-4.465325544580974	-0.000778856084629793
0.0005749545026201575	-4.449418174425243	-0.0008708523878462172
17328029983946902e-21	-4.4327865990410595	-0.0009670369511670851
-0.0006039715211300765	-4.4154652899081634	-0.0010672104173967576
-0.0013528642376142627	-4.39749014808481	-0.0011711651617292193
-0.002274991747213757	-4.378898429797339	-0.0012786857220823883
-0.003352987846575182	-4.359728669220984	-0.0013895492456758368
-0.00462554494434442	-4.340020598611897	-0.0015035259509274055
-0.0062329288947992655	-4.3198150659559555	-0.0016203796037104388
-0.008245005560159802	-4.2991539503051115	-0.00173986800698509
-0.010622549415737403	-4.278080074976632	-0.001861743502788873
-0.013480006338367734	-4.2566371187952585	-0.001985753485545737
-0.0170574347346464	-4.234869525562157	-0.0021116409256291963
-0.021040688635184268	-4.212822411938356	-0.0022391449020958323
-0.0241504201744281	-4.190541473933584	-0.002368001143484212
-0.025021671014104352	-4.1680728921942976	-0.0024979425755561743
-0.02360402899749692	-4.145463236287247	-0.0026286998748510084
-0.02129185654904485	-4.122759368176949	-0.002760002026898576
-0.01958949341614227	-4.100008345097088	-0.002891576887937638
-0.01899744916431898	-4.077257322017225	-0.003023151748976837
-0.019171168614985645	-4.054553453906924	-0.003154453901024365
-0.019564670877187176	-4.031943797999874	-0.0032852112003194127
-0.019656884996901512	-4.009475216260584	-0.0034151526323914034
-0.01905656172861036	-3.9871942782558065	-0.003544008873779223
-0.017847637319767896	-3.9651471646320102	-0.0036715128502459848
-0.016637161935720384	-3.9433795713989124	-0.0037974002903296876
-0.015988734380335372	-3.9219366152175397	-0.0039214102730863905
-0.01600003525802551	-3.900862739889061	-0.0040432857688902455
-0.01658178383297573	-3.880201624238213	-0.004162774172165388
-0.01774089076180131	-3.859996091582271	-0.004279627824948418
-0.019197118504607702	-3.8402880209731807	-0.004393604530199333
-0.02003362830200889	-3.8211182603968306	-0.004504468053792786
-0.01930472038002093	-3.8025265421093657	-0.00461198861414656
-0.01702518341173927	-3.7845514002860083	-0.004715943358478634
-0.014210091273786304	-3.767230091153108	-0.004816116824708102
-0.011901404208508328	-3.750598515768928	-0.0049123013880286665
-0.010414328893001357	-3.7346911456131986	-0.005004297691244868
-0.009510569972839378	-3.7195409511397273	-0.005091915057970476
-0.008936353557298882	-3.7051793334400918	-0.0051749718878326394
-0.008605795187753368	-3.6916360591600874	-0.005253296032868119
-0.008466420522127066	-3.6789391988038114	-0.005326725154325305
-0.008419328547159861	-3.667115068553245	-0.00539510705913748
-0.008359797136840699	-3.656188175723953	-0.005458300015364471
-0.008193088709679731	-3.64618116796993	-0.005516173045954592
-0.0078069417377216194	-3.6371147863428788	-0.005568606200213753
-0.007086371962067873	-3.6290078223032234	-0.005615490802423908
-0.0059870364942047165	-3.6218770787719228	-0.005656729677086756
-0.004601975336299536	-3.6157373353038524	-0.005692237350337013
-0.0031514016231533105	-3.61060131745493	-0.005721940227100514
-0.0018801551504791173	-3.6064796704064555	-0.00574577674362723
-0.000937809306986917	-3.60338093690134	-0.005763697495098058
-0.00034699044074925175	-3.601311539537961	-0.00577566533801991
-6771140342932719e-20	-3.6002757674583665	-0.005781655467209192
