#y=-1.9753766811902755 
#strength 	x-position 	z-position 
0.024236964980448413	-4.5997409227357995	-14983086657415804e-22
0.024013912962122023	-4.598705150656216	-7488437855196792e-21
0.023563264172771034	-4.596635753292835	-19456280776631347e-21
0.022877390066199644	-4.593537019787714	-3737703224801829e-20
0.02197079017066977	-4.589415372739241	-6121354877532576e-20
0.020908312065561853	-4.584279354890322	-9091642553804842e-20
0.019771445382852183	-4.57813961142225	-0.0001264240987882799
0.018563892896382536	-4.5710088678909475	-0.0001676629734509511
0.017169240445798456	-4.562901903851296	-0.00021454757566087134
0.01543106003062319	-4.5538355222242455	-0.0002669807299203844
0.01325853346057394	-4.543828514470219	-0.00032485376051038465
0.010653260839736063	-4.532901621640924	-0.0003880467167374534
0.007726849326654168	-4.5210774913903595	-0.00045642862154974455
0.004777060675072772	-4.508380631034083	-0.0005298577430071836
0.0022597337266194247	-4.494837356754078	-0.0006081818880424921
0.0005101720869361053	-4.480475739054443	-0.0006912387179044582
-0.0005412715033097629	-4.465325544580974	-0.000778856084629793
-0.0012807558764599406	-4.449418174425243	-0.0008708523878462172
-0.0020321793182907287	-4.4327865990410595	-0.0009670369511670851
-0.0028543103458848274	-4.4154652899081634	-0.0010672104173967576
-0.0036811251826924384	-4.39749014808481	-0.0011711651617292193
-0.004498755277107089	-4.378898429797339	-0.0012786857220823883
-0.005332545996998298	-4.359728669220984	-0.0013895492456758368
-0.006183981332160805	-4.340020598611897	-0.0015035259509274055
-0.007056292458755447	-4.3198150659559555	-0.0016203796037104388
-0.007970778022806	-4.2991539503051115	-0.00173986800698509
-0.008909388041939637	-4.278080074976632	-0.001861743502788873
-0.00980201043027828	-4.2566371187952585	-0.001985753485545737
-0.01060462788027289	-4.234869525562157	-0.0021116409256291963
-0.011338411051738082	-4.212822411938356	-0.0022391449020958323
-0.012035157472268172	-4.190541473933584	-0.002368001143484212
-0.012698509598000068	-4.1680728921942976	-0.0024979425755561743
-0.013329266913667913	-4.145463236287247	-0.0026286998748510084
-0.013934704476010189	-4.122759368176949	-0.002760002026898576
-0.014502801612296298	-4.100008345097088	-0.002891576887937638
-0.015011290751501321	-4.077257322017225	-0.003023151748976837
-0.015463375476941923	-4.054553453906924	-0.003154453901024365
-0.015876598031258224	-4.031943797999874	-0.0032852112003194127
-0.016245132735547965	-4.009475216260584	-0.0034151526323914034
-0.016549304913331092	-3.9871942782558065	-0.003544008873779223
-0.016787652732260027	-3.9651471646320102	-0.0036715128502459848
-0.016965310839614698	-3.9433795713989124	-0.0037974002903296876
-0.017069057350747572	-3.9219366152175397	-0.0039214102730863905
-0.017085030600471788	-3.900862739889061	-0.0040432857688902455
-0.017020836898850353	-3.880201624238213	-0.004162774172165388
-0.01688459198370439	-3.859996091582271	-0.004279627824948418
-0.016666000195441448	-3.8402880209731807	-0.004393604530199333
-0.01635937069630483	-3.8211182603968306	-0.004504468053792786
-0.015978911326348412	-3.8025265421093657	-0.00461198861414656
-0.01553432024747836	-3.7845514002860083	-0.004715943358478634
-0.015019196519215428	-3.767230091153108	-0.004816116824708102
-0.014435589554507081	-3.750598515768928	-0.0049123013880286665
-0.013800182063431872	-3.7346911456131986	-0.005004297691244868
-0.01311785956505542	-3.7195409511397273	-0.005091915057970476
-0.012378763557424977	-3.7051793334400918	-0.0051749718878326394
-0.011584206740083538	-3.6916360591600874	-0.005253296032868119
-0.010744487178493946	-3.6789391988038114	-0.005326725154325305
-0.00985241015736772	-3.667115068553245	-0.00539510705913748
-0.008890008724204639	-3.656188175723953	-0.005458300015364471
-0.007853960921808787	-3.64618116796993	-0.005516173045954592
-0.006740835772875838	-3.6371147863428788	-0.005568606200213753
-0.0055245609995689445	-3.6290078223032234	-0.005615490802423908
-0.004203784183804701	-3.6218770787719228	-0.005656729677086756
-0.0028775736175370168	-3.6157373353038524	-0.005692237350337013
-0.001726107598746251	-3.61060131745493	-0.005721940227100514
-0.0008905055890404808	-3.6064796704064555	-0.00574577674362723
-0.00038513743548174373	-3.60338093690134	-0.005763697495098058
-0.0001270020270430231	-3.601311539537961	-0.00577566533801991
-23027776796546864e-21	-3.6002757674583665	-0.005781655467209192
