#y=-1.9753766811902755 
#Fourier coeffs at root (0-n) 	d/dt (Fourier coeffs at root) 
0.2667740434309539	0.5228636264519082
-0.715982288786053	-0.5495475614161046
-0.027959305263942934	-0.3839531287484599
-0.1500945560845635	-0.2457377336746706
0.005761046066588429	0
-0.007258170647743579	0
0.027611111522445064	0
0.02173944659480951	0
0.006964825236278132	0
0.007253209972499279	0
-0.018235550549823874	0
-0.005167954007133015	0
-0.019189882449078922	0
0.0002111137276511195	0
-0.006351568064689775	0
0.007853689725018482	0
0.0022814263081749136	0
0.00816756421073459	0
0.0028515087708158174	0
0.0029788809879766048	0
-0.00048223532026272933	0
-0.0014142518651497683	0
-0.0010204647728767383	0
-0.001067756471286464	0
0.0007060494686026212	0
-4970162029309653e-20	0
0.0010456776651149445	0
-0.0002493711236565218	0
0.00022853782543631463	0
-0.0007983299401173197	0
-0.0004175689634365292	0
-0.000686032215718288	0
-0.00023299839271982676	0
-39296926751449004e-21	0
0.00013219286838451406	0
0.0002742261219693001	0
