#y=-1.2246467991473532e-16 
#Fourier coeffs at root (0-n) 	d/dt (Fourier coeffs at root) 
0.04482519919153913	0.015887949412437173
-0.44064380670289444	1.3000428215535376
0.17666937209940933	0.034671261194733446
0.012638538789628105	0.7933824295767502
0.06511136457442476	0
-0.07757346966794078	0
0.003729112836535569	0
-0.02284830959923352	0
0.06443911080036287	0
-0.02352276299001545	0
-0.020386262492465387	0
0.012577161561793457	0
-0.010364646854996948	0
0.02219044662347219	0
-0.005047564979858471	0
-0.01789026075883568	0
0.0037222819002537605	0
0.01902880623156013	0
-0.011962123140688103	0
-0.003421579631359541	0
0.0013731380028713784	0
0.002554720727762197	0
0.00332222859264256	0
-0.004482311384896766	0
-0.0025951412870222714	0
0.0041669701713984006	0
0.0006315227553678964	0
-0.0018973058718867216	0
0.0004495951519389657	0
-0.001345726844724754	0
0.0014552374202371394	0
0.0011565304974264189	0
-0.0017494648100030198	0
-0.0004620974469079006	0
0.0010233832730292241	0
0.00010465908637663635	0
