#y=-1.4142135623730951 
#Fourier coeffs at root (0-n) 	d/dt (Fourier coeffs at root) 
0.21842035695909415	0.7966177157575416
-1.0097734719290345	-0.27884131876554363
-0.020411609806497297	0.6894239347935358
-0.13875829508510282	1.5248742646069273
0.14419875741859578	0
0.006872991443066267	0
0.02103076104282457	0
-0.0030149845943555635	0
0.0016822515633327637	0
-0.01654516274938154	0
-0.05911566755607131	0
0.03169184215063876	0
0.004088335502365988	0
-0.010890133255366929	0
-0.001239216750806493	0
-0.004490783824587629	0
0.014631092971861659	0
0.02377877779350852	0
-0.020893584913766354	0
-0.024140735062926112	0
0.030793574346842104	0
0.03181575207979702	0
-0.04145993765077759	0
-0.020081716421233468	0
0.031522958627476956	0
0.0019666611628047083	0
-0.024342811324463032	0
0.024638441428179784	0
0.03187993698466775	0
-0.043314899343740595	0
-0.03958722327189478	0
0.027966444530107652	0
0.037970180533424075	0
-0.0006012718297174906	0
-0.0210829288997282	0
-0.018343798658719473	0
