#y=-1.4142135623730951 
#strength 	x-position 	z-position 
0.01	-2.8157734301972615	-0.9234925744387864
0.01	-2.875000070642931	-0.8656306437303917
0.01	-2.890703974857049	-0.8935940897057049
0.01	-2.8678328425403445	-0.9070618408492105
0.01	-2.8773024864795156	-0.9916085204061822
0.01	-2.859402677906653	-1.0189453905207007
0.01	-2.8502026853061646	-0.9226430431021897
0.01	-2.8369914970678383	-0.8479611477528352
0.01	-2.8220301065031634	-0.8551624008113723
0.01	-2.8771259105989313	-0.8219762809904997
0.01	-2.8096138935597805	-0.9303999943011326
0.01	-2.852786623337143	-0.8799590756513858
0.01	-2.843279405568169	-0.8854067256722935
0.01	-2.9229788965478605	-0.8489673571388946
0.01	-2.9220276224708313	-0.9026740882578232
0.01	-2.9319711620006217	-0.8949882010211349
0.01	-2.871906898754159	-0.9775166005752033
0.01	-3.063951378859561	-0.42931423474335223
0.01	-3.0704341985999486	-0.400142242111234
0.01	-3.0744512761955796	-0.35684625549756244
0.01	-2.841173821435252	-0.4081493606030119
0.01	-2.79602105321433	-1.028854322123006
0.01	-2.8430175794963892	-0.9161354046247402
0.01	-2.8518032943728833	-0.9643023219819913
0.01	-2.8298399843384	-0.9511026849067974
0.01	-2.7880518717773994	-0.9095685741547954
0.01	-2.7978431729776165	-0.8739376436440588
0.01	-2.762326599323049	-0.8822355010328365
0.01	-2.7514150416138428	-0.8920520424733165
0.01	-2.7929519424753164	-0.8543675693996503
0.01	-2.8841295251610646	-0.7875102367542487
0.01	-2.930854967385066	-0.7606992558255257
0.01	-2.942233342234308	-0.735448060508194
0.01	-2.9513603344034434	-0.7145764791542236
0.01	-2.963617598201671	-0.7579820523183695
0.01	-2.9047970893752346	-0.7948600955061895
0.01	-2.9011682258501246	-0.827627005562552
0.01	-2.9163136107757435	-0.8444414236414066
0.01	-2.939120111719569	-0.9859019164922593
0.01	-2.926018124150991	-0.9382791553070495
0.01	-2.884805555603165	-0.9570128320718764
0.01	-2.8667930218412057	-0.38466695408960105
0.01	-3.0418031445932034	-0.366026744124189
0.01	-3.0672759662032876	-0.29914465733511864
0.01	-2.9077969247269544	-0.9457529788874963
0.01	-3.01670088729527	-0.3787153954459862
0.01	-2.7777585836982137	-0.9629013660616881
0.01	-2.7668611177955538	-0.8141533924154193
0.01	-2.747511754250876	-0.8406623050602141
0.01	-2.7795640622599387	-0.44945337138883995
0.01	-2.880028644892413	-0.96301596698104
0.01	-3.062230156675829	-0.3516587405789721
0.01	-2.7570903123336516	-0.809801942481448
0.01	-2.7486112073524636	-0.8063545059820737
0.01	-2.775667212345069	-0.7597743402835713
0.01	-2.7834165825743358	-0.9457515730053713
0.01	-2.7371362160779094	-0.9232409574316963
0.01	-2.750217026564083	-0.9470580480579943
0.01	-2.759112152288159	-0.9476471115396329
0.01	-2.822416426907932	-1.00535629459069
0.01	-2.8330877459264188	-0.9996384838637062
0.01	-2.7947986563639966	-0.9453025546839402
0.01	-2.822188462003216	-0.9709139759947331
0.01	-2.878993883491844	-0.5723696052842983
0.01	-2.923340869311936	-0.7381197836927407
0.01	-2.9355935700238476	-0.6574275215002311
0.01	-2.9271395867839	-0.6823341459488155
0.01	-2.9385290871832335	-0.6743426278251353
0.01	-2.921411564992116	-0.7052567088097108
0.01	-2.857866984698126	-0.7971067815936294
0.01	-2.836290688793796	-0.8150818340565129
0.01	-2.8561039320965236	-0.7750997343215147
0.01	-2.9166407955202214	-0.7236686073494631
0.01	-3.029499348952765	-0.7682777709524025
0.01	-2.9976544542210597	-0.7665136477761962
0.01	-3.0127552870012484	-0.7818841353502265
0.01	-3.016466594708944	-0.776808361788554
0.01	-3.031965053846326	-0.7857284011052269
0.01	-3.0621350439247816	-0.7787254226958771
0.01	-3.050952111371648	-0.8982897466742129
0.01	-3.0149017468341595	-0.9098726551585402
0.01	-3.0240515250224838	-0.9070216752657319
0.01	-3.019579873079231	-0.8962993190807867
0.01	-3.0417966462423007	-0.9098304906281941
0.01	-3.0764514533408334	-0.9399918192477328
0.01	-2.971568728962227	-0.9194179397331569
0.01	-2.987588373862276	-1.0059617126282583
0.01	-2.970010896277585	-0.9847387019650233
0.01	-2.9970240766847756	-1.0001806561521993
0.01	-3.009066191880192	-1.0116219971768774
0.01	-3.0164352066101885	-1.0078621038538627
0.01	-2.9972130994552644	-1.0432368645497307
0.01	-3.0002766103923557	-1.0307060132201835
0.01	-3.042852856134415	-1.0395328749244714
0.01	-2.9244142332745606	-0.8108527672895114
0.01	-2.9490783434594876	-1.1042424214275202
0.01	-2.957403389499322	-1.0625049772491404
0.01	-2.9233687609007104	-1.083765905735565
0.01	-2.9361131135781915	-1.074925717526023
0.01	-2.9472109191729685	-1.1001735196525246
0.01	-2.9144126001821262	-1.0888714231148178
0.01	-2.9417436636671495	-0.8762517097156339
0.01	-2.9280196719371343	-1.108236303112221
0.01	-2.8636213543074622	-1.1384488642135908
0.01	-2.864932415370799	-1.0704187332897916
0.01	-2.840849822120871	-1.0871993236133541
0.01	-2.8133448355372184	-1.1027580145887659
0.01	-2.7795288232180746	-1.0822855195682548
0.01	-2.753087832914633	-1.0510023333053862
0.01	-2.771263839129202	-0.5944984252596215
0.01	-2.8082883192802455	-0.551663280661511
0.01	-2.8539013069241705	-0.6129248174539819
0.01	-2.7717767471416086	-0.5171864791066414
0.01	-2.749466469255511	-0.5884530722491637
0.01	-2.8469928322742453	-0.6382881670881528
0.01	-2.812490577634498	-0.4726346474428383
0.01	-2.79460859072914	-0.5105289609987806
0.01	-2.831242399881223	-0.5259701033049439
0.01	-2.8210339784417986	-0.5161006096638531
0.01	-2.8134782841129335	-0.5126112255037074
0.01	-2.835704430450035	-0.5813434609567522
0.01	-2.75466883352571	-0.5667247657297957
0.01	-2.78836584957266	-0.4770688215523444
0.01	-2.80347463549016	-0.47073389577226704
0.01	-2.799404339936685	-0.5965840812088735
0.01	-2.761182748188978	-0.6177363157678659
0.01	-2.740812027063795	-0.6258563618829037
0.01	-2.7587941110529988	-0.5595392318950729
0.01	-2.733307008609096	-0.5913402174245923
0.01	-2.7512759251138728	-0.527391815709142
0.01	-2.7680669637191953	-0.49921598071560846
0.01	-2.7919193148406487	-0.44775332217544517
0.01	-2.8362875503974476	-0.46904184854381187
0.01	-2.8470997001954363	-0.601642844717067
0.01	-2.7734930727792957	-0.6049000785132836
0.01	-2.775644569122003	-0.5531569026972928
0.01	-2.781199247790199	-0.5580293480699199
0.01	-2.7928460087825826	-0.5587735844268136
0.01	-2.788428315018446	-0.5659013374351419
0.01	-2.808159049861247	-0.6114936166049544
0.01	-2.7195875009202797	-0.4742760970562157
0.01	-2.7971143760842048	-0.38915985356856175
0.01	-2.908725992821279	-0.3474805277932219
0.01	-3.0371508505515807	-0.28610919764473436
0.01	-3.034950282160076	-0.24395595670221687
0.01	-2.9938710918222937	-0.3072657696864
0.01	-3.0051131568587293	-0.29380155755964055
0.01	-2.9979209321143796	-0.29154285371185823
0.01	-2.9902759624128916	-0.2895101837011505
0.01	-2.9939754332070065	-0.27637604053259057
0.01	-3.0223004301704486	-0.28339729817014325
0.01	-2.993956582293165	-0.32070208140866124
0.01	-3.034926721195176	-0.23380437748840038
0.01	-3.07715510119076	-0.12883468550502303
0.01	-3.0246161919944643	-0.1633509505941575
0.01	-3.0420079030172493	-0.21057853691857153
0.01	-3.08311630666282	-0.18065966112989124
0.01	-3.0495633651983773	-0.15864442579242738
0.01	-3.0534350930607195	-0.1706650498212344
0.01	-3.0615843074415454	-0.17081172647419562
0.01	-3.067827245620347	-0.17168190445092993
0.01	-3.058926059055008	-0.19477234970149518
0.01	-3.035636682454771	-0.1641392036842625
0.01	-3.0792230477907245	-0.15167039600798599
0.01	-3.0217248200936035	-0.1709299339070488
0.01	-3.17136895261688	-0.05706841726752855
0.01	-3.2226882990397225	-0.06340251369181363
0.01	-3.217898044947816	-0.026764053636258632
0.01	-3.196470698452571	-0.05437491988882256
0.01	-3.20256106489932	-0.05502093101234057
0.01	-3.2036925475069142	-0.04806896446456427
0.01	-3.212230127773059	-0.05342813781196546
0.01	-3.172756999836889	-0.05526251425608427
0.01	-3.1950335349135983	-0.027678447142051532
0.01	-3.2255317251241076	-0.08619266761049399
0.01	-3.1819461103584272	-0.08626525793291975
0.01	-3.317204549279909	0.023430514688256104
0.01	-3.307504117686001	0.0210933283323688
0.01	-3.3065037889657636	0.015106843397802274
0.01	-3.289817917749832	0.024687130624568586
0.01	-3.4163854170001664	0.031216848629257242
0.01	-3.536616222287516	0.014468206267854933
0.01	-3.5231306630130694	0.017841992637007833
0.01	-3.509763431875961	0.018376870290050824
0.01	-3.5233360981481137	0.03270964039344555
0.01	-3.6010501083191286	-0.06465275909266234
0.01	-3.7929619249082394	-0.0361515695304094
0.01	-3.863025115385618	-0.02459929080538744
0.01	-3.783993169517764	-0.030165438337049197
0.01	-3.652297136793803	-0.009693294285921208
0.01	-3.6090125162886446	-0.025306413387930396
0.01	-3.5888336231467712	-0.04162790821018374
0.01	-3.629440275255137	-0.04271315474472435
0.01	-3.6721338601391924	-0.034486956447913775
0.01	-3.7380662517874583	-0.02236051480686761
0.01	-3.6751777106001726	-0.01642482247014824
0.01	-3.6776822558400766	-0.020515933985672412
0.01	-3.694941768258279	-0.02422467348082702
0.01	-3.7172743720482155	-0.027840741641889263
0.01	-3.71869142154919	-0.030268236844441278
0.01	-3.6566719863779027	-0.03269478348027226
0.01	-3.644660656838174	-0.02278954494448089
0.01	-3.718912062546699	-0.01926401203398355
0.01	-3.7532860534345436	-0.04262008967723658
0.01	-3.6367139364506653	-0.0480691933767666
0.01	-3.5899729713755737	-0.048058444689315846
0.01	-3.905377589175267	0.0006863441696297273
0.01	-3.803781205939515	-0.018172897597788867
0.01	-3.8507850391439233	-0.007958804397765189
0.01	-3.8431756515322264	-0.004994995316834137
0.01	-3.8309631696585997	-0.008638626726922926
0.01	-3.8166129876839827	-0.011178472334291622
0.01	-3.833525946264552	-0.0008763014147368919
0.01	-3.9230005688217267	0.013851813688500816
0.01	-3.8742141451835503	-0.013412679146503995
0.01	-3.7961161990466312	-0.022662650000706087
0.01	-3.764061249662124	-0.01851978100487575
0.01	-3.7705379932647456	-0.006450829504467858
0.01	-3.8999031151916044	-0.0018475906051903918
0.01	-3.895860539442791	0.02986249980629509
0.01	-3.8926872227056153	0.024639664448727987
0.01	-3.895552418123149	0.020414453570737182
0.01	-3.8998541909781945	0.015474489082091208
0.01	-3.8980193952961715	0.007670810900436388
0.01	-3.8807084719740317	0.015199600053433349
0.01	-3.973805370062642	-0.027412701357593272
0.01	-4.03228602301039	-0.00016733973118700652
0.01	-4.004748666901598	0.017920300678906566
0.01	-4.001456910222484	0.0028604361188602945
0.01	-4.003737682766076	-0.0008886999336365792
0.01	-4.009349756717512	0.0014329003052828745
0.01	-4.014781447526145	0.004438532153993962
0.01	-4.017861425475259	0.0021025839198065056
0.01	-4.011848379424813	-0.008303417534986389
0.01	-3.9847869844171337	-0.016836006581225985
0.01	-3.972863237105658	0.0014223673714681782
0.01	-3.9943994581986333	0.023927739160010297
0.01	-4.049457082218417	-0.016291261052701206
0.01	-4.06190656660814	-0.04394637623961033
0.01	-4.078009665891621	-0.04488031466829013
0.01	-4.087350424752888	-0.041468643153083094
0.01	-4.095232556128771	-0.03827218691436543
0.01	-4.108258080460678	-0.03374777994276826
0.01	-4.136269708468887	-0.021287090492600688
0.01	-4.158490466482766	-0.0019026136669320222
0.01	-4.151783009007286	0.01210193421226619
0.01	-4.130207301533122	0.00460924287391999
0.01	-4.127013872538441	-0.003838729204678021
0.01	-4.129079919894868	-0.006634704147464349
0.01	-4.133614752338835	-0.00584296153415498
0.01	-4.138143755969394	-0.004665140659820035
0.01	-4.139308105902689	-0.006978461044629704
0.01	-4.132433308988325	-0.015979824428210682
0.01	-4.111969196557002	-0.025448166562910074
0.01	-4.096559962192215	-0.01973082014317809
0.01	-4.110794632970122	-0.0014042254578240112
0.01	-4.166098780044911	0.016354813596132785
0.01	-4.173982496684664	-0.03818298248393461
0.01	-4.199259534300462	-0.0568709972338622
0.01	-4.218170659471873	-0.0538884873328601
0.01	-4.221512033138066	-0.04309262139720662
0.01	-4.21435342316177	-0.033867840519645566
0.01	-4.20859736882739	-0.028961373202734616
0.01	-4.205773690540582	-0.026818492188714682
0.01	-4.203983378027776	-0.026860340062220812
0.01	-4.20242395628721	-0.027669172014431448
0.01	-4.200642227797517	-0.02754354526510914
0.01	-4.198700752783754	-0.0240874146632486
0.01	-4.201145238248746	-0.012896820826316045
0.01	-4.224350223873735	0.0021329002012265767
0.01	-4.230613851828449	-0.011294348267750668
0.01	-4.248834191545168	-0.048929133026105
0.01	-4.289174473299258	-0.06413889469897684
0.01	-4.298685869968694	-0.05405351133571582
0.01	-4.29617560955937	-0.05028449281111439
0.01	-4.291119048151673	-0.05014205662917338
0.01	-4.286276992945437	-0.05088957129412153
0.01	-4.282056087906801	-0.05131555430590283
0.01	-4.2782617877700355	-0.05085759057653404
0.01	-4.275031896620938	-0.04901226384238374
0.01	-4.273609660033874	-0.045410005185740655
0.01	-4.2778689595920865	-0.040304118610103766
0.01	-4.294688965470979	-0.0362217520931924
0.01	-4.307810207985439	-0.03224895047812725
0.01	-4.310910603046412	-0.029263338151295643
0.01	-4.310846572520839	-0.02742753687737886
0.01	-4.309904330921354	-0.026197455208936266
0.01	-4.308735744346174	-0.025267865364778
0.01	-4.307704567644649	-0.024200824894491567
0.01	-4.307260401022273	-0.02259441293296948
0.01	-4.308280429409238	-0.02001796395282907
0.01	-4.312477588021445	-0.016369444419493687
0.01	-4.3220826586586085	-0.013720120618314041
0.01	-4.336231529041153	-0.01677590694770473
0.01	-4.350893876864806	-0.023378763661297226
0.01	-4.363457396703233	-0.02746042250877854
0.01	-4.372226252775439	-0.02784430906761099
0.01	-4.377599819067805	-0.026477939047402057
0.01	-4.3808381288856735	-0.02463650509858549
0.01	-4.382928849472061	-0.022733628701439558
0.01	-4.384534388884106	-0.020832526016366426
0.01	-4.386148605407595	-0.018897916740765824
0.01	-4.388189959512887	-0.016898340007212246
0.01	-4.3910367463527855	-0.014864561227197965
0.01	-4.394990640660096	-0.01293537561722152
0.01	-4.4001626483830405	-0.011389765856482442
0.01	-4.40638919589207	-0.010510360567034884
0.01	-4.413239582761759	-0.010236167362387246
0.01	-4.420224991066983	-0.01028245343506939
0.01	-4.427043578604993	-0.010335804546447856
0.01	-4.433587164002817	-0.010155726374564295
0.01	-4.439873927582455	-0.009712418641272058
0.01	-4.445995620116019	-0.009033079970674915
0.01	-4.452047528013604	-0.008157800732832683
0.01	-4.458080277860686	-0.007147023441191506
0.01	-4.46410394932757	-0.0060127238524667476
0.01	-4.470120277334221	-0.004744984625955396
0.01	-4.476159559862634	-0.003337141876191011
0.01	-4.482297946733987	-0.0017735487392506809
0.01	-4.488639326567965	-6393961539644197e-20
0.01	-4.495261865729357	0.0017571679194996908
0.01	-4.502234373810052	0.003661936962335075
0.01	-4.509664267129665	0.005596812452325852
0.01	-4.51764250715705	0.007526360640155697
0.01	-4.526255614993662	0.0094185515970703
0.01	-4.53563329606335	0.011200600012146776
0.01	-4.545870787776145	0.012764330012751433
0.01	-4.557062494359833	0.013933126660371616
0.01	-4.569260777540802	0.014418444651020042
0.01	-4.582250989702385	0.013543239267377057
0.01	-4.594398564114169	0.009914643918812447
