#y=-1.2246467991473532e-16 
#strength 	x-position 	z-position 
0.01	-2.878380223498398	-0.8379963052991661
0.01	-2.8916397190550334	-0.8557659859735125
0.01	-2.864662646530538	-0.7470943541751549
0.01	-2.9159840446096665	-0.852795106910683
0.01	-3.0994762890950165	-0.34652740030142776
0.01	-3.122860982082911	-0.28628590582528624
0.01	-3.245495935612438	-0.1877421656874805
0.01	-2.889477293250521	-0.8232966609245675
0.01	-2.9211042327020063	-0.6282476619742895
0.01	-2.997401770097521	-0.40886975679912235
0.01	-3.0032224673630927	-0.504026377800244
0.01	-2.994255986128287	-0.4136718562281351
0.01	-2.9402516872890665	-0.5923779523903314
0.01	-2.893277579742698	-0.7175739503574076
0.01	-2.972017783049757	-0.7890452572847747
0.01	-2.8697376780831596	-0.7511634121672202
0.01	-2.9717179524672046	-0.5420722395271181
0.01	-2.9860210830448644	-0.882353713011995
0.01	-3.038435021814364	-0.8351405243105239
0.01	-3.052058684455677	-0.886108450804783
0.01	-3.099389410253176	-0.31999931501463796
0.01	-2.945889344652485	-0.47849071173966373
0.01	-2.9327675697150366	-0.4817129706445903
0.01	-2.9746840335178097	-0.4786426551946096
0.01	-2.955820700231665	-0.5097572892113755
0.01	-3.073634969915713	-0.34082625149308543
0.01	-3.217199267767562	-0.19720608786657914
0.01	-2.809765214651992	-0.6785792049333649
0.01	-2.918456968874371	-0.9225991762321263
0.01	-2.8340776263049134	-0.7558526881005151
0.01	-3.0295521374771406	-0.3797972005115283
0.01	-2.9918199607255893	-0.4939713372288845
0.01	-2.9796025241403896	-0.4601037946361049
0.01	-3.155992562247471	-0.3536410792773554
0.01	-3.1719337587852743	-0.37420809253027143
0.01	-2.953243186718301	-0.589041555423145
0.01	-2.915927458871073	-0.7078596769619405
0.01	-2.9475087774156865	-0.7735981665445423
0.01	-3.160509824648988	-0.765247126834125
0.01	-3.0784318763337146	-0.7273804721326271
0.01	-2.9606449398284456	-0.7765693831885959
0.01	-3.078816418246407	-0.7179822952366759
0.01	-2.9500883870228396	-0.8313834320580139
0.01	-2.8690134794289435	-0.700398165893099
0.01	-2.89541062586895	-0.7467250653002226
0.01	-2.835935821957008	-0.7246912044521253
0.01	-2.8262213342094635	-0.8174317889983619
0.01	-3.026448121627435	-0.8568311660013324
0.01	-2.894427201251873	-0.795794186576591
0.01	-3.0579792293550128	-0.8396694118762007
0.01	-2.9545423679705465	-0.40833703392706716
0.01	-2.9380379372552703	-0.4610367136817135
0.01	-2.8460791216140233	-0.852064265376314
0.01	-2.96700453142293	-0.47528730339545366
0.01	-2.965763363088063	-0.42106248457591383
0.01	-2.967563058257466	-0.4308790079723357
0.01	-2.9583973302820055	-0.43895372297738344
0.01	-3.102754980693888	-0.3080087793789939
0.01	-3.031323495179479	-0.3571181942563321
0.01	-3.0824248916556183	-0.3116800450180712
0.01	-3.2058983580597276	-0.21219138888890857
0.01	-2.9053599903228813	-0.8941366895796237
0.01	-2.851201274887426	-0.7768829026524967
0.01	-2.7990698477895397	-0.7439596536119831
0.01	-2.8176266333042914	-0.7699460308385642
0.01	-2.83690983112062	-0.7777585496105593
0.01	-2.808207552530549	-0.7061644362345378
0.01	-3.152022361783954	-0.3771503121070708
0.01	-3.0284288056636877	-0.6401407028568464
0.01	-3.099843574324779	-0.7022888729960932
0.01	-3.0781690656315934	-0.6941057986177014
0.01	-3.00226329880336	-0.671344204293064
0.01	-3.0086194144977365	-0.7147730983096822
0.01	-3.0099821485652933	-0.7090658335868834
0.01	-3.0095156807352987	-0.706367455739698
0.01	-3.0263380671101503	-0.709575970902624
0.01	-2.9550479172016817	-0.7942866046313393
0.01	-2.903553465377702	-0.6881608802287529
0.01	-2.9444745790365037	-0.6895382797906382
0.01	-3.036488323051924	-0.6840706082936328
0.01	-3.0369901117546667	-0.6864738532848939
0.01	-2.9923610732288664	-0.7356840533039842
0.01	-3.0033148392217845	-0.6811511851770071
0.01	-3.028463435270966	-0.6686694297024164
0.01	-2.944849195022478	-0.7461437531875105
0.01	-2.981346516350906	-0.7027930636146459
0.01	-3.1366480656375266	-0.7415825579321721
0.01	-3.1669046130746605	-0.7438848584789599
0.01	-3.1609401232115912	-0.736901764141568
0.01	-3.1480202475276253	-0.7396129029087268
0.01	-3.169664373464812	-0.7272969284205759
0.01	-3.081648675553411	-0.6678637395102291
0.01	-3.1808648399506705	-0.9173414366805834
0.01	-3.145556987651481	-0.8723394557160753
0.01	-3.1611223799726518	-0.93992391725464
0.01	-3.154971517349637	-0.9059778397117176
0.01	-3.153747900337815	-0.9126368755153588
0.01	-3.150413688770446	-0.9160786853621959
0.01	-3.171447907178442	-0.8832671095328359
0.01	-3.177677628193464	-0.9272130094479182
0.01	-3.0714557963989377	-1.1332180175282025
0.01	-3.14532123102769	-1.0140596333180352
0.01	-3.0815224788920097	-1.094325608444466
0.01	-3.0766275774578045	-1.0896023974592859
0.01	-3.054077874279487	-1.0822828741568373
0.01	-3.0644807224923607	-1.1410513274783642
0.01	-3.056728306424482	-1.0971952983214792
0.01	-3.1322574332500217	-1.004715453928789
0.01	-3.14220468461642	-0.9965254981052548
0.01	-3.0624399034409873	-1.07264936610645
0.01	-3.087516151950455	-1.0767316677872822
0.01	-3.0932979505273708	-1.0763069686475777
0.01	-3.0595200968333596	-1.1691422023460027
0.01	-2.999962329886771	-1.1805449533332444
0.01	-2.9794700878576137	-1.159972399143405
0.01	-2.995375804406712	-1.1129190512555343
0.01	-3.070185751652096	-0.9806105499427481
0.01	-3.0776456498982365	-0.764741430407243
0.01	-2.9698759465352498	-0.7576245800879088
0.01	-3.0622244831150938	-0.8061952918993297
0.01	-3.041457797792758	-0.7832336139307087
0.01	-2.995923321602743	-0.8626358586904198
0.01	-3.0920177720339046	-0.8501438876858228
0.01	-2.9866521615485757	-0.8071172290281067
0.01	-3.0215429046536464	-0.8214009052414895
0.01	-3.021285703261409	-0.8092023171910349
0.01	-3.0090676768729097	-0.8189968118924509
0.01	-3.0658806886321646	-0.8244080770249578
0.01	-2.980980417699234	-0.8610250899490846
0.01	-3.0201143303817863	-0.7957131157618944
0.01	-3.0837075836552463	-0.8189160531544317
0.01	-3.0854644952751027	-0.8919618262963342
0.01	-3.0136650599429413	-0.8483620703689522
0.01	-2.9939560571895187	-0.8754257025012527
0.01	-2.985148733627702	-0.8210342036699576
0.01	-3.0145267671268225	-1.0228307188956651
0.01	-3.0255091372818055	-0.9732689361221951
0.01	-3.013975009267809	-0.9563821442444387
0.01	-3.000232917058119	-0.9756501374243354
0.01	-3.0231406263638245	-0.8797043726640351
0.01	-2.955923773627491	-0.902851340065285
0.01	-2.9326745505742955	-0.8882550433391756
0.01	-2.9365010620001417	-0.8961587302969873
0.01	-2.9373021646456894	-0.903967210655187
0.01	-2.9157734904025503	-0.8838475904943125
0.01	-2.96066864142319	-0.9214452300536856
0.01	-2.862076826005263	-0.9024115279246595
0.01	-2.837734237782082	-0.8688660926805228
0.01	-2.8043143507056882	-0.82066427265615
0.01	-2.788657359596225	-0.7570035419243051
0.01	-2.8601743931061216	-0.6701276813510118
0.01	-2.8785117053516047	-0.635363599121323
0.01	-2.8721668015063484	-0.6321989059605965
0.01	-2.8659378142924394	-0.6353652713809933
0.01	-2.856414914621619	-0.627724284804666
0.01	-2.854364976205645	-0.6063702854204059
0.01	-2.8582076004567947	-0.5863716337958319
0.01	-2.8626231683873087	-0.568363028962304
0.01	-2.8686488866717306	-0.549641525059252
0.01	-2.8744013651454057	-0.5311053769687794
0.01	-2.8766152405002807	-0.5148773807592556
0.01	-2.877077714331213	-0.49865182245713197
0.01	-2.8801118667058807	-0.47795847461332874
0.01	-2.8892745945912224	-0.4523227702496366
0.01	-2.903127514592024	-0.42526289865803185
0.01	-2.916328952562175	-0.400071618340033
0.01	-2.9280493036204285	-0.37736915504424956
0.01	-2.947234040584822	-0.35368911730231845
0.01	-2.999737425029954	-0.32377538533132716
0.01	-3.0581476764215823	-0.25516560300139635
0.01	-2.9914551976107018	-0.24840592136995968
0.01	-2.9823991245662325	-0.2937140262144941
0.01	-3.029812463419684	-0.25529060557113287
0.01	-3.014399801985103	-0.25378154905750205
0.01	-3.0131203661244808	-0.2619969630183801
0.01	-3.0123244332705745	-0.2699930857202126
0.01	-2.999848861130793	-0.27448182489131684
0.01	-3.0153853001983655	-0.23929467905055965
0.01	-3.000918267913373	-0.2952945446334534
0.01	-3.0529655836287506	-0.19637904494154323
0.01	-3.1096868949981067	-0.12951739398649684
0.01	-3.1398234708593966	-0.16190307525055034
0.01	-3.1448155186409643	-0.13985803860213544
0.01	-3.1354636874586133	-0.1370182148571293
0.01	-3.1303818111801327	-0.14002271306938968
0.01	-3.1171492078726573	-0.12705544597253068
0.01	-3.1604057949049587	-0.14253001016867817
0.01	-3.095366147695692	-0.12923534677440848
0.01	-3.193927628098976	-0.07293046051309751
0.01	-3.2396129115549557	-0.05089051960472466
0.01	-3.2712838431205267	-0.02174482817089614
0.01	-3.3338669749794647	0.009373570677095095
0.01	-3.6450600365902424	0.0484127864423677
0.01	-3.6131910293343705	0.08989155793147639
0.01	-3.5646817480446202	0.08471708863394431
0.01	-3.585325723203427	0.012883219744596962
0.01	-3.601691327683296	-0.007396948336452592
0.01	-3.6297210494669088	0.04672135533283369
0.01	-3.590768249457403	0.06542991817732724
0.01	-3.5954309039134364	0.04088510623514551
0.01	-3.6058149694369526	0.02984105930336098
0.01	-3.6117449258702132	0.0349220669110218
0.01	-3.622633571890571	0.03686362438529391
0.01	-3.6261580631328143	0.025245351422234073
0.01	-3.589691808472773	0.017438857715483654
0.01	-3.609660522173353	0.0814063871267792
0.01	-3.620360042833091	0.05460359794293453
0.01	-3.600954173224467	-0.010986790016750384
0.01	-3.546433202879514	0.010878036979974668
0.01	-3.5110010666458487	0.024872710569693337
0.01	-3.571346929656124	0.01215335895536821
0.01	-3.5770265764891658	0.05438560614793613
0.01	-3.5650707391577936	0.05847710295188267
0.01	-3.565324766100859	0.054198379638328346
0.01	-3.56164137711514	0.052386075189988425
0.01	-3.544967998349424	0.08108801166853193
0.01	-3.616433122210098	0.10789738536622309
0.01	-3.7036621711699396	0.0706963584255749
0.01	-3.804111213734519	0.023459463267745534
0.01	-3.8534830177306687	0.06910429100978786
0.01	-3.821947461199314	0.05934373937964442
0.01	-3.814715029167232	0.050477875781447815
0.01	-3.819112536529329	0.05014044365766822
0.01	-3.8253195724846027	0.051276996894936255
0.01	-3.82643126423068	0.04746414786178344
0.01	-3.8127756461248175	0.035767690472260895
0.01	-3.7827343056693508	0.04176268019730195
0.01	-3.8424431318209376	0.0795430048536159
0.01	-3.8674230474340336	0.10974689246104498
0.01	-3.840809969298738	0.10931283746932026
0.01	-3.83256581207016	0.09981070426224962
0.01	-3.8343211778167094	0.09695459447383688
0.01	-3.8387261700296342	0.09657151347024258
0.01	-3.8399588594370977	0.09283694904338968
0.01	-3.831189300562257	0.08104900821093429
0.01	-3.8078459025413935	0.0820474393094318
0.01	-3.8462693844642324	0.12375754696166175
0.01	-3.9418628809900107	0.06943327723578906
0.01	-4.040584734516064	0.06063446676829313
0.01	-4.039789371748028	0.08916653967086668
0.01	-3.9917265858558704	0.09280099065603663
0.01	-3.995346349550414	0.0750799143541164
0.01	-4.004230415800836	0.07236213657446937
0.01	-4.007561863492242	0.07627400539989365
0.01	-4.008247728497138	0.08246333153542024
0.01	-4.012707099259051	0.08515038339775635
0.01	-4.022718104762668	0.07895639579308432
0.01	-4.023453545605138	0.05851614367315357
0.01	-3.984870227755916	0.061240508284407476
0.01	-3.9681866324739357	0.07956830586888446
0.01	-3.9878973617587308	0.10580456163772817
0.01	-4.057519111957145	0.09508257178126925
0.01	-4.116052813481338	0.051532061146219624
0.01	-4.194574987960391	0.038556434812008655
0.01	-4.2134162055532665	0.07530556101443928
0.01	-4.193470845751002	0.08224860011854547
0.01	-4.17894938449931	0.06984961300058933
0.01	-4.177933852386333	0.0629415578278658
0.01	-4.182143752576255	0.061840550980850555
0.01	-4.187328296861302	0.06231090044688985
0.01	-4.190413965128822	0.05967253036644351
0.01	-4.188302606735077	0.05041136181556069
0.01	-4.172043480760432	0.040908331562999285
0.01	-4.155606854624932	0.05455683038173835
0.01	-4.234235050634382	0.10656414135851595
0.01	-4.254116472092923	0.11970123215511021
0.01	-4.248744156171706	0.13586765877255064
0.01	-4.232692869525732	0.1479978274752689
0.01	-4.2117500363404545	0.15369172217698648
0.01	-4.190720332322218	0.15109404028592913
0.01	-4.175216774795088	0.1417088985091957
0.01	-4.165220156868129	0.13117966016925556
0.01	-4.1589647258603435	0.119449052924161
0.01	-4.160753574220864	0.10721069962148103
0.01	-4.176957659155031	0.10158633837359254
0.01	-4.201267137686593	0.10823616481659114
0.01	-4.209450315445608	0.11859893372917381
0.01	-4.20472830216852	0.12298253451595692
0.01	-4.196725327523103	0.1230673620715644
0.01	-4.192494368239586	0.12565300533358978
0.01	-4.196805312766184	0.13306887164084094
0.01	-4.223063514818124	0.13167882027896652
0.01	-4.152194922136523	0.09452063937182098
