#y=-1.9753766811902755 
#strength 	x-position 	z-position 
0.01	-3.751043742235562	-0.3499526857491394
0.01	-3.755448896907884	-0.33413386503274195
0.01	-3.7617481180826533	-0.3589396200630613
0.01	-3.7860531363197825	-0.34974557505360987
0.01	-3.7773217926431566	-0.3332212833798931
0.01	-3.7707344313375435	-0.3279110229545451
0.01	-3.794108657827943	-0.30711854795241583
0.01	-3.8213055633757027	-0.2993300622634738
0.01	-3.79377296919714	-0.3553248136266642
0.01	-3.8280883340445895	-0.38332740274585947
0.01	-3.8161134770585776	-0.39285715649245145
0.01	-3.7907121683447036	-0.392774506592796
0.01	-3.773808386406397	-0.3828035178010317
0.01	-3.759604123319021	-0.37750045559259787
0.01	-3.742345057067578	-0.37158804259692696
0.01	-3.7291227603267547	-0.3534005860359351
0.01	-3.8028220766689596	-0.29476379914764445
0.01	-3.8341677013858346	-0.3315116770359349
0.01	-3.8633572329488315	-0.3454188248101714
0.01	-3.8752633358519053	-0.3593015485081252
0.01	-3.8326322112972817	-0.34069118881276217
0.01	-3.799582702212121	-0.3228583862267584
0.01	-3.8137071243619554	-0.3732844065030462
0.01	-3.8212299170935142	-0.36648943853080607
0.01	-3.822043347900613	-0.3620550163748136
0.01	-3.824134568919885	-0.3580235274900198
0.01	-3.838062400304172	-0.3530110763747537
0.01	-3.854225823865821	-0.3804211940449679
0.01	-3.823764633927582	-0.41038688533109824
0.01	-3.797048418693335	-0.42070060714648566
0.01	-3.779296036380944	-0.42086060675218767
0.01	-3.765165230311915	-0.41447748954476815
0.01	-3.752511198055733	-0.404258031825811
0.01	-3.7375174281148937	-0.39312754275716155
0.01	-3.721063674604853	-0.3789247867738898
0.01	-3.707950495233341	-0.3597925719341399
0.01	-3.703097915855899	-0.3351820988563729
0.01	-3.713203944312249	-0.31040143670558357
0.01	-3.735501825156647	-0.29244226387784567
0.01	-3.7624735873743207	-0.27955901847633985
0.01	-3.7868832336517615	-0.2676118727258487
0.01	-3.8022974094316586	-0.25685165419671285
0.01	-3.8109157429800153	-0.2488283704557963
0.01	-3.8199216784615126	-0.24131512890413093
0.01	-3.836025475911286	-0.23456269588569395
0.01	-3.8601138474314154	-0.23243385633711158
0.01	-3.884611577530743	-0.23282285693290464
0.01	-3.90443063674645	-0.2318975416323926
0.01	-3.9213126373330187	-0.23042451725884378
0.01	-3.9422866382829977	-0.23050553272280944
0.01	-3.978219580679499	-0.23118563574235748
0.01	-4.0051256978848855	-0.21299863272053965
0.01	-3.9961935084779485	-0.20194630245998774
0.01	-3.9875318286516404	-0.20327845819675613
0.01	-3.984128947374877	-0.20751863688923763
0.01	-3.9818186994931417	-0.21177529028903228
0.01	-3.9758099058944145	-0.2146270571393057
0.01	-3.964743126005402	-0.20909741995067463
0.01	-3.988833409523537	-0.18582455213037688
0.01	-4.048246530325113	-0.19901116395651447
0.01	-4.090283016077198	-0.20371792886832615
0.01	-4.103533305287579	-0.19130327097977978
0.01	-4.102455311225834	-0.18556934229550315
0.01	-4.098713132609308	-0.18394069388488352
0.01	-4.0944231150336465	-0.18313373704213476
0.01	-4.090667253749558	-0.18079000479713053
0.01	-4.089392407257688	-0.1750239244366003
0.01	-4.0949870350185	-0.16604235441334014
0.01	-4.109849358229349	-0.15932386242956798
0.01	-4.1265749977307955	-0.15650443445736656
0.01	-4.14085435520544	-0.15416647662757155
0.01	-4.152444405619356	-0.1512161451077092
0.01	-4.162223420603225	-0.14783846477479642
0.01	-4.171493758150069	-0.14435234671956218
0.01	-4.181432526403716	-0.14099171769863422
0.01	-4.19253157784309	-0.1379183459218007
0.01	-4.20430674329365	-0.13502099097659442
0.01	-4.215691136444601	-0.13189018002945901
0.01	-4.225710347621063	-0.128205855978928
0.01	-4.233886738099535	-0.12401211963491429
0.01	-4.240349254111541	-0.11958661210743837
0.01	-4.245701296209592	-0.11514063860746769
0.01	-4.250787939165293	-0.11072612445606991
0.01	-4.256544454573971	-0.10634281084017343
0.01	-4.263900952456414	-0.10208423856248205
0.01	-4.273394366995729	-0.09825423058147245
0.01	-4.284616584517145	-0.09505307375570982
0.01	-4.296325746134915	-0.0921943984069364
0.01	-4.307356868027297	-0.08924525589468651
0.01	-4.317372923797392	-0.08603735145345755
0.01	-4.326655189255255	-0.08260050707823015
0.01	-4.335534031060095	-0.07901376222808743
0.01	-4.344166252742206	-0.07534894871256174
0.01	-4.352615723819369	-0.07164881578726437
0.01	-4.360935175535741	-0.06793749889358305
0.01	-4.3691852873697306	-0.06423253917596329
0.01	-4.3774183219082685	-0.060548412148658665
0.01	-4.385663304104292	-0.056896686644904625
0.01	-4.393927054465098	-0.053286068290067476
0.01	-4.40221267072586	-0.04972044072356622
0.01	-4.41052571173911	-0.04620006623309267
0.01	-4.418858173528864	-0.04272567077228928
0.01	-4.4272047431426715	-0.03929405646630712
0.01	-4.435552297274399	-0.035900697061769626
0.01	-4.443886426211859	-0.032538750720013596
0.01	-4.452190842940108	-0.029199433151553853
0.01	-4.4604543193196085	-0.02587126514895917
0.01	-4.468671436431302	-0.022539259018230177
0.01	-4.476848103528846	-0.019183381637083156
0.01	-4.485004089019083	-0.015777818192443557
0.01	-4.493188185911378	-0.012294440209544273
0.01	-4.501492885032466	-0.008710566197349164
0.01	-4.510060577224829	-0.005025394491370146
0.01	-4.519081007018519	-0.0012744534464602642
0.01	-4.528782879030349	0.0024589074379225808
0.01	-4.539418708021685	0.006031883543399943
0.01	-4.551232090901954	0.00922550130711874
0.01	-4.564411490348108	0.011674986035758781
0.01	-4.578882580971337	0.012554242691503457
0.01	-4.592852011155948	0.009970639066492634
