#y location 	alpha (def) 	h 	u 	scaled bound circ 	a0 	a03d 	tevstr 	cl 	cd 	cm 
-1.9753766811902755	0.3578508286583192	0	1	-0.6600008173055081	0.2667740434309539	0.5687837163434355	-0.014556605344795984	0.3878435171384696	-0.4447505295487231	0.2191849675085195
-1.902113032590307	0.3578508286583192	0	1	-0.45586827248634837	0.17179468080981875	0.29628550881335486	-0.018859963129762812	-0.07437353147383277	-0.18590637472001464	0.24790566754175686
-1.7820130483767358	0.3578508286583192	0	1	-0.5914214822181815	0.22499884669605913	0.36315686499029465	-0.02186311948957935	-0.5070918962876516	-0.3212563718172874	0.42893912780372756
-1.618033988749895	0.3578508286583192	0	1	-0.6620851994604489	0.23225986608261598	0.3837322351379938	-0.019873513462070343	2.293917052363945	-0.3246235671659969	-0.8417313410597661
-1.4142135623730951	0.3578508286583192	0	1	-0.6445209212677189	0.21842035695909415	0.3580545422622957	-0.022230194504565724	1.222732856204842	-0.29212371856280006	-0.3814325760909577
-1.1755705045849463	0.3578508286583192	0	1	-0.29038406080184065	0.06839230944966454	0.06136585342316269	-0.011580032716983041	2.707251498771678	-0.012481389335474023	-1.4936761507709686
-0.9079809994790937	0.3578508286583192	0	1	-0.21185483374020403	0.04401136601630809	0.016883389020160875	-0.013576955067472463	1.622854138346797	-0.0020348178214315057	-1.0723041891954124
-0.6180339887498949	0.3578508286583192	0	1	-0.18562310503645002	0.03643875611482193	0.005295460438054154	-0.01232616130091177	2.101104056595609	0.004780115090746233	-1.2480859169694156
-0.31286893008046185	0.3578508286583192	0	1	-0.20562519369083798	0.05058338188414464	0.027471865220389503	-0.012886283771806603	2.095609584012541	-0.0029882978892074846	-1.2247762592368816
-12246467991473532e-32	0.3578508286583192	0	1	-0.1905250655324123	0.04482519919153913	0.015028361372504215	-0.015167038919353934	1.4485980421158626	-0.003577450446280288	-0.9979749159474095
