#y=-1.4142135623730951 
#strength 	x-position 	z-position 
-9703945633154909e-26	-0.13435917728559557	0.2027996008968933
-9706867254433149e-27	-0.14341242865092016	0.2041111214110235
-2203372206910359e-26	-0.1524938990022148	0.20543318549591033
-30682709845075706e-27	-0.1616042875979042	0.2067658140037924
-35454132685242e-24	-0.170744315773742	0.20810902167616419
-4071721605714007e-26	-0.179914727801042	0.20946281749688983
-4753717385008738e-26	-0.1891162918040606	0.21082720432659516
-55722572389615976e-27	-0.19834980068411723	0.21220217823275303
-6536121470446243e-26	-0.20761607309210442	0.21358772796296258
-7682708982881259e-26	-0.2169159544507342	0.21498383441747845
-9033507622491221e-26	-0.22625031802497747	0.21639047007365386
-10634671268605622e-26	-0.23562006604306535	0.2178075983678813
-12525727503820416e-26	-0.24502613087115924	0.21923517303625445
-1475201107103974e-25	-0.254469476244749	0.2206731374093775
-1738468674572502e-25	-0.26395109856000204	0.22212142365940835
-2049137873272322e-25	-0.2734720282284387	0.2235799519947332
-24152537608790325e-26	-0.2830333310985679	0.2250486297983667
-28473798666106553e-26	-0.2926361099484186	0.22652735070685723
-3356850058339189e-25	-0.30228150605312465	0.2280159936240035
-39583838637446966e-26	-0.3119707008319558	0.22951442166545885
-4667608625996689e-25	-0.3217049175795595	0.2310224810287368
-5503890364300101e-25	-0.3314854232865001	0.23253999978240825
-6490647654761039e-25	-0.3413135305545417	0.23406678656899835
-7654157099801218e-25	-0.35119059961245164	0.23560262921375183
-9026565311182067e-25	-0.3611180404386092	0.23714729323293865
-10645526179325904e-25	-0.3710973149970787	0.23870052023378235
-12554154521504657e-25	-0.3811299395943709	0.24026202619595294
-14805932539024846e-25	-0.39121748736460965	0.24183149962669792
-17461463230200591e-25	-0.4013615908914022	0.24340859957830951
-20593240671745727e-25	-0.411563944975355	0.2449929535165569
-24287512452592086e-25	-0.421826309556889	0.2465841550290753
-2864370794372628e-24	-0.4321505128047047	0.24818176135802675
-3378162444223065e-24	-0.442538454381135	0.24978529074339142
-3984144255828048e-24	-0.45299210889652314	0.2513942195607014
-4698847142978191e-24	-0.46351352956562664	0.2530079792346852
-5541726508240252e-24	-0.47410485208026565	0.2546259529097529
-6535856831441089e-24	-0.48476829871363125	0.25624747185548724
-7708333507952525e-24	-0.49550618267277413	0.257871811583037
-909108765524691e-23	-0.5063209127173822	0.2594981876456587
-10721917473657805e-24	-0.5172149980645544	0.2611257510948347
-12645334269284492e-24	-0.528191053600897	0.2627535835592408
-14913783567480077e-24	-0.5392518054251646	0.26438069191080243
-1758918805917775e-23	-0.5504000967469048	0.26600600247848977
-20744549742920948e-24	-0.561638894168856	0.2676283547649867
-24465957520342085e-24	-0.5729712943833611	0.2692464946168332
-28854944794654003e-24	-0.5844005313159885	0.2708590667931444
-3403126136447554e-23	-0.5959299837528728	0.27246460687089347
-4013620790235817e-23	-0.6075631834917015	0.27406153241816605
-47336341400458504e-24	-0.6193038240602932	0.2756481333580027
-55828100394353375e-24	-0.6311557700512821	0.2772225614355973
-6584327904256282e-23	-0.6431230671263408	0.2787828186912435
-7765502356947562e-23	-0.6552099527490904	0.2803267448273273
-9158577496740095e-23	-0.6674208677121026	0.28185200334524024
-1080155315000969e-22	-0.6797604685306643	0.28335606630994015
-12739269286687893e-23	-0.6922336407840156	0.2848361975812556
-15024592194858022e-23	-0.7048455134940607	0.28628943432904097
-17719885749521713e-23	-0.7176014746420051	0.2877125666228292
-20898687803395932e-23	-0.7305071879353209	0.28910211485753884
-24647740184263744e-23	-0.7435686109512436	0.290454304741298
-2906933250345495e-22	-0.756792014798617	0.29176503953109895
-342841137130831e-21	-0.7701840054582461	0.29302986915404794
-4043437058232069e-22	-0.7837515469826729	0.2942439557965926
-4768791071769335e-22	-0.7975019867607839	0.2954020354777203
-5624264843191729e-22	-0.8114430830807826	0.2964983750448628
-6633198054318418e-22	-0.8255830352584351	0.2975267239376187
-7823119465930756e-22	-0.8399305166361963	0.2984802599553991
-9226493741573e-19	-0.8544947108042928	0.29935152813464055
-10881607451634911e-22	-0.8692853514488669	0.3001323716833217
-12833616413170795e-22	-0.8843127662965666	0.3008138537311024
-15135771897715339e-22	-0.8995879257008677	0.3013861684250354
-17850876408952165e-22	-0.9151224965063697	0.3018385396237039
-21052993890297023e-22	-0.9309289019370885	0.3021591051029613
-2482946877475564e-21	-0.9470203883857384	0.30233478377234274
-29283304496061785e-22	-0.9634111001402647	0.3023511228893513
-34535971821757216e-22	-0.9801161632769072	0.30219212162289755
-4073071343051529e-21	-0.9971517801838043	0.30184002652607334
-4803644717254682e-21	-1.0145353364657563	0.3012750934839922
-5665235879874844e-21	-1.0322855223314502	0.3004753094464694
-6681332013118088e-21	-1.050422470995023	0.2994160656552747
-7879627489980681e-21	-1.068967917153444	0.29806977202070617
-9292775734632067e-21	-1.0879453792515144	0.2964053996509186
-10959275628812798e-21	-1.1073803700475513	0.2943879350742423
-1292451532323817e-20	-1.127300640976882	0.2919777251377234
-15242000973818629e-21	-1.1477364670148436	0.28912968551824436
-1797480430965233e-20	-1.1687209802087415	0.28579233765816797
-21197264890889314e-21	-1.1902905618182629	0.2819066279287443
-24996994085466073e-21	-1.2124853051058113	0.27740446771605837
-29477229911496067e-21	-1.2353495632544913	0.2722069121394588
-3475960625914758e-20	-1.258932599594978	0.26622186555936517
-4098740350716966e-20	-1.2832893600835786	0.25934115979833783
-483293646234631e-19	-1.3084813902929622	0.251436789630414
-56984169264610515e-21	-1.3345779199527592	0.24235599924341505
-671856732885074e-19	-1.3616571349520457	0.23191477612516456
-7920903914352372e-20	-1.389807644670078	0.21988909651290944
-9337789442738151e-20	-1.4191301205827458	0.20600292958188943
-0.00011007267864164907	-1.4497390057105064	0.18991145713955707
-0.0001297403527157747	-1.481764016255672	0.1711770381209566
-0.00015290566479047966	-1.5153507371675041	0.1492338326009687
-0.0001801841803626674	-1.5506585981094623	0.12333409654860149
-0.0002122972969274689	-1.5878519642726803	0.09246378169068974
-0.0002500894644953816	-1.6270733537461306	0.0552049123518923
-0.0002945478260555929	-1.6683690167609946	0.00950309465815435
-0.00034682446280405455	-1.7114804385483366	-0.04773401115744483
-0.00040826137322164634	-1.7552272151607515	-0.12130149401004675
-0.0004804182178401936	-1.7955954706314485	-0.21834555724399587
-0.0005651027109563073	-1.8217912528104008	-0.34588132548947276
-0.000664403308445409	-1.8132029061874448	-0.5030972589000445
-0.0007807235109997916	-1.7311531389364583	-0.6757942070007418
-0.0009168166340571531	-1.6319204480154903	-0.7472640149646373
-0.0010758192601030836	-1.5389699992748231	-0.7971458730271253
-0.0012612807442757609	-1.485758254911621	-0.8213808408333367
-0.001477185056385416	-1.4318903933487106	-0.8280012899594608
-0.0017279598900345888	-1.416061551126436	-0.8621817026821283
-0.00201846635821361	-1.266477676505219	-0.3882657649545439
-0.0023539607838459504	-1.3390732732780226	-0.13339052458657533
-0.00274001823243499	-1.63683480204226	-0.5622906740221355
-0.0031824057963424158	-1.4147090492475838	-0.6205171433869595
-0.003686892686879829	-1.3189564943892922	-0.47709207074200805
-0.004258984594311486	-1.428636276636654	-0.4017719273691631
-0.004903572441181514	-1.3814625145427237	-0.6748244195233256
-0.005624491637562227	-1.6338547010850446	-0.5248219880088943
-0.006423998272259472	-1.5605680702618072	-0.5405117192773679
-0.007302183945036006	-1.4791558967079408	-0.3038454980343979
-0.008256370774299759	-1.4898806981906736	-0.4265301302513028
-0.00928055041679148	-1.592672129443671	-0.5100716973080168
-0.010364951338547906	-1.4911585307513644	-0.44431099155236103
-0.01149583039211237	-1.5908141206724538	-0.4297688415472906
-0.012655580070723503	-1.2840885177506027	-0.27992313442925437
-0.01382321512875604	-1.5295445859227563	-0.4787458276483973
-0.014975250402109123	-1.5184368299326663	-0.3874278399994414
-0.01608691352919405	-1.5787838728260357	-0.43957913085955164
-0.01713356966586302	-1.543774048881638	-0.3747990247132915
-0.018092193089517757	-1.377791965602311	-0.49207494255766604
-0.018942719829916875	-1.5341387667678443	-0.43481790330283626
-0.019669155314740186	-1.454353418203649	-0.4239851317123118
-0.02026036915209667	-1.3274138530743493	-0.2206466587482648
-0.020710554229094968	-1.5806685634245485	-0.38715739851536113
-0.021019342073410975	-1.4604738171751277	-0.4027247503156633
-0.021191562695408644	-1.362674580575339	-0.4677773491641037
-0.02123664517892331	-1.491462898072634	-0.4810713253436253
-0.021167694786745374	-1.402500778616901	-0.42452137854033994
-0.02100034252384174	-1.5486847703597577	-0.5645022187390747
-0.020751511546416974	-1.5686844715895085	-0.5160338378473879
-0.020039760975763706	-1.6311994057902328	-0.49826808398814476
-0.019406066580231626	-1.5764327132673732	-0.47287031164603105
-0.01899933389886355	-1.5797795894890045	-0.6451604634496972
-0.017310204404590458	-1.3576235282715492	-0.546352780487473
-0.016839596358249345	-1.3689410209770891	-0.597392580078672
-0.016329754225782804	-1.4769285029854666	-0.6804341492772977
-0.015819735207718306	-1.3341290509669217	-0.47786017723747354
-0.01960074662707939	-1.4130089650678455	-0.5513384028153572
-0.018986446572463827	-1.3849510462461299	-0.5817125661550285
-0.018759589432030484	-1.3952810151151271	-0.39714724519804045
-0.018613426465864034	-1.4286514271809214	-0.45126214462285347
-0.018451839782351334	-1.3979440893918962	-0.28486198165860593
-0.0182900925000364	-1.4429236570445818	-0.3429190107236319
-0.018130496769126113	-1.5324358691276494	-0.6430190689615155
-0.017972765118303105	-1.503334326164337	-0.6393123219078787
-0.01781865726097365	-1.5908651958232336	-0.5773161118887375
-0.01766931071789189	-1.3493175165338331	-0.32504758042536797
-0.017527766331677887	-1.503551202461703	-0.5052518876083705
-0.017392364868332035	-1.3028049147727139	-0.43237709716795814
-0.017267903479845532	-1.340788268200398	-0.4273310500405103
-0.017150023760106443	-1.4684702177027085	-0.7293672922600782
-0.01599349081880058	-1.4201397146490151	-0.46966182811255786
-0.0159064742187486	-1.5792227268592174	-0.6965147939979638
-0.01579457099810348	-1.6901640917980678	-0.6603231643224395
-0.015685766575472732	-1.4598591398142444	-0.2883751012578823
-0.015589169618135015	-1.4036649234758791	-0.35824301051864016
-0.015504115525075222	-1.5097046691466942	-0.3313537854029767
-0.015433889008831749	-1.2880756456692988	-0.19583992911200168
-0.015365819422556989	-1.435073296507784	-0.3735887904772047
-0.015311986897996448	-1.4386394333478287	-0.31547607014136564
-0.015262076143926745	-1.5474931666056833	-0.39638776347807814
-0.015215924262651014	-1.4924374649135754	-0.3315141402528217
-0.015179246875655396	-1.7134509615722382	-0.5300472024604966
-0.015144681565605559	-1.5205946662713072	-0.5848994437614062
-0.015114415085687765	-1.456424553447958	-0.5119604657793557
-0.0150889848409872	-1.5310506234014654	-0.5860224994384493
-0.015067331185374108	-1.7254358285654523	-0.4677658386750003
-0.015048765819355164	-1.5180434450895812	-0.5405778205109643
-0.015033607459764592	-1.6668743824137016	-0.3363611082219004
-0.01502156318760704	-1.6852111440640962	-0.3487038342953424
-0.015010592916097892	-1.665117139737767	-0.3612744434914432
-0.015002940895235871	-1.610953791169746	-0.605817097461772
-0.014997071056081583	-1.3453998595093002	-0.17782617089479955
-0.01499266951987786	-1.3640521015409357	-0.18206359799505037
-0.01499126501903899	-1.5030636633149452	-0.28048713213627585
-0.014990228967160669	-1.345738766739532	-0.14759231707997159
-0.014990506698877484	-1.3694481407135504	-0.20701773711273222
-0.01499326603448812	-1.4027663721543249	-0.22458693643307454
-0.014996835988086606	-1.1112600062152784	-0.18604103872945701
-0.014769547412106718	-1.2671869488581526	-0.11760572739044613
-0.014787573485738281	-1.3840719148656198	-0.18808130885157626
-0.014778931655373084	-1.312776011218227	-0.814696880750523
-0.01476970178886041	-1.2723343953069168	-0.9067428964651766
-0.014765786411251723	-1.3196929362548009	-0.6940802220698473
-0.014764461926547259	-1.3206991757638868	-0.864951613296122
-0.014766668912963923	-1.2814927506323304	-0.8111791099742174
-0.014772098549985471	-1.311274031655073	-0.8288375529342
-0.014778848930159304	-1.3305975555797327	-0.7927614521708728
-0.014787444027606001	-1.2770568705615277	-0.7980719299452901
-0.014798599091041916	-1.3436852226752236	-0.8561289224434118
-0.014811036787199996	-1.3461438836633763	-0.816518522722538
-0.014824417017764342	-1.366266636325059	-0.8104850414858038
-0.014839612678600666	-1.2943738163649483	-0.8590793059629329
-0.01485624014821621	-1.331753128502095	-0.8964143996218148
-0.014873614482717682	-1.3837669412103335	-0.8727822244264332
-0.014892103706440023	-1.3484339921633302	-0.8753344310832333
-0.014911817830889322	-1.2918949928484742	-0.9057158305553038
-0.014932301386961394	-1.3364677072626883	-0.7231859383948206
-0.014953558860629042	-1.539231053172465	-1.1291797761384064
-0.014975759303963703	-1.5038073822761222	-1.1026356073176389
-0.01499867858844853	-1.518348730757416	-1.1934755517483422
-0.015022137476132978	-1.4955998152302257	-1.080110772241211
-0.01504618302482897	-1.4714152555235984	-1.1294964569149755
-0.015070738188381127	-1.523010993318074	-1.083889302347346
-0.01509560224039476	-1.4771750744109797	-1.136952136064127
-0.015120660158414461	-1.5205318672515786	-1.1486412627368585
-0.015145831992267465	-1.5006762817868382	-1.1227912163974079
-0.015170956855482531	-1.9386031452248365	-1.3614251814158411
-0.015195816646321872	-1.8719599130880389	-1.4015877174275608
-0.015220182175823396	-1.939164276634559	-1.3984932256971037
-0.015243799652582168	-1.9348283833610922	-1.388603803064186
-0.015266359359658026	-1.9006735764433136	-1.4188756430586653
-0.015287480526534405	-1.8484111524591869	-1.4971448369551708
-0.0153067098866101	-1.9201840249002833	-1.4061029567908307
-0.015323518952170948	-1.925179808366075	-1.3072079765121873
-0.015337290454722426	-1.9090211381208355	-1.376908361699626
-0.015347297437868994	-1.8681678553807377	-1.560695866835406
-0.015352681651093108	-1.8297021016217503	-1.5211905017471745
-0.015352433284812747	-1.8015718157684633	-1.4338897699492916
-0.01534537092474146	-1.8170972382667903	-1.4767762258732295
-0.015330117513547663	-1.8438337285256732	-1.4425443943728484
-0.015305068222184727	-1.849974552896773	-1.4474150971406359
-0.015268351982236503	-1.804289651936544	-1.4623755432239447
-0.015217791949495341	-1.8569859326781282	-1.3057906531416068
-0.015150866572025384	-1.8293289545900548	-1.3888885610414687
-0.01506466953649596	-1.9035147516747943	-1.592087778377573
-0.014955868689124772	-1.894970806236226	-1.3683876231204246
-0.014820667055974575	-1.8233348286265043	-1.4399741312117222
-0.014654769953191706	-1.7915645940984208	-1.4454642593893028
-0.014453362701687653	-1.817586059386149	-1.3812778950892095
-0.014105572124839719	-1.8298121905634293	-1.3508775201716356
-0.013823021024655288	-1.8669342640636921	-1.3656331681113125
-0.013478807171168625	-1.910503308481801	-1.6319203310944073
-0.013072360337995189	-1.9593177041542607	-1.6650494352954697
-0.012600714625866677	-1.969540256775245	-1.6527032691715653
-0.012056898987645736	-1.9430711640565952	-1.6410031934977556
-0.011434470579470668	-1.956220947199729	-1.6963736251436887
-0.010728126155120098	-1.9566828977877104	-1.6782414199694375
-0.00993407863636426	-2.1226499960028735	-1.7162907634649696
-0.009050795756277083	-2.2309787894517537	-1.7046431987435178
-0.008079811353808376	-2.3063572280839204	-1.7018585137619637
-0.007026531749724646	-2.3793798724705666	-1.6936439056683268
-0.005900967107092519	-2.450744007537692	-1.6810186565034078
-0.004718264707340222	-2.521200161106025	-1.6637910653542898
-0.003498894605526939	-2.5911138476380495	-1.6416874487072717
-0.002268340574425665	-2.660723982000709	-1.6144102756909584
-0.001056187898679211	-2.730546528760484	-1.581465111141241
0.00010542199695046973	-2.802310160646237	-1.541621236813723
0.0011838894129818506	-2.883367006642227	-1.4900158731586923
0.0021486005330613655	-3.000209949481126	-1.347753822378401
0.002973402162773609	-2.97766041295133	-1.2796726440280868
0.003638736232657979	-2.9540925220064422	-1.3793740594488988
0.0041330918714646385	-2.9684046577258023	-1.3243776828493692
0.004453549061126391	-2.9612260725723254	-1.3475221287213566
0.004605364933574789	-2.965186282872481	-1.347218283361231
0.00460073998512815	-2.9691525171799573	-1.3420173896528171
0.004457040656456333	-2.9724701890321374	-1.3470068135956719
0.004194811517078933	-2.945235627046433	-1.3604995714118644
0.003835882772854379	-2.9598638168570583	-1.3211315589470098
0.0034017915602298416	-2.981487319221506	-1.3840975453071416
0.0029126245850953376	-2.953326315574363	-1.3999022798505527
0.002386288699770854	-2.9910330873569664	-1.244017228315938
0.0018381477706528278	-3.09467385603134	-1.0917069241872241
0.001280935899663642	-3.12004151057576	-0.947578317316885
0.0007248602784553154	-3.1113661001198865	-0.8213166046510209
0.00017782405531167867	-3.0484763957340077	-0.7020423715373633
-0.0003542837408566802	-2.913824904854956	-0.6541791244683516
-0.0008672715748491312	-2.921601292126454	-0.5642489913821254
-0.0013583308373528308	-2.7884267833099483	-0.802072278044604
-0.0018257405489185575	-2.8539976724361305	-0.57670510550992
-0.0022686002170870315	-3.0820676342834274	-0.3307196137132637
-0.002686596584011481	-3.0514870889139907	-0.3685132136979221
-0.0030798090642028472	-3.1146947310170314	-0.30626234313276224
-0.003448555870991481	-2.978121944697186	-0.41100210199187565
-0.003793278271613458	-2.8506258982839765	-0.7317825921538751
-0.004114457555667234	-2.8534337366050226	-0.4721183826906593
-0.004412559870409169	-3.0315462467272347	-0.4518998752077202
-0.004688005746722866	-2.863431807429617	-0.5291762539497121
-0.0049411611090928766	-2.875596208554847	-0.4949976525468844
-0.00517234509493455	-2.7277920826905238	-0.884484829403748
-0.0053818490415038014	-2.7593904570310377	-0.838818987500267
-0.005569961480078331	-2.7629499583093713	-0.8347828984200386
-0.005736995294237314	-2.7659148952230006	-0.8358863251187278
-0.00588331460056964	-2.742439178772681	-0.8592016912104082
-0.00600935969248124	-2.744393813695609	-0.8616158158535235
-0.006115668147091561	-2.7784756687956476	-0.8258111168668382
-0.006202890392436017	-2.7634926968459097	-0.8331834932486162
-0.006271799772632246	-2.8583055241405813	-0.7002063647269637
-0.00632329869681571	-2.8572051401890874	-0.696953567494095
-0.006358421760842549	-2.7247667289753457	-0.8959816550159803
-0.006378335692637847	-2.8996385306858503	-0.688673707498769
-0.006384336012509142	-2.8353600996125254	-0.7358230572794272
-0.006377838186675823	-2.875592006508644	-0.7271817374761892
-0.006360355160824517	-2.851660590944934	-0.457783645715448
-0.006333447544710287	-3.004188521673548	-0.4096241985891715
-0.006298628352563136	-3.0203170797720467	-0.41591021820498525
-0.006257194356844437	-3.0160056927129903	-0.4180737332222946
-0.0062099379591149285	-3.014330553400795	-0.4207189354100914
-0.006156673780832727	-3.011383877971225	-0.4233951559426008
-0.006095512161024687	-3.007687454941946	-0.4270739709746797
-0.006021866300293363	-3.0128575796266794	-0.4337819304383441
-0.0059273620939924105	-3.0078910666280114	-0.3960928377425312
-0.005799211384644347	-3.0553131490641148	-0.45726050789087547
-0.005621161929033029	-2.99456887576864	-0.43754068752853914
-0.005377477729097758	-3.0185659235063405	-0.44945066831275976
-0.005060388339235485	-3.068204815981077	-0.4403244490336062
-0.0046772049336870035	-3.065909655226085	-0.4402938910052282
-0.00424856465977793	-3.0414455574719144	-0.41167209896102286
-0.0037955017170981757	-2.954520429883127	-0.37849294786907495
-0.003326727330021267	-2.956407093812268	-0.37915247997544094
-0.00283640740561477	-3.0401519291809342	-0.4020538878973251
-0.002310439951791121	-3.0520851482030222	-0.44151590732879675
-0.0017340880304279882	-3.0387110618737756	-0.4172217423554028
-0.0010966503211023767	-3.0804504191424757	-0.43510018800456873
-0.0003922044321698732	-2.8826630902491206	-0.3818278047351164
0.00038250552609681476	-2.847546927815036	-0.4314170567234018
0.0012291032748978099	-2.8492013599714783	-0.5344581539033976
0.002148861272672275	-2.876382187388779	-0.6861901025121178
0.003145075723546188	-2.8375973592035946	-0.700479640518767
0.004194704602777783	-2.730108446469703	-0.9051406363092868
0.005226219516119681	-2.8901686662378254	-0.49784708307169023
0.00618662900490859	-2.8681424975011134	-0.57461386696605
0.00707754406493232	-2.884360154208989	-0.7150476481840385
0.007864667262041807	-2.8207526054853176	-0.7526421917075421
0.008482252879709603	-2.863495159358019	-0.5384660084030654
0.008906679716705636	-2.89253691613325	-0.6336546847146631
0.00914481378449005	-2.883914375507765	-0.6388695653066977
0.009210300831764186	-2.892124580608025	-0.6496088641451645
0.009147920494994344	-2.897754872977118	-0.6680381163213956
0.009023798575274645	-2.8930189517954936	-0.6680418187433236
0.008846303770500337	-2.8824249840865375	-0.6110648470241371
0.008581782637234279	-2.8580191463819618	-0.5348253604103362
0.008206295876828616	-2.739136693019941	-0.901599565652333
0.007702900774131213	-2.851210327836942	-0.45662765929149984
0.007055104745939538	-3.080849512836115	-0.4368270772771765
0.006255828223274911	-3.0828203723305942	-0.4196121529897624
0.005315595662524018	-3.0803612665192537	-0.43988430837162223
0.004273961705545988	-3.026529564493967	-0.45130505613143707
0.0031951963553609147	-2.96040922968876	-0.37668183947705625
0.0021613815107097926	-2.899241910439009	-0.37791505665154523
0.0012595005867685385	-2.9063876178164425	-0.3770094983295095
0.0005422335198473158	-2.9260567149214896	-0.3734785415545061
2364944175381467e-21	-2.9381682566319207	-0.37419753949476287
-0.0003971672732719766	-2.917638307770746	-0.37824431546199216
-0.0006901663962276972	-2.893280319155675	-0.39528884870895664
-0.0009000952739851627	-2.8979576337012447	-0.39754184385005553
-0.001043568123749717	-2.919720905775025	-0.38944534018528093
-0.0011336035538101873	-2.945298021742478	-0.38588217344704406
-0.0011571848167828865	-2.970571856359111	-0.3886449261894084
-0.001170822686993948	-2.980178518077796	-0.39049959756019853
-0.0011582107171534337	-2.96870825794156	-0.3928355302849417
-0.00112487583593863	-2.9595466437434137	-0.39862798461619753
-0.0010750119575725133	-2.9687126637581294	-0.4052779352921683
-0.0010126012529427311	-2.9750958214812946	-0.41867869956004894
-0.0009418114924579207	-2.9969430269709023	-0.4449856146922591
-0.0008667262125135865	-3.0642771450724156	-0.45739957730426756
-0.0007910910968476764	-3.0880731855061065	-0.4226576672243379
-0.0007181711884043963	-3.0873011566383415	-0.4026884738534991
-0.0006506804122103933	-3.0884223876939285	-0.38740192411932667
-0.0005907637289146502	-3.0905447891206372	-0.3736036799962859
-0.0005400259481990327	-3.0905830940548444	-0.3609772308151052
-0.0004996021290308208	-3.0885981304446246	-0.35031461413945914
-0.00047026866737964745	-3.0873090064427204	-0.34162025162081455
-0.00045257670808071353	-3.0883390491929634	-0.33466978559422084
-0.0004469459199081885	-3.091121041646078	-0.329381670627673
-0.00045358277929278233	-3.094395947125493	-0.3256176737859928
-0.0004721195226688509	-3.0973002581380427	-0.3230248029863211
-0.0005011180308118098	-3.099676705699751	-0.3214507878138248
-0.0005378220435216744	-3.101684640809651	-0.32090421326479823
-0.0005783896060299852	-3.1034747269517697	-0.3213448336076837
-0.0006182261323490895	-3.10513780303202	-0.32265504140087425
-0.0006518923545256357	-3.106761709685433	-0.32465548427070456
-0.0006729273418893678	-3.108491583079379	-0.32710353051707747
-0.000674632745063972	-3.1105540262119273	-0.329690242339466
-0.0006518972874282481	-3.113220977652708	-0.33206326671305364
-0.0006017470536777893	-3.116685206220593	-0.33388360582725124
-0.0005233664058268486	-3.120909992126217	-0.3348862567540808
-0.00042098124880470336	-3.1256050678821214	-0.33492411954523027
-0.0003030560405458769	-3.1303626831541016	-0.3340089956028086
-0.00017860287060770565	-3.1348507426357624	-0.332302450819075
-56572425166561205e-21	-3.1389207985535994	-0.3300174181176517
57118061050551866e-21	-3.1425771861778307	-0.3273157158255483
0.00016142912667732254	-3.145886891455716	-0.32427995274832017
0.00025640014343837787	-3.1489157314157104	-0.32093998882245495
0.0003422200559681267	-3.151709068987884	-0.31730670671471134
0.000421063376085681	-3.1542986134029296	-0.31339117802662075
0.0005014848514597759	-3.156715089235829	-0.30920897504844225
0.0005931855060035511	-3.1589940437366377	-0.3047772958405135
0.0006990972345899196	-3.1611698708766722	-0.30011335370136666
0.0008091362845320162	-3.1632639892342787	-0.29523795475934256
0.000916251014894667	-3.1652824988283093	-0.29017940014494176
0.0010192179065590928	-3.1672317080645955	-0.28496917250878173
0.001117953237374316	-3.169137097260856	-0.27963091576256827
0.0012065343732823124	-3.171044558275543	-0.27417530983189137
0.0012789587830181197	-3.173005015603228	-0.2686063585279697
0.001338966971997793	-3.1750577427852638	-0.2629319949552919
0.0013956109487665495	-3.1772200104603554	-0.2571719392648928
0.0014514504861144533	-3.1794918318084107	-0.2513566197301144
0.0015139294205663667	-3.1818829543925755	-0.2455133278943973
0.0015629840910963682	-3.184451147041906	-0.23964663690752352
0.0015950536532513414	-3.187308991281112	-0.23373687891236744
0.0015827186491526592	-3.1905570495327273	-0.22776846419910998
0.0015480095532407463	-3.1941847377390253	-0.22175358109466287
0.001570003369662181	-3.198045261718236	-0.21572039920807645
0.0016635943960735314	-3.2019104580924527	-0.20969963008688566
0.0017407221227623776	-3.2055532005307463	-0.20372941799165714
0.0017832092922454095	-3.208850399421572	-0.19784371170296977
0.0018081435662418107	-3.211822331501086	-0.19204985480693862
0.001838493961570704	-3.2145720877061885	-0.18633269127671026
0.0018725859614032695	-3.2172582627832917	-0.18065285210512608
0.0019105097605399868	-3.2201590651791205	-0.17491400788356865
0.001954932370456259	-3.2235063592211466	-0.1690390274616755
0.0016089783090272476	-3.227385988521935	-0.16300139162509067
0.0018704497555181222	-3.2319776215932885	-0.15673472484059164
0.0017511597417101806	-3.2371835524365538	-0.15024880963676587
0.001529863183003925	-3.242537142280324	-0.14358140222306243
0.001915498576327794	-3.2478834340521376	-0.13669563542053625
0.0016591253031611637	-3.253010008164233	-0.12957750951506855
0.0017123473251045135	-3.2577287211270898	-0.12224645136256161
0.0017468715972780366	-3.2623380814667353	-0.11477056836944963
0.0017655188853061387	-3.2670586510304003	-0.10741735251035892
0.0005663660375603094	-3.2717101927911454	-0.10037379613982847
0.0018172103564002213	-3.2767026471356564	-0.09399279377399081
0.0005902179471476357	-3.2820568761288214	-0.08843304703762457
0.0005919460426149187	-3.2874323583667597	-0.08348019923999084
0.0005893505500091255	-3.2929761639919333	-0.07913464924813593
0.0005843120972468871	-3.298512329633286	-0.0751244306419377
0.0005762119716126914	-3.3038854823832366	-0.07118594126448129
0.000581834488401855	-3.3091475681908467	-0.06723393312372855
0.0006015117825668119	-3.3143859951734975	-0.06322574210957792
0.0006111843596492784	-3.319658894931415	-0.059105584710499696
0.0006422531424903738	-3.3249957558043346	-0.054808671313000185
0.0006799417243911808	-3.3304117454956024	-0.050280490676820576
0.0006969740037233827	-3.335921897076505	-0.04549891807703272
0.0006749057445124165	-3.341556663413877	-0.040501070976433434
0.0005565201808346953	-3.347359860304566	-0.03538947082672616
0.00038020730662291925	-3.3533838923220043	-0.03031515488184027
0.00019006816840407578	-3.3596944755687694	-0.025444827764688274
-39311749875982805e-21	-3.366368357502177	-0.020905736376156586
-0.00033314545145732635	-3.3734890680497194	-0.016749716677142257
-0.0006793342269992985	-3.38113737445881	-0.01295583110731014
-0.0010951434366947138	-3.389373255037255	-0.00943777170041331
-0.0015922679656240675	-3.3982174105601857	-0.0060694041295915645
-0.0021821534877662398	-3.407602972907867	-0.0027746353028017317
-0.0028831067017444324	-3.4172890399748446	0.00030134436032455345
-0.003711565530133752	-3.426916446761624	0.002692082637530655
-0.004663994523249554	-3.436298012359028	0.003947098384171125
-0.005752624592983481	-3.445499384531001	0.004067652874962313
-0.0070902657421605675	-3.4547361387058126	0.0034338074812290936
-0.008532181560586154	-3.4644142656275223	0.0025774854331079688
-0.00992437189736099	-3.4751151005033885	0.002073765736935426
-0.010985811657502207	-3.487053377989634	0.0021927560690025074
-0.011662103737127002	-3.49896451405676	0.0022548079565944982
-0.012127296257977684	-3.508443088794884	0.0012696187518034512
-0.012748449221445544	-3.514593176204686	-0.0006209865527435159
-0.013445200804569818	-3.518312881406167	-0.0030863465929927346
-0.014100723357537584	-3.5209765269372997	-0.006040270020496099
-0.01508823222608289	-3.5238997188376207	-0.00940692155990756
-0.016000516245560006	-3.528079873666662	-0.012935929254756277
-0.016575955539596406	-3.5339244372840994	-0.016171790371643797
-0.01745266131274627	-3.541235574675701	-0.018652586032033517
-0.01798623976081426	-3.5494715589640844	-0.020187171080469992
-0.018814624140369673	-3.558181747099843	-0.02075695401572161
-0.01970409195051629	-3.567140817517266	-0.020245042937229462
-0.020471358506368505	-3.5762731680514004	-0.01845774075337704
-0.021497553328629283	-3.5854956857887568	-0.015403115378244549
-0.022230194504565724	-3.5945188207954626	-0.011435545122685149
