#y=-1.2246467991473532e-16 
#strength 	x-position 	z-position 
-10172121304996562e-26	-0.14876293275708238	0.21636094036806014
-9755496757635207e-27	-0.15799232579251687	0.21771651698481392
-2323068820642149e-26	-0.16725307889317495	0.21908197988586206
-3247691525432028e-26	-0.1765459671948096	0.22045730787368076
-37476514946899186e-27	-0.1858717903482554	0.22184247164759
-4306339312920571e-26	-0.19523137347807687	0.22323743411012115
-5023242759250035e-26	-0.20462556821350902	0.22464214987494244
-5889188268992651e-26	-0.21405525372715808	0.22605656447761854
-6911882177718098e-26	-0.22352133782881362	0.22748061373300194
-8122054417913915e-26	-0.2330247581164024	0.22891422308226417
-9552878453555902e-26	-0.24256648318252436	0.23035730688363953
-11244932415777065e-26	-0.25214751387935747	0.2318097676513403
-13240196612696042e-26	-0.2617688846456486	0.23327149524363347
-15600641785351588e-26	-0.2714316648994595	0.2347423659965241
-18380292600428394e-26	-0.28113696050048825	0.23622224179781648
-21664786631347965e-26	-0.2908859152860868	0.23771096909776693
-2553761785373254e-25	-0.30067971268536714	0.23920837785147894
-3010791442548122e-25	-0.31051957741607783	0.240714280387479
-3549492956500533e-25	-0.320406777269314	0.24222847019733112
-4185528330175048e-25	-0.33034262498743977	0.24375072064008824
-4934894402841561e-25	-0.34032848024098983	0.24528078355436486
-5819606654217102e-25	-0.35036575171076845	0.24681838777180165
-6862646614175238e-25	-0.36045589928180455	0.24836323752370795
-8093395693214989e-25	-0.3706004363562481	0.24991501073222563
-9543963310626458e-25	-0.3808009322929304	0.25147335717658365
-11255641453600251e-25	-0.3910590149818755	0.2530378965243926
-13274090281817363e-25	-0.40137637356258604	0.2546082162169865
-15654778272311543e-25	-0.4117547612956936	0.2561838691964397
-18462625230725171e-25	-0.4221959985983079	0.25776437146184095
-21773917929096553e-25	-0.43270197625423473	0.2593491994387605
-25679677325557426e-25	-0.44327465881102507	0.2609377871472163
-30285836893906293e-25	-0.453916088176868	0.2625295231499051
-3571818970801721e-24	-0.4646283874314219	0.264123747261467
-4212560215585692e-24	-0.47541376486575515	0.2657197469981363
-496818302990476e-23	-0.48627451826794055	0.26731675374320857
-5859443879749349e-24	-0.49721303947212653	0.26891393860392454
-6910535858828393e-24	-0.5082318191905443	0.2705104079302766
-8150196470838034e-24	-0.5193334521495135	0.2721051984639961
-9612229418670681e-24	-0.5305206425524456	0.2736972720832142
-11336570951078762e-24	-0.5417962098948073	0.275285510103377
-13370226341000158e-24	-0.553163095158212	0.2768687070918222
-15768739666452425e-24	-0.5646243674134351	0.2784455641478458
-18597492299626817e-24	-0.5761832308647471	0.28001468159427406
-21933727927664348e-24	-0.5878430323710688	0.2815745510207858
-2586844774672692e-23	-0.5996072694827768	0.28312354661221095
-3050904070871219e-23	-0.6114795990366836	0.28465991568664895
-35982095606887365e-24	-0.6234638463559854	0.2861817683594191
-42437053524024826e-24	-0.6355640151063838	0.2876870662386074
-5004988049527037e-23	-0.6477842978648524	0.28917361004497294
-590284549226161e-22	-0.6601290874633162	0.2906390260365341
-6961772457472759e-23	-0.6726029891757586	0.2920807511022166
-8210659266198739e-23	-0.6852108338244947	0.29349601637033046
-9683589388687075e-23	-0.697957691889508	0.2948818291582533
-11420748837961958e-23	-0.7108488887138413	0.2962349530638633
-13469544069173722e-23	-0.7238900209080631	0.29755188597356835
-15885873622806246e-23	-0.7370869740685384	0.29882883572883046
-18735673547147502e-23	-0.7504459419373665	0.3000616931557044
-2209669972136341e-22	-0.7639734471465819	0.3012460021187126
-26060663509824833e-23	-0.777676363706308	0.30237692620952317
-3073572724283935e-22	-0.7915619414156534	0.30344921162224736
-36249441880131794e-23	-0.8056378323974601	0.30445714569626264
-4275226294942619e-22	-0.8199121199834567	0.3053945105258457
-504216081522596e-21	-0.8343933502056444	0.3062545309382553
-5946674456747125e-22	-0.8490905661835382	0.3070298160273682
-7013445041184618e-22	-0.8640133457363273	0.3077122932920231
-8271578384351497e-22	-0.879171842595091	0.3082931342634084
-9755401327495722e-22	-0.8945768316434572	0.3087626703101317
-11505394580391126e-22	-0.9102397586780044	0.3091102970720468
-13569302655686705e-22	-0.9261727952539888	0.3093243656859085
-16003429584212497e-22	-0.942388899269488	0.30939205861675634
-18874179058183532e-22	-0.958901882044343	0.30929924748314414
-22259858929955106e-22	-0.9757264827741003	0.30903032973825767
-26252822318464236e-22	-0.9928784513867015	0.30856804041930425
-30961978178742355e-22	-1.0103746410049914	0.30789323437333965
-3651575980046992e-21	-1.0282331114288317	0.3069846333590086
-430656228083727e-20	-1.046473245304391	0.3058185311481578
-5079016855405807e-21	-1.0651158789511392	0.30436844813921904
-59900002958857e-19	-1.0841834501795768	0.302604724933504
-7064346496181775e-21	-1.1037001658660763	0.3004940416661919
-8331337442758074e-21	-1.1236921925654364	0.2979988464277314
-9825499013130928e-21	-1.1441878740452152	0.2950766715770097
-11587537547748036e-21	-1.1652179803194906	0.29167931075014825
-1366544371883896e-20	-1.1868159935359492	0.28775182133994065
-16115792124057893e-21	-1.2090184368908459	0.2832313063547024
-19005271425636197e-21	-1.2318652535164478	0.27804541469733773
-224124849130692e-19	-1.2554002428035709	0.2721104782871313
-26430068966519157e-21	-1.2796715614710812	0.2653291754616437
-3116718392698163e-20	-1.3047322950325537	0.2575875687532167
-3675244168648874e-20	-1.330641100451842	0.24875130525244665
-4333734404312131e-20	-1.3574629093362955	0.2386606796507243
-5110031803271485e-20	-1.3852696561160127	0.22712412832302217
-60251447361964194e-21	-1.4141409431757324	0.21390952295241755
-7103801483077446e-20	-1.4441644453273037	0.19873232526365087
-8375098542592538e-20	-1.4754356264719326	0.18123919003700495
-9873257911543511e-20	-1.5080558551839383	0.160984874603051
-0.00011638510025616458	-1.542126960810679	0.13739923090048434
-0.00013718120988795088	-1.5777379941234488	0.109739626485065
-0.00016167584571447416	-1.6149350082841483	0.07702300437660334
-0.000190520011428991	-1.653654636880916	0.037934286469443586
-0.00022447666778638818	-1.693588162793472	-0.009273997859979038
-0.0002644389638037977	-1.7339635726467977	-0.06682389833946044
-0.00031145103400726133	-1.773424685229987	-0.13739358269494026
-0.00036673156281036637	-1.8099945535545399	-0.2248632802866944
-0.00043170025545298356	-1.8382972379832392	-0.3358810861571527
-0.0005080072569722312	-1.8413041704023836	-0.47344489394847006
-0.0005975654004446752	-1.801510742393705	-0.6088360786027749
-0.0007025849275539356	-1.7457405274256381	-0.7177763889775034
-0.0008256099752200364	-1.6525879389241356	-0.8116802926552846
-0.0009695556378948519	-1.543637398658082	-0.8512063292351292
-0.001137743746096969	-1.4398314048157368	-0.8560298940680678
-0.0013339346211991114	-1.3303702230998964	-0.819504777861374
-0.001562350928124399	-1.2787087334269331	-0.802263661738446
-0.0018276883331070307	-1.3004408023861074	-0.4138688769010464
-0.002135105991050693	-1.2961020941495351	-0.21451906525816217
-0.0024901879954191313	-1.2852023504548322	-0.16379318290353476
-0.0028988649825342017	-1.599245209561436	-0.17841043329809103
-0.0033672833805578296	-1.5544283693943406	-0.6751271151159464
-0.0039016088105313295	-1.3308102770344274	-0.5687510164506724
-0.0045077505909368815	-1.314377230646768	-0.661143950813706
-0.005190997107908389	-1.4416821504039872	-0.5341371443264367
-0.005955558089784762	-1.5298228861001004	-0.5935002251633771
-0.00680402061783982	-1.5305900295358952	-0.44571219853517396
-0.007736741612748248	-1.5744523830652328	-0.34024722242307937
-0.008751220097621673	-1.6601120851728384	-0.5179855113682992
-0.009841515493873325	-1.4666461142372686	-0.53155871426504
-0.010997798896591747	-1.4974190100458153	-0.491244507059118
-0.012206135646553323	-1.545049659013576	-0.4920640567262838
-0.013448591342013521	-1.4326007945968038	-0.5061554568704159
-0.014703723200526216	-1.4728837680937001	-0.5017888283448747
-0.015947463827878088	-1.5170667237439064	-0.4381652635773337
-0.017154334322925045	-1.419306613943716	-0.5432937668873259
-0.018298858119933332	-1.4884675594851309	-0.5356082829683135
-0.01935701052985679	-1.5729345617917079	-0.5694717569736424
-0.020307548006713114	-1.525856612160006	-0.5129678270056903
-0.021133110545123356	-1.5850971543617978	-0.46672505746158016
-0.021821050954048068	-1.567577787347544	-0.4366734228579544
-0.022363979418439393	-1.5791220990998853	-0.3780322311553257
-0.022760005767990837	-1.5447467056186157	-0.402141923322618
-0.02301263774705244	-1.4031216157188442	-0.47657773132574927
-0.023130294137427704	-1.4468793975707621	-0.42017614530776276
-0.02312544097078495	-1.3564337798926522	-0.5323615198041819
-0.023013439467843674	-1.3508440038829488	-0.6032673730041063
-0.02281126114056187	-1.4462777457010099	-0.5951087251828531
-0.023630178987729393	-1.3986749511734877	-0.5750458370451028
-0.022929157038651504	-1.4760891412566133	-0.5775698053352113
-0.022660494562338086	-1.5730823418521351	-0.5297434770096116
-0.022249476746957167	-1.6275503361047814	-0.4654136513427276
-0.0219165806148583	-1.6189771196335332	-0.40993871829887263
-0.021550898975740883	-1.613752557281352	-0.3623685319297163
-0.021175052709017234	-1.4299206902555626	-0.45496127321104757
-0.020704530111087846	-1.486808602525841	-0.41662388922513127
-0.02033980282436904	-1.316856159708044	-0.4905501311981137
-0.019977370558826466	-1.3765007672721308	-0.46341086815734883
-0.01963390711486903	-1.35543440529022	-0.5016029053584675
-0.019314914269284087	-1.400597884500424	-0.6304309103478515
-0.019018741369481097	-1.456288986997746	-0.655837095193606
-0.018742307336919537	-1.4919814439689922	-0.6440865893375363
-0.018484131652488387	-1.5588659108617235	-0.6032548293594718
-0.018243251568719566	-1.522799476087004	-0.5727824285026134
-0.01801625006272619	-1.6232761163402438	-0.5657067281588555
-0.017812323544184328	-1.6439089387011891	-0.5269538983758649
-0.017609878928709112	-1.6218184277514587	-0.49626519218903925
-0.017443155287484906	-1.4137200639626792	-0.265151405156589
-0.017269916367299243	-1.484021014450137	-0.3273658888921161
-0.01708150305524355	-1.4813541408219544	-0.3585747003180253
-0.016947344212632977	-1.4439981438636178	-0.3246354593499419
-0.01681592858484428	-1.4045936267208174	-0.32095533700476325
-0.01668894485687581	-1.3763236913256207	-0.3994372537643956
-0.016581577413566063	-1.4702100454873044	-0.4448619464308926
-0.01647963003560867	-1.3996108307569433	-0.41375389227120524
-0.01637722593981225	-1.3479988678894121	-0.6934544803378898
-0.016298519019620143	-1.3919947793833896	-0.7284582216051798
-0.016212566709233135	-1.4332029293055075	-0.7292940795637219
-0.016141116258816417	-1.4812968562727935	-0.730531913208403
-0.016074435165598987	-1.512723805451331	-0.7416211769354998
-0.01600816654324185	-1.667884568942671	-0.6258443453315533
-0.01595994794564843	-1.5584475468698438	-0.7450974622889642
-0.015905249578518514	-1.5435018185514497	-0.7402998456326895
-0.01585615255068567	-1.6328981365118485	-0.6177854530239514
-0.015817356688843726	-1.6741706730790644	-0.612725210135195
-0.01577315686351761	-1.7232769072159488	-0.5561142479866528
-0.01574144779161224	-1.7260041587111583	-0.49090873320092715
-0.0157142473110497	-1.590916909860693	-0.23311389389404563
-0.015681870261896866	-1.606212966693637	-0.20133863866843515
-0.015660043526515333	-1.612399875169959	-0.22578908837400474
-0.01563725124688864	-1.7116794143387755	-0.47926255917995764
-0.015605908320339205	-1.5326545243912377	-0.6299750215051358
-0.0155881873632134	-1.3998747571961376	-0.21311189506843536
-0.015583333580536613	-1.2931878479472878	-0.1705706740237322
-0.01556791619288016	-1.326736713530783	-0.1691791988941315
-0.015550455066079688	-1.3249084124914787	-0.17046438365516164
-0.015546566801439551	-1.3772772470351082	-0.2122026192413889
-0.015507739326626609	-1.3176918670510316	-0.14393200979180507
-0.015494179302944285	-1.4325964601889831	-0.2544678307076467
-0.01548595410622797	-1.298430443454087	-0.39606017309791997
-0.01548662400364495	-1.2016078858062955	-0.7320164084573848
-0.015480888423626597	-1.18410193006091	-0.747053426043387
-0.015474979470427218	-1.2138293840490495	-0.6866852797135552
-0.015478099147964577	-1.2153964831865913	-0.63315655751862
-0.015480095361249193	-1.2202837136112044	-0.6757402692616447
-0.015478670557737526	-1.233741368480388	-0.7006615079002979
-0.015482923208683858	-1.2502018303595372	-0.6486127738174344
-0.015489623048861829	-1.2664072990134416	-0.650455192124876
-0.01549311814812137	-1.2010049870160415	-0.7926185012638995
-0.015499122011123466	-1.1870872159112227	-0.8505217852151108
-0.01550927611630597	-1.2310785490822833	-0.6401312802489315
-0.015517650438872193	-1.1970607969290603	-0.6562121105708849
-0.015525211017825334	-1.2031705326880602	-0.7893415527349134
-0.015536482640588852	-1.179807940890308	-0.817729974900496
-0.015549175556482482	-1.3355467589995615	-0.9779267007255236
-0.015560335336281806	-1.324663265705646	-1.0295708237220715
-0.015572306864321022	-1.3356403156727834	-1.0264024216855372
-0.015586416932031114	-1.3060471478300406	-1.0254208501326363
-0.015600458494333903	-1.3516133008821916	-1.0235281238758493
-0.015614068120308196	-1.5083877384791733	-1.1418306691031208
-0.015629033837830743	-1.5404899248486514	-1.1986030006668649
-0.015644993228767466	-1.5246827453013607	-1.213110483286955
-0.015660188960084385	-1.5527415752156093	-1.1592189623372242
-0.015674909299957927	-1.523400669910244	-1.1862672447910556
-0.01569044887708935	-1.5332392514651199	-1.1596221458132936
-0.01570638440481551	-1.88479558505939	-1.3516584837551573
-0.01572140956437069	-1.8938475727752981	-1.3068072586189192
-0.015735351239948618	-1.8884076125162703	-1.4362270231488392
-0.01574863431465789	-1.8661311017207678	-1.4063455504337508
-0.015760921658929866	-1.8961982096362593	-1.3673319905472816
-0.015771407093427572	-1.9080464009636113	-1.3382170705970073
-0.01577961827953521	-1.874507817169609	-1.5594495448087622
-0.01578522418301139	-1.864817880751083	-1.5941637994656435
-0.015787579662221794	-1.8560387429817733	-1.563498264959707
-0.015785835435217464	-1.8877806350843245	-1.3931743519351472
-0.015779137398723983	-1.798015907876081	-1.5161557145999958
-0.015766495400430167	-1.7882923786932547	-1.5371681552316203
-0.01574664329667564	-1.865256018121624	-1.4559335370828712
-0.015718101345503516	-1.8925351335964307	-1.5629194839458902
-0.015679223000159698	-1.7776257975904788	-1.582491524321786
-0.015628105243938234	-1.860517847212932	-1.4761955206005313
-0.015562495013793733	-1.8597245338284536	-1.356092481723578
-0.015479768135365151	-1.877079199920779	-1.5644444043804608
-0.015376915101557262	-1.7993635945847961	-1.4863684224229645
-0.0152504942810065	-1.7848220080368364	-1.4731943560246883
-0.015096585204658047	-1.7882084514221435	-1.5674189038687127
-0.014910759729998103	-1.78756106083457	-1.5554770466596157
-0.014688056365559943	-1.8503151854822335	-1.3609119907040612
-0.014412167260096469	-1.8417342627779267	-1.5172736780737395
-0.014099743619264957	-1.7604003526395196	-1.5383511066990747
-0.01373066848534813	-1.8086561705175883	-1.437724869160331
-0.013299463119441907	-1.8233649141399768	-1.4759565139735005
-0.012799757007347935	-1.8439617080518116	-1.4927082137556134
-0.012224557008612955	-1.7466599915362369	-1.6195002784320178
-0.011567422747850598	-1.9844274615380169	-1.7192995281389098
-0.010822938851147282	-2.0871149262518403	-1.7304881556326106
-0.00998729713404389	-2.161988621282006	-1.7396417878325285
-0.0090590240477836	-2.2349295775956732	-1.742439722641433
-0.008039761938050217	-2.3064874069354158	-1.7405623314711218
-0.006935076118873691	-2.37725904869232	-1.7344812590722045
-0.005755223690339137	-2.4479195230128834	-1.7240721353668367
-0.004515741133528052	-2.518937687663138	-1.7091232690642086
-0.003237653863283314	-2.590885995098034	-1.6893116919687092
-0.0019471321082111005	-2.6650170832027276	-1.663994422332966
-0.0006745110421251931	-2.745011826898729	-1.631345958439802
0.0005472976874798495	-2.846085056763029	-1.581410532029437
0.0016848991489612185	-2.9382972073045415	-1.4222602864090088
0.0027068501266815778	-2.9042274853437555	-1.3905658766344933
0.0035861794497417995	-2.884911288811557	-1.4855904131437199
0.0043026144669793326	-2.896750593217159	-1.436621345091405
0.004844089246882877	-2.873955779053622	-1.484811645777847
0.005207250230176184	-2.890420031899043	-1.4543632448731547
0.005396960802162703	-2.886072863433454	-1.455372198285657
0.005425049985648183	-2.877871808616312	-1.4669717087246466
0.005308607648662819	-2.8751069376344622	-1.463867490824963
0.005068061716411457	-2.9219009491621537	-1.4431654435703862
0.00472525235293397	-2.882811826459835	-1.482919624043723
0.004301770536780908	-2.8823295754704974	-1.4224213979373965
0.003817794523125486	-2.918403302653068	-1.4296493819690053
0.003291448817416224	-2.906012034216599	-1.5037273065591423
0.0027384957744337212	-2.8603226992405926	-1.523639766799713
0.0021721736140241617	-2.8413132640355085	-1.5008683026147032
0.0016031710318062773	-2.9050027388304476	-1.3673134899989496
0.0010398143964475614	-3.0371628666880346	-1.2875420225494765
0.0004884259735981403	-3.134207040666284	-1.1921800152655522
-4631998259344017e-20	-3.202185364751692	-1.0729301636753776
-0.000561155409880271	-3.2306018604578335	-0.9078753265599518
-0.001054025187755863	-3.211028749836537	-0.741559098200243
-0.0015238241286438525	-3.0881685439187785	-0.6267868788397599
-0.001970077294180193	-2.933742495657654	-0.6844279149692514
-0.0023926918119575695	-2.9845738876915333	-0.5768472550308498
-0.0027918443099351946	-3.200621013325885	-0.4302114613641686
-0.003167926135988673	-3.2203670774473037	-0.429882953204748
-0.003521446663468028	-3.170442663195503	-0.32060472796139633
-0.0038529024597195602	-3.0869817567367486	-0.4320117584883947
-0.004162692816520613	-3.0412580283263644	-0.38508060081774587
-0.0044511160158073135	-3.1610290170793127	-0.45733720988464627
-0.0047184016481784715	-3.0384958491981937	-0.44308348698929423
-0.00496472052453619	-3.1723169948722916	-0.410190732811767
-0.005190158297792489	-3.0526130168583845	-0.4136745021800217
-0.005394688505512269	-3.047733648176686	-0.3915938551706955
-0.005578196968187054	-3.060827495173409	-0.3908076151050674
-0.005740564338295217	-3.082979359542736	-0.42862136493738157
-0.005881742223587066	-3.0666275803571925	-0.4272993057204716
-0.006001772862338379	-3.063982879935906	-0.4205503282794023
-0.0061007992900331	-3.084016215202954	-0.4190469464860928
-0.006179116220972456	-3.0836393430493128	-0.412012896094927
-0.0062371972286824565	-3.0578206515061686	-0.41622857119881407
-0.006275621255173497	-3.0932456968243915	-0.42703061259724456
-0.006294955703422407	-3.0363918939717918	-0.4218532890634066
-0.006295688314702697	-3.172581462285599	-0.44220963163512156
-0.00627818748781616	-3.1644196298598803	-0.43551209297386173
-0.0062426554345084515	-3.1591730145242574	-0.43468516416972447
-0.006189118872494395	-3.154115899893072	-0.4331452274704577
-0.00611747599068585	-3.146547937971235	-0.43367550555412965
-0.006027537497286737	-3.13405449059279	-0.44521152635281175
-0.005919018159321607	-3.1749678452463725	-0.47847565532632524
-0.00579146423044732	-3.228176127576798	-0.4697622434536906
-0.005644054571999487	-3.212693572007512	-0.47454933764768803
-0.005475298541873209	-3.160916972994247	-0.4477970730270123
-0.005282456928588522	-3.164299093816648	-0.4520997842944957
-0.005060760611629961	-3.1912594638695495	-0.44136494008356014
-0.004802277294635634	-3.184961692800796	-0.38409633626961004
-0.004494794958244893	-3.0831997349447327	-0.3978126390639236
-0.004121367148433632	-2.9925415648373694	-0.45034159753714365
-0.0036604746437072667	-3.106347141490785	-0.4274191797734612
-0.0030895447642269773	-3.193163908541086	-0.40024846641836853
-0.002391330992259159	-3.1919535480087275	-0.4256659512174867
-0.0015674145034294332	-3.1895260895038504	-0.4170055597820462
-0.0006554897953047669	-3.1758462721760496	-0.40555929995100093
0.0002700875117012166	-3.11685029553707	-0.4283195576420313
0.0011272754511995591	-3.0225929638241387	-0.39195774981614956
0.001869170584425513	-3.024148369070925	-0.4080898277121149
0.0025080641696304884	-3.038653045379617	-0.40729304620489337
0.0031073279371455252	-3.0462044306776828	-0.4482705725851888
0.003753227123962297	-3.2366973166333803	-0.4372177139962896
0.004511619169088535	-3.2090488069427363	-0.44293803848636987
0.005375294318323787	-3.2224938762083717	-0.44123655646830046
0.006274038985903073	-3.2400726361284375	-0.45162145539626036
0.007096197035018296	-3.2236378077173944	-0.4681358488535236
0.0077461551709952	-3.0186385686441386	-0.4498474215253086
0.008213407641955604	-3.0099112313098284	-0.48431984089815555
0.00848656328727169	-3.018361331978236	-0.4792527262412382
0.008550133898557301	-3.021172502289225	-0.47205703929300186
0.00842568695701839	-3.120150252548691	-0.4242029653725686
0.008183839831495971	-3.0103321859282377	-0.4312915713514058
0.007875538697780174	-3.0878817298170795	-0.4569135609347794
0.00745667378406518	-3.0563641190429456	-0.4466926369100093
0.0068567946246223255	-3.2219474180473076	-0.42605570869395093
0.006053130685630773	-3.1426705184302848	-0.32875343481736385
0.00509014885845545	-2.8560105957244097	-0.7646673749733505
0.004050795878385215	-2.8675554359550866	-0.8019071482029472
0.002989511283785916	-2.870648004644388	-0.8530323581549062
0.001933785738588371	-2.864075380898021	-0.8545145984632054
0.0009277798946638071	-2.8740813978017496	-0.8659911153789934
19083932412670545e-21	-2.9275421351092654	-0.9261180039307993
-0.0007697810962051468	-2.8364903639666843	-0.8312823148713776
-0.0014387783077868116	-2.9801033386649993	-0.44429609818920207
-0.002002169405006112	-2.8575230423654414	-0.6877937325868642
-0.0024775037348046987	-2.841662724227708	-0.690006768636137
-0.002873087416736737	-2.8310736617529257	-0.6782756021327585
-0.0031870238952767535	-2.8278251236391796	-0.6726633408269659
-0.0034148906925885224	-2.8295749585175898	-0.6708595626189505
-0.0035555709423305566	-2.838252441314512	-0.6709413014637442
-0.0036123071973238	-2.84520575753795	-0.6738148971270996
-0.0035915213531692207	-2.848497798002752	-0.6768112772254471
-0.0034966542452576016	-2.8504615956368253	-0.678853597062781
-0.0033476298795573015	-2.8520117953231643	-0.679995206590243
-0.0031508567172736533	-2.853278086179027	-0.6805485750339405
-0.0029181755845769115	-2.854277827307516	-0.6808019032813307
-0.002661478193181864	-2.855090206965624	-0.6809522648547234
-0.0023922578627819917	-2.855855750494009	-0.6810902108245704
-0.002121112122338153	-2.8567460809328593	-0.6811944844863868
-0.0018573929013869662	-2.8579248118893017	-0.6811119024394303
-0.0016092404551144336	-2.8593622186801637	-0.6805404903219484
-0.0013839338535230634	-2.8600562913285303	-0.6791343793406098
-0.0011883805370737337	-2.8562983799242954	-0.6755255443383716
-0.0010296591452138171	-2.8221583766192633	-0.6699071367096322
-0.0009156137550740146	-2.7951921641528874	-0.7188632308025819
-0.0008553710349177377	-2.7898473529055323	-0.7385623585985255
-0.0008593651386452263	-2.7911030067276856	-0.7394135977111922
-0.0009380965065667896	-2.7918270668718974	-0.7341015766867872
-0.0010984335675324353	-2.7961191486759955	-0.7236174208374181
-0.0013363674843079338	-2.8078078420639576	-0.6928510605593624
-0.0016277446616201601	-2.844764027420466	-0.6928195211581435
-0.001924985610675379	-2.8865247763321262	-0.6369895612129712
-0.002170800744824645	-2.7914681832095884	-0.7215076774466795
-0.002324762710851566	-2.826452176413913	-0.6909245608220399
-0.0023771695202868754	-3.1082028209198986	-0.3491787212763444
-0.0023374976330724356	-3.1114056470240365	-0.3294057360451665
-0.0022247529965145757	-3.1289084566801995	-0.29311024414814896
-0.0020902818111613736	-3.159527252309744	-0.28382898153285246
-0.0020254527352346775	-3.1749737807667375	-0.2783418822487907
-0.0020857947850492792	-3.198249662309878	-0.2647675623651786
-0.0022421412756170826	-3.2187732278593257	-0.23899531339640176
-0.0024344596423634263	-3.2279777552445443	-0.21977909728987566
-0.0026222575223477772	-3.2340117864325837	-0.21476580441487006
-0.002788514745025934	-3.239806023651061	-0.21387015685379504
-0.0029254158208940634	-3.2465111868200176	-0.21042075751099557
-0.0030201674054081964	-3.2504612270725044	-0.19941878919090375
-0.0030488897778660536	-3.2469785822529573	-0.1863210905482239
-0.0029806788430090884	-3.238808234871335	-0.1813632583758497
-0.002783346290834884	-3.2289110521612616	-0.1874765613196487
-0.002431569382321178	-3.2198772902406163	-0.19462485765039683
-0.0019307943255621237	-3.2155609219503973	-0.19871435266181176
-0.0013330041836569998	-3.2139607787093607	-0.20087438408949432
-0.0007112153360656331	-3.212723826690112	-0.2028480898928496
-0.00012263050455766158	-3.2113128407670475	-0.20528861395297496
0.0004061188619701641	-3.2101340831557943	-0.20785296671065054
0.0008724818293625886	-3.2095933755113575	-0.2099674820748904
0.0012834412317758604	-3.209630006995396	-0.2116315995434617
0.001610257251254616	-3.2098925918732744	-0.21341909104656814
0.001816056011156266	-3.210310303721062	-0.21541231759150845
0.0019494652908339431	-3.2110571708093896	-0.21692760227969116
0.0021499651141397777	-3.212203193621742	-0.2175593472626261
0.0025387516554516085	-3.2133402585330457	-0.2183162981076093
0.0031381697381616357	-3.2137953103828893	-0.22063330900019412
0.0038905119289780197	-3.2129675438021597	-0.225351272433186
0.004584296595499922	-3.2102279839179464	-0.23278989361831195
0.0049742378023251675	-3.204786948979703	-0.24202908630746048
0.005121839223093175	-3.196424618084589	-0.2512615287418772
0.005207435344697743	-3.1858557629554456	-0.25906432915325506
0.0052941611203929945	-3.1739971337331574	-0.26412833636103705
0.0053657297764323555	-3.1640355701999883	-0.2641117178307204
0.005413900267622776	-3.1593851252634453	-0.25916893248342626
0.005445056170310686	-3.160383407200443	-0.25080604311255056
0.005468255756501273	-3.167360119251896	-0.24045885376290177
0.005488497146257545	-3.1790972915110736	-0.22912117674660093
0.005510719660967646	-3.1933016796522495	-0.2124907972136161
0.005540502915211626	-3.216847606231386	-0.18845509225605156
0.006682701073770604	-3.2250961041935557	-0.17167959087005757
0.005141254003363781	-3.2227888068603736	-0.1665773897711053
0.006869185591168339	-3.219726491832535	-0.16622591142552298
0.0066033939084262985	-3.2165810982881835	-0.16739925086353596
0.007009071366782872	-3.2133392640335825	-0.16885907948991968
0.006878004172999453	-3.2094592963109876	-0.16888626234078286
0.007064825881724391	-3.2051135396045707	-0.16443994665886952
0.007210728699420197	-3.205439130605185	-0.15262605949719907
0.0073100629475147385	-3.217838754268469	-0.1394389638123081
0.007262103944522199	-3.234726476176785	-0.1298594087969019
0.007410383027347515	-3.2481697444737097	-0.12082652340650939
0.007290108285823877	-3.255169378639459	-0.11200143222060871
0.007289318688898011	-3.257003835367534	-0.1054242651527071
0.007297751809446614	-3.256460553726315	-0.10112786377165922
0.00733812616458136	-3.2550313273824094	-0.09808889267627964
0.007429668844745772	-3.2535747676595843	-0.09508360798088449
0.007572411691470181	-3.2528686111836596	-0.09091761015189904
0.0077456079580896404	-3.2541387967725037	-0.08456603921552323
0.007914786632214087	-3.2592698513618137	-0.07597825968219314
0.008051010655503722	-3.268516525593697	-0.0669825336968467
0.008127101508480738	-3.279381013699607	-0.05889441676175006
0.00812535411344223	-3.2899571225547604	-0.05139236155424414
0.008038381140445265	-3.2994847963048954	-0.04413096632243079
0.007860294175890988	-3.307915160755361	-0.0371357690826795
0.0076010015124800085	-3.315751046287963	-0.030488168352393392
0.007274882142229777	-3.323857812407863	-0.024126205485985742
0.006887623391658753	-3.333093229331677	-0.017814372945077955
0.006436215088891699	-3.3434974003033937	-0.011220829973183487
0.0059141691634759476	-3.3538216321683625	-0.004486128153963922
0.00531454923651252	-3.3633465008448282	0.0015613982116493732
0.004647145005894824	-3.3728568728483213	0.006514354075520382
0.003933726812344924	-3.383316563880545	0.01049699836336572
0.0031618654022205037	-3.395060144549938	0.013624211105329822
0.0022519119969443453	-3.4078992095909952	0.015922685485098433
0.0011142479795315692	-3.4215019109294165	0.01740223571847409
-0.0002827978008693756	-3.4356041842564995	0.01803018245830422
-0.001932580237373846	-3.4500112291378455	0.017773174297017087
-0.003777733694457216	-3.464621486115425	0.016728042233100777
-0.005746552417816679	-3.4795103984975837	0.015247698165791478
-0.007704244940724213	-3.4945643394215624	0.013980969982472606
-0.009486299560679316	-3.508583305148306	0.012809788042839089
-0.011009411195746006	-3.5203510836687006	0.010561671485345368
-0.012323305763211645	-3.529515825018277	0.007385987521140164
-0.013498405712475233	-3.5365527191758868	0.00392558694453763
-0.01456101790902384	-3.542161329342323	0.000413859405123505
-0.015459265903664959	-3.547153051911946	-0.0031294954510862876
-0.016110339764703677	-3.5523072018435866	-0.006663619147965783
-0.0164830245346562	-3.5581539121932595	-0.00996209170460343
-0.016649755288602946	-3.5648321441359543	-0.012688774723882554
-0.016696848968948293	-3.572156492883836	-0.014506969163749247
-0.016639553656942613	-3.5796912659624462	-0.015078038428873734
-0.01645232534524134	-3.5867786696478063	-0.014240124112389022
-0.01613508209910089	-3.59289516349769	-0.012385355232469199
-0.015709660306409384	-3.597958675837791	-0.010147254734190812
-0.015167038919353934	-3.6021450480347053	-0.007930749281722499
