#y=-1.9753766811902755 
#strength 	x-position 	z-position 
-4516816261290746e-26	-0.017770237327748316	0.07673000906417829
-57528582592114574e-28	-0.025519939886323638	0.0773968553004362
-9976155318502933e-27	-0.03327535074576327	0.0780729111829726
-13285981689814541e-27	-0.041036638051408565	0.07875835299772857
-1546156952469957e-26	-0.048803976123224756	0.0794533609805252
-17809621832842737e-27	-0.056577545738108116	0.08015811972544432
-2092288321764446e-26	-0.06435753442336584	0.08087281842022309
-24497154305080926e-27	-0.07214413675844326	0.08159765088227654
-28782635996815742e-27	-0.07993755469462904	0.08233281566699317
-3381763792609238e-26	-0.08773799789269722	0.08307851620356285
-39791680367384785e-27	-0.09554568407865355	0.08383496093185047
-4683607841837745e-26	-0.10336083941874284	0.08460236344253749
-55246498348315853e-27	-0.11118369891493939	0.08538094262130505
-6501093240129929e-26	-0.11901450682218002	0.08617092279604702
-7672125955371367e-26	-0.1268535170887686	0.08697253388926104
-9040272176685793e-26	-0.13470099382135248	0.08778601157306999
-10652012084888529e-26	-0.14255721177606406	0.08861159742749217
-1256625897089192e-25	-0.15042245687759498	0.08944953910457866
-14811884704868383e-26	-0.1582970267678976	0.09030009049427214
-1746847250183592e-25	-0.16618123138655067	0.09116351189506924
-20597967949342877e-26	-0.17407539358487284	0.09204007018905878
-2429616004911983e-25	-0.18197984977597334	0.0929300390194588
-2864153133413927e-25	-0.18989495062318187	0.09383369897150082
-33787380879224393e-26	-0.19782106176949626	0.09475133775778559
-398410929247639e-24	-0.20575856461077244	0.09568325040566465
-4698817602372118e-25	-0.21370785711568477	0.09662973944738303
-5541348248316869e-25	-0.22166935469575644	0.09759111511399839
-6535954225755924e-25	-0.22964349112886517	0.09856769553051427
-770752869513891e-24	-0.23763071954001388	0.09955980691246055
-9090413786300156e-25	-0.2456315134434725	0.1005677837646051
-10721190064205688e-25	-0.25364636785061945	0.1015919690797171
-12643368765136165e-25	-0.26167580044820815	0.1026327145361107
-149127349531597e-23	-0.26972035285228463	0.10369038069665407
-1758699167200839e-24	-0.277780591943144	0.10476533720362775
-2074219953782097e-24	-0.28585711128739083	0.10585796297086889
-2446268037095689e-24	-0.2939505326536112	0.10696864637221228
-28851744084124054e-25	-0.3020615076285947	0.10809778542274812
-3402694247894855e-24	-0.3101907193417502	0.10924578795225609
-4013076482234368e-24	-0.3183388843059878	0.11041307176849408
-4733045908325573e-24	-0.3265067543840073	0.11160006480869099
-55821028095009995e-25	-0.3346951188896413	0.11280720527403346
-6583443510829734e-24	-0.34290480683487246	0.11403494174578763
-7764494857828708e-24	-0.3511366893340106	0.1152837332795001
-915742162307942e-23	-0.359391682177398	0.11655404947083009
-10800133308508375e-24	-0.36767074858825455	0.11784637048855567
-12737607033366793e-24	-0.37597490217745194	0.11916118706973278
-15022601863867724e-24	-0.3843052101122296	0.1204990004679974
-17717571024894463e-24	-0.3926627965164156	0.12186032234828498
-20896043943785525e-24	-0.40104884612121877	0.12324567461877058
-24644528705958235e-24	-0.4094646081873756	0.12465558918607823
-29065567437244755e-24	-0.4179114007214542	0.1260906076238021
-34279806753606534e-24	-0.4263906150110545	0.12755128073818292
-4042928737797713e-23	-0.4349037205059502	0.12903816801160645
-4768204046184943e-23	-0.44345227007485905	0.1305518369069193
-56235779904295624e-24	-0.4520379056701401	0.13209286200514142
-6632402859731157e-23	-0.4606623644357191	0.1336618239488867
-7822205586559272e-23	-0.4693274852970445	0.1352593081610082
-9225448053748475e-23	-0.47803521607531757	0.13688590329809483
-10880413793545873e-23	-0.4867876211723641	0.1385421993944123
-1283226150183142e-22	-0.4955868898769224	0.1402287856436408
-15134261399825377e-23	-0.5044353453479244	0.14194624775776063
-17849211211840021e-23	-0.5133354543356552	0.14369516483040332
-21051181624265336e-23	-0.5222898377076058	0.14547610562048394
-2482754933655351e-22	-0.5313012818523772	0.14728962415837232
-2928134956933781e-22	-0.5403727510419454	0.14913625455801632
-3453409212796077e-22	-0.549507400840594	0.15101650490037635
-40729089013750996e-23	-0.5587085926576536	0.15293085003058088
-4803535253363606e-22	-0.5679799095507593	0.1548797230820544
-5665221092226308e-22	-0.5773251733972489	0.15686350551030845
-6681473316005881e-22	-0.5867484635633984	0.15888251538251666
-7880015851988165e-22	-0.5962541372149212	0.16093699362590452
-9293541488892415e-22	-0.6058468514274922	0.16302708788582326
-10960607105762327e-22	-0.6155315872737339	0.16515283358621027
-129266804476183e-20	-0.6253136760834941	0.1673141317155909
-15245383446996913e-22	-0.6351988280975818	0.16951072278195317
-17979944267557807e-22	-0.6451931637630172	0.17174215628395917
-2120492873387489e-21	-0.6553032479507825	0.17400775493839657
-25008260104934094e-22	-0.6655361274165612	0.17630657277392037
-2949361462589381e-21	-0.6758993718729893	0.17863734604921633
-3478323640667552e-21	-0.6864011191014437	0.18099843577923905
-4102126175757961e-21	-0.6970501246047045	0.18338776044308555
-4837762168974358e-21	-0.7078558163939839	0.18580271719948205
-5705265838144846e-21	-0.7188283556199984	0.18824008964503394
-6728253861445002e-21	-0.7299787039047626	0.1906959397956113
-7934564618167564e-21	-0.7413186984170722	0.1931654815447648
-9357008845840495e-21	-0.7528611359706622	0.19564293233190685
-1103425387701494e-20	-0.7646198677217567	0.19812133910414176
-13011862562545967e-21	-0.7766099064143249	0.20059237384896464
-15343513804189426e-21	-0.7888475485800603	0.20304609294181505
-18092436765189054e-21	-0.8013505146556943	0.20547065322923572
-21333092787617983e-21	-0.8141381106341914	0.20785197604005434
-2515314723245364e-20	-0.8272314156048277	0.2101733480426908
-29655778580967018e-21	-0.8406535003215457	0.21241494484561907
-34962378285850054e-21	-0.854429682681778	0.21455325919037596
-41215702608904045e-21	-0.8685878265437108	0.2165604101380923
-4858354610128533e-20	-0.8831586903981009	0.21840330228312876
-5726301161102822e-20	-0.898176331623834	0.22004259402726464
-6748546109162229e-20	-0.9136785697625927	0.22143142031950677
-7952223807016628e-20	-0.9297075075084208	0.2225137966003684
-9369125213356914e-20	-0.9463100995275793	0.22322260494065618
-0.00011036452317040625	-0.9635387447233359	0.22347702749311588
-0.00012997676971865553	-0.981451853885927	0.2231792417632801
-0.00015303511708157115	-1.0001143064492706	0.22221011973837543
-0.000180129969518706	-1.0195976479011177	0.220423567469439
-0.00021194704386328506	-1.0399797758481448	0.21763898570613066
-0.0002492804925647591	-1.061343684208969	0.21363109727801757
-0.0002930469289772232	-1.0837745137970882	0.20811602652804195
-0.00034430001702885453	-1.1073535512941834	0.20073195432078814
-0.0004042450623690484	-1.1321466160969011	0.1910117979085946
-0.00047425274760130344	-1.1581817821917662	0.17834407832042498
-0.0005558707551125974	-1.185406073137485	0.16191661411319194
-0.0006508315132706388	-1.213599432985819	0.14063734217608798
-0.0007610536689511751	-1.242200693874055	0.11303317739578125
-0.0008886341336309979	-1.2699530114092499	0.07716130067660466
-0.0010358267039508734	-1.29419971403153	0.03071952698260906
-0.0012050023847107964	-1.3098533540836166	-0.02812197342360923
-0.001398585773376794	-1.3083771003375826	-0.09792803008664068
-0.001618961418645884	-1.2811033551174553	-0.1694038850904982
-0.001868344260958249	-1.2243728693358895	-0.22678677806693567
-0.0021486095295002363	-1.1350590127093994	-0.24130015960301607
-0.002461080339038144	-1.0453955924079499	-0.18436434941835217
-0.0028062762017225483	-1.0399841800283816	-0.07730007779180008
-0.0031836331114688697	-1.165395125349827	-0.03627609720017288
-0.0035912156551407186	-1.1379029938788199	-0.11957707302737158
-0.004025452899447652	-1.094694338555589	-0.07748803344373315
-0.00448094059331153	-1.1758220685312093	-0.11235272117166416
-0.004950359371515459	-1.1830902381006563	-0.1300281838213039
-0.005424558134432429	-1.1131615477965582	-0.1860578372093021
-0.005892839948030659	-1.1115015226194798	-0.07126868749800641
-0.006343462900602805	-1.163912648862803	-0.1659115862650191
-0.006764332535501847	-1.12781608096961	-0.06406958383258564
-0.007143822642787697	-1.140537147666434	-0.09443705329338051
-0.007471628002695043	-1.1105951143721529	-0.04879850329609555
-0.007739536989599594	-1.1080679167725334	-0.04025370068680645
-0.00794202015485363	-1.1186983673195563	-0.09743057979514909
-0.008076561307399609	-1.1401922336308343	-0.05981388532326176
-0.008143701080722598	-1.143885511497867	-0.14358308117518714
-0.008146807241366065	-1.2117312967730847	-0.09370483762463357
-0.008091621583054646	-1.1604193904002018	-0.12291727317730843
-0.007985655762962961	-1.189801289462048	-0.09791749957042714
-0.00783751785687395	-1.0983607099119725	-0.11419208073150292
-0.007656248870731663	-1.1131705880692055	-0.17323529104756738
-0.007450735433303326	-1.1444265811276781	-0.13292117712830737
-0.00714150804347172	-1.2081623648181692	-0.12039816815390574
-0.006868196681922181	-1.1586132017710529	-0.03672445348980349
-0.006633300506523853	-1.1570031400031464	-0.08284397811122372
-0.006308757106368722	-1.0510629995452554	-0.12388616699864582
-0.006078667232821282	-1.0817298106134572	-0.14084329921266758
-0.005853469124844245	-1.099733695666867	-0.17085443894241917
-0.0056393631010077765	-1.1890947924318003	-0.18470268243007115
-0.005323360906022181	-1.2339045937342437	-0.1353346922560322
-0.005141313843212168	-1.2496321575109213	-0.07007515479020619
-0.00496345859982162	-1.2273096217585138	-0.01597061060747339
-0.004797732745499673	-1.187255897492342	0.012451271783661334
-0.0046468776175355615	-1.1464069065222626	0.02355696577102492
-0.004509868557311817	-1.1014853758228147	0.0264438289004948
-0.00438552985334273	-1.0560444617109197	0.014630062146523248
-0.004272819975181376	-1.0193148467799418	-0.014728483328552217
-0.00417078254345515	-1.012258892888941	-0.07894214927760951
-0.004078387400104475	-0.9643392882523067	-0.15631233588511387
-0.003994940577886914	-0.96731625885431	-0.17553239541581653
-0.003919311406721896	-0.9540660740633097	-0.17261200071863136
-0.003851267348781529	-0.9551842637058131	-0.16515805510967813
-0.003789637521582339	-0.9464461501535514	-0.16376482155153316
-0.0034842706924963027	-0.9920497546716727	-0.13212829871727155
-0.00343699072426051	-0.9594567186916823	-0.25649990568931763
-0.003386830620555479	-1.0413757300555606	-0.29710052582622226
-0.0033398570261459672	-1.139468512260025	-0.37352917698237953
-0.0032986151807761852	-1.1129927853759691	-0.375438831501898
-0.003262659367929928	-1.1148373031645702	-0.3694815811340614
-0.0032309530544962052	-1.1216018723582948	-0.3674955227755755
-0.003202925526216951	-1.1235082789631223	-0.3601266798545284
-0.0031781914986494285	-1.1004785758707982	-0.3557250870262713
-0.0031563283665262676	-1.11796632530814	-0.4043969808224052
-0.003137034807915627	-1.1604294070779677	-0.42325529389471667
-0.0031201080663724994	-1.1855582466976577	-0.4361906241276362
-0.003105402491252805	-1.2027339830904815	-0.44811349456963884
-0.0030925364293008647	-1.2169760268733993	-0.45942077516216895
-0.003081457890198167	-1.2309445670766197	-0.4705379440540056
-0.003072100530243607	-1.245115622779571	-0.4816410721898042
-0.003064166578856103	-1.2586875812281308	-0.49263752761506574
-0.003057698100118184	-1.2735409648254383	-0.5038017543926103
-0.0030525345537907415	-1.2984402821153016	-0.5179090895251637
-0.0030484588166452553	-1.3334002433762921	-0.5530930379076864
-0.003045557829052932	-1.3269469264160338	-0.5874265182801904
-0.003043657750136238	-1.3010171207339403	-0.5932613037980885
-0.0030426619063615937	-1.2795973848455056	-0.5683804592450066
-0.003042676082885285	-1.3083829782053	-0.5476387004805198
-0.003043568767734181	-1.3121089877967678	-0.5598740536638236
-0.0030451599278596133	-1.3059990672546253	-0.5632572338904072
-0.0030474855944928403	-1.3001111979928575	-0.5633923581134759
-0.003050590629890392	-1.2975074619059133	-0.5690619006894742
-0.002647829995605048	-1.32396828333326	-0.5601412322033289
-0.0026539334605342035	-1.2743027340130355	-0.5559733645527967
-0.0026525939069165904	-1.395674165278374	-0.6091784527107778
-0.002650467621863057	-1.4781932467094254	-0.6024448721532606
-0.0026515770800229765	-1.4931926605562809	-0.6270892023376716
-0.0026559873384117416	-1.488311783642516	-0.6300520248363983
-0.0026627303305602782	-1.4830690181453057	-0.6279330753561818
-0.0026710581934722448	-1.4770673141410746	-0.6280582582887563
-0.0026805412823143054	-1.4731583981169474	-0.6366392137119775
-0.0026910167952919894	-1.4847704022256247	-0.6532293070521625
-0.002702313630759824	-1.5060675809506723	-0.6635210255113279
-0.002714236292042616	-1.5226495422541688	-0.6713276385151135
-0.0027267287895548185	-1.5356581272579743	-0.6790732825388881
-0.0027397604882696807	-1.5470375022826421	-0.6869377284909621
-0.0027532223160692286	-1.5578844245321222	-0.6948847080938088
-0.002767058581112005	-1.5686598878508258	-0.7028891468459769
-0.0027812814711738135	-1.579472313451816	-0.7109421864567285
-0.0027958461168120664	-1.590296173563156	-0.7190481745115586
-0.002810681911556456	-1.6010987299341668	-0.7272197293694138
-0.0028257786231923937	-1.6118710889865713	-0.7354712336346471
-0.0028411304053439935	-1.6226092399149437	-0.7438133745738326
-0.0028566838373678015	-1.6333060833047517	-0.7522538303557423
-0.0028723921972067584	-1.6439594211591466	-0.7608006766436312
-0.0028882362162685627	-1.6545703008994066	-0.769461924099982
-0.0029041762801035606	-1.6651370569886206	-0.7782439382258665
-0.0029201460669635313	-1.6756595068785893	-0.7871531208191332
-0.00293608716463427	-1.6861412579227297	-0.7961972767791959
-0.0029519450984392273	-1.69658147772755	-0.8053837236397959
-0.00296764056933537	-1.7069719535084742	-0.8147182020947114
-0.0029830709913848752	-1.7173063515088443	-0.8242068751029278
-0.002998126956680015	-1.7275852869820705	-0.8338575580783059
-0.0030126862679808655	-1.7378092923977628	-0.8436781319202588
-0.0030265975057856952	-1.7479726710213963	-0.8536752852146207
-0.0030396774954324244	-1.7580667070914904	-0.8638554935426479
-0.003051713864191478	-1.7680845961266995	-0.8742261796690872
-0.003062457826554837	-1.7780209453803362	-0.8847957070782265
-0.0030716128328481815	-1.7878673701356027	-0.8955734873626734
-0.0030788276895093707	-1.7976029657827144	-0.9065702744863176
-0.0030836900483998744	-1.8071710932295608	-0.9177943658510871
-0.003085715640987163	-1.8164492809112953	-0.9292368588219629
-0.0030843354711289845	-1.8252878298826185	-0.9408539131347294
-0.0030788831593894636	-1.833783258740245	-0.9526204201083742
-0.0030685806165383824	-1.84286690614659	-0.9647754897040545
-0.003052520773535976	-1.854959180347873	-0.9782716522946173
-0.0030296486015738656	-1.874047898018177	-0.9959920065476622
-0.002998741466658997	-1.8925868874802538	-1.0242060571594378
-0.002958388788326196	-1.8813327062129641	-1.0416601894731714
-0.0029069713965597984	-1.8695744700010497	-1.0356539039211294
-0.00284264167269788	-1.8685159365331043	-1.0286842950668666
-0.0027633064838323658	-1.869547058666266	-1.0232897549708568
-0.0026666151821154067	-1.8574070449899212	-1.0182466788304734
-0.0013728224722291665	-1.8961793787871097	-1.0759226044822139
-0.001216944063015703	-1.9585572668709166	-1.0867318408053745
-0.0010864983136998178	-1.9933554673757214	-1.094820368269439
-0.0009285784286383342	-2.0182494859405455	-1.103674916583986
-0.0007320531204485156	-2.041660052928463	-1.1122811676167046
-0.0004971172873441607	-2.066917796354083	-1.1201538021162356
-0.0002207913481705858	-2.095019933838527	-1.1268918165686628
9962101616169464e-20	-2.1263873217042826	-1.1320916534129062
0.00046573491971295747	-2.161532191289421	-1.135154333845478
0.0008779612192084726	-2.201207589594498	-1.135100267627355
0.0013351766682462175	-2.2465200884923737	-1.130177472976612
0.001834319015136544	-2.298917379249788	-1.1168246662272714
0.0023700046289016063	-2.358804063110417	-1.0870532429177684
0.0029342418844418208	-2.416510528242128	-1.025020078198786
0.0035163208891279413	-2.427783149944604	-0.9299870246225536
0.004102959273488386	-2.3637338647937822	-0.8718712975248898
0.004678765224774766	-2.281328979207665	-0.9365677754579941
0.005227039357868264	-2.3188151286606726	-1.0011255818158098
0.005730878004070114	-2.373114482190258	-0.9291262067031598
0.006174472137749013	-2.3052636289722748	-0.9346668199523355
0.0065444350642485	-2.374395065770873	-0.959718027147693
0.006830959078842182	-2.3070902258713546	-0.9210698184210225
0.007028612407205752	-2.328609497388818	-0.9510011156102163
0.0071366465629223285	-2.3473415929515977	-0.9594033611935396
0.007158777752707275	-2.3522656561710624	-0.9573584616323377
0.007102507119098366	-2.370686298916233	-0.9645313127562136
0.006978123976231735	-2.3015361138328703	-0.9306815623443022
0.00679757402891748	-2.33881192350044	-0.9315462169935548
0.006573366406262755	-2.3598506483218316	-0.9421022735077071
0.006317650997226774	-2.306408497091306	-0.9879898945600709
0.006041538302328144	-2.3205738672305576	-0.9681181673546966
0.005754676751978853	-2.2938234434116116	-0.9323568920465083
0.005465059698663108	-2.35550555079996	-0.8975807037973865
0.005179011491823021	-2.362703473004804	-0.9148944985060551
0.004901296918001839	-2.397557896984937	-0.9401357171433475
0.004635304067270595	-2.381119693043585	-1.0028340521659143
0.004383260858171808	-2.343593599953949	-1.0201613401938825
0.00414645620933273	-2.3151634617993366	-1.0228836103733612
0.003925447095686268	-2.280499056626848	-1.015511064606515
0.003720241627910908	-2.2558084224393826	-0.9902941397059026
0.003530454262694254	-2.2453644208664563	-0.9619065744588711
0.0033554331409128228	-2.242237692571199	-0.9348718478530063
0.0031943607338722323	-2.2439641752096686	-0.9077422246317314
0.003046330696172602	-2.251970102241497	-0.8813850247658394
0.00291040460224996	-2.2651808011766597	-0.8584638448210875
0.002785652836425203	-2.2812425120930047	-0.8397626873063008
0.002671183006930908	-2.298547160649455	-0.8247860742484648
0.002566158620933748	-2.316302288223395	-0.8128005497278548
0.0024698100876697025	-2.3341725621824305	-0.8032052476263206
0.0023814401827671385	-2.3520191527636785	-0.7955738884987273
0.00230042568909628	-2.3697702495017006	-0.7895985065560802
0.002226216600166961	-2.3873808508723187	-0.78503233219881
0.002158333856230741	-2.4048293525992213	-0.7816621588839396
0.002096366368953776	-2.4221171505707186	-0.7793006881583333
0.0020399677229842126	-2.439263768142518	-0.7777838037336442
0.001988853134903495	-2.4563004158991983	-0.7769669033926556
0.0019427970977849603	-2.473264474334585	-0.7767201403795974
0.0019016319523702755	-2.4901954423078765	-0.7769235610562683
0.0018652473403098085	-2.507131999443668	-0.7774627723426075
0.0018335909170834816	-2.5241096813819683	-0.7782253729205836
0.00180667075033354	-2.5411587872808017	-0.7790981902025124
0.0017845595389410131	-2.5583023243683263	-0.7799653159847056
0.0017674003980432153	-2.575553982006227	-0.7807069287318062
0.0017554143972204634	-2.592916280547396	-0.7811988445798478
0.0017489102087469219	-2.6103790982628237	-0.781312613338598
0.0017482960686370091	-2.6279186842448867	-0.7809158253607915
0.0017540940993491568	-2.645497056607567	-0.7798722447804118
0.0017669578242304543	-2.6630615397867987	-0.7780414436463123
0.0017876942445457008	-2.680544198617048	-0.7752775184855116
0.0018172922051983304	-2.6978607705707276	-0.7714259912261358
0.0018569581945852773	-2.7149079370341225	-0.7663175362742833
0.001908157834418842	-2.7315566783088037	-0.7597576700867034
0.001972654084054391	-2.747639191069086	-0.7515132042990627
0.0020525215745466896	-2.7629282142067972	-0.7412976743701664
0.0021501038792619658	-2.777109608178118	-0.7287566661988186
0.002267882691475114	-2.789748177011326	-0.7134474059105409
0.0024082834792602224	-2.8002358452555995	-0.6947933418408713
0.002573537171295442	-2.807678726668458	-0.6719748562326578
0.0027656955075379235	-2.810598235587723	-0.6436897821935382
0.0029867071367778216	-2.806017237044508	-0.6076717282789016
0.003238386584630038	-2.785799110406932	-0.5606604191104649
0.0035222901612143136	-2.732777314716996	-0.5107545559619516
0.0038395707668422204	-2.657359426109799	-0.49975728814232895
0.004190707325151956	-2.6086672484469133	-0.5655067255033228
0.004575042422188113	-2.651599121976063	-0.6378379636513227
0.004990365451203109	-2.7284868399734283	-0.6224135810632745
0.005432737571242418	-2.7380357005060003	-0.5668212293045949
0.00589643867701439	-2.6639883077102295	-0.5421384918325538
0.006373772538318313	-2.6500193607274	-0.6011578131518074
0.006854136828951139	-2.710486644813143	-0.6087702593980692
0.007323821046227166	-2.685793412306365	-0.5563261190792669
0.007768082497234489	-2.6461266270795636	-0.5767546220939527
0.008172380339901534	-2.6777416254944764	-0.5979830329084757
0.008522332909739114	-2.6874452707288237	-0.5879181179281965
0.008805844943573398	-2.6778813682187432	-0.5842279503553441
0.009015494803495875	-2.673905206163842	-0.5765922355057063
0.009147886260456081	-2.6996621184218226	-0.5654399467696036
0.00920298774982026	-2.697918191234228	-0.6068701396862693
0.009184450949660136	-2.637745934132078	-0.5816540809317801
0.009098868466742195	-2.673604415262456	-0.5427076889597057
0.008954256376227914	-2.705298247087699	-0.5483820395110898
0.008759928576302993	-2.7265519167910117	-0.5826701580699174
0.008525924994650392	-2.718935969222764	-0.6111969329685629
0.008261454343527926	-2.6859228120143865	-0.6311373666173261
0.007974534653058885	-2.6573131280249607	-0.6221417027911259
0.007672738165499076	-2.6400426718931302	-0.6047394021300955
0.007363785266554835	-2.624117024469767	-0.5506128258164341
0.007055369708565568	-2.6537276409725044	-0.5368328541551789
0.0067542441261228174	-2.7057601410484353	-0.5264040953017926
0.006465524845052381	-2.7442064069879963	-0.5632244632175997
0.0061927149682857435	-2.7465725906165694	-0.6253975373874744
0.005937870225619703	-2.700534477509715	-0.6634887106719392
0.0057017547103016385	-2.6380080658922798	-0.6537939876016237
0.005484427011064335	-2.5871665467489255	-0.6082858650819839
0.005285658404762765	-2.565969937019835	-0.5600222934993806
0.0051049643857296444	-2.558951091421062	-0.5110321698771243
0.004941583017257308	-2.571986026990865	-0.4469333578053745
0.004794536912112476	-2.6133247859670643	-0.366107367121048
-0.0028753256379940584	-2.7043106131193406	-0.2824965549456635
-0.0028499395417728255	-2.8278027561663763	-0.3220254089117333
-0.0029410985721629677	-2.7798443822672514	-0.3308811306215047
-0.0031454754304237244	-2.7774268908793376	-0.3143630780949762
-0.0033852590981403013	-2.7830736996051413	-0.31124479425728224
-0.003605521546568826	-2.7867727770500137	-0.3119195791455705
-0.00379643025049284	-2.788675928661865	-0.3145363902610833
-0.00396245975888728	-2.7900016379573453	-0.318183459234158
-0.004108450742927895	-2.7927935916255455	-0.3217748307252278
-0.004237786083151875	-2.7991230313826128	-0.32343977287389425
-0.0043530322300449915	-2.8085224031557976	-0.3198316117184885
-0.004456322070713589	-2.8117712575604736	-0.3078697389264981
-0.004549469995261719	-2.79897729521149	-0.29425275518462946
-0.004633962885751339	-2.780692476511101	-0.28870479485930384
-0.004711077368306637	-2.7665872241060248	-0.2899925704452018
-0.0047818002433671234	-2.7572791051339443	-0.2954609910436244
-0.004847005167199026	-2.751799174692893	-0.30398944571462133
-0.004907549657413646	-2.750953939538942	-0.3151054462810419
-0.004963727659951646	-2.7564191535953295	-0.3273356868969803
-0.00501582313925897	-2.767906931640691	-0.3388342032398157
-0.0050645359431883705	-2.7835721036824252	-0.347427571391213
-0.0051099769237393745	-2.800038266164364	-0.3520484987692365
-0.005151470724753553	-2.814313470227228	-0.3546455302320728
-0.005189062219663178	-2.8263777341615604	-0.356734221096097
-0.005223978469245837	-2.8369651409045344	-0.35874775463184816
-0.0052560790471530144	-2.8465496056434754	-0.3607924046507091
-0.005285669153369954	-2.855365306526145	-0.3628861584255641
-0.005314764334092414	-2.8636180633597035	-0.36499687165460043
-0.005338500111893389	-2.8715801725718206	-0.3670560003473007
-0.0053569386511595415	-2.879534996903197	-0.3689679884104476
-0.005376871951972443	-2.887698351182303	-0.37061976934494156
-0.005396363300620001	-2.896182570783499	-0.37188977722818795
-0.005414121118097709	-2.9050548495392707	-0.3726488098281299
-0.0054312116334839415	-2.9144122010741818	-0.37274848836771024
-0.005447577532227042	-2.924313538774105	-0.3720479379714147
-0.00546807369865347	-2.9346356667062676	-0.3705286677481097
-0.0054898718571379755	-2.9450522751346413	-0.3683722842441199
-0.005521682122250069	-2.955323397537786	-0.36574572283944434
-0.005569670476522658	-2.965656486413014	-0.3624157770922309
-0.00561570739341764	-2.9766307070625593	-0.3575937003382859
-0.005645016389770864	-2.988711555025877	-0.350184711043841
-0.005714520806289328	-3.0020802409885388	-0.3394664311785475
-0.005816232992479811	-3.017172621458465	-0.32615720442323376
-0.005918671444369518	-3.0342346000027147	-0.3153800011344929
-0.006022261246941928	-3.046930955086093	-0.3140816549622457
-0.006156634513747061	-3.052094152592569	-0.3165353799038173
-0.006318971891397688	-3.0538154170816636	-0.31904837329515373
-0.006463108139368501	-3.056188685244325	-0.32117792480110546
-0.006563860797479903	-3.0666367399482777	-0.3214473476495884
-0.006654262748893524	-3.1034112191267362	-0.3123088694011842
-0.006693038111347705	-3.13063110294393	-0.3191376160573096
-0.0068376516450821545	-3.123666481806771	-0.3404199838729168
-0.007069074894173422	-3.1020320288976357	-0.3456789958977869
-0.00759397890238829	-3.0966777463243864	-0.33999499173013903
-0.00827214744482424	-3.099959926189373	-0.33604608628494786
-0.008414786892171814	-3.105535940002633	-0.3330004096142208
-0.007840266332321311	-3.1068736610476124	-0.32826961482358574
-0.007321780623159894	-3.0944171997882557	-0.32329272723656416
-0.007092573455210239	-3.070090188612715	-0.33761812889371956
-0.007073620793881548	-3.0845033846486856	-0.3553824988928953
-0.007081124076679966	-3.127429736099829	-0.35191281193920176
-0.0071148429338045265	-3.1560344000257397	-0.3174712944012431
-0.007163022896823046	-3.172530038876057	-0.29576742739008743
-0.0072045336742365615	-3.1836859802914166	-0.29014142199488147
-0.007328309907769783	-3.1897107084941463	-0.2905599908507209
-0.007314335680536153	-3.19350077654271	-0.2924172422483974
-0.007365357001991622	-3.197416615434485	-0.29424231484753527
-0.007390402897800299	-3.203492173857322	-0.29463506659908734
-0.0073017171118774345	-3.2125293141738336	-0.29155728492360333
-0.0073279360219620756	-3.222916811532367	-0.28459094238676086
-0.007358398813701861	-3.232384798995293	-0.2780076883576771
-0.007419453399386575	-3.239967413977966	-0.27443633724193417
-0.007432619770331925	-3.246192567493909	-0.27269386860835954
-0.007420282748142841	-3.252583809086708	-0.27075527963862217
-0.0071596015688067775	-3.2603348051082826	-0.2663934198105992
-0.007071658908376722	-3.269130513242644	-0.2574231477900085
-0.006979789036917368	-3.277422469111352	-0.2440621438286446
-0.0069526372749198805	-3.284880242568507	-0.22870913968271167
-0.00699310429209281	-3.292465616729898	-0.21298397480506293
-0.00719162705382476	-3.3014969327820576	-0.1989106206447844
-0.007467185802934243	-3.311680754904878	-0.19066249357252704
-0.007782690428855049	-3.3194266357026176	-0.1890693597657786
-0.008251203998551873	-3.323863531808635	-0.190746342705165
-0.008459397520294176	-3.3268171571358938	-0.19343115552432752
-0.00836322108733457	-3.3306548729327803	-0.19560346198575082
-0.008062675264223077	-3.337666118564168	-0.19506608495932512
-0.007655828912370596	-3.347656556305973	-0.18835612529661985
-0.007661936127011353	-3.3568944637336933	-0.17617789228080047
-0.007805985707711681	-3.3646081909082124	-0.16398071391372926
-0.007733914936402205	-3.3717527034273114	-0.15328744924751145
-0.0076731495935446065	-3.37879870913241	-0.14331043207679486
-0.007812731571586354	-3.3859397124891566	-0.13355781420436483
-0.008018772846500998	-3.3932122014798596	-0.12425355335376388
-0.008272843238390063	-3.40061178784206	-0.11569144727561534
-0.008579918799667356	-3.408151318822478	-0.10789538732777884
-0.008923090056031686	-3.415843063685453	-0.10077887305334797
-0.009295257739484822	-3.423678349444877	-0.0942939903909088
-0.009727967679205266	-3.431620057808276	-0.08845051777321986
-0.010201235951955536	-3.439623641155687	-0.0832516254814765
-0.010640219303640777	-3.447642140102939	-0.07867725918702104
-0.01114375325667252	-3.4556555839161187	-0.07465119053553654
-0.0116043406191956	-3.4636610185279437	-0.07107499427316946
-0.012069410610960955	-3.4716630197963196	-0.06785118823416027
-0.012503973010809062	-3.4796799082000693	-0.0648817224123731
-0.012934861658415188	-3.4877184022894294	-0.062095217704389624
-0.013335576483546182	-3.495780367166831	-0.05943462338753764
-0.013725765293510763	-3.503870972241492	-0.05684270736946361
-0.014057385852088305	-3.512000620147419	-0.0542562453196044
-0.014364029624557559	-3.520179222444378	-0.05160871912444722
-0.0146172636315971	-3.528412477819462	-0.04883187724600409
-0.01480196544909623	-3.536694238873777	-0.045864761295186074
-0.01491718588700254	-3.545005158018456	-0.04265557645916614
-0.014946753258963785	-3.5533082883590876	-0.03917372437767416
-0.01493679440381115	-3.5615513350178727	-0.03541103717953839
-0.014884744952088077	-3.5696690150054105	-0.031372319354208575
-0.014817069590470414	-3.5775758690142676	-0.027060860165240556
-0.014738942017672972	-3.585146976628376	-0.022469771520883648
-0.014651218824113455	-3.5922145056162003	-0.017602758508889982
-0.014556605344795984	-3.598666603952463	-0.012546170288214614
