#time 	alpha (deg) 	h/c 	u/uref 	A0 	Cl 	Cd 	Cm 
0.015267175572519083	0.06981317007977318	0.005985610364445969	1	-0.11695670932142703	-34.43484980632332	-2.494076026907408	7.35398389718058
0.030534351145038167	0.06981317007977318	0.01188513132135673	1	-0.1139889443968219	-0.18111571346245897	-0.09450464120306659	-0.14318747975123797
0.04580152671755725	0.06981317007977318	0.017613711663754496	1	-0.10837341829789651	0.28312468622574044	-0.05417693347837016	-0.1244718115354613
0.061068702290076333	0.06981317007977318	0.023088958777074144	1	-0.0999500911661793	0.9645734531475675	0.00452711916125538	-0.30745413627486623
0.07633587786259542	0.06981317007977318	0.028232123669751776	1	-0.08885229434581068	1.6178781843733447	0.06340788264182678	-0.4599507221440509
0.0916030534351145	0.06981317007977318	0.032969233598573656	1	-0.0752297590924888	2.2571877289605027	0.1221913165760769	-0.6080613272053454
0.10687022900763359	0.06981317007977318	0.037232155998542966	1	-0.059284388275136886	2.8607520013115466	0.177906216272357	-0.7410316732763383
0.12213740458015267	0.06981317007977318	0.040959578415049915	1	-0.0412499214505586	3.4216722992320934	0.22854933681784406	-0.8592052049020122
0.13740458015267176	0.06981317007977318	0.04409789034424738	1	-0.021388326184712977	3.9335572570018082	0.2721797907363225	-0.9623659255418981
0.15267175572519084	0.06981317007977318	0.04660195429836132	1	14374273224548594e-21	4.390920074025127	0.30704304097393975	-1.0504237386743176
0.16793893129770993	0.06981317007977318	0.04843575500591327	1	0.02265227888570767	4.788998339698887	0.3316474493597276	-1.1232996153136605
0.183206106870229	0.06981317007977318	0.049572917409584326	1	0.04620394572094139	5.123759528209222	0.34484204198574164	-1.1809530050064536
0.1984732824427481	0.06981317007977318	0.04999708601149832	1	0.07033683055576027	5.391881512372338	0.3458765665870328	-1.2233661483084508
0.21374045801526717	0.06981317007977318	0.049702160109903804	1	0.09471175281606414	5.590713960000181	0.33444101460899844	-1.2505152892818008
0.22900763358778625	0.06981317007977318	0.04869238154390976	1	0.11898727854125786	5.718210879985377	0.31068186802221676	-1.2623352245300021
0.24427480916030533	0.06981317007977318	0.046982273684266246	1	0.14282396680262224	5.772873986035348	0.2751969776643763	-1.2587007942669939
0.2595419847328244	0.06981317007977318	0.044596432547668985	1	0.1658885399493394	5.753771212175298	0.22901363142364636	-1.2394527686859798
0.2748091603053435	0.06981317007977318	0.041569173038934155	1	0.18785808284474692	5.6606491897722755	0.17355193844816275	-1.2044708891422178
0.29007633587786263	0.06981317007977318	0.03794403540904609	1	0.20842430072793014	5.494088233870888	0.11057166896215759	-1.1537656883055247
0.30534351145038174	0.06981317007977318	0.03377315902755752	1	0.22729776340305385	5.255634963376093	0.042100915467407796	-1.0875577092794178
0.32061068702290085	0.06981317007977318	0.029116532476204063	1	0.2442120206696617	4.947883579821499	-0.029651417829884952	-1.0063311173305531
0.33587786259541996	0.06981317007977318	0.024041130749432375	1	0.2589274809897403	4.574506760450821	-0.10239432644269747	-0.9108628208404104
0.35114503816793907	0.06981317007977318	0.018619951971252723	1	0.2712349635467338	4.140243725808758	-0.1738586323339178	-0.8022310094526814
0.3664122137404582	0.06981317007977318	0.012930967483055476	1	0.28095884561309314	3.6508484143013713	-0.24190022860576432	-0.6818044573897368
0.3816793893129773	0.06981317007977318	0.007056000402993274	1	0.28795974069669916	3.1130000061652496	-0.3045969088300826	-0.5512129629560751
0.3969465648854964	0.06981317007977318	0.0010795487863047091	1	0.29213671138897995	2.534206479035058	-0.36033171776787926	-0.4123104368483613
0.4122137404580155	0.06981317007977318	-0.004912429687255523	1	0.2934292414557605	1.9228221108258334	-0.4078509916448241	-0.2671814919777181
0.4274809160305346	0.06981317007977318	-0.01083375401936909	1	0.29181940499151343	1.2883470599134614	-0.4462836218172404	-0.1182778645393466
0.44274809160305373	0.06981317007977318	-0.01659925941103683	1	0.28733357686468436	0.6415210563031567	-0.47515064719087463	0.03148367508185666
0.45801526717557284	0.06981317007977318	-0.022126022164742742	1	0.2800408628234223	-0.007182149863298716	-0.4944509770190934	0.17930835884388255
0.47328244274809195	0.06981317007977318	-0.02733455235346447	1	0.2700499675986921	-0.6485491914914223	-0.504683649301682	0.3230175452567201
0.48854961832061106	0.06981317007977318	-0.03214993710269556	1	0.25750813435162473	-1.2734405756802554	-0.506705811626125	0.4605565280738474
0.5038167938931302	0.06981317007977318	-0.036502918041965086	1	0.24259971268918637	-1.8726887839139277	-0.5016486442645846	0.5898947800361382
0.5190839694656493	0.06981317007977318	-0.04033088742916213	1	0.22554341528583843	-2.437588578354806	-0.4908578708925794	0.7091886850454875
0.5343511450381684	0.06981317007977318	-0.043578788620679494	1	0.2065887740677665	-2.9601721352693686	-0.475809791510074	0.8168572430425848
0.5496183206106875	0.06981317007977318	-0.04619990793615947	1	0.18601185291663785	-3.433488272237983	-0.4580245434052128	0.9116670792975593
0.5648854961832066	0.06981317007977318	-0.04815654652866588	1	0.16411086954888096	-3.851567520483265	-0.4389621770385318	0.9926920361997623
0.5801526717557257	0.06981317007977318	-0.04942056259695656	1	0.1412021260959114	-4.209130772118988	-0.41991140585412845	1.0591484490415715
0.5954198473282448	0.06981317007977318	-0.04997377614136421	1	0.11761557345795849	-4.501651355988952	-0.401916333502021	1.1103766503343335
0.6106870229007639	0.06981317007977318	-0.04980823044179202	1	0.09369008292624698	-4.725456342650023	-0.3857235171778717	1.1458613746536506
0.625954198473283	0.06981317007977318	-0.04892630649705687	1	0.0697688216459418	-4.877662475315381	-0.37173865978265835	1.1651971214809667
0.6412213740458022	0.06981317007977318	-0.04734068877963036	1	0.04619472168224228	-4.956130722735163	-0.36000717983769615	1.1680659148247565
0.6564885496183213	0.06981317007977318	-0.045074182798317625	1	0.02330593075474115	-4.959507635129559	-0.3502237066772534	1.154256925364184
0.6717557251908404	0.06981317007977318	-0.042159387092820695	1	0.0014313206467775588	-4.887270773662599	-0.3417641679680861	1.1236953197935136
0.6870229007633595	0.06981317007977318	-0.03863822437779919	1	-0.019113889308898287	-4.739774863344215	-0.33373845463348767	1.0764742326044188
0.7022900763358786	0.06981317007977318	-0.03456133857985613	1	-0.03803244489185799	-4.518339855646522	-0.3250637137264824	1.012902588743499
0.7175572519083977	0.06981317007977318	-0.029987366439701943	1	-0.055049288038263915	-4.2253447660602825	-0.31455210060589406	0.9335538790459904
0.7328244274809168	0.06981317007977318	-0.024982094155844854	1	-0.0699156074596794	-3.8642833232640763	-0.30100542947580144	0.8392977921496731
0.7480916030534359	0.06981317007977318	-0.019617511199572408	1	-0.08241260936699332	-3.439775366894542	-0.28331110956834515	0.7313116087524613
0.763358778625955	0.06981317007977318	-0.013970774909945952	1	-0.09235492614690324	-2.95754040909028	-0.2605342424453042	0.611074479732427
0.7786259541984741	0.06981317007977318	-0.00812310076075736	1	-0.09959358604571557	-2.4243351274433094	-0.2320003869896078	0.4803464606566523
0.7938931297709932	0.06981317007977318	-0.002158594260436079	1	-0.10401846669018888	-1.8478507187024644	-0.19736338602065165	0.34113094348958356
0.8091603053435124	0.06981317007977318	0.0038369587146263	1	-0.10556019980824216	-1.2365862786177817	-0.15665475745024604	0.19562621398190638
0.8244274809160315	0.06981317007977318	0.009777325755027563	1	-0.10419164773935204	-0.5997803182256953	-0.1103169144544094	0.04620035211713856
0.8396946564885506	0.06981317007977318	0.01557706817566927	1	-0.09992919291212864	0.05249629028670547	-0.059225219325195255	-0.10455859595583217
0.8549618320610697	0.06981317007977318	0.021152769857150203	1	-0.09283333866674134	0.709419697906237	-0.004673439465124947	-0.25383715294073605
0.8702290076335888	0.06981317007977318	0.02642423699714688	1	-0.08300693068006557	1.3604535017088406	0.0517343686509327	-0.3989916540198647
0.8854961832061079	0.06981317007977318	0.03131565151608311	1	-0.07059207084370793	1.9960930569259532	0.10819334318437149	-0.5378774553634252
0.900763358778627	0.06981317007977318	0.035756661527968206	1	-0.055768119285569046	2.607213882978609	0.16272520858485126	-0.6685728640128491
0.9160305343511461	0.06981317007977318	0.03968339319245793	1	-0.03874941587031655	3.1849673272799737	0.21325726271516426	-0.7892874626928196
0.9312977099236652	0.06981317007977318	0.043039369394945313	1	-0.019781981603796635	3.721139033220154	0.25774260652844716	-0.8984662879271353
0.9465648854961843	0.06981317007977318	0.045776322041554664	1	0.0008604358911946077	4.208356705112342	0.29427230479473093	-0.9948318683132293
0.9618320610687034	0.06981317007977318	0.047854886286021	1	0.022880867985671544	4.640265318797983	0.32118146589571006	-1.0774145174767986
0.9770992366412226	0.06981317007977318	0.049245166703578126	1	0.045963774782160426	5.011517949935256	0.33713277052001533	-1.1455104355409014
0.9923664122137417	0.06981317007977318	0.049927167268730276	1	0.06977959953430578	5.317631607617381	0.34117627904197895	-1.1985826807781927
1.0076335877862608	0.06981317007977318	0.049891078952653684	1	0.09398941738082714	5.554952764158984	0.33279887249275986	-1.2362117145554172
1.0229007633587799	0.06981317007977318	0.04913742080379301	1	0.11824962639991557	5.720645025577794	0.31195431186061096	-1.2580692316555455
1.038167938931299	0.06981317007977318	0.04767703248252855	1	0.142216539593536	5.812641506154925	0.2790683293001505	-1.263890929198438
1.053435114503818	0.06981317007977318	0.0455309183572863	1	0.16555089369839832	5.82963508394069	0.23502341388817258	-1.2534753295600853
1.0687022900763372	0.06981317007977318	0.04272994540441375	1	0.1879223139966864	5.771122887262557	0.18112498555277307	-1.2267136391488698
1.0839694656488563	0.06981317007977318	0.039314399256846135	1	0.2090137123105871	5.637471347327852	0.11904828545768548	-1.1836341146832794
1.0992366412213754	0.06981317007977318	0.035333404786793525	1	0.2285255788509456	5.429984738910446	0.050767561419302276	-1.1244502901932039
1.1145038167938945	0.06981317007977318	0.030844219556051745	1	0.24618013635207675	5.150973727770883	-0.021528986263270655	-1.0496088702029918
1.1297709923664137	0.06981317007977318	0.025911410296048307	1	0.26172529980867393	4.803806748943309	-0.09553512585094892	-0.9598290083892014
1.1450381679389328	0.06981317007977318	0.020605924262087263	1	0.2749383558145443	4.39292458813339	-0.1689294607032738	-0.856124326096449
1.1603053435114519	0.06981317007977318	0.015004068818253655	1	0.2856292790925162	3.9238146335448865	-0.2394798129688574	-0.7398056703548358
1.175572519083971	0.06981317007977318	0.009186413929328539	1	0.29364362143667866	3.4029496380768522	-0.30514310417476354	-0.6124662115022522
1.19083969465649	0.06981317007977318	0.003236633344877674	1	0.298864924272344	2.8376955597872477	-0.36415506582982704	-0.4759503131787811
1.2061068702290092	0.06981317007977318	-0.0027596988575543466	1	0.3012166713751806	2.236218436858342	-0.4151031794078428	-0.3323176597005227
1.2213740458015283	0.06981317007977318	-0.008716339061149594	1	0.30066400865187126	1.6075079433163117	-0.456971776230951	-0.18385324914697881
1.2366412213740474	0.06981317007977318	-0.014547614528325134	1	0.2972155499413718	0.961624569535469	-0.4891502692170664	-0.03318570916333088
1.2519083969465665	0.06981317007977318	-0.02016965560843913	1	0.2909242271537138	0.3095126783085767	-0.5114447044557014	0.11673479167022413
1.2671755725190856	0.06981317007977318	-0.025501602012188252	1	0.28188491977045504	-0.3385289180307091	-0.5241476808587087	0.26325079460107936
1.2824427480916047	0.06981317007977318	-0.03046676580317861	1	0.27023144077161926	-0.9732924460772371	-0.5280094589537294	0.40424065555926236
1.2977099236641239	0.06981317007977318	-0.03499373437967763	1	0.256135200771552	-1.5856228208079857	-0.5240940101274871	0.5376644983060148
1.312977099236643	0.06981317007977318	-0.039017397582662025	1	0.23980300149669567	-2.1666285852789984	-0.5137053143946708	0.6616038023060451
1.328244274809162	0.06981317007977318	-0.042479884157543564	1	0.22147378938241905	-2.708077075635541	-0.49831403204211133	0.7743937373665888
1.3435114503816812	0.06981317007977318	-0.045331394100700195	1	0.20141478082455092	-3.202582795773283	-0.4794645550418406	0.8746627217045837
1.3587786259542003	0.06981317007977318	-0.04753091491939673	1	0.17991718538181065	-3.643701574875267	-0.45867701217899814	0.9613359182793123
1.3740458015267194	0.06981317007977318	-0.04904681150332472	1	0.15729184820784867	-4.025861535628103	-0.4373458199740469	1.0335686297653326
1.3893129770992385	0.06981317007977318	-0.049857281123798315	1	0.13386474226245215	-4.344332787316883	-0.41665351371006876	1.0906951042677684
1.4045801526717576	0.06981317007977318	-0.049950667016477115	1	0.1099723454681653	-4.595215547824442	-0.3975026493272621	1.132195585339041
1.4198473282442767	0.06981317007977318	-0.049325626037440395	1	0.08595704542944942	-4.775386850091491	-0.38046496975307087	1.1576570033244362
1.4351145038167958	0.06981317007977318	-0.04799114798126119	1	0.062162597851131686	-4.8824614910686845	-0.36575366721631747	1.1667485147828072
1.450381679389315	0.06981317007977318	-0.04596642628323347	1	0.0389296363048333	-4.9147921425382926	-0.3532212698352887	1.1592230366945633
1.465648854961834	0.06981317007977318	-0.043280581965407496	1	0.0165912182934205	-4.871513116531108	-0.3423831681453642	1.134943846636932
1.4809160305343532	0.06981317007977318	-0.03997224479684181	1	-0.004531633654492285	-4.7526329977226585	-0.3324658185764801	1.0939341583353188
1.4961832061068723	0.06981317007977318	-0.0360889976921312	1	-0.024134369165801733	-4.559138284295079	-0.32247469514008753	1.0364321161449797
1.5114503816793914	0.06981317007977318	-0.03168669233927433	1	-0.04193321792833753	-4.293062151657507	-0.3112754487694039	0.9629310591145098
1.5267175572519105	0.06981317007977318	-0.026828645900021	1	-0.057669272842800406	-3.95751607745895	-0.29768378138843393	0.8742025116200702
1.5419847328244296	0.06981317007977318	-0.021584730336338287	1	-0.07111230451426309	-3.5567045014134866	-0.2805604110783677	0.7713095221825157
1.5572519083969487	0.06981317007977318	-0.01603036746096607	1	-0.08206426859974392	-3.0959239246619332	-0.25890580654409356	0.6556117327422779
1.5725190839694678	0.06981317007977318	-0.01024544416597766	1	-0.0903624313642158	-2.581527603768708	-0.231947802242029	0.5287556122054395
1.587786259541987	0.06981317007977318	-0.004313163431316308	1	-0.09588201575702415	-2.0208409438258736	-0.19921560786444176	0.3926441847533194
1.603053435114506	0.06981317007977318	0.0016811523610577223	1	-0.09853830124257543	-1.422037776556626	-0.1605959972647654	0.24938997860232567
1.6183206106870252	0.06981317007977318	0.007651288595804844	1	-0.09828823712647795	-0.7940408664624011	-0.11637216656978414	0.10127693741479549
1.6335877862595443	0.06981317007977318	0.01351137842559269	1	-0.09513182374227976	-0.14657213208760847	-0.06725140457856128	-0.049211790585981345
1.6488549618320634	0.06981317007977318	0.01917713777063132	1	-0.0891131912982873	0.5097519212892099	-0.014372298943093421	-0.1993254291329065
1.6641221374045825	0.06981317007977318	0.02456707755369157	1	-0.08031983531982394	1.1641138391926595	0.04076922600908517	-0.34628719337092284
1.6793893129771016	0.06981317007977318	0.029603675735361934	1	-0.06887951963539664	1.806720643503349	0.09645555161926475	-0.4878117718622098
1.6946564885496207	0.06981317007977318	0.03421449229247827	1	-0.05495808345467575	2.4283270429304715	0.15078115096046787	-0.621919640061729
1.7099236641221398	0.06981317007977318	0.03833321110329394	1	-0.03875757671610346	3.0197784734548496	0.2017021488370466	-0.7466894748420335
1.725190839694659	0.06981317007977318	0.041900593754240864	1	-0.020513128213718965	3.5725089287196243	0.24716381223584982	-0.860426433223117
1.740458015267178	0.06981317007977318	0.04486533154993581	1	-0.0004890931282690483	4.078807551672323	0.28521650193547665	-0.9617391488559779
1.7557251908396971	0.06981317007977318	0.04718478347220557	1	0.021025273750075735	4.531939764981785	0.3141197588514229	-1.0495474267951206
1.7709923664122162	0.06981317007977318	0.04882558947426509	1	0.043720484656733255	4.926216148040761	0.33243507457905846	-1.1230676046899768
1.7862595419847354	0.06981317007977318	0.04976415028920648	1	0.06727152227843036	5.256927833430562	0.33909648098262296	-1.181747074835854
1.8015267175572545	0.06981317007977318	0.04998696685184263	1	0.091342387521527	5.520186427177916	0.33345769792858626	-1.2251629574237908
1.8167938931297736	0.06981317007977318	0.04949083445209415	1	0.11559057594042436	5.712815932139754	0.31532322841873306	-1.2529474408786554
1.8320610687022927	0.06981317007977318	0.0482828888274636	1	0.13967160070932574	5.832345018674786	0.28496462222908686	-1.2647668682271287
1.8473282442748118	0.06981317007977318	0.0463805035316619	1	0.1632435853651418	5.877066495817862	0.24311839528004678	-1.2603448318911143
1.862595419847331	0.06981317007977318	0.04381104005550572	1	0.18597188158192887	5.846120511108938	0.19096256573763648	-1.2395081683429041
1.87786259541985	0.06981317007977318	0.0406114542940296	1	0.20753362960945934	5.739567116185999	0.13007071413371163	-1.2022356636074771
1.8931297709923691	0.06981317007977318	0.03682776501988855	1	0.22762215964960683	5.558427148193239	0.062344706644394066	-1.1486959835354624
1.9083969465648882	0.06981317007977318	0.03251439200785504	1	0.24595117108853184	5.304702777509073	-0.010069479615838928	-1.079276378107876
1.9236641221374073	0.06981317007977318	0.0277333733299842	1	0.26225869936224283	4.981409693639554	-0.08487631161728082	-0.9946135072721958
1.9389312977099264	0.06981317007977318	0.022553473078880174	1	0.27631087383249237	4.592617761479098	-0.15973101701565479	-0.8956249827960605
1.9541984732824456	0.06981317007977318	0.017049192352435724	1	0.28790539876000304	4.143464648695903	-0.23234269776538913	-0.7835278888444461
1.9694656488549647	0.06981317007977318	0.011299697724783505	1	0.29687465108836497	3.640119882969565	-0.30057602380859866	-0.6598353572828065
1.9847328244274838	0.06981317007977318	0.005387682614971055	1	0.3030882984715596	3.0896985844212232	-0.3625458803855909	-0.5263303716593718
2.0000000000000027	0.06981317007977318	-0.0006018220700174945	1	0.3064553833823349	2.5001400088261883	-0.4166988389429641	-0.3850218904392323
2.0152671755725216	0.06981317007977318	-0.006582670911692606	1	0.30692594170807	1.8801099029891863	-0.4618735223896013	-0.2381064793597008
2.0305343511450404	0.06981317007977318	-0.01246884298620752	1	0.30449246965828164	1.2390726916213468	-0.49732782218313687	-0.08800057060277561
2.0458015267175593	0.06981317007977318	-0.018175679079932783	1	0.2991913811020953	0.5875209768177815	-0.5227323226430785	0.06253706715241272
2.061068702290078	0.06981317007977318	-0.023621099319924094	1	0.2911027463463143	-0.06360993257440978	-0.5381904149828269	0.21058668713956388
2.076335877862597	0.06981317007977318	-0.028726783706432113	1	0.28034680700260145	-0.7046062526940582	-0.5442994870450234	0.3537744196301313
2.091603053435116	0.06981317007977318	-0.03341929856817981	1	0.26708147291498097	-1.3265559891249488	-0.5420516773699666	0.49015441761226025
2.106870229007635	0.06981317007977318	-0.03763115273890323	1	0.2515010150109258	-1.9204253240782263	-0.5326885168868174	0.6177595200939003
2.1221374045801538	0.06981317007977318	-0.041301768264458305	1	0.23383335072355188	-2.4775713900584617	-0.5176398200639409	0.7347636225884651
2.1374045801526727	0.06981317007977318	-0.04437835167907539	1	0.21433632379228112	-2.99014969627533	-0.49844639724892575	0.8396212057638734
2.1526717557251915	0.06981317007977318	-0.046816653319433674	1	0.19329332711017522	-3.451348476784413	-0.47666936116178915	0.9311332877095543
2.1679389312977104	0.06981317007977318	-0.04858160375554532	1	0.1710086929948822	-3.8554225641962416	-0.45379139788831035	1.0084323088914982
2.1832061068702293	0.06981317007977318	-0.049647818184838335	1	0.14780316044604902	-4.197554856806226	-0.4311178542986549	1.0708899351235388
2.198473282442748	0.06981317007977318	-0.04999996153487495	1	0.12400946270398688	-4.4736894198295305	-0.4096917900779282	1.1180106721964393
2.213740458015267	0.06981317007977318	-0.04963296902353166	1	0.09996799775900252	-4.6804078686579595	-0.39023097595090495	1.1493500783789463
2.229007633587786	0.06981317007977318	-0.04855211900438437	1	0.07602241782412826	-4.814937708836259	-0.37309500805807844	1.1645021341815478
2.244274809160305	0.06981317007977318	-0.04677295704958324	1	0.05251507788999356	-4.87524530686659	-0.3582806532437104	1.163137644675119
2.2595419847328237	0.06981317007977318	-0.04432107236211208	1	0.02978245389048638	-4.860113199332514	-0.34543898196638295	1.1450464214884304
2.2748091603053426	0.06981317007977318	-0.04123172973323467	1	0.00815062828838018	-4.7691924531882535	-0.33391285229256956	1.1101720431763493
2.2900763358778615	0.06981317007977318	-0.037549362338584046	1	-0.01206915578470373	-4.603074717876352	-0.32279581225513937	1.0586542627376723
2.3053435114503804	0.06981317007977318	-0.03332693266786968	1	-0.03058487893540619	-4.363388127848164	-0.311009683647407	0.990880445040223
2.3206106870228993	0.06981317007977318	-0.028625170779778678	1	-0.04712799815321113	-4.052873223955797	-0.29739383855807033	0.9075275282071907
2.335877862595418	0.06981317007977318	-0.023511700838042222	1	-0.061457442233052356	-3.6754040168307234	-0.2807989349042557	0.8095793312058741
2.351145038167937	0.06981317007977318	-0.018060068491463285	1	-0.07336324260366422	-3.2359584189317188	-0.26017997617687383	0.6983207197169556
2.366412213740456	0.06981317007977318	-0.012348683086831905	1	-0.08266974006121948	-2.7405595306986	-0.2346845335648024	0.5753179889983729
2.381679389312975	0.06981317007977318	-0.006459689928595133	1	-0.08923832602813801	-2.1961949192401677	-0.20373110514677592	0.44238924767556204
2.3969465648854937	0.06981317007977318	-0.0004777888052632576	1	-0.0929696768724272	-1.6107111189749599	-0.16707234541136637	0.30156412638818425
2.4122137404580126	0.06981317007977318	0.0055109842246358065	1	-0.09380550591169966	-0.9927150851876712	-0.12484112957589232	0.15504567469763117
2.4274809160305315	0.06981317007977318	0.011420494265808967	1	-0.09173004207200719	-0.3515916750022074	-0.07758402456551106	0.005221890730415259
2.4427480916030504	0.06981317007977318	0.01716574644099377	1	-0.08677139946580968	0.302327385536897	-0.026282565539316325	-0.14524396641509865
2.4580152671755693	0.06981317007977318	0.02266410834918364	1	-0.07900170929910469	0.9581022016139391	0.02768621688824418	-0.2935039884020415
2.473282442748088	0.06981317007977318	0.027836498545000705	1	-0.06853439980786885	1.6055810870540597	0.08268920677177131	-0.4370890094212681
2.488549618320607	0.06981317007977318	0.032608523945637076	1	-0.05552138378373588	2.2355556583310126	0.13690928553829274	-0.5740094812369764
2.503816793893126	0.06981317007977318	0.03691154980635132	1	-0.04015146692938013	2.8389061747656377	0.1883615470791504	-0.7023659057955947
2.519083969465645	0.06981317007977318	0.04068368687535434	1	-0.022647890183868195	3.406787319901738	0.23499509151581122	-0.8203680657041239
2.5343511450381637	0.06981317007977318	0.04387068153010148	1	-0.003264792515651648	3.9310451335545964	0.2748183186011198	-0.9264653613778931
2.5496183206106826	0.06981317007977318	0.04642669609240466	1	0.017717012461961123	4.404472198514118	0.3060136381786348	-1.0194151038591575
2.5648854961832015	0.06981317007977318	0.048314968099303045	1	0.039994686018468714	4.820938127759758	0.32703786616578034	-1.0982998269671145
2.5801526717557204	0.06981317007977318	0.04950833904757962	1	0.06324816246436578	5.175382292414207	0.3367017926146477	-1.1624869559180693
2.5954198473282393	0.06981317007977318	0.049989645007133425	1	0.08714472923470891	5.463615911752768	0.3342209353511095	-1.2115099102750972
2.610687022900758	0.06981317007977318	0.04975196348512274	1	0.11134351442505293	5.682187336176887	0.3192520089913766	-1.2449775177554416
2.625954198473277	0.06981317007977318	0.04879871299029874	1	0.1355001086796535	5.828407712803943	0.2919192320760325	-1.2625621851952111
2.641221374045796	0.06981317007977318	0.047143603865522965	1	0.15927121161574195	5.900378491943926	0.2528178839343599	-1.264006043598565
2.656488549618315	0.06981317007977318	0.04481044109563104	1	0.18231915283358255	5.8969801542869345	0.20299222215424104	-1.2491236755314163
2.6717557251908337	0.06981317007977318	0.04183278192680407	1	0.20431630421560082	5.817894701704444	0.14389381034547927	-1.2178254971219067
2.6870229007633526	0.06981317007977318	0.038253453221814226	1	0.22494945814745584	5.66369186783884	0.07732416234203826	-1.1701710588427037
2.7022900763358715	0.06981317007977318	0.03412393549289396	1	0.24392415627847158	5.4359327184988695	0.005361352944781739	-1.1064314694108524
2.7175572519083904	0.06981317007977318	0.029503622471516673	1	0.26096886576363276	5.137238438335731	-0.06972897566387176	-1.027137490324114
2.7328244274809093	0.06981317007977318	0.024458966864493944	1	0.2758388974909974	4.771313759296217	-0.14559396887046178	-0.933107134732052
2.748091603053428	0.06981317007977318	0.019062524582749638	1	0.28832000649818784	4.34294288515288	-0.21989858634037485	-0.8254592248947268
2.763358778625947	0.06981317007977318	0.013391911189366813	1	0.29823163232156763	3.857964855400769	-0.29042918361122444	-0.7056156928865098
2.778625954198466	0.06981317007977318	0.00752868557603332	1	0.3054297106147957	3.3232128446520672	-0.3551910617956944	-0.5752863958446008
2.793893129770985	0.06981317007977318	0.0015571769236618332	1	0.30980897012072917	2.7464047452087774	-0.4124954738500005	-0.4364311216696559
2.8091603053435037	0.06981317007977318	-0.004436728181305847	1	0.31130468155210916	2.136007268724526	-0.4610299988623201	-0.2912072923663222
2.8244274809160226	0.06981317007977318	-0.010366821030334985	1	0.3098940088811869	1.5011708554210386	-0.4999026345961735	-0.14194397905802805
2.8396946564885415	0.06981317007977318	-0.016147810709230253	1	0.3055973148134138	0.8518784800336403	-0.5286486318104511	0.008787584797367316
2.8549618320610604	0.06981317007977318	-0.02169655081417971	1	0.29847898953694463	0.19897607724204874	-0.547220270837248	0.15811734667949062
2.8702290076335792	0.06981317007977318	-0.026933235323889606	1	0.28864556497724386	-0.44700223623089547	-0.5560272686207175	0.303317496849836
2.885496183206098	0.06981317007977318	-0.03178254642790415	1	0.276242072947309	-1.0768273840557123	-0.5559377958528064	0.4422573433482808
2.900763358778617	0.06981317007977318	-0.0361747378022098	1	0.26145002802127465	-1.6816881425168755	-0.5481380223798187	0.5730464994150337
2.916030534351136	0.06981317007977318	-0.04004663775166237	1	0.24448535399742521	-2.252961210660749	-0.5340248775920432	0.693885953835229
2.931297709923655	0.06981317007977318	-0.043342557791313824	1	0.2255951767711164	-2.782610015258673	-0.5151312007612937	0.803188224355092
2.9465648854961737	0.06981317007977318	-0.04601509359876094	1	0.20505390112941974	-3.2634173269419873	-0.4930352299337752	0.8996321180056515
2.9618320610686926	0.06981317007977318	-0.04802580681763383	1	0.1831587199189334	-3.689169788380311	-0.46926934265080633	0.9822029837179133
2.9770992366412115	0.06981317007977318	-0.04934577790603184	1	0.1602250236494857	-4.0546281330997616	-0.4452234016474824	1.0501505332968748
2.9923664122137303	0.06981317007977318	-0.049956022078436794	1	0.1365820307255948	-4.3553205347859985	-0.4220505262114106	1.102869298910643
3.0076335877862492	0.06981317007977318	-0.0498477623587251	1	0.1125682801658559	-4.587525841130498	-0.4006035982661123	1.1398598391982167
3.022900763358768	0.06981317007977318	-0.04902255581703035	1	0.08852698932402449	-4.748309229107769	-0.3813958674019002	1.1607278161318795
3.038167938931287	0.06981317007977318	-0.04749227117482677	1	0.06480149202812782	-4.835489326585364	-0.36457934261082475	1.1651673529543758
3.053435114503806	0.06981317007977318	-0.045278918100333	1	0.04173074780838113	-4.847637791562332	-0.34994846162585136	1.1529644546872213
3.068702290076325	0.06981317007977318	-0.04241433064943434	1	0.019644854348177886	-4.7841447198352265	-0.33697071804388523	1.12403268498372
3.0839694656488437	0.06981317007977318	-0.03893970940510638	1	-0.0011394062381112249	-4.645300480699959	-0.3248392301776775	1.078459292202587
3.0992366412213626	0.06981317007977318	-0.034905028900625044	1	-0.020322916252651257	-4.432365198113274	-0.3125425916190064	1.0165468426366167
3.1145038167938814	0.06981317007977318	-0.030368318849432297	1	-0.03762843067826929	-4.147634063507732	-0.2989489056675443	0.9388511664908865
3.1297709923664003	0.06981317007977318	-0.025394829519535086	1	-0.05280460723025565	-3.7944929190126153	-0.28289914615648776	0.8462129590845312
3.145038167938919	0.06981317007977318	-0.020056093256630103	1	-0.06562977779786948	-3.3774403674378712	-0.26330308473345926	0.7397739009754128
3.160305343511438	0.06981317007977318	-0.01442889565381064	1	-0.07591536192078598	-2.902063614077131	-0.23923137013376222	0.6209724010373815
3.175572519083957	0.06981317007977318	-0.008594171165244949	1	-0.08350883341965029	-2.374970017233089	-0.20999828700723017	0.4915201006283674
3.190839694656476	0.06981317007977318	-0.0026358390479121288	1	-0.08829617716789837	-1.803683993327928	-0.1752305508649109	0.3533633346946721
3.2061068702289948	0.06981317007977318	0.0033604036262687834	1	-0.09020383920700703	-1.1965390699319565	-0.1349196023548761	0.20864146444875353
3.2213740458015137	0.06981317007977318	0.009308314528140724	1	-0.08920033172581039	-0.562652717380346	-0.08946000496424165	0.05967922548905401
3.2366412213740325	0.06981317007977318	0.015122346471295626	1	-0.08529773874255829	0.08792673261027613	-0.039677792239143854	-0.09093951961099286
3.2519083969465514	0.06981317007977318	0.020718877814012188	1	-0.07855245847651514	0.7443263529245883	0.01318337158197741	-0.24037472044533081
3.2671755725190703	0.06981317007977318	0.02601741516660913	1	-0.06906336245652257	1.3960095574682039	0.06757610527323393	-0.38597863027587603
3.282442748091589	0.06981317007977318	0.03094175110599764	1	-0.05696879115198545	2.0334537825564176	0.12175142493310506	-0.5256007153758271
3.297709923664108	0.06981317007977318	0.03542106024634175	1	-0.042444732964763934	2.6474197017383645	0.17377847239294794	-0.6572723321320528
3.312977099236627	0.06981317007977318	0.039390917901338585	1	-0.02570253425390898	3.2289457138352176	0.22162894432198846	-0.7791564082201884
3.328244274809146	0.06981317007977318	0.042794226686977466	1	-0.006985590158577462	3.7697198776556657	0.2632971344257282	-0.8896610392789632
3.3435114503816648	0.06981317007977318	0.04558203773769995	1	0.013434594867047055	4.262275525875259	0.29691052825386016	-0.9874776936188036
3.3587786259541836	0.06981317007977318	0.04771425472463315	1	0.03526284046728558	4.700138051675834	0.32083365189525986	-1.0716006404075564
3.3740458015267025	0.06981317007977318	0.04916021055019394	1	0.05818483438862727	5.077789129657847	0.3337500960795527	-1.1412727453645353
3.3893129770992214	0.06981317007977318	0.049899108424620656	1	0.081871714897873	5.3905861419142465	0.3347276093058107	-1.1959114264512543
3.4045801526717403	0.06981317007977318	0.04992032098054968	1	0.10598477671728804	5.634750765495904	0.3232702202190944	-1.2350699360614372
3.419847328244259	0.06981317007977318	0.0492235431235527	1	0.1301801786677729	5.807335721572816	0.2993480780381732	-1.2584023094717245
3.435114503816778	0.06981317007977318	0.04781879642022697	1	0.1541135715495314	5.9061800444877015	0.2634040423650973	-1.265635081894458
3.450381679389297	0.06981317007977318	0.045726284960725824	1	0.17744465559526684	5.92990288671191	0.2163399292854037	-1.256565852281285
3.465648854961816	0.06981317007977318	0.04297610476881984	1	0.19984165724265276	5.877929306526516	0.15948250163163902	-1.2310848613563272
3.4809160305343347	0.06981317007977318	0.03960781093896393	1	0.22098572054449556	5.750543141139472	0.09453048472548248	-1.1892136283834718
3.4961832061068536	0.06981317007977318	0.03566984872612142	1	0.24057522368020381	5.548967232618712	0.023485209422347497	-1.1311568705203339
3.5114503816793725	0.06981317007977318	0.031218856770824706	1	0.2583299813032543	5.2754422074418565	-0.05143351475022001	-1.057353984906294
3.5267175572518914	0.06981317007977318	0.02631885248099815	1	0.27399524328901553	4.933272957955675	-0.12788383505599943	-0.9685163328376227
3.5419847328244103	0.06981317007977318	0.021040311286973146	1	0.2873454089765999	4.526840291597758	-0.20350548757249165	-0.8656481728010973
3.557251908396929	0.06981317007977318	0.015459153012522717	1	0.29818740217373424	4.061586759086892	-0.2760243997470721	-0.7500543224567803
3.572519083969448	0.06981317007977318	0.009655649940664757	1	0.30636364911792024	3.5439734275958994	-0.34335281453750893	-0.6233333257066817
3.587786259541967	0.06981317007977318	0.003713272279224975	1	0.31175458188523936	2.981395327541601	-0.4036802762807736	-0.4873512903420588
3.603053435114486	0.06981317007977318	-0.0022825123684821077	1	0.31428060047985484	2.382056314914175	-0.4555504872683393	-0.3441962393342726
3.6183206106870047	0.06981317007977318	-0.00824546826096975	1	0.31390353557316836	1.754855127045183	-0.49791675838795235	-0.19613344822341516
3.6335877862595236	0.06981317007977318	-0.014089831823817173	1	0.3106278942303899	1.109423623002442	-0.5301645685848613	-0.045624361688396106
3.6488549618320425	0.06981317007977318	-0.019731545163858902	1	0.30450200157221924	0.45629982150849974	-0.5521011956846001	0.10457527555197454
3.6641221374045614	0.06981317007977318	-0.02508946505102241	1	0.295617444866954	-0.19366444852673703	-0.5639686621867421	0.25160469022337884
3.6793893129770803	0.06981317007977318	-0.030086529979358567	1	0.2841056103820917	-0.830788118543979	-0.5664863536131504	0.39312616575961173
3.694656488549599	0.06981317007977318	-0.034650868521744475	1	0.27013512418209845	-1.4461434779476534	-0.5607466092708894	0.5271933809109632
3.709923664122118	0.06981317007977318	-0.038716833037091065	1	0.25391017409451544	-2.0308154788974897	-0.5480769369328385	0.6518795831255081
3.725190839694637	0.06981317007977318	-0.04222594386252821	1	0.23566737463212967	-2.5764866293920816	-0.5299801560757537	0.7654823233648048
3.740458015267156	0.06981317007977318	-0.04512773041050598	1	0.2156719285556377	-3.0757049241762697	-0.5080463790401927	0.8666102322718048
3.7557251908396747	0.06981317007977318	-0.04738045707354278	1	0.19421342113577755	-3.5219402856623625	-0.48385131520521757	0.9541670121338354
3.7709923664121936	0.06981317007977318	-0.04895172349612743	1	0.17160129587628478	-3.9096233333742636	-0.45886028556048464	1.0273252624129217
3.7862595419847125	0.06981317007977318	-0.04981893058022905	1	0.14816021055817832	-4.234114550957225	-0.43433994628145467	1.0854785755649805
3.8015267175572314	0.06981317007977318	-0.04996960552198393	1	0.12422555199088199	-4.491553694138879	-0.41127884072167337	1.1281516188515772
3.8167938931297503	0.06981317007977318	-0.04940158120464436	1	0.10013909321628703	-4.678727527274097	-0.3903291203541993	1.1549225100290055
3.832061068702269	0.06981317007977318	-0.04812302736762997	1	0.07624460414022124	-4.793063319507257	-0.3717784913424879	1.1654061479325915
3.847328244274788	0.06981317007977318	-0.04615233310338567	1	0.052883327245167575	-4.832719251216662	-0.3555514058597493	1.1592913810712486
3.862595419847307	0.06981317007977318	-0.04351784237206118	1	0.030389356696154685	-4.79670399871051	-0.34123499114755634	1.136401429870269
3.877862595419826	0.06981317007977318	-0.04025744633803353	1	0.009085017429068191	-4.68497901300309	-0.3281255114358705	1.096751688192289
3.8931297709923447	0.06981317007977318	-0.03641803839158552	1	-0.01072363426577273	-4.4985180068463535	-0.3152913303290075	1.0405893472850676
3.9083969465648636	0.06981317007977318	-0.03205483969401398	1	-0.02875108071020829	-4.239323382103773	-0.30164888753098157	0.9684123466983261
3.9236641221373825	0.06981317007977318	-0.027230604946671275	1	-0.04473635878352368	-3.910436365808746	-0.2860498561271836	0.8809819010337799
3.9389312977099014	0.06981317007977318	-0.02201471980714638	1	-0.0584468440129073	-3.5159631041791	-0.2673760746091625	0.7793386230865987
3.9541984732824202	0.06981317007977318	-0.01648220293420506	1	-0.06968176540521873	-3.061088715921433	-0.24463498371923958	0.6648127218020319
3.969465648854939	0.06981317007977318	-0.01071262701480306	1	-0.07827534571564056	-2.552044301792014	-0.21704759163865064	0.5390150303128802
3.984732824427458	0.06981317007977318	-0.0047889742917505765	1	-0.08409946181407778	-1.996021442235333	-0.1841231391432692	0.40380633705166885
3.999999999999977	0.06981317007977318	0.0012035569473386335	1	-0.08706578128596289	-1.401058721012117	-0.14571724954657672	0.2612541706986803
4.015267175572496	0.06981317007977318	0.007178777753870002	1	-0.08712747550417996	-0.775974726199219	-0.10207480709125344	0.11360764573651821
