#y=-1.2246467991473532e-16 
#strength 	x-position 	z-position 
0.004812649939846	-5.049740918411686	-8147009383690084e-26
0.004808137925719033	-5.048705129044569	-40718161027165777e-26
0.004798623087600865	-5.046635697141968	-10579295574517508e-25
0.00478563823593115	-5.043536911917518	-20323651565463952e-25
0.00476888246151621	-5.039415196076806	-3328468749642546e-24
0.00474528004431164	-5.034279092505324	-4943553953637651e-24
0.004716348510842293	-5.0281392465620325	-68742732657761345e-25
0.0046860407852844874	-5.02100838401525	-9116624971739045e-24
0.004650547769363105	-5.012901284666535	-1166596144899719e-23
0.004604972109406856	-5.00383475171729	-14516998817625647e-24
0.004555334598832774	-4.993827576941573	-1766382785056567e-23
0.004506106696009157	-4.982900501737273	-21099926333638873e-24
0.004447715997940856	-4.971076174136385	-24818172340406653e-24
0.004375868400401887	-4.958379101863509	-2881085925178256e-23
0.004302891224133265	-4.944835601539854	-33069711664158377e-24
0.0042307131667182266	-4.930473744138032	-3758590243845462e-23
0.004142554020441619	-4.915323296800654	-4235007100124728e-23
0.004038156835984383	-4.899415661143395	-4735234289027205e-23
0.003936883640534229	-4.882783808170355	-5258235034101623e-23
0.0038340279878324745	-4.86546220993662	-58029253220413525e-24
0.0037052689085946312	-4.847486768099654	-6368176187895773e-23
0.0035585937440365473	-4.828894739507616	-6952816074746394e-23
0.0034196428916741703	-4.809724658978897	-7555633226822575e-23
0.0032720465597030272	-4.790016259432797	-817537822087951e-22
0.003084946654615549	-4.769810389536965	-8810766537544635e-23
0.002879232304161488	-4.749148929042333	-9460481223829088e-23
0.0026840405576769692	-4.728074701980914	-10123175643075173e-23
0.002465287124209868	-4.706631387906466	-10797476278715544e-23
0.0021880076584371725	-4.6848634313619435	-11481985531012864e-23
0.0018906119447078542	-4.662815949761395	-12175284649210257e-23
0.0015999514151237046	-4.640534639877236	-1287593671353015e-22
0.0012565350093529598	-4.618065683126699	-13582489446220285e-23
0.0008249936941146133	-4.595455649853802	-14293478425519037e-23
0.00036499545417481154	-4.572751402805213	-1500743003273069e-22
-0.00010972806751530395	-4.550000000000024	-15722864451991458e-23
-0.0006949174407785557	-4.527248597194829	-16438298884959375e-23
-0.0014207263340491301	-4.504544350146238	-17152250488232237e-23
-0.0022020685086037643	-4.481934316873345	-17863239488936104e-23
-0.0030518758822775556	-4.4594653601228025	-18569792224487527e-23
-0.004102438338212928	-4.437184050238637	-1927044423271087e-22
-0.0053341812632334085	-4.4151365686380935	-19963743363444394e-23
-0.006581724480094739	-4.393368612093576	-2064825264010254e-22
-0.007874277825696338	-4.371925298019129	-2132255325971576e-22
-0.009407663383678171	-4.350851070957708	-2198524768618274e-22
-0.011161434912712384	-4.330189610463073	-22634962421602662e-23
-0.013032385855396312	-4.30998374056724	-23270350737856041e-23
-0.015319421913489546	-4.290275341021136	-2389009566652275e-22
-0.018322916304081147	-4.271105260492423	-24492912819127483e-23
-0.021315471182729726	-4.252513231900391	-25077552766502203e-23
-0.02280063562217099	-4.234537790063417	-2564280359359954e-22
-0.022202643145895037	-4.21721619182968	-26187493861028747e-23
-0.020502507788412592	-4.200584338856647	-26710494575777504e-23
-0.01874660458694032	-4.18467670319939	-2721072174230946e-22
-0.01678690233887028	-4.169526255862009	-2768713862598776e-22
-0.014137975316169116	-4.155164398460186	-2813875772322231e-22
-0.011259861129151907	-4.141620898136532	-2856464298148714e-22
-0.009097256714055238	-4.128923825863655	-28963911647397117e-23
-0.007841226363746578	-4.117099498262766	-2933573623641235e-22
-0.006960051512978607	-4.106172423058467	-29679346076900613e-23
-0.006122576908843488	-4.096165248282755	-29994028992215303e-23
-0.00537874641269516	-4.087098715333509	-30279132693897527e-23
-0.004664240630963877	-4.0789916159847905	-3053406636502209e-22
-0.003770576008323903	-4.071860753438011	-3075830155338265e-22
-0.0027264876249829028	-4.06572090749472	-3095137348714647e-22
-0.0017766694397338603	-4.060584803923232	-3111288208545145e-22
-0.0010519578921407014	-4.056463088082521	-3124249238570121e-22
-0.0005280874388238191	-4.0533643028580775	-31339935889524044e-23
-0.0001891491832896256	-4.051294870955477	-3140501072598327e-22
-3417320278220724e-20	-4.050259081588358	-31437581860308477e-23
