#y=-1.4142135623730951 
#strength 	x-position 	z-position 
0.013836090147863621	-5.049740918411686	-8147009383690084e-26
0.013636564121319484	-5.048705129044569	-40718161027165777e-26
0.013230367039434364	-5.046635697141968	-10579295574517508e-25
0.012609165475569614	-5.043536911917518	-20323651565463952e-25
0.011793245721450797	-5.039415196076806	-3328468749642546e-24
0.010860505570475815	-5.034279092505324	-4943553953637651e-24
0.009917623997294884	-5.0281392465620325	-68742732657761345e-25
0.009015472125090523	-5.02100838401525	-9116624971739045e-24
0.008097359059223633	-5.012901284666535	-1166596144899719e-23
0.0070515845899540965	-5.00383475171729	-14516998817625647e-24
0.005813709369291474	-4.993827576941573	-1766382785056567e-23
0.0043901492251798855	-4.982900501737273	-21099926333638873e-24
0.0027832567051484314	-4.971076174136385	-24818172340406653e-24
0.0009571736686143519	-4.958379101863509	-2881085925178256e-23
-0.0010711452835015785	-4.944835601539854	-33069711664158377e-24
-0.0031501559473878934	-4.930473744138032	-3758590243845462e-23
-0.005064964814124106	-4.915323296800654	-4235007100124728e-23
-0.0066570390594835	-4.899415661143395	-4735234289027205e-23
-0.007832114717227657	-4.882783808170355	-5258235034101623e-23
-0.008550728243507397	-4.86546220993662	-58029253220413525e-24
-0.008929201415609322	-4.847486768099654	-6368176187895773e-23
-0.009251590960609757	-4.828894739507616	-6952816074746394e-23
-0.009698411506264522	-4.809724658978897	-7555633226822575e-23
-0.010120682463660413	-4.790016259432797	-817537822087951e-22
-0.010279224119223869	-4.769810389536965	-8810766537544635e-23
-0.0102552313408426	-4.749148929042333	-9460481223829088e-23
-0.010386477809223202	-4.728074701980914	-10123175643075173e-23
-0.010805272382475176	-4.706631387906466	-10797476278715544e-23
-0.011272666381674575	-4.6848634313619435	-11481985531012864e-23
-0.011500399482201126	-4.662815949761395	-12175284649210257e-23
-0.01147637962987656	-4.640534639877236	-1287593671353015e-22
-0.01150798132608537	-4.618065683126699	-13582489446220285e-23
-0.012076839560117346	-4.595455649853802	-14293478425519037e-23
-0.01346324887672521	-4.572751402805213	-1500743003273069e-22
-0.015229671956936343	-4.550000000000024	-15722864451991458e-23
-0.016268617036146817	-4.527248597194829	-16438298884959375e-23
-0.01579524150063415	-4.504544350146238	-17152250488232237e-23
-0.014245056855081128	-4.481934316873345	-17863239488936104e-23
-0.0128218559991161	-4.4594653601228025	-18569792224487527e-23
-0.012239313516357963	-4.437184050238637	-1927044423271087e-22
-0.012296891337568243	-4.4151365686380935	-19963743363444394e-23
-0.012543381857390403	-4.393368612093576	-2064825264010254e-22
-0.012769753174387152	-4.371925298019129	-2132255325971576e-22
-0.012804731977493943	-4.350851070957708	-2198524768618274e-22
-0.012405319436199465	-4.330189610463073	-22634962421602662e-23
-0.011593591842481002	-4.30998374056724	-23270350737856041e-23
-0.010749181951677764	-4.290275341021136	-2389009566652275e-22
-0.010192295362049698	-4.271105260492423	-24492912819127483e-23
-0.00993632835523175	-4.252513231900391	-25077552766502203e-23
-0.009919353023166209	-4.234537790063417	-2564280359359954e-22
-0.010165737572935402	-4.21721619182968	-26187493861028747e-23
-0.010613287002255493	-4.200584338856647	-26710494575777504e-23
-0.011052355714226376	-4.18467670319939	-2721072174230946e-22
-0.01135543601622463	-4.169526255862009	-2768713862598776e-22
-0.011576827922874934	-4.155164398460186	-2813875772322231e-22
-0.011764312261121216	-4.141620898136532	-2856464298148714e-22
-0.01184592493236474	-4.128923825863655	-28963911647397117e-23
-0.011736614650783314	-4.117099498262766	-2933573623641235e-22
-0.011397262625700746	-4.106172423058467	-29679346076900613e-23
-0.010764841133736673	-4.096165248282755	-29994028992215303e-23
-0.009760163280324016	-4.087098715333509	-30279132693897527e-23
-0.008389759374369548	-4.0789916159847905	-3053406636502209e-22
-0.0067636586578232495	-4.071860753438011	-3075830155338265e-22
-0.005036077264901298	-4.06572090749472	-3095137348714647e-22
-0.00338892346983892	-4.060584803923232	-3111288208545145e-22
-0.002011168382071325	-4.056463088082521	-3124249238570121e-22
-0.0010117502803439775	-4.0533643028580775	-31339935889524044e-23
-0.0003823369659282721	-4.051294870955477	-3140501072598327e-22
-7645716586942409e-20	-4.050259081588358	-31437581860308477e-23
