#y=-1.9753766811902755 
#strength 	x-position 	z-position 
0.02384529578031858	-5.049740918411686	-8147009383690084e-26
0.023646508635686653	-5.048705129044569	-40718161027165777e-26
0.023245168931867323	-5.046635697141968	-10579295574517508e-25
0.022635025140397762	-5.043536911917518	-20323651565463952e-25
0.021835717960504764	-5.039415196076806	-3328468749642546e-24
0.020919713560296288	-5.034279092505324	-4943553953637651e-24
0.01997321193779641	-5.0281392465620325	-68742732657761345e-25
0.01900751978462436	-5.02100838401525	-9116624971739045e-24
0.017925580295429174	-5.012901284666535	-1166596144899719e-23
0.016590627906442626	-5.00383475171729	-14516998817625647e-24
0.014911966524750964	-4.993827576941573	-1766382785056567e-23
0.012854980012272674	-4.982900501737273	-21099926333638873e-24
0.01041192861780607	-4.971076174136385	-24818172340406653e-24
0.007637752089246688	-4.958379101863509	-2881085925178256e-23
0.004744591952374574	-4.944835601539854	-33069711664158377e-24
0.002107713695570826	-4.930473744138032	-3758590243845462e-23
8632193671813457e-20	-4.915323296800654	-4235007100124728e-23
-0.0012145004217674435	-4.899415661143395	-4735234289027205e-23
-0.001999890435800326	-4.882783808170355	-5258235034101623e-23
-0.00259426695854541	-4.86546220993662	-58029253220413525e-24
-0.003206596341039933	-4.847486768099654	-6368176187895773e-23
-0.003873856008683023	-4.828894739507616	-6952816074746394e-23
-0.004565641217309192	-4.809724658978897	-7555633226822575e-23
-0.005272145476014879	-4.790016259432797	-817537822087951e-22
-0.005997315024963669	-4.769810389536965	-8810766537544635e-23
-0.006731431524149983	-4.749148929042333	-9460481223829088e-23
-0.0074604703122380205	-4.728074701980914	-10123175643075173e-23
-0.008176581640275602	-4.706631387906466	-10797476278715544e-23
-0.008863967915210515	-4.6848634313619435	-11481985531012864e-23
-0.009497149867975093	-4.662815949761395	-12175284649210257e-23
-0.010068342633446983	-4.640534639877236	-1287593671353015e-22
-0.010601792199996535	-4.618065683126699	-13582489446220285e-23
-0.011130981229937406	-4.595455649853802	-14293478425519037e-23
-0.011670852250919036	-4.572751402805213	-1500743003273069e-22
-0.012211469416294583	-4.550000000000024	-15722864451991458e-23
-0.012721623494798131	-4.527248597194829	-16438298884959375e-23
-0.013156897365313575	-4.504544350146238	-17152250488232237e-23
-0.013483698086269574	-4.481934316873345	-17863239488936104e-23
-0.013704536506014444	-4.4594653601228025	-18569792224487527e-23
-0.013851036857034796	-4.437184050238637	-1927044423271087e-22
-0.01395121160285453	-4.4151365686380935	-19963743363444394e-23
-0.014013200784651798	-4.393368612093576	-2064825264010254e-22
-0.014036481205577003	-4.371925298019129	-2132255325971576e-22
-0.01402082289762259	-4.350851070957708	-2198524768618274e-22
-0.013960415357776115	-4.330189610463073	-22634962421602662e-23
-0.013842901383460109	-4.30998374056724	-23270350737856041e-23
-0.013660236690899842	-4.290275341021136	-2389009566652275e-22
-0.013413178579204295	-4.271105260492423	-24492912819127483e-23
-0.013103793134264605	-4.252513231900391	-25077552766502203e-23
-0.012732193356465178	-4.234537790063417	-2564280359359954e-22
-0.012302390535813666	-4.21721619182968	-26187493861028747e-23
-0.011823031740738718	-4.200584338856647	-26710494575777504e-23
-0.011299251529644548	-4.18467670319939	-2721072174230946e-22
-0.010729736080462928	-4.169526255862009	-2768713862598776e-22
-0.01011381398269785	-4.155164398460186	-2813875772322231e-22
-0.009455117768782514	-4.141620898136532	-2856464298148714e-22
-0.008755179217477227	-4.128923825863655	-28963911647397117e-23
-0.008009511671624009	-4.117099498262766	-2933573623641235e-22
-0.007214635093574997	-4.106172423058467	-29679346076900613e-23
-0.006372793872909759	-4.096165248282755	-29994028992215303e-23
-0.005482486618316788	-4.087098715333509	-30279132693897527e-23
-0.004532755372231478	-4.0789916159847905	-3053406636502209e-22
-0.0035271318822959735	-4.071860753438011	-3075830155338265e-22
-0.0025207460281532613	-4.06572090749472	-3095137348714647e-22
-0.0016176933910636102	-4.060584803923232	-3111288208545145e-22
-0.0009131562468356745	-4.056463088082521	-3124249238570121e-22
-0.0004370233689321005	-4.0533643028580775	-31339935889524044e-23
-0.00015778441113151325	-4.051294870955477	-3140501072598327e-22
-3045527418813683e-20	-4.050259081588358	-31437581860308477e-23
