#y=-1.4142135623730951 
#Fourier coeffs at root (0-n) 	d/dt (Fourier coeffs at root) 
0.15248761769150038	0.19800292510150364
-0.566155479671343	0.6603017900351709
-0.00552417885722729	-3.0794713891652004
-0.17439442654537746	2.218296034630237
0.08559954016510872	0
-0.0705417171055024	0
0.061029856871298145	0
-0.012801013913324173	0
-0.011991232844860998	0
-0.011285357101943238	0
-0.01809909236399223	0
0.007371439013689564	0
-0.007430652023480175	0
0.0020170612695840596	0
0.002613927139042307	0
0.015430791593504897	0
-0.007157652111383021	0
-0.0018433946191192254	0
0.006208648231176117	0
0.002324251533173051	0
-0.004551621696748922	0
0.0002628366298163195	0
0.00538247594796698	0
0.0015932233118703307	0
-0.00304729168216225	0
-0.002164791425152955	0
0.0016474801917884035	0
0.0005001029881309618	0
-0.0008684412334837789	0
-0.0011325976424123242	0
0.0005137298882275813	0
-0.0004510408306915068	0
-0.0008283342819814923	0
0.0004901313338624806	0
0.0011535279509282176	0
-0.0007847584913804881	0
