#y=-1.2246467991473532e-16 
#Fourier coeffs at root (0-n) 	d/dt (Fourier coeffs at root) 
0.0528614096546806	-0.01648989321623162
-0.21621966134644385	0.44883695803132156
0.2529348308045994	-0.09609616102678557
-0.13918553786693788	-0.4472980770074927
0.012519897067584466	0
0.0504739148557241	0
-0.04569410159447423	0
0.008628159767136	0
0.024151931679004587	0
-0.03447925494649183	0
0.0233664406510544	0
-0.0028734215967297348	0
-0.013541398616180417	0
0.018397735031537386	0
-0.01284929901245312	0
0.0038505430930121628	0
0.0017636401994454078	0
-0.0018180384849476538	0
-0.0010416379998885224	0
0.0027656946593529502	0
-0.001488361181633738	0
-0.0014997177637910892	0
0.0034970527410870776	0
-0.0028594075213978203	0
0.00016225900642012744	0
0.002506029284980193	0
-0.003229437548068838	0
0.001583548455849214	0
0.0012252185859980185	0
-0.0033091026347592365	0
0.0033822062235382235	0
-0.0015215948520113866	0
-0.0010172409986829005	0
0.0027059371534920323	0
-0.002707875641977883	0
0.0012824694335115251	0
