#y=-1.9753766811902755 
#Fourier coeffs at root (0-n) 	d/dt (Fourier coeffs at root) 
0.26240752600507633	0.6466039292819008
-0.6404917596787407	-1.1331843628570613
-0.04105089305228644	-0.6460424341345722
-0.1178981823319212	-0.028858137965923996
0.020609335764139886	0
0.0048427306156424415	0
0.032314969368223104	0
0.013245759785339291	0
-0.0013186723371880766	0
-0.008732306189629566	0
-0.01975639424371873	0
-0.009857533236811822	0
-0.011950789647838566	0
0.003688521451601896	0
0.0024147966388933227	0
0.008739567168225042	0
0.002881195448008702	0
0.004382695462034655	0
-0.00023143019331447958	0
-0.0002080263054119417	0
-0.0012648661578188779	0
6697963090523139e-20	0
0.000936335780100749	0
0.0008353652379758219	0
0.0010121796423866185	0
-28702709823334433e-21	0
-5830817805125547e-21	0
-0.0009234060081876407	0
-0.0004787768213499555	0
-0.0006756231013214032	0
-0.00010996117618544579	0
-0.0001555195405310329	0
7646574830131037e-20	0
-10923775629382018e-21	0
-4555088893454806e-20	0
-4972613562810739e-20	0
