#y=-1.4142135623730951 
#strength 	x-position 	z-position 
0.01	-3.0309590449940362	-1.1418488834712082
0.01	-2.948430435251096	-1.0902779338624404
0.01	-2.939034284377938	-1.035336289382015
0.01	-2.9583783902156187	-1.0839726840060417
0.01	-2.9726689641604267	-0.9726475315425103
0.01	-3.0136235028032647	-0.9838701210921827
0.01	-2.9821145218880227	-1.0880378590710504
0.01	-2.9883693224035035	-1.163983141163155
0.01	-2.9977967947747004	-1.1758121524848748
0.01	-2.912361098573173	-1.0573625783810734
0.01	-3.029445615094811	-1.131056662672844
0.01	-2.985735073315286	-1.1318773755300504
0.01	-2.9987184991928255	-1.106539551785662
0.01	-2.909126306842906	-0.9732307094140059
0.01	-2.9360890319884763	-0.9435402720462457
0.01	-2.9096756652026308	-0.9392572400544301
0.01	-2.978189550123189	-0.9921689667877691
0.01	-2.988905266577494	-0.5164463799414347
0.01	-3.0509848093072147	-0.3996529779961109
0.01	-2.991143082509259	-0.28054128935324757
0.01	-2.635392672256776	-0.6287506558374737
0.01	-3.0775114986223797	-1.0917935950805302
0.01	-2.9897575774384166	-1.0800641720731763
0.01	-2.9968447746498046	-1.0124316599148817
0.01	-3.0084387979750624	-1.060454151769309
0.01	-3.037274790055048	-1.1657767622296822
0.01	-2.983605330075088	-1.2085372356562636
0.01	-2.957737417325917	-1.2791223094357174
0.01	-2.9755401248220044	-1.2604801921872675
0.01	-2.957103674369273	-1.243282677067763
0.01	-2.8910836753587223	-1.0905634646967652
0.01	-2.8632719716547625	-0.7682304933884694
0.01	-2.85123023884966	-0.7857965490626746
0.01	-2.7405444518944515	-0.717971330273212
0.01	-2.837810864770855	-0.7595098911331893
0.01	-2.8848253007340903	-1.0583361517170344
0.01	-2.9240854755965917	-1.0064874964866675
0.01	-2.9138666917760885	-0.9716874490517692
0.01	-3.0289244363925074	-0.9170561980685801
0.01	-2.9379840892284705	-0.9279486886167425
0.01	-2.98236614953702	-1.040326780647754
0.01	-2.678783889658004	-0.5563978486429261
0.01	-3.019802746471342	-0.33197942976528017
0.01	-2.9581740635824225	-0.227043335895217
0.01	-2.9564619349225096	-0.9923413784723384
0.01	-3.0507782473118605	-0.462855650761958
0.01	-3.028826182441219	-1.057762414580107
0.01	-2.927219600574982	-1.17978750074769
0.01	-2.952873086088274	-1.1778352261288254
0.01	-2.7301291749733916	-0.8717815225419486
0.01	-2.9819449147494783	-1.0287769608665198
0.01	-3.005115419875804	-0.2819513931766473
0.01	-2.9348384675395907	-1.1729395511863496
0.01	-2.942452089433431	-1.164070449734174
0.01	-2.8753026641493618	-1.1465751754294635
0.01	-3.0348263040843446	-1.07848287673031
0.01	-3.019330755926605	-1.2044819926759522
0.01	-3.06346209773419	-1.1284348594882325
0.01	-3.0492602812328498	-1.1177845634422836
0.01	-3.0567819543337587	-1.0038917143915937
0.01	-3.028780517907312	-1.0072151344437654
0.01	-3.0238125091800314	-1.106430166652057
0.01	-3.0269872265485818	-1.027657658601824
0.01	-2.634310168189345	-0.729606863384159
0.01	-2.877937767716346	-0.7931034729892921
0.01	-2.69298875423595	-0.7604753907844831
0.01	-2.718568857138419	-0.7371880199313191
0.01	-2.690441965289055	-0.7406942238322054
0.01	-2.873632891178518	-0.8137760513971568
0.01	-2.918707260746224	-1.090068312644111
0.01	-2.944670133007449	-1.1384899204217889
0.01	-2.9138070433719414	-1.1108386477149748
0.01	-2.894434429307356	-0.8158129889687826
0.01	-2.886052787381686	-0.7168540715780444
0.01	-2.8903128037593846	-0.6928980295539761
0.01	-2.863741837851775	-0.6904403110385471
0.01	-2.8699319256291504	-0.6961652339500499
0.01	-2.86984722697466	-0.7157247167046229
0.01	-2.8521205043564133	-0.6774410583500744
0.01	-2.9612490577185016	-0.807135492619771
0.01	-2.9519754123412487	-0.7807435357476997
0.01	-2.9536520548392775	-0.7866290760139308
0.01	-2.9811062200044396	-0.8087955192084053
0.01	-2.949094547427758	-0.8056040870757994
0.01	-3.01150613956736	-0.7572561308265382
0.01	-2.948473193530097	-0.8824195171222347
0.01	-3.049509191363222	-0.8508445815773511
0.01	-3.022725755527294	-0.9117999495524888
0.01	-3.0483657783627245	-0.8691019417670278
0.01	-3.005059023119116	-0.8951024778771117
0.01	-3.004160903859608	-0.9060692628412919
0.01	-3.0634677103804577	-0.8278111028974648
0.01	-3.040121969060595	-0.8569034446361165
0.01	-3.028115356138983	-0.8403066618161207
0.01	-2.89975357012825	-0.9834958612598261
0.01	-3.0878064286357323	-0.9612576677100193
0.01	-3.0647083726491173	-0.9650768787155758
0.01	-3.1314674435263092	-0.9723655332307936
0.01	-3.1358461421412582	-0.9930538184346963
0.01	-3.099405086421994	-0.961637709177285
0.01	-3.1299812714129436	-0.9651145724116611
0.01	-2.8897841113064255	-0.9302962165869333
0.01	-3.089994682996377	-0.9441961226807539
0.01	-3.1390376838057255	-1.0993490673956754
0.01	-3.1041665750959653	-1.035168690265315
0.01	-3.1081944604092175	-1.0822622192463187
0.01	-3.116558263114473	-1.1445766949628804
0.01	-3.0906218885509507	-1.1910245204359895
0.01	-3.0619642918708916	-1.231592514286515
0.01	-2.7627418830957073	-0.8204379229168539
0.01	-2.7110478934723554	-0.8516703175657073
0.01	-2.7082763577452686	-0.7966429792505834
0.01	-2.8081323589603033	-0.8743862653385444
0.01	-2.7818590539193964	-0.8236491275240112
0.01	-2.791014192819141	-0.7480211378291648
0.01	-2.660056423464252	-0.8651957904996392
0.01	-2.7387051859165252	-0.8531756129014795
0.01	-2.6413901354864358	-0.8346884087911884
0.01	-2.653343416571351	-0.8307748454800612
0.01	-2.6578306147356225	-0.8250846830766414
0.01	-2.701324084719768	-0.8355774125667278
0.01	-2.8136843021857354	-0.8372386344079416
0.01	-2.71921591910577	-0.8673434086903457
0.01	-2.679269332478313	-0.8639808609224109
0.01	-2.7545734733349057	-0.8409674898676257
0.01	-2.7553588295448797	-0.7863282331801358
0.01	-2.806714086158043	-0.8220401078422138
0.01	-2.819609750365228	-0.842189319223904
0.01	-2.8476042007706397	-0.8730074996519199
0.01	-2.835632364760043	-0.8945942948914014
0.01	-2.8121377441270097	-0.9068970402179742
0.01	-2.7142538643521275	-0.8878617587462476
0.01	-2.6071375616269608	-0.7299361804803516
0.01	-2.7211256783441473	-0.8071645017122347
0.01	-2.7529351873087764	-0.8200594272699653
0.01	-2.793403011220529	-0.8505921483999496
0.01	-2.781945536715804	-0.8638014024365054
0.01	-2.7924495429686793	-0.8872026529363172
0.01	-2.785718155798286	-0.8851139429697376
0.01	-2.726423595022514	-0.7836899613411996
0.01	-2.7451939163423686	-0.9229486324926269
0.01	-2.5870581233507357	-0.7168548138536451
0.01	-2.7741923506537542	-0.47930257391674863
0.01	-2.94713302725585	-0.25158554290629376
0.01	-2.9246002839541423	-0.2727000736995373
0.01	-2.995196534053176	-0.38380142589484634
0.01	-3.0180188893137165	-0.3854858836012225
0.01	-2.998737264138785	-0.36828866203042676
0.01	-2.9866580559337734	-0.3572977500743376
0.01	-3.0212717939397677	-0.38019007787423154
0.01	-3.0006470352941665	-0.40053045287329414
0.01	-2.9761615248606095	-0.3481066440756481
0.01	-2.9247625686541197	-0.2812938393381099
0.01	-2.9207596359358834	-0.3211194216108212
0.01	-2.9430613211161747	-0.2892407053684567
0.01	-2.8885935205076163	-0.23923088570902518
0.01	-2.8717703554469916	-0.2745889837295893
0.01	-2.955503392449077	-0.33730268036687605
0.01	-2.8885336244325583	-0.26835025108588273
0.01	-2.892808632753559	-0.286643715937934
0.01	-2.9006328641184784	-0.3033807382448928
0.01	-2.8707192953551015	-0.23799440752529816
0.01	-2.951773978862522	-0.31971874768254455
0.01	-2.912377575377411	-0.30800524512998
0.01	-2.9436745789772165	-0.30684703692407733
0.01	-3.0687803409403864	-0.034598810208366304
0.01	-3.037167534224475	-0.09387934447261763
0.01	-3.0718693728803235	-0.08073602898045484
0.01	-3.0301996937080147	-0.08365049079224299
0.01	-3.040043804892141	-0.07719017697864752
0.01	-3.0321404052495096	-0.07124116485427186
0.01	-3.0507820475388225	-0.0641086163514667
0.01	-3.0687998837312693	-0.03547426110390427
0.01	-3.0854111989631456	-0.05640404904844959
0.01	-3.037593325184403	-0.016069382400129194
0.01	-3.0465151104721797	-0.030436849811922392
0.01	-3.160965235619208	0.10245881881334612
0.01	-3.152744102511564	0.11282110225606785
0.01	-3.1464989874640503	0.11120746489921296
0.01	-3.176711797167718	0.105341350643384
0.01	-3.4971916922928794	0.15616744166731575
0.01	-3.396329688662233	0.13609303180433077
0.01	-3.395827148559814	0.15065506819883534
0.01	-3.396296048395758	0.15374417737643203
0.01	-3.3349759969770485	0.10496242149099859
0.01	-3.362397313637065	0.07438084229753973
0.01	-3.4210625736377267	-0.1014392093417811
0.01	-3.655800163465983	-0.1746281238126447
0.01	-3.447926417782966	-0.11891792499306805
0.01	-3.5210640862377023	0.06143320987347794
0.01	-3.5387703956648515	0.05823098291025751
0.01	-3.542169933807531	0.03305483052246242
0.01	-3.3568447532361896	0.06982946257900308
0.01	-3.324748774904781	0.07739416956155751
0.01	-3.3855320605128836	0.1143566609495748
0.01	-3.313897255036001	0.05401363076105323
0.01	-3.327479613936371	0.05427640970365737
0.01	-3.3230105761682975	0.07279118989438721
0.01	-3.394555921658295	0.10999354489376398
0.01	-3.397882555383854	0.11425851781955491
0.01	-3.3459857408761695	0.06697127949353186
0.01	-3.3732692563843467	0.1254173448646341
0.01	-3.387198719608024	0.110715059643854
0.01	-3.508520071913719	-0.12795278511925562
0.01	-3.3392885242360633	0.08939693609491531
0.01	-3.5481218728176738	0.04144552604266094
0.01	-3.597925150963483	-0.16579995498889116
0.01	-3.5039360144616016	-0.13877315514244473
0.01	-3.4102814782993134	-0.08535173282790484
0.01	-3.4340542922831916	-0.12503915377707744
0.01	-3.4455230332134215	-0.12710969759049323
0.01	-3.5049701983959114	-0.1490873197178217
0.01	-3.4674116949839604	-0.13689324207170123
0.01	-3.5065303897183147	-0.09938268173439402
0.01	-3.6636842720331004	-0.18256382254187176
0.01	-3.48931180282067	-0.13681530239739823
0.01	-3.4309958693046188	-0.006698250383253467
0.01	-3.4025644774219126	0.1174875287080998
0.01	-3.5278026954925066	-0.12247167595669352
0.01	-3.5861783252570345	-0.1552428368174061
0.01	-3.562800457050376	-0.1601635956501339
0.01	-3.578172249364579	-0.16282313069472265
0.01	-3.6052533406375535	-0.15681888165119842
0.01	-3.5898280084716347	-0.16604524699015896
0.01	-3.5916871492132354	-0.1435160682612576
0.01	-3.9350650397065925	-0.18875986467408082
0.01	-3.5875541623685194	-0.1383589695731828
0.01	-3.7362795492731204	-0.16314334378281642
0.01	-3.692975445225276	-0.17738276884628856
0.01	-3.705923915481494	-0.18462681848820386
0.01	-3.740450539532086	-0.17922405248590137
0.01	-3.7348450167872214	-0.1681576887263438
0.01	-3.744024065480465	-0.16333242566295883
0.01	-3.737636429741	-0.18698349977859502
0.01	-3.9313289072816846	-0.20513382818357237
0.01	-3.8809872132990684	-0.21763143249395933
0.01	-3.7229881220515573	-0.1758113233181055
0.01	-3.908929773185107	-0.18264606897791258
0.01	-4.1124513664679725	-0.10314626407019897
0.01	-4.114742516579043	-0.1822830548966828
0.01	-4.027204626298107	-0.20014575709366036
0.01	-3.85501398876521	-0.15446467944229036
0.01	-3.8667565621114015	-0.20108956387010227
0.01	-3.8950248274069676	-0.1927578479839159
0.01	-3.8164795891374896	-0.19761365679117301
0.01	-3.7120545098613587	-0.1589794241708967
0.01	-3.8448573934065453	-0.19152207811214694
0.01	-3.8643422683679725	-0.18636799610255086
0.01	-3.8545271244846875	-0.17532017003747796
0.01	-3.8522128852963125	-0.18440945568449904
0.01	-3.835117812942531	-0.17736553819639508
0.01	-3.835739190886394	-0.17259286656774153
0.01	-3.87808273806644	-0.16945619947202575
0.01	-3.873073417401045	-0.18811359323911375
0.01	-4.115515745409665	-0.18908374453596202
0.01	-3.995528409970514	-0.19976625453335514
0.01	-3.714180140584939	-0.14590470901951716
0.01	-4.079159352470029	-0.04151453384159205
0.01	-4.060157522818072	-0.0472416675735519
0.01	-3.9813369885648116	-0.0936158474587802
0.01	-4.057904518776236	-0.06707559126783828
0.01	-4.078998560339063	-0.20565779985610236
0.01	-4.104507029048133	-0.12020938825930495
0.01	-4.118028643700157	-0.12330842773717912
0.01	-4.117640634879536	-0.12086085104676109
0.01	-4.113996627216613	-0.11711580527883664
0.01	-4.1167799858913305	-0.11612107221637749
0.01	-4.130633777944935	-0.1438577715678772
0.01	-4.0808515639012874	-0.10311700041983543
0.01	-3.7538667001857298	-0.14400716995644056
0.01	-3.77284690003875	-0.14176295106623535
0.01	-4.059146834913335	-0.044050081555729204
0.01	-4.046127671779476	-0.09945488055880267
0.01	-4.055979647191314	-0.0711477637317013
0.01	-4.0323452981117995	-0.07821583148535222
0.01	-4.069175537842911	-0.06665796160226782
0.01	-4.034130103131549	-0.10205667385841732
0.01	-4.011210653819541	-0.1481391022828043
0.01	-3.9857520442511567	-0.1294597235206131
0.01	-3.9789589141551835	-0.13028124774645325
0.01	-3.9617882865328853	-0.1212047234986295
0.01	-3.9565067857667664	-0.09918021559055132
0.01	-4.05313061907745	-0.10659905174785017
0.01	-3.999148818992181	-0.11736631233363841
0.01	-4.014049954114603	-0.12413376870035038
0.01	-4.034499895592974	-0.12691206493707363
0.01	-4.032566735041195	-0.12005337095553036
0.01	-4.008028235973246	-0.11143070057825424
0.01	-3.9997665039098322	-0.09301607155831847
0.01	-4.0054851719590046	-0.08593664159685246
0.01	-4.004788057509323	-0.0911515578147507
0.01	-4.04499809270943	-0.11414157377868746
0.01	-4.129232224847762	-0.15152052877745317
0.01	-3.936910579605928	-0.17300023644919102
0.01	-4.0934731863375315	-0.18828025248385963
0.01	-3.9713596681178043	-0.14285722953773403
0.01	-4.082079931270895	-0.12041033576832987
0.01	-4.047575870227123	-0.14871769805266272
0.01	-4.049614777989917	-0.1587632403501531
0.01	-4.057143975634715	-0.1556653916988104
0.01	-4.059575478130792	-0.14543988100997876
0.01	-4.064025781927467	-0.13352492740934432
0.01	-4.072431786276771	-0.13322195025840683
0.01	-4.07729888009158	-0.143103781867034
0.01	-4.036262441461685	-0.16936003345029885
0.01	-4.004676210057795	-0.1561062912279751
0.01	-4.054218239162469	-0.08967366634831558
0.01	-4.065524432480436	-0.07874457124442091
0.01	-4.085790452253845	-0.1176204693651121
0.01	-3.980065968386533	-0.16242746427008656
0.01	-4.178736831873841	-0.05391032470269769
0.01	-4.382818807570413	-0.11197165517526576
0.01	-4.363372482111635	-0.0741050173966799
0.01	-4.32624945952576	-0.09559841000512093
0.01	-4.33789554280266	-0.10313463679369232
0.01	-4.343078758144567	-0.1019777359360579
0.01	-4.343756964553542	-0.09750811676412748
0.01	-4.345278346765055	-0.092666461107438
0.01	-4.352197942235963	-0.09081358332592483
0.01	-4.364080434975304	-0.09722804341693075
0.01	-4.363597185361328	-0.11717327048560972
0.01	-4.330893501020399	-0.12230355447392235
0.01	-4.305821751077051	-0.108456907873505
0.01	-4.305490232584027	-0.08691982509016787
0.01	-4.348543771486677	-0.06538240436739061
0.01	-4.410806795384055	-0.08221838827055039
0.01	-4.438763558586598	-0.0882982148351898
0.01	-4.447095788662888	-0.08554418639443793
0.01	-4.451659874446518	-0.08208376109764465
0.01	-4.461886364407484	-0.07940382496591868
0.01	-4.480899976837277	-0.08034324780876254
0.01	-4.497312421390534	-0.07976803182804507
0.01	-4.507136835813384	-0.07654341373894666
0.01	-4.514493582100915	-0.07181096890237071
0.01	-4.520017775934058	-0.06519192185362216
0.01	-4.521409165628159	-0.0591654705816961
0.01	-4.519670996423611	-0.05571582782252015
0.01	-4.5169880070589485	-0.05360780475401022
0.01	-4.515164700065924	-0.0507398386962161
0.01	-4.517520196954124	-0.04479318177189463
0.01	-4.532360742475519	-0.0383586589845162
0.01	-4.556706412131649	-0.042074327121129095
0.01	-4.576640819040992	-0.04668114615657784
0.01	-4.591315741428257	-0.04794532317332112
0.01	-4.602665716225825	-0.047175004233507505
0.01	-4.613028366761311	-0.04579021931431038
0.01	-4.624057853985472	-0.04459334919571598
0.01	-4.6359844431674695	-0.04379004564423888
0.01	-4.6477746111761205	-0.042885477975309394
0.01	-4.658313503585527	-0.041327769353094075
0.01	-4.667370270437099	-0.03914622134382631
0.01	-4.675623084761381	-0.03670840728684856
0.01	-4.684148130088981	-0.03439743717904146
0.01	-4.693864078398104	-0.03259637437866895
0.01	-4.7049750962388375	-0.031549257830494074
0.01	-4.716752834485695	-0.030996206659256672
0.01	-4.728130224889634	-0.030317313499044398
0.01	-4.738528994699212	-0.02914949141571108
0.01	-4.748021764779645	-0.02753830858026723
0.01	-4.7570052396418365	-0.025694988567719453
0.01	-4.765903759374395	-0.023819954182112666
0.01	-4.774979007127069	-0.022052479028400976
0.01	-4.784298393312284	-0.020451673389053703
0.01	-4.79379780025834	-0.01899702091917632
0.01	-4.8033596835620935	-0.01762701317647205
0.01	-4.812875015598354	-0.016270224077964215
0.01	-4.822289530192293	-0.01489633343348011
0.01	-4.831591923027604	-0.013479437224432752
0.01	-4.840772098249303	-0.012037644877128767
0.01	-4.849821092779572	-0.010550313375843168
0.01	-4.858722761957522	-0.009040441926604475
0.01	-4.867483366677712	-0.007478622493776068
0.01	-4.876108074439934	-0.005888120426569555
0.01	-4.884618612991002	-0.004246679580150743
0.01	-4.893034319575906	-0.0025747601292940526
0.01	-4.901383645038898	-0.0008674205925251496
0.01	-4.909699621287551	0.0008576680463349882
0.01	-4.918024686043142	0.002589609974402046
0.01	-4.926408733757714	0.0043085437709687886
0.01	-4.934907263692086	0.005992999837017258
0.01	-4.9435813059319225	0.00761198035919368
0.01	-4.95248737774363	0.009132691449070269
0.01	-4.961671074066713	0.010516584045075958
0.01	-4.971163074974732	0.011728807713396081
0.01	-4.980981435923067	0.012735193129507449
0.01	-4.991137719816824	0.01349966307455264
0.01	-5.001648621544842	0.013969472188354164
0.01	-5.012537706165584	0.014046700650445335
0.01	-5.023793341212046	0.013515841522220157
0.01	-5.0351309939951445	0.011863522061839927
0.01	-5.045405566449276	0.008256069206759694
