#y=-1.2246467991473532e-16 
#strength 	x-position 	z-position 
0.01	-3.169256576908481	-0.9972129680406688
0.01	-3.1544698897860775	-0.9627215698780475
0.01	-3.0747581729735347	-1.1027896521158487
0.01	-3.1460043433745386	-0.9784709276207163
0.01	-3.11554416304412	-0.31171912751736053
0.01	-3.0746224764996097	-0.30456729073315264
0.01	-3.1166660023861077	-0.029423105636509468
0.01	-3.1361239476155984	-1.0094378532188992
0.01	-2.953138061561879	-0.96557877773321
0.01	-2.8305752977867527	-0.6743850865235962
0.01	-2.8763225349236996	-0.5059012971277336
0.01	-2.831525887984064	-0.6666959143685529
0.01	-2.93251557332156	-0.9156484704771085
0.01	-3.0377099708541238	-1.125537371673243
0.01	-3.1090643042675854	-0.9469216458421024
0.01	-3.065872769981875	-1.1186455796705206
0.01	-2.87322795512622	-0.6072621228555345
0.01	-3.0484566582705197	-0.7805910802307745
0.01	-3.026979305780408	-0.8410608363154176
0.01	-3.0234065860850903	-0.7781807011260218
0.01	-3.1006604360537966	-0.34039703264938126
0.01	-2.8675879735075154	-0.6693802354321734
0.01	-2.8776174102654903	-0.6649633499790003
0.01	-2.839336338206111	-0.6348398017538229
0.01	-2.8647242869047025	-0.6254951796509475
0.01	-3.133586943512019	-0.31978208913492623
0.01	-3.1298870587377214	-0.13715407921488515
0.01	-3.000126880657503	-1.0912066026027583
0.01	-3.1585407907635528	-0.8729250540430631
0.01	-3.1047062741566114	-1.0770215482534018
0.01	-3.0627359676469936	-0.3538624861754696
0.01	-2.88903719656777	-0.49899833070613475
0.01	-2.8385160035691914	-0.7125549739952899
0.01	-3.1712324386203146	-0.28563434967442913
0.01	-3.1645189917708767	-0.2605936395990684
0.01	-2.876831555502838	-0.8903862306210373
0.01	-3.033332825205412	-1.0262303341867864
0.01	-3.1179690756476557	-0.9184261942714552
0.01	-2.997244064175099	-0.603527682623826
0.01	-2.925336194380142	-0.7490823786409697
0.01	-3.1185022364945865	-0.9347344525585307
0.01	-2.9298429144687916	-0.7599111231560036
0.01	-3.1250001133279888	-0.8940125533864182
0.01	-2.9406474039040287	-1.0998646205534623
0.01	-3.0475270538490924	-1.0572822555627241
0.01	-2.9926329416185777	-1.1567259721998273
0.01	-3.1380007347956984	-1.0444262130965478
0.01	-3.0197983934934873	-0.8287847413774099
0.01	-3.094601596516531	-1.0234304689021183
0.01	-2.9807351175469603	-0.7979885738065577
0.01	-2.8558265153985682	-0.7172177771695428
0.01	-2.882256758303953	-0.7144277199557008
0.01	-3.1941721614555085	-1.0280580015197025
0.01	-2.846981401125604	-0.6366378365100307
0.01	-2.853945259293921	-0.7349312231853371
0.01	-2.8487055280543965	-0.7394490116158555
0.01	-2.8490136707055798	-0.6874733015460681
0.01	-3.114922152884788	-0.3495354595038898
0.01	-2.9991588821432336	-0.35042452073353664
0.01	-3.134679726607533	-0.341122309614864
0.01	-3.0715132400471465	-0.09262185269817133
0.01	-3.1786522557214996	-0.8831631541454427
0.01	-3.0654103236325705	-1.0847283456004806
0.01	-3.0279172339204723	-1.1634837266705333
0.01	-3.106309130726158	-1.06052878695994
0.01	-3.0763276903384478	-1.0617079688351887
0.01	-2.931894801914758	-1.118457883821166
0.01	-3.1876645128627232	-0.26929835456762374
0.01	-2.9222808253734827	-0.9020933947525229
0.01	-2.919068056924173	-0.7804649872757764
0.01	-2.9401525519501326	-0.7989927947120918
0.01	-3.043532557145441	-0.9327828423061805
0.01	-2.9552465066883933	-0.8833859507802069
0.01	-2.9572015493122237	-0.8747056789328023
0.01	-2.9593775139392413	-0.8680861572226716
0.01	-2.9559327711100782	-0.8992865669669771
0.01	-3.0966748546070155	-0.882152695512971
0.01	-3.0394515732763874	-1.0849526246859185
0.01	-3.0236268003201165	-0.9822628484127027
0.01	-2.9834074674516375	-0.8936769612846639
0.01	-2.9813776618034376	-0.8964850848151089
0.01	-3.0422313563624623	-0.9034072456863556
0.01	-3.0304246414639935	-0.9274525374403767
0.01	-3.002020589676889	-0.893820927300455
0.01	-3.0891452834946813	-0.9852766577484664
0.01	-3.063918848058127	-0.9153108111914016
0.01	-3.006518506909502	-0.6146293483418618
0.01	-2.9898181009938165	-0.6755471383427822
0.01	-2.9951882565951538	-0.6522756555168551
0.01	-2.9889597652406454	-0.6443407691860206
0.01	-3.0034265772015196	-0.6538662641761378
0.01	-2.925807072058603	-0.822641463981621
0.01	-3.1215985464442983	-0.7073713846347184
0.01	-3.058081448500741	-0.7285408865476685
0.01	-3.1385393956072205	-0.690424606399568
0.01	-3.179149443326034	-0.6897885268988139
0.01	-3.167288616668608	-0.6918536646349649
0.01	-3.1597446332758548	-0.6926648810023587
0.01	-3.0459503713774008	-0.7223419557948054
0.01	-3.1104923673173284	-0.7058361865235467
0.01	-3.2993638068571856	-0.9864459930002841
0.01	-3.22129237063508	-0.7849367342019684
0.01	-3.260301446196243	-0.9520027148507803
0.01	-3.256349850975547	-0.9410671366129927
0.01	-3.325372577292734	-1.0208255283343837
0.01	-3.3216919426409195	-0.9989592385270314
0.01	-3.315627454780662	-1.0261011541454788
0.01	-3.240436953441024	-0.773037229345273
0.01	-3.2412042219117003	-0.7868153425763444
0.01	-3.335583767050995	-1.0371965026346284
0.01	-3.271324530770982	-0.943733831655517
0.01	-3.2803917465542285	-0.9625236994056721
0.01	-3.3478634018923876	-1.0987635602526296
0.01	-3.2784182616099145	-1.1980078143135364
0.01	-3.2567218904456654	-1.2392065293956274
0.01	-3.263010024004791	-1.165874251423036
0.01	-3.1641732971139334	-0.8042183568706327
0.01	-2.955298513438504	-0.7784159769657735
0.01	-3.074020290631624	-0.9855998200087951
0.01	-3.023651826687134	-0.864259493723914
0.01	-3.038425838830645	-0.8822610773613057
0.01	-3.0667751498521127	-0.781685675259822
0.01	-2.9861948627894144	-0.7523992453545179
0.01	-3.078697187630961	-0.8396962377030596
0.01	-3.065268738494266	-0.8701716618557989
0.01	-3.078967558781278	-0.8744939584711167
0.01	-3.056816770471749	-0.8540860762387626
0.01	-2.9975258965858482	-0.8299030644382684
0.01	-3.091262930251363	-0.7897080317019968
0.01	-3.0948936195464034	-0.9000706900177641
0.01	-2.97976285976572	-0.8244047150795326
0.01	-3.082883935740545	-0.7257773957925113
0.01	-3.044652212188647	-0.8178928749850798
0.01	-3.05834157612728	-0.7895630121294771
0.01	-3.0724297856159284	-0.8191479758539323
0.01	-3.287285323992433	-1.0267556603267038
0.01	-3.164633643413037	-0.8257653514604688
0.01	-3.1665731618018476	-0.8368007856743784
0.01	-3.2080370069267774	-0.8564235336026811
0.01	-3.029674670568168	-0.7995088678843397
0.01	-3.1335678522899575	-0.8843241351342275
0.01	-3.196477689183036	-0.9056716474242502
0.01	-3.181005646778366	-0.9124030515445759
0.01	-3.146648198122425	-0.8840311373872575
0.01	-3.192592081677287	-0.8899593467227229
0.01	-3.1152230793429867	-0.8303003553319195
0.01	-3.200871466105747	-0.9745866919097171
0.01	-3.1937160675894383	-1.008302000934849
0.01	-3.1543048188856124	-1.0687156266580546
0.01	-3.0779110364088904	-1.1291681373176246
0.01	-2.9621922282531323	-1.1296745401733865
0.01	-2.984529467978289	-1.031103639193177
0.01	-2.9833747289744577	-1.0231046214095234
0.01	-2.970415987873414	-1.0278050114980315
0.01	-2.974989100893632	-1.0036840712384751
0.01	-3.003067268521201	-1.0172114214014158
0.01	-2.957407786872565	-1.0461154440986606
0.01	-2.922313349597309	-1.0101686674979908
0.01	-2.910950635717234	-0.9701310640654833
0.01	-2.8811962803831794	-0.9176410090351635
0.01	-2.8712342224881007	-0.9288105226377077
0.01	-2.874265083847847	-0.9326334635104644
0.01	-2.8507990810676307	-0.9400988583217801
0.01	-2.8329148638251733	-0.8735701865688834
0.01	-2.8485804896953977	-0.8122837526896077
0.01	-2.835222532065266	-0.7906785542779913
0.01	-2.8197893709329938	-0.8011571620927546
0.01	-2.8002309427653596	-0.7428671999573201
0.01	-2.879060861646417	-0.40770016156554756
0.01	-2.911573522967255	-0.3653401647051443
0.01	-2.852933143370357	-0.4663024150934627
0.01	-2.8509235157562145	-0.44904128184015546
0.01	-2.8483539717226196	-0.515144480215069
0.01	-2.8343590401086187	-0.4921108397495074
0.01	-2.836105837034471	-0.505510127961591
0.01	-2.8392387276570066	-0.5173404724594524
0.01	-2.8261227253585495	-0.47339224523277657
0.01	-2.855329585726588	-0.48323596194126656
0.01	-2.8255307169213624	-0.45468737092477607
0.01	-2.847287690487767	-0.3989538621184997
0.01	-3.0127735997846066	-0.29978787604482227
0.01	-3.078546907436517	-0.22593514346779206
0.01	-2.9958092881504386	-0.27620946247159794
0.01	-2.9955811031919612	-0.2679135620969921
0.01	-2.9873953982715893	-0.27300359912475325
0.01	-3.0167876653395576	-0.30753879312987714
0.01	-2.991208621092416	-0.2971820982674959
0.01	-3.0150340845931947	-0.28906240304947484
0.01	-2.9971648119194554	-0.23397807406148932
0.01	-3.093361117559126	-0.18459020266888065
0.01	-3.0689090502029015	-0.1797130531073207
0.01	-3.0786197489935643	-0.019687744768283187
0.01	-3.6608612855983846	0.022456693944964457
0.01	-3.6366379098986026	-0.02204960769888829
0.01	-3.65923016511933	-0.012945811981304109
0.01	-3.7766163999888005	-0.02417194512083231
0.01	-3.6789783990432743	-0.0229268659686247
0.01	-3.7593320377274932	0.06487503958445182
0.01	-3.7284734609575345	0.04495973798545852
0.01	-3.843427679403967	-0.0038160672482976396
0.01	-3.735793046217981	0.07848061580895828
0.01	-3.7385340098589683	0.07196970463703992
0.01	-3.731672594932998	0.058097578684533364
0.01	-3.6979249144334956	0.04451297541420867
0.01	-3.7986420319057443	-0.022676901355578646
0.01	-3.644977947586061	-0.015919043053382383
0.01	-3.78251960358169	0.058852368209665606
0.01	-3.57107392443557	0.07404695570443429
0.01	-3.613818764479934	-0.02427199240321972
0.01	-3.667232314820738	-0.007337798497742916
0.01	-3.796103781160888	0.03516671632940443
0.01	-3.830712001266751	0.012405346678967491
0.01	-3.8353691125120477	0.007669010404572382
0.01	-3.8187425288866463	0.03628514259857722
0.01	-3.809000249540082	0.04633572292234814
0.01	-3.66266160128475	-0.01105655661935134
0.01	-3.6134142616197336	0.02707550790562022
0.01	-3.709125790141482	0.07132108393384153
0.01	-4.061415213766716	0.03888542639886572
0.01	-3.8539020899030576	0.06095426600755814
0.01	-3.916394875887647	0.06155025543605996
0.01	-3.916008582227887	0.056842860451014
0.01	-3.942290784787669	0.04694842214403775
0.01	-3.966268619895532	0.030329883244593594
0.01	-3.972033174585711	0.029266294123396524
0.01	-3.9387529563225767	0.04373494755022951
0.01	-4.077016151521743	0.019486759952172656
0.01	-3.985585560040012	0.04097685796895425
0.01	-3.8516036800173317	0.05225709450680863
0.01	-3.9347245770273704	0.06845496352809995
0.01	-3.9636284371725856	0.05471538125023062
0.01	-3.960184629360705	0.0648296936800528
0.01	-3.9477693685079616	0.0678104723084222
0.01	-3.952762755390416	0.07602638018222023
0.01	-3.9784872493305654	0.05781234714845799
0.01	-4.022121838185841	0.05564602180972442
0.01	-3.973285028577339	0.01487663905558006
0.01	-4.277429896950351	0.0684748450223657
0.01	-4.177880761135751	0.03266347306934982
0.01	-4.252150843347069	0.031113513521697386
0.01	-4.2426255990161446	0.0814902687418254
0.01	-4.226817676964189	0.025002963829652336
0.01	-4.247372356761494	0.03803705929942713
0.01	-4.24179620532354	0.050259730350794576
0.01	-4.230761926516816	0.0363314029057456
0.01	-4.2281775224692115	0.045502912136588934
0.01	-4.2503114076445865	0.07097767763315833
0.01	-4.183151265945224	0.0325734265445711
0.01	-4.246387914418511	0.10394402457142628
0.01	-4.2277361515456375	0.06402655204004483
0.01	-4.17430401312458	0.012768082033860826
0.01	-4.105125836868192	0.04548416027637616
0.01	-4.380432427684994	0.09326688306341115
0.01	-4.205238358399158	0.10261962022193556
0.01	-4.153814273330818	0.1242925249239224
0.01	-4.272742827257374	0.1620612403893437
0.01	-4.2024740326098025	0.14480506227132575
0.01	-4.221119742185718	0.13546374736801312
0.01	-4.23222963058309	0.146714129019416
0.01	-4.2219232537702664	0.14838735873633482
0.01	-4.22911989759739	0.15602712842255892
0.01	-4.263027301844342	0.15652306780569838
0.01	-4.194612199543593	0.16347782733599694
0.01	-4.327612703244581	0.18951285504136917
0.01	-4.129286298845703	0.13445382729965122
0.01	-4.117704628380022	0.1368724242587551
0.01	-4.152551773769492	0.09101215441896508
0.01	-4.2068109364882265	0.06665084387977527
0.01	-4.304761939534552	0.1396486328886044
0.01	-4.3268593169878455	0.15026724385544077
0.01	-4.326253602755352	0.16600331127302495
0.01	-4.304630577730436	0.17734187792255143
0.01	-4.2687043237791364	0.18912674301678642
0.01	-4.244484100080395	0.1766313334823762
0.01	-4.262299352098089	0.17507041943139728
0.01	-4.192280983848416	0.07199511295391109
0.01	-4.236090019973097	0.11829201070683495
0.01	-4.226961256446386	0.11419850867766784
0.01	-4.226282983047278	0.09783678400399613
0.01	-4.2203394737977975	0.10819160507950483
0.01	-4.288120195550429	0.15781477362178903
0.01	-4.2424018520289595	0.12965831572811368
0.01	-4.234600205851459	0.18054382325717888
