#y=-1.9753766811902755 
#strength 	x-position 	z-position 
0.01	-3.7672201725790155	-0.4750485723672047
0.01	-3.795425920872008	-0.47704382794969985
0.01	-3.759384816195767	-0.4860017425691463
0.01	-3.7636969331691783	-0.4986363696649167
0.01	-3.8083395301494503	-0.49916992446192116
0.01	-3.816393349728087	-0.4894101024167205
0.01	-3.777220704355938	-0.5172646458755302
0.01	-3.6484322849012227	-0.5935522760175224
0.01	-3.729438497116636	-0.5038477734533713
0.01	-3.711653401839149	-0.5509034810070612
0.01	-3.643675481399811	-0.5186944148222371
0.01	-3.6861565534714265	-0.5009009900213474
0.01	-3.7063958493867553	-0.49880081430599177
0.01	-3.723579030872085	-0.48568647309533053
0.01	-3.7447128770829115	-0.46369694921146065
0.01	-3.773004173707514	-0.4599995495898549
0.01	-3.7318383243690993	-0.5860460547382367
0.01	-3.738434199623551	-0.5430675595371286
0.01	-3.690149221770371	-0.5768339453395214
0.01	-3.6618010482339463	-0.5469216396265184
0.01	-3.727395056530963	-0.5362135403089074
0.01	-3.7630966437110134	-0.5211887375382939
0.01	-3.6703796452778445	-0.5362009163944136
0.01	-3.698964193502768	-0.5368538520494418
0.01	-3.696880199688362	-0.5326700722349575
0.01	-3.7021281247694358	-0.5240957462761786
0.01	-3.730774585224192	-0.5586370385843997
0.01	-3.652858925324448	-0.5421346383843745
0.01	-3.6536374828500713	-0.49242363119052057
0.01	-3.6803755480211655	-0.48039286909319157
0.01	-3.705060589874287	-0.46416477922819754
0.01	-3.719637091065681	-0.4498770325731179
0.01	-3.7319204630466496	-0.43899006965339477
0.01	-3.744021483251548	-0.4305667863718456
0.01	-3.7683001068824225	-0.4337099533320195
0.01	-3.816335921711985	-0.4725235094121901
0.01	-3.8010063264080785	-0.5475198087093656
0.01	-3.7685239178604464	-0.5676009031360314
0.01	-3.7658245399819132	-0.5853021630258706
0.01	-3.749383859755145	-0.5864155356625623
0.01	-3.741156288038889	-0.6014957674785009
0.01	-3.687700507467677	-0.6015886644777954
0.01	-3.6408440689407526	-0.6034966644613309
0.01	-3.5950502081669886	-0.5879296763408591
0.01	-3.561118739132416	-0.556779030821058
0.01	-3.564881988658868	-0.5346727345118212
0.01	-3.5897829528696614	-0.5211583397358664
0.01	-3.589364480159025	-0.4983202206736377
0.01	-3.61363703311259	-0.4682511124866053
0.01	-3.744056298216379	-0.3368995018399315
0.01	-3.688301749398081	-0.3752702099389151
0.01	-3.710960030926746	-0.41160204512933285
0.01	-3.7197006972430406	-0.3608467506871184
0.01	-3.7040980215686057	-0.3731248918570112
0.01	-3.7102044832268515	-0.3836622988114288
0.01	-3.7138145339211053	-0.3881024847688401
0.01	-3.703554131031148	-0.4106067480970562
0.01	-3.6916646547846854	-0.36836966770782736
0.01	-3.7334119996342725	-0.36102897670163236
0.01	-4.04598472473772	-0.32561954849900226
0.01	-3.960147594142771	-0.34025075946149846
0.01	-4.019016831268692	-0.3208024158394504
0.01	-3.987781779258402	-0.31600726144379515
0.01	-3.9886001261411623	-0.32247849841210335
0.01	-3.9990309464391274	-0.32311940881845835
0.01	-3.9986946783748056	-0.3308710713586481
0.01	-3.9646099249444617	-0.33513911743439556
0.01	-3.9796563746409355	-0.30892643361956984
0.01	-4.041212644744481	-0.3290976007344583
0.01	-4.033353050888446	-0.3582624739790758
0.01	-3.998211299358582	-0.37697003796089384
0.01	-4.017057967635972	-0.3473025454187573
0.01	-3.9991490472282223	-0.3504714487130669
0.01	-3.9841426122297205	-0.35333565850110243
0.01	-3.9464965351627432	-0.3399983273496078
0.01	-4.129673255090841	-0.27693315259034945
0.01	-4.141456170551984	-0.23066817533732414
0.01	-4.076174887124205	-0.24706725938156168
0.01	-4.09309208576697	-0.280053035693392
0.01	-4.119092332885726	-0.2599096799495444
0.01	-4.105540261365334	-0.2539013789876303
0.01	-4.100357825447964	-0.25827938516624444
0.01	-4.09770087949571	-0.263964657188588
0.01	-4.090055200443365	-0.2618051572955238
0.01	-4.1100251584566685	-0.2359656114335241
0.01	-4.127758228815822	-0.24776301648934657
0.01	-4.077391618997924	-0.2909662539786949
0.01	-4.055698710083884	-0.26911339958677255
0.01	-4.258338043976964	-0.2580596572326233
0.01	-4.321844191271684	-0.19964174482069866
0.01	-4.2645635670356254	-0.19811024361596113
0.01	-4.2664972309915985	-0.21838721470610553
0.01	-4.276397720024645	-0.21990470377662033
0.01	-4.280733273694506	-0.21578948553649202
0.01	-4.281225003885537	-0.20977035136588915
0.01	-4.284702178470794	-0.20474703602148744
0.01	-4.295022170887331	-0.20463635085174275
0.01	-4.305329972599981	-0.21501322090284883
0.01	-4.287092395393205	-0.23446570089963747
0.01	-4.255207773663806	-0.2402237510318381
0.01	-4.238757713534716	-0.2333981196632043
0.01	-4.232199585490432	-0.21969395919404222
0.01	-4.237099807325358	-0.2017292086766845
0.01	-4.2560984165546865	-0.18277428913915292
0.01	-4.28929977295654	-0.1722138852395071
0.01	-4.322214174576182	-0.17236848193178236
0.01	-4.34973830234444	-0.1748705542084965
0.01	-4.370278028607411	-0.17471774870647125
0.01	-4.382816724001012	-0.17104763985248428
0.01	-4.389329244899278	-0.1663829975579963
0.01	-4.39350406590635	-0.16187031634955146
0.01	-4.398375683084604	-0.15734009653922693
0.01	-4.40666727348441	-0.15305826584619012
0.01	-4.419863159262439	-0.15047570671704044
0.01	-4.436157112411977	-0.15001962178642717
0.01	-4.45217699184512	-0.14946920872059782
0.01	-4.465064373324793	-0.14694998117924224
0.01	-4.473629961536338	-0.14290028980266423
0.01	-4.478975057535593	-0.1385258798584038
0.01	-4.482905050648082	-0.13419914859665688
0.01	-4.4869410980957785	-0.12981189134193474
0.01	-4.492233506834861	-0.125354396442622
0.01	-4.499433437489782	-0.12113093677458212
0.01	-4.508576735112759	-0.11756999894750293
0.01	-4.519310865339716	-0.11487397702322255
0.01	-4.531197931623393	-0.11297167595726387
0.01	-4.543713261087143	-0.11159972868707868
0.01	-4.556233730141032	-0.11037869787922691
0.01	-4.5682617029614	-0.10897691596608339
0.01	-4.579587801816798	-0.10723274025389165
0.01	-4.590195943886581	-0.10511777073196941
0.01	-4.600100185696432	-0.10266533464843286
0.01	-4.609341369070765	-0.09995561762178617
0.01	-4.6181039189193065	-0.0971005381565043
0.01	-4.6267145906498435	-0.09420216943643404
0.01	-4.635457672289651	-0.09133373782136
0.01	-4.6443987845897015	-0.08853518817888967
0.01	-4.653423150456804	-0.08580281811473084
0.01	-4.662416002122794	-0.08311095091587317
0.01	-4.67136776393364	-0.08044657255392322
0.01	-4.680338931795036	-0.07781784570088132
0.01	-4.689384334135306	-0.07524079957352063
0.01	-4.698517821872277	-0.07272392527133315
0.01	-4.707718868467619	-0.0702627024215074
0.01	-4.716951728726527	-0.06784306015495066
0.01	-4.726178354048899	-0.06544701631655866
0.01	-4.735362219011796	-0.06305748100371597
0.01	-4.744473102821299	-0.06066099977950923
0.01	-4.753492780674996	-0.058249511825249935
0.01	-4.762416495031703	-0.055821732810803965
0.01	-4.771254065156749	-0.05338226412230448
0.01	-4.780026266078787	-0.0509389595514307
0.01	-4.788755033217849	-0.04849945667077572
0.01	-4.797451991758862	-0.04606844052478469
0.01	-4.806114284721621	-0.04364685440393594
0.01	-4.814732165604015	-0.041232872663535855
0.01	-4.823298573480446	-0.03882396056887643
0.01	-4.8318123332472265	-0.03641845698526943
0.01	-4.840275892626491	-0.03401560279306041
0.01	-4.848692023117768	-0.03161471066048217
0.01	-4.8570623887787	-0.02921422125029046
0.01	-4.865387469005864	-0.026811096901025636
0.01	-4.873666731552023	-0.02440051944477404
0.01	-4.881899162612776	-0.021975422411336248
0.01	-4.890083425226069	-0.019526203677846677
0.01	-4.898220701176203	-0.01704087262026846
0.01	-4.906318128095624	-0.014504391066598909
0.01	-4.914398204827032	-0.011902589903734224
0.01	-4.922505800449861	-0.009219739493755208
0.01	-4.930709502207213	-0.0064504790079335395
0.01	-4.939097988158228	-0.003592511813649586
0.01	-4.947780945434632	-0.0006628790771829869
0.01	-4.9568931149427975	0.0023021621285208515
0.01	-4.966592298391097	0.005240264107000699
0.01	-4.977044250647016	0.008061356212479555
0.01	-4.988406250147817	0.010641352184354528
0.01	-5.00081945024439	0.012802274332487621
0.01	-5.014405380885464	0.014229815751392606
0.01	-5.029086647726022	0.014164784869106873
0.01	-5.043112178177862	0.010811918024287255
