#y location 	alpha (def) 	h 	u 	scaled bound circ 	a0 	a03d 	tevstr 	cl 	cd 	cm 
-1.9753766811902755	19588770672310087e-21	0	1	-0.5254783458585977	0.26240752600507633	0.4676399920243036	-0.010597116042049102	0.008169011655919234	-0.43264574710600234	0.5924242402368562
-1.902113032590307	19588770672310087e-21	0	1	-0.39519854079852434	0.20292943123181773	0.2998286231172406	-0.01061392843394658	0.22102590439584638	-0.2587437200084694	0.3984193720827706
-1.7820130483767358	19588770672310087e-21	0	1	-0.3009851378088683	0.15204686802036196	0.1859218869828514	-0.01044504854598821	0.958240725992298	-0.1452559215861766	0.010921452403858223
-1.618033988749895	19588770672310087e-21	0	1	-0.29897719317093285	0.1391225867221046	0.1696058097142419	-0.014523354347950681	-0.23327969843657873	-0.1216117228516244	0.45424400562270917
-1.4142135623730951	19588770672310087e-21	0	1	-0.3240294523157074	0.15248761769150038	0.19343933017153625	-0.019191530940208396	-1.8390152506547257	-0.14610022889835492	1.106434186989192
-1.1755705045849463	19588770672310087e-21	0	1	-0.10224504901405018	0.060148138539568935	0.011664074784553221	-0.0046703946766660075	1.216965979203841	-0.022730882751220528	-0.5836524898262603
-0.9079809994790937	19588770672310087e-21	0	1	-0.04895239930945127	0.04265334362585365	-0.016671784866344366	-0.00485651689994369	0.46341815121100244	-0.011430889113674774	-0.2759926003141695
-0.6180339887498949	19588770672310087e-21	0	1	-0.03322286518843833	0.0378590486219216	-0.02170452521029055	-0.00526166289092499	0.22348912322939837	-0.009005660609357116	-0.17604422232144237
-0.31286893008046185	19588770672310087e-21	0	1	-0.05101799017736466	0.05076399809886309	-0.003426608462289548	-0.004027511725182906	0.6406778879449139	-0.016191445842347007	-0.3145429495682689
-12246467991473532e-32	19588770672310087e-21	0	1	-0.056942217786969146	0.0528614096546806	0.001693796768427817	-0.004376455898616272	0.4595519914704341	-0.017557127480159043	-0.24426376846177825
