#y=-1.4142135623730951 
#strength 	x-position 	z-position 
-9703945633154909e-26	-0.16815141770678962	0.2320543273621954
-9706867254433149e-27	-0.17756975975763575	0.2334183981358289
-2203372206910359e-26	-0.1870219718704724	0.23479094026584515
-30682709845075706e-27	-0.19650887043485502	0.23617188018325147
-35454132685242e-24	-0.20603129714597904	0.23756113428630327
-4071721605714007e-26	-0.21559011996609243	0.2389586092608756
-4753717385008738e-26	-0.22518623417533665	0.24036420148313575
-55722572389615976e-27	-0.23482056342870056	0.24177779613679234
-6536121470446243e-26	-0.24449406086622005	0.24319926648325974
-7682708982881259e-26	-0.25420771028069217	0.24462847311725988
-9033507622491221e-26	-0.26396252734142844	0.2460652631598141
-10634671268605622e-26	-0.2737595608766558	0.2475094693953235
-12525727503820416e-26	-0.2835998942182184	0.24896090935314483
-1475201107103974e-25	-0.2934846466122696	0.25041938432771216
-1738468674572502e-25	-0.303414974699778	0.25188467833433725
-2049137873272322e-25	-0.3133920740709072	0.25335655699478926
-24152537608790325e-26	-0.3234171808976235	0.2548347663474431
-28473798666106553e-26	-0.33349157364925863	0.25631903157734615
-3356850058339189e-25	-0.3436165748960599	0.25780905565874346
-39583838637446966e-26	-0.35379355320599715	0.2593045179046391
-4667608625996689e-25	-0.36402392514060505	0.26080507241597223
-5503890364300101e-25	-0.3743091573560304	0.2623103464219919
-6490647654761039e-25	-0.3846507688158936	0.2638199385041642
-7654157099801218e-25	-0.3950503331230066	0.2653334166932264
-9026565311182067e-25	-0.4055094809775896	0.2668503164304263
-10645526179325904e-25	-0.41602990277012497	0.26837013838204365
-12554154521504657e-25	-0.4266133513177115	0.2698923460936744
-14805932539024846e-25	-0.437261644753365	0.2714163634728551
-17461463230200591e-25	-0.4479766695784647	0.2729415720846799
-20593240671745727e-25	-0.45876038388936213	0.27446730824460314
-24287512452592086e-25	-0.46961482079002265	0.27599285989265476
-2864370794372628e-24	-0.4805420920035348	0.2775174632277886
-3378162444223065e-24	-0.4915443916963656	0.2790402990828079
-3984144255828048e-24	-0.5026240005304096	0.28056048901699226
-4698847142978191e-24	-0.5137832899589614	0.28207709110063867
-5541726508240252e-24	-0.5250247267842828	0.2835890953641927
-6535856831441089e-24	-0.5363508779959575	0.28509541888082657
-7708333507952525e-24	-0.5477644159106193	0.2865949004483629
-909108765524691e-23	-0.5592681236356424	0.2880862948323476
-10721917473657805e-24	-0.5708649008814103	0.28956826652880513
-12645334269284492e-24	-0.582557770148816	0.291039382999764
-14913783567480077e-24	-0.5943498833210188	0.2924981073299406
-1758918805917775e-23	-0.6062445286913177	0.29394279024710096
-20744549742920948e-24	-0.6182451384619019	0.29537166144093924
-24465957520342085e-24	-0.6303552967513405	0.2967828201084011
-28854944794654003e-24	-0.6425787481523986	0.29817422464479515
-3403126136447554e-23	-0.6549194068858697	0.2995436813894904
-4013620790235817e-23	-0.6673813666004034	0.3008888323247065
-47336341400458504e-24	-0.6799689108732652	0.3022071416128109
-55828100394353375e-24	-0.6926865244726551	0.3034958808423493
-6584327904256282e-23	-0.7055389054483112	0.3047521128367917
-7765502356947562e-23	-0.718530978124128	0.3059726738593258
-9158577496740095e-23	-0.7316679070742457	0.3071541540264946
-1080155315000969e-22	-0.7449551121729274	0.30829287571638186
-12739269286687893e-23	-0.7583982848183762	0.3093848697277721
-15024592194858022e-23	-0.7720034054419553	0.3104258489121857
-17719885749521713e-23	-0.7857767624269637	0.31141117895991977
-20898687803395932e-23	-0.7997249725755797	0.3123358459750131
-24647740184263744e-23	-0.8138550032792958	0.3131944204185071
-2906933250345495e-22	-0.8281741965670125	0.3139810169354352
-342841137130831e-21	-0.8426902952270996	0.3146892495048778
-4043437058232069e-22	-0.8574114712247969	0.315312181263665
-4768791071769335e-22	-0.8723463566659287	0.3158422682482149
-5624264843191729e-22	-0.887504077592028	0.3162712961735142
-6633198054318418e-22	-0.9028942909325628	0.3165903092171421
-7823119465930756e-22	-0.9185272249873525	0.31678952959636797
-9226493741573e-19	-0.9344137238681375	0.3168582665111008
-10881607451634911e-22	-0.9505652963952709	0.3167848127625919
-12833616413170795e-22	-0.9669941700259855	0.3165563270364721
-15135771897715339e-22	-0.9837133504863215	0.3161586994503512
-17850876408952165e-22	-1.0007366878946018	0.3155763974845638
-21052993890297023e-22	-1.0180789503051038	0.31479228881631927
-2482946877475564e-21	-1.0357559057694172	0.31378743683523197
-29283304496061785e-22	-1.053784414218569	0.3125408636807313
-34535971821757216e-22	-1.0721825307169388	0.3110292744521704
-4073071343051529e-21	-1.0909696219357763	0.30922673472535195
-4803644717254682e-21	-1.1101664980455512	0.3071042915496785
-5665235879874844e-21	-1.1297955626330864	0.3046295255539762
-6681332013118088e-21	-1.149880983704115	0.30176601844735984
-7879627489980681e-21	-1.1704488893078553	0.2984727157739285
-9292775734632067e-21	-1.1915275917537769	0.29470315888499965
-10959275628812798e-21	-1.2131478446595862	0.29040455215771016
-1292451532323817e-20	-1.2353431369353596	0.285516620751771
-15242000973818629e-21	-1.2581500268407209	0.2799701995961267
-1797480430965233e-20	-1.2816085166922482	0.27368547432683915
-21197264890889314e-21	-1.3057624633250593	0.2665697675553503
-24996994085466073e-21	-1.3306600087612415	0.25851472636477063
-29477229911496067e-21	-1.3563539958486686	0.24939271570661084
-3475960625914758e-20	-1.382902298341202	0.23905215287365764
-4098740350716966e-20	-1.4103679328752032	0.22731142547298486
-483293646234631e-19	-1.4388187129717127	0.21395091561063848
-56984169264610515e-21	-1.46832602271596	0.19870250916884258
-671856732885074e-19	-1.4989619873908113	0.18123582378652142
-7920903914352372e-20	-1.5307938585044503	0.16114031148891392
-9337789442738151e-20	-1.5638738438132214	0.13790252721514515
-0.00011007267864164907	-1.598222222057998	0.11087834083005894
-0.0001297403527157747	-1.6338022673490369	0.07926017475187967
-0.00015290566479047966	-1.6704874575722841	0.04203646889558061
-0.0001801841803626674	-1.708017312568784	-0.002069399594311163
-0.0002122972969274689	-1.7459116277715239	-0.0546943416371494
-0.0002500894644953816	-1.78329115095104	-0.11792205628468612
-0.0002945478260555929	-1.8186717648700954	-0.19424151954096416
-0.00034682446280405455	-1.8501220509841076	-0.28665612867160917
-0.00040826137322164634	-1.8748919933626569	-0.40040450830867474
-0.0004804182178401936	-1.8843977756068362	-0.5435627781937635
-0.0005651027109563073	-1.8531475451823451	-0.7154765777367867
-0.000664403308445409	-1.7562332507654315	-0.8627094071073692
-0.0007807235109997916	-1.58683910519587	-0.9494218084200318
-0.0009168166340571531	-1.4439371917675536	-0.911301580468311
-0.0010758192601030836	-1.3475186407174804	-0.8882478402122778
-0.0012612807442757609	-1.3004457792217414	-0.884905622509837
-0.001477185056385416	-1.2409315469991218	-0.8756327913038314
-0.0017279598900345888	-1.2120980038533404	-0.8878645528721322
-0.00201846635821361	-1.4840538599213329	-0.24323958817525107
-0.0023539607838459504	-1.6667398260267012	-0.3184290272007921
-0.00274001823243499	-1.421628792635204	-0.7941340815975851
-0.0031824057963424158	-1.4083533012387994	-0.4926358494968313
-0.003686892686879829	-1.5484000655125152	-0.3097732433822398
-0.004258984594311486	-1.6019419254960776	-0.5217321903733725
-0.004903572441181514	-1.3802003401850278	-0.5593951711163611
-0.005624491637562227	-1.4435103177070536	-0.7550295406638873
-0.006423998272259472	-1.4456899810124035	-0.6371265056228933
-0.007302183945036006	-1.6390268856092758	-0.6370782746050108
-0.008256370774299759	-1.5326288418474632	-0.6037224868505591
-0.00928055041679148	-1.44247216891387	-0.683367201533855
-0.010364951338547906	-1.5395419317721957	-0.5744197132352538
-0.01149583039211237	-1.4730221965625063	-0.7001057608425667
-0.012655580070723503	-1.5019115937460825	-0.18860079248361414
-0.01382321512875604	-1.497412655463214	-0.6235741715524482
-0.014975250402109123	-1.569195234201731	-0.6844821519327768
-0.01608691352919405	-1.4844298384346983	-0.7201854850734741
-0.01713356966586302	-1.5506814070414956	-0.7467322976228853
-0.018092193089517757	-1.508484970829205	-0.3367815127732581
-0.018942719829916875	-1.5362388802957363	-0.6542110233792339
-0.019669155314740186	-1.5760576400600093	-0.5096669182608156
-0.02026036915209667	-1.5802189483507085	-0.21948122877896084
-0.020710554229094968	-1.515315140243718	-0.7419982525457735
-0.021019342073410975	-1.5603032632817324	-0.5845614790587731
-0.021191562695408644	-1.5355539430199678	-0.38606928660938
-0.02123664517892331	-1.538608492510543	-0.5387991345781764
-0.021167694786745374	-1.5982607179115877	-0.4779199244679885
-0.02100034252384174	-1.446864582965748	-0.60845635437172
-0.020751511546416974	-1.472153775942934	-0.666892322430178
-0.020039760975763706	-1.4617769438543249	-0.7867480543195764
-0.019406066580231626	-1.5007206761443996	-0.7041202986856312
-0.01899933389886355	-1.3904180562979047	-0.7203692662668411
-0.017310204404590458	-1.4692983238568167	-0.36231666784451977
-0.016839596358249345	-1.4359657931597964	-0.4127893899961425
-0.016329754225782804	-1.4022151216287537	-0.6030215877954919
-0.015819735207718306	-1.5338598018985317	-0.31542593306966005
-0.01960074662707939	-1.4304326869484003	-0.4431519581202761
-0.018986446572463827	-1.4195072584375705	-0.3930823452564667
-0.018759589432030484	-1.625520438931894	-0.5354398724195705
-0.018613426465864034	-1.5284896869744353	-0.4461947522467301
-0.018451839782351334	-1.636740766480711	-0.46062282055675774
-0.0182900925000364	-1.6019815450088608	-0.5797196518694911
-0.018130496769126113	-1.3896574558403743	-0.6426733463721552
-0.017972765118303105	-1.4621063618039123	-0.5699358955760555
-0.01781865726097365	-1.4156163900635361	-0.7294867397475416
-0.01766931071789189	-1.5930688602277008	-0.334428553552917
-0.017527766331677887	-1.535381735451422	-0.5043187809585515
-0.017392364868332035	-1.5462052891945517	-0.33577711694556933
-0.017267903479845532	-1.5728443269294865	-0.42227503169204683
-0.017150023760106443	-1.318651873819238	-0.730087993255605
-0.01599349081880058	-1.535463123799816	-0.41935627654334623
-0.0159064742187486	-1.348298899433673	-0.7789306632337186
-0.01579457099810348	-1.5181868700930532	-0.9021997256047302
-0.015685766575472732	-1.6522067552213167	-0.6504499032965622
-0.015589169618135015	-1.6350530084583537	-0.5743899473698785
-0.015504115525075222	-1.5940111557675642	-0.6639652578789104
-0.015433889008831749	-1.5564658057227028	-0.1704652094161813
-0.015365819422556989	-1.5983290855682333	-0.5432561977936861
-0.015311986897996448	-1.6653711198904826	-0.6158727626156856
-0.015262076143926745	-1.5469042830769582	-0.6914215463348836
-0.015215924262651014	-1.618474342224761	-0.6276788919569
-0.015179246875655396	-1.578497186067571	-0.8539140461035227
-0.015144681565605559	-1.488353157635617	-0.5831349098784702
-0.015114415085687765	-1.501185475550638	-0.44736114946272154
-0.0150889848409872	-1.5015887158271173	-0.5824868825417048
-0.015067331185374108	-1.646802036761591	-0.8361993041118472
-0.015048765819355164	-1.502646953535709	-0.6059350492140274
-0.015033607459764592	-1.7071627273783951	-0.76118199273335
-0.01502156318760704	-1.6698783863096167	-0.7374295805710132
-0.015010592916097892	-1.7102597386851874	-0.744182326986891
-0.015002940895235871	-1.3841398211487366	-0.781162687088672
-0.014997071056081583	-1.6583038787677018	-0.31038920189911046
-0.01499266951987786	-1.6287535950468424	-0.316305676378605
-0.01499126501903899	-1.6218875549235268	-0.6736205239694849
-0.014990228967160669	-1.6385120101672828	-0.32667023863689154
-0.014990506698877484	-1.634146640019414	-0.27132734425293853
-0.01499326603448812	-1.65681209860617	-0.457481189477108
-0.014996835988086606	-1.261959280371805	-0.10130906102993546
-0.014769547412106718	-1.5238375562397155	-0.10734498112537759
-0.014787573485738281	-1.6160332775076485	-0.3658315403840849
-0.014778931655373084	-1.2187166460006182	-0.7790836680453432
-0.01476970178886041	-1.2270944883698347	-0.7058579893084072
-0.014765786411251723	-1.3597256952751489	-0.5238718361586866
-0.014764461926547259	-1.2183030374888437	-0.7379577018924417
-0.014766668912963923	-1.3060354335963928	-0.6590343327734416
-0.014772098549985471	-1.2442742987759772	-0.7593598999478742
-0.014778848930159304	-1.1922906997561555	-0.8069718046218557
-0.014787444027606001	-1.2866162718844851	-0.6712509967899549
-0.014798599091041916	-1.1702854057115912	-0.7378357937453902
-0.014811036787199996	-1.2009511046534613	-0.7699439410197996
-0.014824417017764342	-1.1750262924988668	-0.7902381339609439
-0.014839612678600666	-1.2687091244190098	-0.6729023462493494
-0.01485624014821621	-1.2049453157474463	-0.7004838229222022
-0.014873614482717682	-1.151650307426094	-0.8159722086366733
-0.014892103706440023	-1.1842399505762038	-0.707616045991384
-0.014911817830889322	-1.2343948129299829	-0.6789568211575302
-0.014932301386961394	-1.3382397574555467	-0.6029928518947746
-0.014953558860629042	-1.3552391590482376	-1.1801218204336257
-0.014975759303963703	-1.398729460464581	-1.1947948034609985
-0.01499867858844853	-1.3475343212639184	-1.15271487913877
-0.015022137476132978	-1.4211573691784107	-1.220186923007458
-0.01504618302482897	-1.4065451298377551	-1.1640542733134496
-0.015070738188381127	-1.3721816121236368	-1.1991245693263435
-0.01509560224039476	-1.4290672662772799	-1.1400584264231794
-0.015120660158414461	-1.3900735847727645	-1.1293269888792432
-0.015145831992267465	-1.4060809873695737	-1.1474961216349866
-0.015170956855482531	-1.8192431227513448	-1.6104491447245601
-0.015195816646321872	-1.8537141722498496	-1.5864698358685934
-0.015220182175823396	-1.8232319085972868	-1.5510655293700937
-0.015243799652582168	-1.805084416078094	-1.5342418174829862
-0.015266359359658026	-1.8453502050508817	-1.5501108116835813
-0.015287480526534405	-1.7080654232072705	-1.4962287074408802
-0.0153067098866101	-1.8098699455169096	-1.5599182480848879
-0.015323518952170948	-1.9407811065546363	-1.6274233271993888
-0.015337290454722426	-1.8374771245520642	-1.6102242699989555
-0.015347297437868994	-1.7212949589913196	-1.5856002317315876
-0.015352681651093108	-1.7439305287505134	-1.4695000115948473
-0.015352433284812747	-1.8496144951774542	-1.5095416838965032
-0.01534537092474146	-1.8464742849754945	-1.477231595746166
-0.015330117513547663	-1.7967979433870676	-1.4716175987864453
-0.015305068222184727	-1.8035506839905568	-1.4790530575494392
-0.015268351982236503	-1.8847813303597105	-1.5142164425528768
-0.015217791949495341	-1.9509630148856574	-1.5913031735871355
-0.015150866572025384	-1.9054775763802743	-1.5573987371588187
-0.01506466953649596	-1.7826476535076266	-1.7007071404126903
-0.014955868689124772	-1.8353901684172391	-1.6413020982635074
-0.014820667055974575	-1.7940195044131857	-1.4914402145079146
-0.014654769953191706	-1.875170873198662	-1.535027957499665
-0.014453362701687653	-1.924471512348611	-1.5769910531036768
-0.014105572124839719	-1.8967827087933462	-1.5780377749508478
-0.013823021024655288	-1.8678530056022495	-1.6249559752820344
-0.013478807171168625	-1.7693182026312346	-1.678630246377566
-0.013072360337995189	-1.8158351228261238	-1.794745655931781
-0.012600714625866677	-1.7974347154527588	-1.7869048561196754
-0.012056898987645736	-1.830251404208102	-1.8215699630835844
-0.011434470579470668	-1.8051943912481518	-1.7568428509168752
-0.010728126155120098	-1.8290072355982727	-1.8016943214158196
-0.00993407863636426	-2.0599120580465895	-1.8793474320993269
-0.009050795756277083	-2.2083924862355118	-1.8695479450602945
-0.008079811353808376	-2.303973838658096	-1.86877812601921
-0.007026531749724646	-2.395934898655859	-1.8600542659619004
-0.005900967107092519	-2.485113831060958	-1.845443362271608
-0.004718264707340222	-2.5730010331530346	-1.8246867365102937
-0.003498894605526939	-2.6604132641423472	-1.797327617229607
-0.002268340574425665	-2.7479534231049043	-1.762732446079852
-0.001056187898679211	-2.836597902030804	-1.719768179821629
0.00010542199695046973	-2.9290180884069033	-1.6658077963576061
0.0011838894129818506	-3.0363623845513197	-1.5913550166205586
0.0021486005330613655	-3.1633214766742066	-1.3314531777169942
0.002973402162773609	-3.1648844109086895	-1.2815419154803431
0.003638736232657979	-3.169382361758523	-1.4164281813084048
0.0041330918714646385	-3.145059793283129	-1.4020491344810289
0.004453549061126391	-3.1536768148171643	-1.3758234525259252
0.004605364933574789	-3.1470623087922553	-1.3781621561527502
0.00460073998512815	-3.144324679251391	-1.3870895883283347
0.004457040656456333	-3.139473166834621	-1.384088169551897
0.004194811517078933	-3.1620386817996433	-1.432755626324486
0.003835882772854379	-3.151650806120909	-1.4038015966076514
0.0034017915602298416	-3.17447096488254	-1.3677391137716461
0.0029126245850953376	-3.1723449290843737	-1.4467152259415914
0.002386288699770854	-3.1908454223608524	-1.2028917237220185
0.0018381477706528278	-3.181279337831523	-0.911768799888352
0.001280935899663642	-3.075378951671915	-0.7607209390872736
0.0007248602784553154	-2.998779022576392	-0.682329332761463
0.00017782405531167867	-2.8255578031650868	-0.6707898570502205
-0.0003542837408566802	-2.7141825870764875	-0.7552393728298766
-0.0008672715748491312	-2.686426623764789	-0.6528993157906391
-0.0013583308373528308	-2.909318026311894	-1.1837836472683088
-0.0018257405489185575	-2.6713654718727358	-0.8105552235839855
-0.0022686002170870315	-2.993746331089705	-0.23293799315615252
-0.002686596584011481	-3.0179938686574843	-0.3110521137772028
-0.0030798090642028472	-3.046526175506171	-0.2485005144711954
-0.003448555870991481	-2.9924387623773687	-0.49268217367060935
-0.003793278271613458	-2.8653735607179374	-1.0440982422092537
-0.004114457555667234	-2.640658564221109	-0.6572208329210009
-0.004412559870409169	-2.927294711511117	-0.4512842408662188
-0.004688005746722866	-2.6321079813307153	-0.7688269462236482
-0.0049411611090928766	-2.635485108150154	-0.6723505710628159
-0.00517234509493455	-2.9167407314611182	-1.2753030231572877
-0.0053818490415038014	-2.9594200796111836	-1.1748431556887116
-0.005569961480078331	-2.965446627974437	-1.1789105177771835
-0.005736995294237314	-2.9623296752483457	-1.1775962936172562
-0.00588331460056964	-2.9272053791303922	-1.2542835044470735
-0.00600935969248124	-2.923509197940958	-1.2548039059010954
-0.006115668147091561	-2.958391601141153	-1.1950821314337103
-0.006202890392436017	-2.9658279783549273	-1.1822903898468726
-0.006271799772632246	-2.869695498450286	-0.8826864063026635
-0.00632329869681571	-2.874557504580229	-0.8737187877218285
-0.006358421760842549	-2.9415078064251814	-1.290352640628503
-0.006378335692637847	-2.8684991040154326	-0.8135265058902931
-0.006384336012509142	-2.855574297020484	-1.0459041217890956
-0.006377838186675823	-2.887442656806184	-1.0239588677172347
-0.006360355160824517	-2.649366098601913	-0.6418398658552391
-0.006333447544710287	-2.9417827134961825	-0.4885840616565488
-0.006298628352563136	-2.978072558032926	-0.46897179484784235
-0.006257194356844437	-2.973513584848408	-0.4725414604256191
-0.0062099379591149285	-2.9703734200828955	-0.4750712986404349
-0.006156673780832727	-2.963848452990064	-0.4771708888053991
-0.006095512161024687	-2.9587302340681965	-0.4816520325954613
-0.006021866300293363	-2.9802028389500164	-0.4855187121417751
-0.0059273620939924105	-2.9895537908440906	-0.5100519131821796
-0.005799211384644347	-2.9282927224069946	-0.46666394810124023
-0.005621161929033029	-2.9981258107097344	-0.46504180931364403
-0.005377477729097758	-2.9358386200966513	-0.446944363906263
-0.005060388339235485	-2.993230265388595	-0.5173113763957481
-0.0046772049336870035	-2.970205327145579	-0.5150776414714145
-0.00424856465977793	-2.9321886597779776	-0.48612711964854977
-0.0037955017170981757	-3.0061726292408446	-0.45248051005947093
-0.003326727330021267	-3.006153800033257	-0.46393565670671316
-0.00283640740561477	-2.9829462245607714	-0.5124841323327547
-0.002310439951791121	-2.9282127848799377	-0.4722016138166255
-0.0017340880304279882	-2.947806353026339	-0.4659527363347185
-0.0010966503211023767	-3.0632151498198947	-0.43439623792006204
-0.0003922044321698732	-2.7128745924205138	-0.5239192702763378
0.00038250552609681476	-2.642976313343879	-0.6164658444143737
0.0012291032748978099	-2.638085455195459	-0.7827927823097939
0.002148861272672275	-2.886475585091974	-0.844050397804867
0.003145075723546188	-2.8709330247205536	-0.8617667944127074
0.004194704602777783	-2.993154692843911	-1.2400741253974548
0.005226219516119681	-2.6664676197609465	-0.6411500398354935
0.00618662900490859	-2.653779641030434	-0.7573759906715544
0.00707754406493232	-2.8800695009192547	-0.9727770946205151
0.007864667262041807	-2.862542451888595	-1.1140683863474272
0.008482252879709603	-2.6299772553764895	-0.7559067661097639
0.008906679716705636	-2.6965458413573824	-0.7854643822245122
0.00914481378449005	-2.739786259953908	-0.7515144507403659
0.009210300831764186	-2.739849485965438	-0.7429979961902896
0.009147920494994344	-2.7674572709319083	-0.7267235207630864
0.009023798575274645	-2.7730776443530796	-0.7218377289320745
0.008846303770500337	-2.679062134800032	-0.8018276903816495
0.008581782637234279	-2.6356801072777203	-0.7705501143553388
0.008206295876828616	-2.9865736843672885	-1.2399168216405516
0.007702900774131213	-2.64921537201173	-0.6412492286986389
0.007055104745939538	-3.0638764508956653	-0.4353699223143217
0.006255828223274911	-3.0523477257928606	-0.3910057362305141
0.005315595662524018	-3.0666536337565278	-0.44231239771226966
0.004273961705545988	-2.9260926306510244	-0.44961056592486537
0.0031951963553609147	-3.0100295490909192	-0.4782866098972902
0.0021613815107097926	-2.7773712624533857	-0.49920808972087016
0.0012595005867685385	-2.7872153807808266	-0.4738639348223223
0.0005422335198473158	-2.8344265024535287	-0.4551387906930505
2364944175381467e-21	-2.885346885119298	-0.4402248818232278
-0.0003971672732719766	-2.809128423405338	-0.461308497031416
-0.0006901663962276972	-2.744140301602426	-0.5215261037274759
-0.0009000952739851627	-2.7574814055280674	-0.5180923930137304
-0.001043568123749717	-2.808513861069563	-0.4662150592012488
-0.0011336035538101873	-2.9062157245170224	-0.43750067845085266
-0.0011571848167828865	-3.0084838762315202	-0.48903653450830553
-0.001170822686993948	-2.9994215034138745	-0.49950067159081846
-0.0011582107171534337	-3.0046154030462886	-0.48688313265721866
-0.00112487583593863	-2.9781300881245083	-0.4394844165600725
-0.0010750119575725133	-3.0016348400734096	-0.4696550444700874
-0.0010126012529427311	-3.0013209372401226	-0.46066322354256717
-0.0009418114924579207	-2.9618570175990704	-0.4440153825841699
-0.0008667262125135865	-2.917714665791973	-0.4872581575893125
-0.0007910910968476764	-3.045995142333763	-0.37974537467551184
-0.0007181711884043963	-3.036210749342072	-0.3344489836790796
-0.0006506804122103933	-3.033042849030073	-0.3056850770256099
-0.0005907637289146502	-3.0165800288311897	-0.2704467995160326
-0.0005400259481990327	-2.9858353862410643	-0.2626091946176673
-0.0004996021290308208	-2.9788786507199534	-0.2590174080527427
-0.00047026866737964745	-2.9822098682446043	-0.24485559238546786
-0.00045257670808071353	-2.9945201839317592	-0.23591760076591078
-0.0004469459199081885	-3.0067680285686635	-0.23446126267912853
-0.00045358277929278233	-3.0151440631844744	-0.235936599444211
-0.0004721195226688509	-3.020567063071068	-0.23759834700248889
-0.0005011180308118098	-3.0239118232847653	-0.2390924893438064
-0.0005378220435216744	-3.0254968581189345	-0.24051109389407618
-0.0005783896060299852	-3.0255476485944177	-0.24185749090050168
-0.0006182261323490895	-3.024287888967398	-0.2430895471403854
-0.0006518923545256357	-3.0220366072406537	-0.24424354990558914
-0.0006729273418893678	-3.0193642896808006	-0.2454953086881779
-0.000674632745063972	-3.0172237931116417	-0.2471452152273424
-0.0006518972874282481	-3.0169326433411676	-0.24958201231956403
-0.0006017470536777893	-3.019893478677289	-0.25322578713596744
-0.0005233664058268486	-3.027145343723562	-0.2583792706988793
-0.00042098124880470336	-3.038168642403252	-0.2641045901637188
-0.0003030560405458769	-3.0499364061885106	-0.26837182562802936
-0.00017860287060770565	-3.0607006725302677	-0.27025048168368704
-56572425166561205e-21	-3.070084409702818	-0.2700038673909999
57118061050551866e-21	-3.0781775279561128	-0.26816772109071685
0.00016142912667732254	-3.0851687101581424	-0.26514308065691855
0.00025640014343837787	-3.091213656040049	-0.26119986455663796
0.0003422200559681267	-3.0964184009913316	-0.2565395384217045
0.000421063376085681	-3.1008592634462193	-0.2513293105654837
0.0005014848514597759	-3.104600358198444	-0.24570728213338014
0.0005931855060035511	-3.10769449266174	-0.23978181875645543
0.0006990972345899196	-3.1101691633527144	-0.23364841533222505
0.0008091362845320162	-3.112018316724519	-0.22742562281950363
0.000916251014894667	-3.113228520161385	-0.22127237325341464
0.0010192179065590928	-3.113830140503833	-0.21534427185752442
0.001117953237374316	-3.1139185563321043	-0.2097190240951414
0.0012065343732823124	-3.1136241866638663	-0.20437200771359434
0.0012789587830181197	-3.113072912362746	-0.199216968431239
0.001338966971997793	-3.1123716496253127	-0.19416069602938388
0.0013956109487665495	-3.111617916904032	-0.18913386440073035
0.0014514504861144533	-3.1109253454245005	-0.18406697150051196
0.0015139294205663667	-3.1104585807502456	-0.17880410247285897
0.0015629840910963682	-3.1104885980493022	-0.1729964976206154
0.0015950536532513414	-3.111470110743153	-0.16608822592038242
0.0015827186491526592	-3.114036463303301	-0.1575541618232731
0.0015480095532407463	-3.1185916993150906	-0.147362474761007
0.001570003369662181	-3.124496806757225	-0.13607627679294257
0.0016635943960735314	-3.130145049206858	-0.12443011242557146
0.0017407221227623776	-3.134182043400582	-0.11318109933316334
0.0017832092922454095	-3.1362992992273124	-0.10292535019761252
0.0018081435662418107	-3.136949037653205	-0.09373096211811877
0.001838493961570704	-3.1367181511025835	-0.08519031894781921
0.0018725859614032695	-3.1360436032708265	-0.07662069582954428
0.0019105097605399868	-3.135250913705502	-0.06704179188209183
0.001954932370456259	-3.1347479151063675	-0.056029337208172034
0.0016089783090272476	-3.1348431737039317	-0.044392131220162306
0.0018704497555181222	-3.135748383620854	-0.03281466501485141
0.0017511597417101806	-3.1375247236418247	-0.02187248424380234
0.001529863183003925	-3.1394290658114445	-0.011909813595136931
0.001915498576327794	-3.140761454339977	-0.0026657400572849595
0.0016591253031611637	-3.140746087593445	0.005451840900253874
0.0017123473251045135	-3.1390894527081468	0.01174806942828642
0.0017468715972780366	-3.1366122394506175	0.016600155740487836
0.0017655188853061387	-3.1345244146084648	0.020849658021280616
0.0005663660375603094	-3.1334212789193376	0.024860048899360956
0.0018172103564002213	-3.1359670892103026	0.030576378978889717
0.0005902179471476357	-3.143808473468088	0.038483785814779646
0.0005919460426149187	-3.1558082934286884	0.04684648779343738
0.0005893505500091255	-3.170282425443289	0.055819820783969895
0.0005843120972468871	-3.183467814803862	0.06583164258464153
0.0005762119716126914	-3.1934823390268856	0.0765757936693663
0.000581834488401855	-3.2002852827559747	0.08727127813714856
0.0006015117825668119	-3.2047816095558876	0.096938813749375
0.0006111843596492784	-3.2083416638862454	0.10526629500520145
0.0006422531424903738	-3.2118873724525283	0.11268051555627642
0.0006799417243911808	-3.2157051173212023	0.1196995514901979
0.0006969740037233827	-3.219865128498923	0.12658629020694845
0.0006749057445124165	-3.224630243668365	0.13338123191973117
0.0005565201808346953	-3.230558103335895	0.14004021361202615
0.00038020730662291925	-3.2383581554288114	0.14651061315455124
0.00019006816840407578	-3.248650990345465	0.15272561863178272
-39311749875982805e-21	-3.261755929764412	0.1586184825901678
-0.00033314545145732635	-3.277803961792297	0.16415016345556346
-0.0006793342269992985	-3.297055447390904	0.16925362478340605
-0.0010951434366947138	-3.320170216791073	0.17378358662534335
-0.0015922679656240675	-3.34870518933067	0.177688491425922
-0.0021821534877662398	-3.388714472953153	0.18142336002874992
-0.0028831067017444324	-3.451915177977098	0.16664275022727792
-0.003711565530133752	-3.5041170390704246	0.146566110718678
-0.004663994523249554	-3.5253712412021296	0.13072108292159842
-0.005752624592983481	-3.536872298814602	0.09639341675121742
-0.0070902657421605675	-3.551996855025192	0.06888518515673488
-0.008532181560586154	-3.496218871385135	-0.006594277820759953
-0.00992437189736099	-3.457936295660364	0.022572880236377043
-0.010985811657502207	-3.455612774147664	0.007228686855534796
-0.011662103737127002	-3.364322006604037	0.11181475256308228
-0.012127296257977684	-3.5171152432507258	0.03714711538353697
-0.012748449221445544	-3.4615229216845997	0.07428865648419704
-0.013445200804569818	-3.478952449508565	0.08638932589044654
-0.014100723357537584	-3.4907713974378147	0.07943611450053278
-0.01508823222608289	-3.4913543046320803	0.06801920553071623
-0.016000516245560006	-3.4879226526664864	0.05808593976891035
-0.016575955539596406	-3.516494301358404	0.052072980333733275
-0.01745266131274627	-3.4702568203862816	0.11829508548546058
-0.01798623976081426	-3.462904230760131	0.1223055304508186
-0.018814624140369673	-3.4305032655775825	0.07936894297174629
-0.01970409195051629	-3.416906168674433	0.07567997414246129
-0.020471358506368505	-3.464349393704738	0.05003541331789723
-0.021497553328629283	-3.4751310179081165	0.02776255655548587
-0.022230194504565724	-3.493792215553885	0.009621649750541606
-0.022183329094711775	-3.537017842326901	0.010423667287031067
-0.022260041918863382	-3.5095981760590167	0.02738218034058724
-0.02279771180156822	-3.410657507152477	0.1579492289262582
-0.024220991655883737	-3.3505152231569313	0.1152334238932106
-0.02372152814315258	-3.322220922387124	0.10512497652877817
-0.02319726038409703	-3.4499320605641755	0.10907256064793669
-0.02190814862581387	-3.4085202346038965	0.11254672655790048
-0.021218481963481292	-3.4206719396760463	0.1104587211211789
-0.020764718087698718	-3.4295657923016925	0.10552237964166197
-0.02025549698268058	-3.403680856846634	0.11547707802636363
-0.019709062288463378	-3.456100769342651	-0.01529128907766811
-0.01918370976733048	-3.4534115351550017	-0.08890522789519607
-0.018991054525540334	-3.4330932550182944	-0.057874663089530334
-0.01876522613191458	-3.442719088175991	-0.052572023908825274
-0.0185682615856618	-3.4461857747422786	-0.06330481411774104
-0.018240525517307354	-3.4552284298833182	-0.05793760672763253
-0.018199210045196743	-3.4403433211309458	-0.024286207855956497
-0.01834454076493171	-3.420960128241423	-0.07971596301706664
-0.01838659347764969	-3.589844432111193	-0.07503014209279375
-0.01810614049667489	-3.598639447471048	-0.10303593730542426
-0.017616095164299118	-3.5497912217171304	-0.09807719674809037
-0.017395706539849565	-3.5541065140510844	-0.09024601196929369
-0.017762419825757037	-3.5639937490462223	-0.09318908660596559
-0.01860718651847923	-3.5724620075293974	-0.08718859440546717
-0.019387429152298914	-3.56387423974784	-0.06856023822379223
-0.019418494721904156	-3.5326884189835535	-0.08374337574083125
-0.01895885724020186	-3.5875482103684373	-0.11422695706980635
-0.018351475938953418	-3.6531978916155774	-0.07483794802029534
-0.0174479068482879	-3.678692994074575	-0.06955337547866963
-0.016757686743908234	-3.68670133619258	-0.07368596536261536
-0.01637621804897322	-3.68979583593763	-0.07880456483285993
-0.01609400920710643	-3.695749289821762	-0.08340857272239251
-0.01583649739370581	-3.7072170820342523	-0.08526856394960629
-0.015589332306071214	-3.722068167032013	-0.08269383583023864
-0.01540393936953573	-3.736908640389734	-0.07825122904806081
-0.015291916971608319	-3.750953383613662	-0.07398849343029539
-0.015215135479594941	-3.7645037706093176	-0.07014041394652144
-0.015129040427399973	-3.777897850677771	-0.0664434535758154
-0.015009894445506967	-3.7912144727862582	-0.06276014710952497
-0.014870854532829256	-3.804335080743436	-0.059165581277267336
-0.01473873981770621	-3.817117871252788	-0.05580800555495593
-0.014630994145202202	-3.82950220260277	-0.052772768024840905
-0.014564431228862142	-3.8415098232538716	-0.05006371379672224
-0.014571275642549326	-3.853175494182427	-0.0476741859591246
-0.014687137075245708	-3.8644936283263482	-0.0456355387502695
-0.01492255203193306	-3.875443081213956	-0.043982374118794035
-0.015261934100797903	-3.8860427631033354	-0.04269397781854363
-0.015702443797375305	-3.8963650125297646	-0.04168354969649043
-0.016255058959379048	-3.906519820446987	-0.04081552933843097
-0.016899548957166305	-3.916652668154231	-0.03990947793751123
-0.017611671926546228	-3.926943789840982	-0.03873950393210261
-0.01837673280321149	-3.9375874646180034	-0.03705411947430203
-0.0191093713087835	-3.9487573476796776	-0.03462718799873056
-0.019637240175177914	-3.9605433534383323	-0.031354655990214975
-0.019862088738362312	-3.972886884016999	-0.027352865076414837
-0.019834824656996118	-3.985633209093584	-0.02291882906017942
-0.019647564744237962	-3.9986331189191398	-0.018376320044533413
-0.01940176693123203	-4.011759005563834	-0.0139554056119079
-0.01924856537672345	-4.024911372991712	-0.009730822379838598
-0.019191530940208396	-4.038009418020324	-0.0056577039356241025
