#y=-1.2246467991473532e-16 
#strength 	x-position 	z-position 
-10172121304996562e-26	-0.18759330942631627	0.24419852443847595
-9755496757635207e-27	-0.19723550234458795	0.2455660001294126
-2323068820642149e-26	-0.20691523628650563	0.24694012844657764
-3247691525432028e-26	-0.21663340510510903	0.24832075785953264
-37476514946899186e-27	-0.22639093003981792	0.24970772361748503
-4306339312920571e-26	-0.23618876074595266	0.25110084798818333
-5023242759250035e-26	-0.24602787643168397	0.25249993948023447
-5889188268992651e-26	-0.2559092869996534	0.253904791798007
-6911882177718098e-26	-0.2658340342461669	0.2553151829506609
-8122054417913915e-26	-0.2758031931236067	0.25673087433417446
-9552878453555902e-26	-0.28581787306450723	0.25815160974088414
-11244932415777065e-26	-0.29587921937021755	0.25957711430198466
-13240196612696042e-26	-0.30598841466832993	0.26100709336304123
-15600641785351588e-26	-0.31614668044307515	0.2624412312877597
-18380292600428394e-26	-0.32635527864308045	0.26387919018345696
-21664786631347965e-26	-0.33661551337121226	0.26532060854320333
-2553761785373254e-25	-0.34692873266156704	0.2667650997983503
-3010791442548122e-25	-0.3572963303490259	0.2682122507743284
-3549492956500533e-25	-0.36771974803724095	0.2696616200428681
-4185528330175048e-25	-0.3782004771713119	0.2711127361626006
-4934894402841561e-25	-0.388740061221896	0.2725650957987596
-5819606654217102e-25	-0.3993400979880236	0.27401816171360427
-6862646614175238e-25	-0.41000224202644336	0.27547136061689864
-8093395693214989e-25	-0.42072820721586435	0.27692408086520615
-9543963310626458e-25	-0.43151976946524645	0.2783756699975344
-11255641453600251e-25	-0.4423787695760035	0.2798254320940163
-13274090281817363e-25	-0.4533071162686236	0.2812726249432628
-15654778272311543e-25	-0.4643067893852208	0.2827164570020617
-18462625230725171e-25	-0.47537984328042265	0.28415608413072274
-21773917929096553e-25	-0.4865284104141436	0.2855906060830542
-25679677325557426e-25	-0.4977547051607241	0.2870190627311936
-30285836893906293e-25	-0.5090610278503108	0.288440430001134
-3571818970801721e-24	-0.5204497690597448	0.28985361549314564
-4212560215585692e-24	-0.5319234141716144	0.2912574537592416
-496818302990476e-23	-0.5434845482219388	0.29265070120497416
-5859443879749349e-24	-0.5551358610586059	0.2940320305822132
-6910535858828393e-24	-0.5668801528348767	0.29540002503325263
-8150196470838034e-24	-0.578720339864394	0.2967531716431649
-9612229418670681e-24	-0.5906594608667172	0.2980898544531068
-11336570951078762e-24	-0.6027006836350652	0.29940834688090934
-13370226341000158e-24	-0.6148473121608985	0.30070680349033346
-15768739666452425e-24	-0.627102794253596	0.30198325104250534
-18597492299626817e-24	-0.6394707296970505	0.3032355787549854
-21933727927664348e-24	-0.6519548789892947	0.3044615276853394
-2586844774672692e-23	-0.6645591727159088	0.3056586791459664
-3050904070871219e-23	-0.6772877216131544	0.3068244420449196
-35982095606887365e-24	-0.6901448273827796	0.30795603903421387
-42437053524024826e-24	-0.7031349943268055	0.30905049133211554
-5004988049527037e-23	-0.7162629418780847	0.3101046020672321
-590284549226161e-22	-0.7295336181108846	0.3111149379726319
-6961772457472759e-23	-0.7429522143248115	0.3120778092349302
-8210659266198739e-23	-0.756524180806071	0.3129892472755654
-9683589388687075e-23	-0.7702552438821062	0.3138449802105732
-11420748837961958e-23	-0.7841514243993014	0.31464040569710394
-13469544069173722e-23	-0.7982190577685321	0.31537056083404064
-15885873622806246e-23	-0.8124648157411168	0.3160300887329747
-18735673547147502e-23	-0.8268957300978098	0.3166132013169726
-2209669972136341e-22	-0.8415192184562154	0.3171136378356931
-26060663509824833e-23	-0.8563431124284027	0.3175246185037415
-3073572724283935e-22	-0.8713756883903997	0.3178387925733532
-36249441880131794e-23	-0.8866257011600707	0.3180481800368871
-4275226294942619e-22	-0.9021024209199575	0.3181441060175644
-504216081522596e-21	-0.9178156737676944	0.31811712674361037
-5946674456747125e-22	-0.9337758863299128	0.3179569458043191
-7013445041184618e-22	-0.9499941349375446	0.31765231914832315
-8271578384351497e-22	-0.9664821999325045	0.31719094699538414
-9755401327495722e-22	-0.9832526257585976	0.31655935048254863
-11505394580391126e-22	-1.0003187875860415	0.31574273043722817
-13569302655686705e-22	-1.017694965331305	0.31472480513757467
-16003429584212497e-22	-1.0353964260631703	0.3134876232680956
-18874179058183532e-22	-1.0534395159339478	0.3120113474655641
-22259858929955106e-22	-1.0718417629449324	0.310274002829865
-26252822318464236e-22	-1.0906219920468518	0.3082511834898872
-30961978178742355e-22	-1.1098004542866715	0.30591570869138995
-3651575980046992e-21	-1.1293989719389597	0.30323721780018675
-430656228083727e-20	-1.1494411017925252	0.3001816909398831
-5079016855405807e-21	-1.169952318975326	0.29671087853353906
-59900002958857e-19	-1.1909602238519856	0.2927816185167187
-7064346496181775e-21	-1.2124947745441266	0.2883450140672553
-8331337442758074e-21	-1.2345885473711595	0.28334543685311775
-9825499013130928e-21	-1.2572770267565618	0.2777193103233511
-11587537547748036e-21	-1.2805989244890286	0.27139361348518304
-1366544371883896e-20	-1.3045965249785008	0.26428402652791344
-16115792124057893e-21	-1.3293160470957743	0.25629261364686234
-19005271425636197e-21	-1.354808002219752	0.24730490286154788
-224124849130692e-19	-1.3811275085380135	0.2371861739723127
-26430068966519157e-21	-1.408334486939858	0.22577669965675867
-3116718392698163e-20	-1.4364936025592443	0.21288559640052782
-3675244168648874e-20	-1.46567370831913	0.1982828289058623
-4333734404312131e-20	-1.4959463595369855	0.18168878031655958
-5110031803271485e-20	-1.5273826515093154	0.1627606847982218
-60251447361964194e-21	-1.5600471289199607	0.14107522194195238
-7103801483077446e-20	-1.5939868459960536	0.11610694574609917
-8375098542592538e-20	-1.6292132380549786	0.08720342068878864
-9873257911543511e-20	-1.6656760611609869	0.0535601399775755
-0.00011638510025616458	-1.7032367339065433	0.014198120617445444
-0.00013718120988795088	-1.7416649042829895	-0.03207275553650526
-0.00016167584571447416	-1.7806680553596228	-0.08679174128844408
-0.000190520011428991	-1.8198010702451326	-0.15222074498602672
-0.00022447666778638818	-1.8578792182108579	-0.23180904163828797
-0.0002644389638037977	-1.891682394764108	-0.33018980247345275
-0.00031145103400726133	-1.91305391397616	-0.45152259322910226
-0.00036673156281036637	-1.9086577883248323	-0.5848118793528462
-0.00043170025545298356	-1.8870520410575866	-0.7209743933664456
-0.0005080072569722312	-1.8196379256560102	-0.8655187649614638
-0.0005975654004446752	-1.6801558388340787	-0.9557761622435694
-0.0007025849275539356	-1.5789240859523823	-0.979239853268935
-0.0008256099752200364	-1.4688111247434106	-0.978047059669622
-0.0009695556378948519	-1.3417599770807624	-0.9183340269256234
-0.001137743746096969	-1.2596577923075811	-0.8165512613079536
-0.0013339346211991114	-1.1829359574700433	-0.706816585961228
-0.001562350928124399	-1.140771070923825	-0.6843581937159674
-0.0018276883331070307	-1.579920227572212	-0.3359019490647499
-0.002135105991050693	-1.523181234390454	-0.14781646613254715
-0.0024901879954191313	-1.5855016333851073	-0.18949191883365615
-0.0028988649825342017	-1.8358946520345356	-0.5080373721496606
-0.0033672833805578296	-1.34872267354919	-0.7194540232005561
-0.0039016088105313295	-1.5475926721088316	-0.4233438166745576
-0.0045077505909368815	-1.3021362837164638	-0.5291476124898346
-0.005190997107908389	-1.5349724188082474	-0.5521283846974591
-0.005955558089784762	-1.4540516011191893	-0.6066341594785325
-0.00680402061783982	-1.562633425029619	-0.6740427235036611
-0.007736741612748248	-1.6998563431656883	-0.7722243563169005
-0.008751220097621673	-1.44827995564232	-0.7928013338809554
-0.009841515493873325	-1.5336465190333217	-0.6034519003190473
-0.010997798896591747	-1.517104884305881	-0.6606970010277997
-0.012206135646553323	-1.5046079649557365	-0.689577218220266
-0.013448591342013521	-1.5619355720371293	-0.5808162937052499
-0.014703723200526216	-1.539621313552721	-0.6365477561140405
-0.015947463827878088	-1.5743766121597063	-0.6854516437463648
-0.017154334322925045	-1.555967389716557	-0.5538336438454939
-0.018298858119933332	-1.5063096389704713	-0.5910606940827638
-0.01935701052985679	-1.4224860225807772	-0.6577577280024453
-0.020307548006713114	-1.5016492813451696	-0.63490800227314
-0.021133110545123356	-1.5359426736873587	-0.7290857570335798
-0.021821050954048068	-1.5644773307184283	-0.7582812323041033
-0.022363979418439393	-1.637870253597525	-0.8080745864790875
-0.022760005767990837	-1.6362438527934509	-0.765714580773612
-0.02301263774705244	-1.6130861141987805	-0.533590280305325
-0.023130294137427704	-1.6156015233346155	-0.66823583904489
-0.02312544097078495	-1.5813808842146235	-0.4340978235464772
-0.023013439467843674	-1.5128040089087396	-0.46823669902740145
-0.02281126114056187	-1.5022925320279243	-0.5405137147316689
-0.023630178987729393	-1.5452960917199132	-0.5130843248051045
-0.022929157038651504	-1.4677756057184013	-0.5578443700863093
-0.022660494562338086	-1.4679926147985365	-0.6864409934551228
-0.022249476746957167	-1.4882173730654202	-0.7971512249704961
-0.0219165806148583	-1.5493921163773712	-0.7908146071415667
-0.021550898975740883	-1.6079168573635505	-0.7966707661131702
-0.021175052709017234	-1.6008131861740051	-0.5973037556035121
-0.020704530111087846	-1.5866648173142228	-0.7124155592385851
-0.02033980282436904	-1.6105817661765125	-0.45160528015566587
-0.019977370558826466	-1.6318289063246845	-0.5682922461349627
-0.01963390711486903	-1.5936190246548383	-0.4861822959903739
-0.019314914269284087	-1.4533675942676685	-0.5099262824971268
-0.019018741369481097	-1.4173773507390999	-0.5602692852767345
-0.018742307336919537	-1.3923808778353284	-0.5779924563672859
-0.018484131652488387	-1.3795373194446658	-0.6338782465458145
-0.018243251568719566	-1.450438683131418	-0.6251447174171879
-0.01801625006272619	-1.4412651938155177	-0.7257821799673702
-0.017812323544184328	-1.4678552813761063	-0.7602404393873621
-0.017609878928709112	-1.5053662422957936	-0.7597075430883888
-0.017443155287484906	-1.705039307557124	-0.4629525053607718
-0.017269916367299243	-1.654724098110866	-0.6969022109993147
-0.01708150305524355	-1.6688072875511766	-0.6824543865835394
-0.016947344212632977	-1.6782528470832663	-0.5989851289656234
-0.01681592858484428	-1.6903996946760855	-0.4399999371881138
-0.01668894485687581	-1.6640405422628588	-0.5260073085760554
-0.016581577413566063	-1.579509905996591	-0.6280464642284906
-0.01647963003560867	-1.6239569633525575	-0.6118686865273077
-0.01637722593981225	-1.2867129650703595	-0.5457964884125401
-0.016298519019620143	-1.27871768749494	-0.5863849379906951
-0.016212566709233135	-1.276373658355244	-0.6207696207255466
-0.016141116258816417	-1.3095594201375855	-0.6645988637585527
-0.016074435165598987	-1.3056098425582061	-0.7091534448070316
-0.01600816654324185	-1.4252001691560234	-0.7898737710306466
-0.01595994794564843	-1.3225799832001306	-0.7771638850193434
-0.015905249578518514	-1.31719962979619	-0.7941493669350728
-0.01585615255068567	-1.410699842873097	-0.712060756711159
-0.015817356688843726	-1.4130862056131277	-0.825356687344081
-0.01577315686351761	-1.5261941963912025	-0.873917856579335
-0.01574144779161224	-1.5996024220394	-0.8679610233588543
-0.0157142473110497	-1.8079492455353288	-0.5591457983972296
-0.015681870261896866	-1.777828224537022	-0.5799619686174765
-0.015660043526515333	-1.7736052711534493	-0.5591666372906418
-0.01563725124688864	-1.6135249864938486	-0.8944059214945955
-0.015605908320339205	-1.3865005290973693	-0.6088742680306385
-0.0155881873632134	-1.7014414490911078	-0.3844128826987915
-0.015583333580536613	-1.5833802970149027	-0.1889542255046137
-0.01556791619288016	-1.5605568655711561	-0.1769900197402866
-0.015550455066079688	-1.556914212735435	-0.17913691015242764
-0.015546566801439551	-1.6654959256626851	-0.3179672960606659
-0.015507739326626609	-1.5777335479941166	-0.23525988147504576
-0.015494179302944285	-1.6959954502507761	-0.513292186223277
-0.01548595410622797	-1.5890019589468625	-0.35809394559765134
-0.01548662400364495	-1.2035154716807055	-0.4864559195830723
-0.015480888423626597	-1.2260620334246841	-0.5013560107708417
-0.015474979470427218	-1.3566113870065393	-0.4718023885936462
-0.015478099147964577	-1.3496804780785503	-0.5040678384324085
-0.015480095361249193	-1.356499954764742	-0.4655886469993966
-0.015478670557737526	-1.2027999498918394	-0.5094575154792456
-0.015482923208683858	-1.3039609951576094	-0.46951976338566687
-0.015489623048861829	-1.3115819078601758	-0.4624411729527436
-0.01549311814812137	-1.1135843591758117	-0.6248248133995029
-0.015499122011123466	-1.0666778592165216	-0.6566025187316871
-0.01550927611630597	-1.3107483851708968	-0.49248611220511895
-0.015517650438872193	-1.3960975612601065	-0.48286128194416245
-0.015525211017825334	-1.113291685765544	-0.6225382282126657
-0.015536482640588852	-1.1452731664624127	-0.6041675145098819
-0.015549175556482482	-1.1889588821041361	-0.9819854663760619
-0.015560335336281806	-1.2130988393246718	-0.9567922548977708
-0.015572306864321022	-1.1952072602043697	-0.9370159126908145
-0.015586416932031114	-1.2077233307129283	-0.9742299219645829
-0.015600458494333903	-1.1584418680726858	-0.967363789713752
-0.015614068120308196	-1.4668686751504614	-1.2438400974724477
-0.015629033837830743	-1.410115642009503	-1.1919991434195196
-0.015644993228767466	-1.4420419097541843	-1.21726151027047
-0.015660188960084385	-1.41384507825048	-1.224850200048225
-0.015674909299957927	-1.4282675704008927	-1.2480897489066398
-0.01569044887708935	-1.4062432502007045	-1.2534283704331435
-0.01570638440481551	-1.8553607322664412	-1.6514077448583815
-0.01572140956437069	-1.9390410516977559	-1.627937352552139
-0.015735351239948618	-1.7222964013398578	-1.6647350654823485
-0.01574863431465789	-1.8835140356546614	-1.6398212299399426
-0.015760921658929866	-1.8493929675673062	-1.6207983807921236
-0.015771407093427572	-1.8267086050420387	-1.63056765801233
-0.01577961827953521	-1.6712371166519648	-1.6300031015445053
-0.01578522418301139	-1.7121645667549714	-1.5767007521422094
-0.015787579662221794	-1.6758793117703763	-1.655434426209766
-0.015785835435217464	-1.8671534812590325	-1.6035044970190226
-0.015779137398723983	-1.7734245515336475	-1.599134436679746
-0.015766495400430167	-1.7914676167455401	-1.5727726080430033
-0.01574664329667564	-1.736073633577646	-1.667713363854545
-0.015718101345503516	-1.6905118400297425	-1.6412522083116718
-0.015679223000159698	-1.747015789182551	-1.5382687489318356
-0.015628105243938234	-1.7380755275768176	-1.6041329154963382
-0.015562495013793733	-1.9558856619028737	-1.5825096868051745
-0.015479768135365151	-1.6637731485014162	-1.634723329574475
-0.015376915101557262	-1.828363504454707	-1.5864145999403634
-0.0152504942810065	-1.8976671459914871	-1.5878887440445626
-0.015096585204658047	-1.751891481537529	-1.5304306743305753
-0.014910759729998103	-1.7329933617825897	-1.5158446545976434
-0.014688056365559943	-1.9653917744323248	-1.593400593735321
-0.014412167260096469	-1.7590885611626126	-1.5735867468422173
-0.014099743619264957	-1.8397203591452025	-1.5681495137440817
-0.01373066848534813	-1.8811578688727906	-1.61147086394146
-0.013299463119441907	-1.7621243291896505	-1.6485412974677296
-0.012799757007347935	-1.7462891505784166	-1.6203740344656283
-0.012224557008612955	-1.6259217171835423	-1.552496069031622
-0.011567422747850598	-1.8648917766918502	-1.8605461260787035
-0.010822938851147282	-2.0168007381104616	-1.8888727224866868
-0.00998729713404389	-2.1168664173784624	-1.9049373235934683
-0.0090590240477836	-2.2114846915614974	-1.9110146693810235
-0.008039761938050217	-2.3021134782096326	-1.9106009649458815
-0.006935076118873691	-2.3904882670687586	-1.904650641923145
-0.005755223690339137	-2.478144620737074	-1.8931060191361362
-0.004515741133528052	-2.5660980048113524	-1.8757362554684236
-0.003237653863283314	-2.655454812203218	-1.8520948776573314
-0.0019471321082111005	-2.7483604466200924	-1.8212243766417706
-0.0006745110421251931	-2.851080511015057	-1.7803529337591855
0.0005472976874798495	-2.9969401594776706	-1.7108659557564303
0.0016848991489612185	-3.0639395266376512	-1.4946834507606699
0.0027068501266815778	-3.020196248327355	-1.5321200078378137
0.0035861794497417995	-3.035507938727494	-1.58389384024365
0.0043026144669793326	-3.0091713419919226	-1.5958537857058461
0.004844089246882877	-3.0513423857138484	-1.5688874070980205
0.005207250230176184	-3.034932673042952	-1.600668468945163
0.005396960802162703	-3.0506532211186754	-1.5961356872588643
0.005425049985648183	-3.054808650415296	-1.5792326785080553
0.005308607648662819	-3.060973640823377	-1.5794342923497173
0.005068061716411457	-3.0507120181354055	-1.5190655795613557
0.00472525235293397	-3.037978192188158	-1.5847620372228879
0.004301770536780908	-3.0176679281602565	-1.6106362830196974
0.003817794523125486	-3.03786017897667	-1.535197181214764
0.003291448817416224	-3.0618131487137608	-1.5479783297081684
0.0027384957744337212	-3.051666080959389	-1.6427420610368317
0.0021721736140241617	-3.01644264154082	-1.6581525776850374
0.0016031710318062773	-3.0285173789725386	-1.4976585162272005
0.0010398143964475614	-3.267167593205146	-1.3182387375270153
0.0004884259735981403	-3.3688135322680726	-1.0519064165576546
-4631998259344017e-20	-3.327543502129937	-0.8611698541902754
-0.000561155409880271	-3.134106239503527	-0.6662877156224086
-0.001054025187755863	-3.0547854130064462	-0.5701729366073413
-0.0015238241286438525	-2.912664818492984	-0.6480038236635616
-0.001970077294180193	-3.0173285294079943	-0.9914268403129334
-0.0023926918119575695	-2.895140463809985	-0.7277800723520267
-0.0027918443099351946	-3.079333146474026	-0.43217320848485336
-0.003167926135988673	-3.1240177333617978	-0.443374209220174
-0.003521446663468028	-3.1706016715982406	-0.22613226715106194
-0.0038529024597195602	-3.04363245219882	-0.3588035007855959
-0.004162692816520613	-3.0953873255167235	-0.3905289242151619
-0.0044511160158073135	-3.154574441889322	-0.4035922684191673
-0.0047184016481784715	-2.880769861923208	-0.44572597232864375
-0.00496472052453619	-3.1340121766197617	-0.42579337140527623
-0.005190158297792489	-3.0725154731898168	-0.3829200070776103
-0.005394688505512269	-3.064945963709224	-0.3887622341514751
-0.005578196968187054	-3.0564024270542647	-0.386935049376358
-0.005740564338295217	-3.0554995470216126	-0.3612419857164099
-0.005881742223587066	-3.0779247368430065	-0.37193157290547746
-0.006001772862338379	-3.0687764201766687	-0.37335238546042426
-0.0061007992900331	-3.0271378681276677	-0.3613198805236552
-0.006179116220972456	-3.0115659102600962	-0.37057143823939037
-0.0062371972286824565	-3.068990242232169	-0.3770898034730877
-0.006275621255173497	-3.025889994051683	-0.3563917186030457
-0.006294955703422407	-2.9154161218977928	-0.3959010945062815
-0.006295688314702697	-3.146562393624693	-0.39668364828386815
-0.00627818748781616	-3.1328302367997476	-0.4007320106227258
-0.0062426554345084515	-3.122210036724213	-0.40442224346808936
-0.006189118872494395	-3.1095079610118046	-0.41201246482690607
-0.00611747599068585	-3.109940972364413	-0.42466177915582587
-0.006027537497286737	-3.1679272319040135	-0.3980880356054273
-0.005919018159321607	-3.035228213893256	-0.4050686939123107
-0.00579146423044732	-3.158401849863803	-0.43005842759409935
-0.005644054571999487	-3.0813701007922663	-0.45039203955514934
-0.005475298541873209	-3.128170117205346	-0.41428883304581327
-0.005282456928588522	-3.1437842787964323	-0.40924484588737486
-0.005060760611629961	-3.076618166354756	-0.4116407656453743
-0.004802277294635634	-3.1850182981899895	-0.24836788876176427
-0.004494794958244893	-3.0577230604441743	-0.394740349508487
-0.004121367148433632	-2.8373477793065995	-0.6545982453282818
-0.0036604746437072667	-3.0022644748058127	-0.3803770259107523
-0.0030895447642269773	-3.196638565674726	-0.3484142986685221
-0.002391330992259159	-3.0807865957255247	-0.4228801023234192
-0.0015674145034294332	-3.089599838227535	-0.4343032249942754
-0.0006554897953047669	-3.184476235591735	-0.3759806846913901
0.0002700875117012166	-3.1550655133366754	-0.38037485437220847
0.0011272754511995591	-2.929324989725895	-0.39059186974503096
0.001869170584425513	-2.8972799505777913	-0.4093179714627331
0.0025080641696304884	-3.089564888236571	-0.38149829904947247
0.0031073279371455252	-2.9016039606637465	-0.4347394870771972
0.003753227123962297	-3.177428579997764	-0.4124178450296401
0.004511619169088535	-3.0885790980788026	-0.44830778314439956
0.005375294318323787	-3.1379476805560103	-0.4352045145410184
0.006274038985903073	-3.1927123291343755	-0.3916325885761012
0.007096197035018296	-3.1431103005217875	-0.43880596258475696
0.0077461551709952	-2.839948293340159	-0.597921128095413
0.008213407641955604	-2.88411207133488	-0.5213707602967657
0.00848656328727169	-2.865548915706265	-0.5533282000447113
0.008550133898557301	-2.86058380964407	-0.5647193690577044
0.00842568695701839	-3.1720392595396745	-0.3777468349216741
0.008183839831495971	-2.821797899174921	-0.641666006093584
0.007875538697780174	-2.958490909505037	-0.38429158759130755
0.00745667378406518	-2.9084753440617686	-0.41204413744982205
0.0068567946246223255	-3.1249141481863645	-0.44014684241374374
0.006053130685630773	-3.119657286515483	-0.2866126925264455
0.00509014885845545	-3.0668286540625633	-1.0972611183189804
0.004050795878385215	-3.1186662049258547	-1.0255332903590253
0.002989511283785916	-3.167637313396643	-0.9675535560187848
0.001933785738588371	-3.1726017830296223	-0.9790829101401389
0.0009277798946638071	-3.1741527293019973	-0.9499774074394778
19083932412670545e-21	-3.144068447433973	-0.8706729273214413
-0.0007697810962051468	-3.1611140563422295	-1.0338598432710353
-0.0014387783077868116	-2.831677410432232	-0.7338194732420015
-0.002002169405006112	-2.981218776519193	-1.1112953103833705
-0.0024775037348046987	-3.0016980542682288	-1.1175733959904914
-0.002873087416736737	-2.9945505793090335	-1.121939951948061
-0.0031870238952767535	-3.0031066200719487	-1.1220236192171567
-0.0034148906925885224	-2.9900537258332656	-1.1230256988842646
-0.0035555709423305566	-2.9531166995643114	-1.1087760625021572
-0.0036123071973238	-2.957074845664163	-1.099056287569437
-0.0035915213531692207	-2.96432249274782	-1.1013734277662965
-0.0034966542452576016	-2.968009934726039	-1.1047400382882184
-0.0033476298795573015	-2.9700185552222877	-1.1060776947018138
-0.0031508567172736533	-2.970990369514139	-1.1060298248896516
-0.0029181755845769115	-2.971278302783056	-1.1053554433298525
-0.002661478193181864	-2.971240778369988	-1.1045079149766666
-0.0023922578627819917	-2.9710346037190023	-1.1035497640052325
-0.002121112122338153	-2.9704714517822324	-1.1021140009019146
-0.0018573929013869662	-2.9688031338181338	-1.0993954335725136
-0.0016092404551144336	-2.964226352088595	-1.095130522720584
-0.0013839338535230634	-2.956807010880406	-1.0933013921282873
-0.0011883805370737337	-2.952830179325815	-1.0953402853863419
-0.0010296591452138171	-3.0213228210337455	-1.1040340368406512
-0.0009156137550740146	-2.9721432451904883	-1.1604490551600593
-0.0008553710349177377	-2.9953651157878443	-1.1764568496284333
-0.0008593651386452263	-3.001432715268643	-1.176353039101669
-0.0009380965065667896	-2.9847384405295587	-1.1737073476356292
-0.0010984335675324353	-2.9795001087591575	-1.166562696416533
-0.0013363674843079338	-2.9630708405403494	-1.086355516831958
-0.0016277446616201601	-3.003949785944812	-1.1150364819427043
-0.001924985610675379	-2.9627589288958975	-1.0401643285028925
-0.002170800744824645	-2.9702188886084975	-1.1612214574400401
-0.002324762710851566	-3.013523256958251	-1.0934946656209765
-0.0023771695202868754	-3.1259009230040187	-0.29898277059676154
-0.0023374976330724356	-3.090259527866782	-0.3107775314426153
-0.0022247529965145757	-3.082871890306354	-0.28511843065916304
-0.0020902818111613736	-3.1777588647554134	-0.15633276076811137
-0.0020254527352346775	-3.1725220916347863	-0.10662381358893736
-0.0020857947850492792	-3.1348413427413693	-0.06832086084898821
-0.0022421412756170826	-3.070025943056238	-0.10708231192099721
-0.0024344596423634263	-3.0480249285026497	-0.08606008329416104
-0.0026222575223477772	-3.065936597125845	-0.05768199882137864
-0.002788514745025934	-3.0732997587595854	-0.057698719053698035
-0.0029254158208940634	-3.0885290571267303	-0.0540951140561613
-0.0030201674054081964	-3.1196951100603645	-0.03446000575472492
-0.0030488897778660536	-3.118785314219192	-0.027142631792218715
-0.0029806788430090884	-3.1007456662585033	-0.036729219907352485
-0.002783346290834884	-3.0673586576234446	-0.05123728700904982
-0.002431569382321178	-3.1060112523064274	-0.13318556454399005
-0.0019307943255621237	-3.1374629448599545	-0.13559054119167102
-0.0013330041836569998	-3.135486259322651	-0.13098725300807593
-0.0007112153360656331	-3.125960979587625	-0.12746494177195483
-0.00012263050455766158	-3.1124492331355076	-0.12186360218406796
0.0004061188619701641	-3.10019875133837	-0.11322962607216439
0.0008724818293625886	-3.0935724905509394	-0.10943658860656402
0.0012834412317758604	-3.0928732438869204	-0.10937791058750261
0.001610257251254616	-3.0941499246894586	-0.11047325114708514
0.001816056011156266	-3.0965021619654145	-0.11232567719742641
0.0019494652908339431	-3.1010184067456597	-0.11579588993823041
0.0021499651141397777	-3.1072630295975574	-0.12110580758248886
0.0025387516554516085	-3.1117664374259904	-0.12519746373557628
0.0031381697381616357	-3.111101868005983	-0.12563781158446893
0.0038905119289780197	-3.103109034446772	-0.12034153091388243
0.004584296595499922	-3.079206117161058	-0.10850854091533152
0.0049742378023251675	-3.0766127292642116	-0.07474066550696734
0.005121839223093175	-3.118805727557627	-0.0692813167912727
0.005207435344697743	-3.1496747651873784	-0.08161813389756223
0.0052941611203929945	-3.166753411240138	-0.10790928724074121
0.0053657297764323555	-3.1730241530048158	-0.1467710163868316
0.005413900267622776	-3.173054137201806	-0.1745231624679878
0.005445056170310686	-3.1757701374822283	-0.1935434907552061
0.005468255756501273	-3.1723850320970595	-0.2036555335295577
0.005488497146257545	-3.1651870217055893	-0.18109144998846943
0.005510719660967646	-3.127201396407016	-0.08020259770528342
0.005540502915211626	-3.1352274954768458	-0.1392834100082529
0.006682701073770604	-3.1513245220664023	-0.1495874110258916
0.005141254003363781	-3.1481043862729705	-0.11868147959238533
0.006869185591168339	-3.135539670686084	-0.11399368598269718
0.0066033939084262985	-3.1314556008965133	-0.11528760872057203
0.007009071366782872	-3.130616497140695	-0.11785606969514131
0.006878004172999453	-3.121193323108495	-0.11737251829826963
0.007064825881724391	-3.092164321113563	-0.09847810306168293
0.007210728699420197	-3.107282433567059	-0.09196133958919804
0.0073100629475147385	-3.150150663104812	-0.11213635706294876
0.007262103944522199	-3.0706419787733856	-0.11418887093800618
0.007410383027347515	-3.0327538205238267	-0.07964164434494914
0.007290108285823877	-3.079013693831402	-0.1378855101142416
0.007289318688898011	-3.0703367062977027	-0.1235355882793197
0.007297751809446614	-3.0561644175639526	-0.11468885474624488
0.00733812616458136	-3.050502835454206	-0.11196139678938336
0.007429668844745772	-3.0462635510349303	-0.11016962439940639
0.007572411691470181	-3.0381707263283757	-0.09809396128078926
0.0077456079580896404	-3.0403265598766507	-0.0693234616420859
0.007914786632214087	-3.082958189968679	-0.12142312609494776
0.008051010655503722	-3.105415908514952	-0.15019863751079565
0.008127101508480738	-3.071357084384996	-0.161661551261886
0.00812535411344223	-3.045068148301861	-0.12320119906227203
0.008038381140445265	-3.1024410675890133	-0.00467327286048695
0.007860294175890988	-3.1164280777900513	0.022851382265059634
0.0076010015124800085	-3.112724770715241	0.02689150915494899
0.007274882142229777	-3.1081656679998884	0.028349789398942744
0.006887623391658753	-3.1075487983776324	0.040734134837451454
0.006436215088891699	-3.1230432295390353	0.06153421418705483
0.0059141691634759476	-3.1385829913245495	0.0769157614362038
0.00531454923651252	-3.1533366264110936	0.09065164372876272
0.004647145005894824	-3.174505007801831	0.10460979939441764
0.003933726812344924	-3.20309918145294	0.11667421601938922
0.0031618654022205037	-3.2340763666141448	0.12634748716359206
0.0022519119969443453	-3.265054547044002	0.13420294395395616
0.0011142479795315692	-3.2963133517187613	0.14008687897957067
-0.0002827978008693756	-3.32846803452485	0.14328101881848726
-0.001932580237373846	-3.3613125027567445	0.1428770552894814
-0.003777733694457216	-3.3937807470644104	0.13799675888531662
-0.005746552417816679	-3.4258574991563444	0.1283208532011372
-0.007704244940724213	-3.468972631895309	0.11577923812851915
-0.009486299560679316	-3.5936197322569883	0.0416425734783268
-0.011009411195746006	-3.633366153406249	-0.05667748327976359
-0.012323305763211645	-3.5643492373364327	0.0600609367041813
-0.013498405712475233	-3.608863512521758	-0.029589868595773932
-0.01456101790902384	-3.556995874430196	0.009689079308425348
-0.015459265903664959	-3.5649466735160567	0.019268922488375022
-0.016110339764703677	-3.5743944632947957	0.006055075940266886
-0.0164830245346562	-3.583345074163956	-0.011802097770104315
-0.016649755288602946	-3.594551796775371	-0.005473368963425255
-0.016696848968948293	-3.5668016983755266	0.03611177116361352
-0.016639553656942613	-3.607408603821512	-0.047164615679191293
-0.01645232534524134	-3.596075217293166	-0.029654272075316065
-0.01613508209910089	-3.585451309306152	0.04976486435875868
-0.015709660306409384	-3.57039219256564	0.07318900861102882
-0.015167038919353934	-3.5397062312966856	-0.0034596701660687124
-0.014445963298637295	-3.7674169228924788	-0.001700939381254906
-0.01346253316750242	-3.812714576593048	0.021808981303417806
-0.01225476617983002	-3.8114010085617616	-0.0012021058152038803
-0.011123335623960675	-3.8017548260663956	-0.003719680462463686
-0.010210851931558377	-3.798836268324569	0.00031012944285067207
-0.009482489534490806	-3.800140633058715	0.007031487644195996
-0.008818739296987649	-3.7962700932139954	0.01053706628086556
-0.008228027961596534	-3.7840595355596163	0.006801995743041628
-0.0077191865365978905	-3.7731116018332944	-0.006980709439808466
-0.007293218692125125	-3.788278958334617	-0.016101428711817276
-0.006944777637136208	-3.810161278538603	-0.013859702889746453
-0.006657480903200574	-3.8191065045243224	0.02207441328462856
-0.0064237419652929	-3.7883891311608306	0.04269282383252836
-0.006223112034221574	-3.7738175399981904	0.04321236063523878
-0.0060328460217269324	-3.7664292794514274	0.042963997927876675
-0.005841335409362206	-3.7610988773865963	0.04067140672089657
-0.005672788061504018	-3.7558662936339897	0.036516456572434415
-0.0055300576976208965	-3.7529756527734808	0.030393314670919436
-0.005403968605819264	-3.753846466758683	0.02361628441153723
-0.005290309256476288	-3.755794316510401	0.01700406174643236
-0.005193080996419536	-3.7562513612320303	0.009252565460916814
-0.005122903574717879	-3.7552095876942886	-0.0035847710745063738
-0.005086088790834091	-3.7615833884715184	-0.019995066057771436
-0.005082650179473166	-3.7786804790306556	-0.027548815224008528
-0.0051076460622026445	-3.797988368606953	-0.026814945045401058
-0.0051523483632643875	-3.8169722849934495	-0.025496928648699697
-0.005220914486002729	-3.831458537132058	-0.023597176747229734
-0.005314512252710532	-3.841873447060467	-0.022104840730976603
-0.005424022370934968	-3.8508367403738877	-0.021203977744684365
-0.005553119088032388	-3.859729973300663	-0.02070112625774733
-0.005698586220877366	-3.869090735355152	-0.020279511814437618
-0.005853154921451364	-3.878997036074454	-0.019678226598628133
-0.0060126566885943256	-3.8893562569056224	-0.018781844886598467
-0.0061746891154665015	-3.9000649830526952	-0.017532511476117674
-0.006337535529997696	-3.9110019149904676	-0.015891544224342448
-0.006491886798486821	-3.9219810439483016	-0.013870468512930606
-0.006617522121648624	-3.9327190216540764	-0.011583197853541229
-0.006691527399131094	-3.9428270197274324	-0.009273939245102428
-0.006704880202814236	-3.9518548052327245	-0.007251622170262189
-0.006662036892582996	-3.9594487109215026	-0.005744417738157988
-0.006564143245097101	-3.965573872080871	-0.004831666758930648
-0.006402886685944278	-3.970511600535512	-0.0044666339628835735
-0.006172031241736182	-3.9746391114997177	-0.004525638125595857
-0.005893907255058624	-3.9782847792312075	-0.00486672340491621
-0.005621310433573596	-3.9816959522643405	-0.005362328287208194
-0.005382873720170668	-3.9850483068032316	-0.0059106530826085035
-0.005170198398044454	-3.9884646813214535	-0.006435251055030649
-0.004975902375328669	-3.9920323229939774	-0.006879404581551516
-0.004803230222579297	-3.9958129085078222	-0.007200254633239771
-0.004655345915888626	-3.9998444925289744	-0.00736665148923154
-0.004535506705667252	-4.004139939623233	-0.007361433247399693
-0.004446705047483878	-4.008688333413826	-0.0071845477119500695
-0.004385275540449828	-4.013461885671731	-0.006851915919702978
-0.004339793493269106	-4.01842503415427	-0.006388150462881459
-0.004305280003873316	-4.023540558736201	-0.005816185826857907
-0.0042844859932708555	-4.028770287861409	-0.005149064837886287
-0.004278905119202187	-4.034071912972512	-0.004387801003711063
-0.004290998864654225	-4.039396098062258	-0.0035279082934383463
-0.00432422645382869	-4.044688454095335	-0.0025755878935805844
-0.004376455898616272	-4.049894913239844	-0.001559263700356399
