#y=-1.9753766811902755 
#strength 	x-position 	z-position 
-4516816261290746e-26	-0.021277387125950266	0.09591876856513801
-57528582592114574e-28	-0.0291006705043955	0.09671799116765904
-9976155318502933e-27	-0.03693139380901342	0.09752783514891843
-13285981689814541e-27	-0.04476977638700296	0.09834849455123569
-1546156952469957e-26	-0.052616045629812355	0.09918016741753498
-17809621832842737e-27	-0.06047043733874384	0.10002305622711892
-2092288321764446e-26	-0.06833319610577074	0.10087736812412912
-24497154305080926e-27	-0.07620457570523843	0.10174331492340125
-28782635996815742e-27	-0.08408483950856963	0.10262111319617039
-3381763792609238e-26	-0.09197426092205395	0.10351098438364156
-39791680367384785e-27	-0.09987312384795977	0.10441315490878009
-4683607841837745e-26	-0.10778172317043039	0.1053278562887681
-55246498348315853e-27	-0.11570036526771865	0.10625532524874809
-6501093240129929e-26	-0.12362936855236249	0.107195803835413
-7672125955371367e-26	-0.1315690640411093	0.10814953953262187
-9040272176685793e-26	-0.1395197959563662	0.10911678537584686
-10652012084888529e-26	-0.1474819223611957	0.11009780006578768
-1256625897089192e-25	-0.1554558158300761	0.11109284808379605
-14811884704868383e-26	-0.16344186415758166	0.11210219980397086
-1746847250183592e-25	-0.1714404711075292	0.11312613160503365
-20597967949342877e-26	-0.17945205720522223	0.11416492598096745
-2429616004911983e-25	-0.18747706057553407	0.11521887164782889
-2864153133413927e-25	-0.19551593782988766	0.11628826364709373
-33787380879224393e-26	-0.20356916500543087	0.11737340344620771
-398410929247639e-24	-0.2116372385597991	0.11847459903289932
-4698817602372118e-25	-0.21972067642523946	0.11959216500334806
-5541348248316869e-25	-0.22782001912618238	0.12072642264453759
-6535954225755924e-25	-0.23593583096448012	0.12187770000701657
-770752869513891e-24	-0.2440687012769894	0.12304633196737323
-9090413786300156e-25	-0.2522192457705509	0.12423266028009375
-10721190064205688e-25	-0.26038810793967404	0.12543703361533828
-12643368765136165e-25	-0.2685759605727155	0.1266598075798226
-149127349531597e-23	-0.2767835073529072	0.12790134472255585
-1758699167200839e-24	-0.2850114845607881	0.1291620145174084
-2074219953782097e-24	-0.29326066288537406	0.1304421933225153
-2446268037095689e-24	-0.301531849351905	0.13174226431344724
-28851744084124054e-25	-0.3098258893744975	0.13306261738418287
-3402694247894855e-24	-0.3181436689428212	0.13440364901292992
-4013076482234368e-24	-0.3264861169526438	0.1357657620875212
-4733045908325573e-24	-0.33485420769080454	0.13714936568587377
-55821028095009995e-25	-0.34324896348595885	0.13855487480252707
-6583443510829734e-24	-0.35167145753751416	0.13998271001635515
-7764494857828708e-24	-0.3601228169360977	0.1414332970916747
-915742162307942e-23	-0.36860422588982433	0.1429070665014314
-10800133308508375e-24	-0.37711692917196465	0.14440445286287823
-12737607033366793e-24	-0.3856622358068355	0.14592589427504665
-15022601863867724e-24	-0.39424152301199145	0.14747183154228732
-17717571024894463e-24	-0.40285624041634877	0.14904270727025798
-20896043943785525e-24	-0.41150791457538655	0.15063896481731656
-24644528705958235e-24	-0.42019815380626263	0.15226104707800114
-29065567437244755e-24	-0.42892865336763747	0.153909395079219
-34279806753606534e-24	-0.43770120101079096	0.1555844463619956
-4042928737797713e-23	-0.44651768293079486	0.15728663311703406
-4768204046184943e-23	-0.4553800901489115	0.15901638004403532
-56235779904295624e-24	-0.46429052535973026	0.16077410189173333
-6632402859731157e-23	-0.4732512102791161	0.16256020063442128
-7822205586559272e-23	-0.4822644935320875	0.16437506223626067
-9225448053748475e-23	-0.49133285912256214	0.16621905294210557
-10880413793545873e-23	-0.5004589355302617	0.16809251502775382
-1283226150183142e-22	-0.5096455054835939	0.16999576193153149
-15134261399825377e-23	-0.5188955164609728	0.1719290726788748
-17849211211840021e-23	-0.5282120919770165	0.17389268549639025
-21051181624265336e-23	-0.5375985437145133	0.17588679049709932
-2482754933655351e-22	-0.5470583845677617	0.1779115213017208
-2928134956933781e-22	-0.5565953426677588	0.17996694543828154
-3453409212796077e-22	-0.5662133764653539	0.18205305334053756
-40729089013750996e-23	-0.5759166909548038	0.18416974573827422
-4803535253363606e-22	-0.5857097551268561	0.18631681919864554
-5665221092226308e-22	-0.5955973207483961	0.1884939495426061
-6681473316005881e-22	-0.6055844425746744	0.19070067281854367
-7880015851988165e-22	-0.615676500110809	0.19293636346654602
-9293541488892415e-22	-0.6258792210518069	0.19520020924810363
-10960607105762327e-22	-0.6361987065457615	0.19749118245095243
-129266804476183e-20	-0.6466414584440149	0.199808006800806
-15245383446996913e-22	-0.6572144087254105	0.2021491194225518
-17979944267557807e-22	-0.6679249513118413	0.2045126270851374
-2120492873387489e-21	-0.6787809765302499	0.20689625584121224
-25008260104934094e-22	-0.68979090852433	0.20929729302210082
-2949361462589381e-21	-0.7009637459805779	0.211712520368644
-3478323640667552e-21	-0.7123091066120197	0.21413813686502586
-4102126175757961e-21	-0.7238372759419722	0.2165696695788388
-4837762168974358e-21	-0.7355592610553173	0.21900187048871772
-5705265838144846e-21	-0.7474868501414134	0.22142859688642796
-6728253861445002e-21	-0.7596326788464509	0.2238426724431267
-7934564618167564e-21	-0.7720103046897946	0.22623572540862383
-9357008845840495e-21	-0.7846342910840418	0.22859799962760832
-1103425387701494e-20	-0.7975203028357428	0.23091813305405
-13011862562545967e-21	-0.8106852153913593	0.23318289716896107
-15343513804189426e-21	-0.8241472405249111	0.23537688905531787
-18092436765189054e-21	-0.8379260716210194	0.2374821657519661
-21333092787617983e-21	-0.8520430521504495	0.23947780773140007
-2515314723245364e-20	-0.866521371293925	0.24133939471716065
-29655778580967018e-21	-0.8813862908262007	0.24303837228334163
-34962378285850054e-21	-0.8966654071236098	0.244541281364103
-41215702608904045e-21	-0.9123889511827943	0.24580881440081453
-4858354610128533e-20	-0.928590127327311	0.2467946506053403
-5726301161102822e-20	-0.9453054870333902	0.24744400766176594
-6748546109162229e-20	-0.9625753268016217	0.24769182662443703
-7952223807016628e-20	-0.9804440863596879	0.24746047865862064
-9369125213356914e-20	-0.9989607027994334	0.24665684354734854
-0.00011036452317040625	-1.0181788430140957	0.24516855603568588
-0.00012997676971865553	-1.0381568837655601	0.2428591403772502
-0.00015303511708157115	-1.0589574238565125	0.23956164557759219
-0.000180129969518706	-1.0806459753213844	0.2350702373713803
-0.00021194704386328506	-1.103288251861651	0.22912897076549935
-0.0002492804925647591	-1.126945077782927	0.22141661277843966
-0.0002930469289772232	-1.1516632237469226	0.21152583186224025
-0.00034430001702885453	-1.1774591013818942	0.19893420287368122
-0.0004042450623690484	-1.2042894740560344	0.18296316135931218
-0.00047425274760130344	-1.2319973975579703	0.16271927984642484
-0.0005558707551125974	-1.260207813486309	0.13701142531730118
-0.0006508315132706388	-1.2881160414877837	0.10424803777779564
-0.0007610536689511751	-1.314064667590183	0.062371413306119096
-0.0008886341336309979	-1.3347143052077723	0.009039413214763108
-0.0010358267039508734	-1.3437864239157384	-0.056949568890222756
-0.0012050023847107964	-1.3324694990315966	-0.13196227561219073
-0.001398585773376794	-1.2929483758345364	-0.20540735560665827
-0.001618961418645884	-1.2259583840099815	-0.2559448036129753
-0.001868344260958249	-1.143548832521454	-0.2651871644961193
-0.0021486095295002363	-1.0534949008545442	-0.200013666096458
-0.002461080339038144	-1.025356152725727	-0.0832916610124721
-0.0028062762017225483	-1.1386995433770675	-0.016643233578886932
-0.0031836331114688697	-1.1885793066585677	-0.1527809441752795
-0.0035912156551407186	-1.1517068747703763	-0.10925378794860865
-0.004025452899447652	-1.2197259093001809	-0.05679703869720062
-0.00448094059331153	-1.1206041707286831	-0.14020887855761013
-0.004950359371515459	-1.1004706847678551	-0.12344215316996954
-0.005424558134432429	-1.060148659203677	-0.08504096179095387
-0.005892839948030659	-1.2198314265987453	-0.0833238137412905
-0.006343462900602805	-1.0766865711851175	-0.11629606492438356
-0.006764332535501847	-1.1880992113395494	-0.11030036761246849
-0.007143822642787697	-1.162081197063041	-0.11407981845302859
-0.007471628002695043	-1.211052912828545	-0.10117429225360522
-0.007739536989599594	-1.2160300545560558	-0.10470299763781969
-0.00794202015485363	-1.1909567054127859	-0.07965652958486605
-0.008076561307399609	-1.1687720130559793	-0.12790343651397754
-0.008143701080722598	-1.1411557441712967	-0.0913704216431072
-0.008146807241366065	-1.1587341304598768	-0.20450958835075397
-0.008091621583054646	-1.1182460544667236	-0.11046646170045794
-0.007985655762962961	-1.1560063843216304	-0.182370008231471
-0.00783751785687395	-1.179569407901696	-0.05777919807897286
-0.007656248870731663	-1.076873551732657	-0.08711406150836444
-0.007450735433303326	-1.1397805325268475	-0.1020213769460958
-0.00714150804347172	-1.1213450460291183	-0.16388247623579727
-0.006868196681922181	-1.1910762234826786	-0.1502817788512776
-0.006633300506523853	-1.1415509264779065	-0.1412355825205206
-0.006308757106368722	-1.1179893102912326	-0.032060543847499456
-0.006078667232821282	-1.123738816573567	-0.05605980442366274
-0.005853469124844245	-1.1009700001353155	-0.07875625193362128
-0.0056393631010077765	-1.0858552871614764	-0.17732931014443823
-0.005323360906022181	-1.1361928651080928	-0.20302194602798418
-0.005141313843212168	-1.23860195288588	-0.1910089519613468
-0.00496345859982162	-1.2652673156548466	-0.13482535995394815
-0.004797732745499673	-1.2687878084858168	-0.08830426133114938
-0.0046468776175355615	-1.2592560542027995	-0.0395905826564434
-0.004509868557311817	-1.2215718295666547	0.011040558816129269
-0.00438552985334273	-1.1678866071779197	0.03725273093905107
-0.004272819975181376	-1.11831921825873	0.040210233570488016
-0.00417078254345515	-1.0943431789915432	0.00610517020950367
-0.004078387400104475	-0.9635555803473648	-0.08091007937233959
-0.003994940577886914	-0.944155430367079	-0.07154666666140766
-0.003919311406721896	-0.9631733870134236	-0.06405533390421563
-0.003851267348781529	-0.9654918295553708	-0.07132228252538383
-0.003789637521582339	-0.9756534672837395	-0.06831957367248714
-0.0034842706924963027	-1.0326865565529286	-0.04135023807511704
-0.00343699072426051	-0.9228354434311906	-0.17815575905776762
-0.003386830620555479	-0.9891001992292624	-0.23545256446377608
-0.0033398570261459672	-1.0653362584358643	-0.37157123915185997
-0.0032986151807761852	-1.0645784300894277	-0.3318867928707646
-0.003262659367929928	-1.0680875562900911	-0.33973036942407503
-0.0032309530544962052	-1.0661640656310514	-0.3500258442358702
-0.003202925526216951	-1.0711246873998874	-0.3591681173972805
-0.0031781914986494285	-1.0736223384126968	-0.32182595683095155
-0.0031563283665262676	-1.0412641847792223	-0.35420677958681435
-0.003137034807915627	-1.1004398979615277	-0.4109971093705507
-0.0031201080663724994	-1.1400664604874808	-0.4299599408691372
-0.003105402491252805	-1.1612207170870794	-0.44644500562062456
-0.0030925364293008647	-1.1764134493795912	-0.46108699563348726
-0.003081457890198167	-1.1925707348448615	-0.4755265959145264
-0.003072100530243607	-1.2111049721416711	-0.49030892022960515
-0.003064166578856103	-1.2299798042370689	-0.5057359722976847
-0.003057698100118184	-1.254922057718313	-0.5274148722287038
-0.0030525345537907415	-1.2864174957757601	-0.5658816563400936
-0.0030484588166452553	-1.270832408182242	-0.6110306557318373
-0.003045557829052932	-1.232888504202742	-0.5930618576988846
-0.003043657750136238	-1.2211876911917148	-0.5660794938384556
-0.0030426619063615937	-1.239032542013786	-0.545237172492713
-0.003042676082885285	-1.2688162467621713	-0.5974281323792825
-0.003043568767734181	-1.2535345631244192	-0.5862093882380619
-0.0030451599278596133	-1.2548188638228497	-0.579039496932242
-0.0030474855944928403	-1.257262908611786	-0.575283017286006
-0.003050590629890392	-1.250645389121866	-0.5655530678898903
-0.002647829995605048	-1.2501186980985197	-0.5954287140465956
-0.0026539334605342035	-1.246208009564366	-0.5448807561337696
-0.0026525939069165904	-1.3505934718898072	-0.6364274724019168
-0.002650467621863057	-1.4883926217589039	-0.6556693154772102
-0.0026515770800229765	-1.4639347065559034	-0.672412518836766
-0.0026559873384117416	-1.4616651410663892	-0.6645462925043807
-0.0026627303305602782	-1.46632563127313	-0.6615630756408489
-0.0026710581934722448	-1.4704450532703908	-0.6559878570847741
-0.0026805412823143054	-1.4634066216628954	-0.6461294019324313
-0.0026910167952919894	-1.4416294186794616	-0.653550284755281
-0.002702313630759824	-1.4528895054310496	-0.6844548248345922
-0.002714236292042616	-1.4860138271416279	-0.7020313875281706
-0.0027267287895548185	-1.505901148099169	-0.7121820020397706
-0.0027397604882696807	-1.5182972631122102	-0.7215468808634299
-0.0027532223160692286	-1.5283398200462759	-0.730787456270559
-0.002767058581112005	-1.5383655917197483	-0.7400982282040885
-0.0027812814711738135	-1.5489369745022104	-0.7494608479936821
-0.0027958461168120664	-1.5598111005267414	-0.7588262057839472
-0.002810681911556456	-1.5707067506550594	-0.7682079917510259
-0.0028257786231923937	-1.5815306360620043	-0.7776461529818377
-0.0028411304053439935	-1.5922734458750116	-0.7871681136019328
-0.0028566838373678015	-1.6029287938559977	-0.7967864445397356
-0.0028723921972067584	-1.613499071236791	-0.8065129636327639
-0.0028882362162685627	-1.623993892164544	-0.8163597608702019
-0.0029041762801035606	-1.634415605874295	-0.8263337296436533
-0.0029201460669635313	-1.6447722557896494	-0.8364421887411385
-0.00293608716463427	-1.6550833046841407	-0.8466976384655683
-0.0029519450984392273	-1.665351191160536	-0.8571095937245171
-0.00296764056933537	-1.6755519011752456	-0.8676798363885718
-0.0029830709913848752	-1.685670066835872	-0.8784116860440881
-0.002998126956680015	-1.6957196939001538	-0.8893165133285085
-0.0030126862679808655	-1.7057179197054846	-0.900406490371003
-0.0030265975057856952	-1.715659433300702	-0.9116874517884558
-0.0030396774954324244	-1.7255291502648213	-0.9231629785064474
-0.003051713864191478	-1.735328418644635	-0.9348415440418831
-0.003062457826554837	-1.7450850040392183	-0.9467396227463739
-0.0030716128328481815	-1.7548455884381344	-0.9588862024126116
-0.0030788276895093707	-1.7646232860453455	-0.9713266911520297
-0.0030836900483998744	-1.7742103643059153	-0.9840878303806133
-0.003085715640987163	-1.7828976592913406	-0.9970157306099457
-0.0030843354711289845	-1.7898882318579064	-1.0096304500879465
-0.0030788831593894636	-1.7961247402818645	-1.0219623262044204
-0.0030685806165383824	-1.8057880484666173	-1.0361816077432635
-0.003052520773535976	-1.8288738176516246	-1.0584067556659906
-0.0030296486015738656	-1.8459266524281848	-1.0982082704436156
-0.002998741466658997	-1.836335949804523	-1.1204085903923369
-0.002958388788326196	-1.807796241060647	-1.10000698086596
-0.0029069713965597984	-1.8144051011537379	-1.0851003101816252
-0.00284264167269788	-1.819529759013415	-1.0883120269588709
-0.0027633064838323658	-1.8226350216437885	-1.0932032464104657
-0.0026666151821154067	-1.8271883971127953	-1.077836224977693
-0.0013728224722291665	-1.83344944900198	-1.1464547772505616
-0.001216944063015703	-1.927587806192985	-1.1664558712004924
-0.0010864983136998178	-1.9715319457540672	-1.1758338811034676
-0.0009285784286383342	-2.001190829124501	-1.1860048208166625
-0.0007320531204485156	-2.02916318661294	-1.1953960083429538
-0.0004971172873441607	-2.0600060182932203	-1.2034008645270025
-0.0002207913481705858	-2.0948643414628947	-1.209531046709699
9962101616169464e-20	-2.134297249691458	-1.2131628379265385
0.00046573491971295747	-2.179178604171302	-1.2131760928717854
0.0008779612192084726	-2.2308334267747987	-1.2074591392750635
0.0013351766682462175	-2.290933400376996	-1.1916448113274105
0.001834319015136544	-2.35961251662296	-1.1560055603001134
0.0023700046289016063	-2.4251093201176146	-1.0828061271646103
0.0029342418844418208	-2.441478348185052	-0.9700683168635844
0.0035163208891279413	-2.3668047019125065	-0.8936967627278988
0.004102959273488386	-2.266379518936349	-0.9593522610712857
0.004678765224774766	-2.3405856604912327	-1.0130661089739175
0.005227039357868264	-2.3794247664082238	-0.9889772103637119
0.005730878004070114	-2.2954199799135933	-0.9966897734992013
0.006174472137749013	-2.3270671178385225	-1.0352369974525153
0.0065444350642485	-2.3140854550898324	-0.9596878723349784
0.006830959078842182	-2.3250675736644033	-1.056580461299898
0.007028612407205752	-2.345420823569652	-0.973158355505924
0.0071366465629223285	-2.322327049831937	-0.94042219902456
0.007158777752707275	-2.32104557562378	-0.943960313655285
0.007102507119098366	-2.3073971519035856	-0.9526224751641093
0.006978123976231735	-2.331471704816403	-1.0347473436627506
0.00679757402891748	-2.3175211544721424	-1.0124446081234606
0.006573366406262755	-2.3270762645649103	-0.9794643667063226
0.006317650997226774	-2.3864188000988062	-1.009173893066096
0.006041538302328144	-2.3528008994830096	-0.967216695021973
0.005754676751978853	-2.331888164458483	-1.0227680938527064
0.005465059698663108	-2.2933689050007766	-1.0191482479256622
0.005179011491823021	-2.299392267280522	-1.0084222903198914
0.004901296918001839	-2.296625971260106	-0.9574942125580317
0.004635304067270595	-2.3865031243003303	-0.9415829899067314
0.004383260858171808	-2.389038405172578	-0.9709444436034408
0.00414645620933273	-2.4034777987144493	-1.0054552867025286
0.003925447095686268	-2.3744860483671366	-1.0598905601733684
0.003720241627910908	-2.343895264557189	-1.0753022310805098
0.003530454262694254	-2.3140104228509584	-1.0855250404554762
0.0033554331409128228	-2.275196485026657	-1.0817564393595382
0.0031943607338722323	-2.2424429576212592	-1.0593905436947497
0.003046330696172602	-2.2243486364592844	-1.0287846993803806
0.00291040460224996	-2.2178671009436672	-0.997945235855657
0.002785652836425203	-2.218393670080082	-0.9692102197415615
0.002671183006930908	-2.223241648682145	-0.9422238859374975
0.002566158620933748	-2.2322713520368755	-0.9162085389173198
0.0024698100876697025	-2.2459427299634833	-0.892058487403131
0.0023814401827671385	-2.263405896900678	-0.8708967178693378
0.00230042568909628	-2.2835286994055073	-0.8530317423316104
0.002226216600166961	-2.3054554275667742	-0.8383001239835466
0.002158333856230741	-2.3286244833964176	-0.8263493652795015
0.002096366368953776	-2.352697868815116	-0.8167998515756598
0.0020399677229842126	-2.377428823903696	-0.8093093698615035
0.001988853134903495	-2.402568610744778	-0.8035244433984253
0.0019427970977849603	-2.4278775528804344	-0.7990404019462536
0.0019016319523702755	-2.4531493057901863	-0.7954283847033605
0.0018652473403098085	-2.478202844425264	-0.7922755167847877
0.0018335909170834816	-2.5028666620680307	-0.7892110329750491
0.00180667075033354	-2.5269729206559695	-0.7859216427225538
0.0017845595389410131	-2.550361967971424	-0.7821581149060277
0.0017674003980432153	-2.5728900047648966	-0.7777320893390863
0.0017554143972204634	-2.5944335740085727	-0.7725058771539808
0.0017489102087469219	-2.6148904859526425	-0.7663796397088308
0.0017482960686370091	-2.634178633889772	-0.7592765093515836
0.0017540940993491568	-2.652230973732293	-0.7511251472409258
0.0017669578242304543	-2.668984461570949	-0.741842582021952
0.0017876942445457008	-2.684363931204728	-0.7313212531567529
0.0018172922051983304	-2.6982639809709053	-0.7194213619165434
0.0018569581945852773	-2.710531673993153	-0.7059663687592966
0.001908157834418842	-2.7209517537607457	-0.6907367134425048
0.001972654084054391	-2.7292331092815734	-0.6734525002253888
0.0020525215745466896	-2.734985393960964	-0.6537296296419031
0.0021501038792619658	-2.737652631979299	-0.6309903760804582
0.002267882691475114	-2.7363297772501167	-0.6043188227780514
0.0024082834792602224	-2.7293007292088856	-0.5723256263934173
0.002573537171295442	-2.7130981583884175	-0.5333134873095018
0.0027656955075379235	-2.6801956121325645	-0.4868803357567297
0.0029867071367778216	-2.625170264192665	-0.44404266466363645
0.003238386584630038	-2.5485804473394476	-0.438454029311736
0.0035222901612143136	-2.490878837863334	-0.49598618793514127
0.0038395707668422204	-2.5115161049498393	-0.5995180866949751
0.004190707325151956	-2.620803617691559	-0.5904145934902444
0.004575042422188113	-2.612157339926265	-0.5044243375548879
0.004990365451203109	-2.535368702345555	-0.49285864043867866
0.005432737571242418	-2.5292902520384706	-0.5592795656004087
0.00589643867701439	-2.593702903158214	-0.5887983872085594
0.006373772538318313	-2.59613363672389	-0.5197244980100604
0.006854136828951139	-2.5388174199153455	-0.5317857179185184
0.007323821046227166	-2.577441685510153	-0.5823022275004405
0.007768082497234489	-2.632432244874156	-0.549394659316353
0.008172380339901534	-2.556012737928194	-0.5201993910846768
0.008522332909739114	-2.5847651172276334	-0.5528798862022545
0.008805844943573398	-2.5842139900921417	-0.541361957932305
0.009015494803495875	-2.595742354840736	-0.5341455514944837
0.009147886260456081	-2.5599072674749093	-0.5872051591785995
0.00920298774982026	-2.5384504737601534	-0.52436308662168
0.009184450949660136	-2.6333576840079087	-0.5422547766763668
0.009098868466742195	-2.597904741129568	-0.5987659639502316
0.008954256376227914	-2.5611080093406464	-0.5972872452483013
0.008759928576302993	-2.546749503314496	-0.5513304779857773
0.008525924994650392	-2.5341249008685707	-0.5375292241250729
0.008261454343527926	-2.564415070178796	-0.486067285167047
0.007974534653058885	-2.5775803390795313	-0.5091465563103489
0.007672738165499076	-2.6126291920751332	-0.5140021134347343
0.007363785266554835	-2.615846340759718	-0.594009396807345
0.007055369708565568	-2.6053911306031097	-0.5956906379355609
0.0067542441261228174	-2.5248039070087978	-0.5931978603974439
0.006465524845052381	-2.5098381885937826	-0.5463707081291388
0.0061927149682857435	-2.5573545915664093	-0.46301567184085
0.005937870225619703	-2.633112075644808	-0.4957549977232132
0.0057017547103016385	-2.666982018268532	-0.5719686189810881
0.005484427011064335	-2.624579191596947	-0.6365674073016225
0.005285658404762765	-2.536345552200332	-0.6555191402650864
0.0051049643857296444	-2.4679344778792984	-0.6103607738180087
0.004941583017257308	-2.4334077517276262	-0.49389074165032054
0.004794536912112476	-2.4855703551088584	-0.3231348802961697
-0.0028753256379940584	-2.7168027488798905	-0.14687625857722175
-0.0028499395417728255	-2.7203924604751815	-0.25645480386198544
-0.0029410985721629677	-2.771028808534403	-0.22366273220427146
-0.0031454754304237244	-2.7478929672054897	-0.24397422777639416
-0.0033852590981403013	-2.7438405321048562	-0.23413583867361082
-0.003605521546568826	-2.7450780441392517	-0.22810272046363364
-0.00379643025049284	-2.748065753328085	-0.22678907062028494
-0.00396245975888728	-2.752193845875046	-0.2280323093408353
-0.004108450742927895	-2.7570985391532234	-0.22698473033163738
-0.004237786083151875	-2.759010988731695	-0.21816208453384361
-0.0043530322300449915	-2.740759553402521	-0.20635866542289016
-0.004456322070713589	-2.7287242170030166	-0.2426671068512952
-0.004549469995261719	-2.727709456402691	-0.2679637349227133
-0.004633962885751339	-2.738655376333637	-0.2693482427121066
-0.004711077368306637	-2.7531055998588667	-0.26675497965681694
-0.0047818002433671234	-2.7673113976483754	-0.25940230719987695
-0.004847005167199026	-2.777316669076825	-0.24720622564299316
-0.004907549657413646	-2.7820778187749093	-0.23104557378212578
-0.004963727659951646	-2.7809967165295513	-0.2115226136523796
-0.00501582313925897	-2.7685507475036926	-0.19449418880836847
-0.0050645359431883705	-2.751575021730824	-0.18422385238511324
-0.0051099769237393745	-2.737895588471705	-0.1805429527139053
-0.005151470724753553	-2.7265433971400888	-0.18113929444946844
-0.005189062219663178	-2.7166302442545485	-0.18553253917339702
-0.005223978469245837	-2.7104871999651885	-0.19484533697489487
-0.0052560790471530144	-2.712718540608776	-0.20858360247586327
-0.005285669153369954	-2.7174033450883135	-0.22368209216776105
-0.005314764334092414	-2.716185471950534	-0.23858508164643163
-0.005338500111893389	-2.7119562542031623	-0.24997112001077057
-0.0053569386511595415	-2.707938925035037	-0.2584082649820957
-0.005376871951972443	-2.7048431642755024	-0.2665487063007247
-0.005396363300620001	-2.703584417719275	-0.27707002187492386
-0.005414121118097709	-2.707890186873062	-0.29134054546543964
-0.0054312116334839415	-2.7227979155069013	-0.3056514040045515
-0.005447577532227042	-2.7469938763141344	-0.3136151963543738
-0.00546807369865347	-2.774135551538715	-0.31482313017072283
-0.0054898718571379755	-2.7971838268843294	-0.3145861837408745
-0.005521682122250069	-2.8140333105717827	-0.3154324751275157
-0.005569670476522658	-2.831595313823148	-0.31481946030345986
-0.00561570739341764	-2.8605592497402763	-0.3034219253968665
-0.005645016389770864	-2.911236350888982	-0.2640941399916149
-0.005714520806289328	-3.0102221356173975	-0.237913463583289
-0.005816232992479811	-3.067645828145455	-0.25266965003254466
-0.005918671444369518	-3.0812428571919237	-0.2923839704269116
-0.006022261246941928	-2.9854287113729328	-0.30046151937739585
-0.006156634513747061	-2.9866466210395033	-0.2956769759419029
-0.006318971891397688	-2.988929690843957	-0.3015878669688795
-0.006463108139368501	-2.991994132133078	-0.30516537550877276
-0.006563860797479903	-2.9912335064944515	-0.2822894242386781
-0.006654262748893524	-2.9481874004523667	-0.3067068207208293
-0.006693038111347705	-2.9441419911757163	-0.28047969311486204
-0.0068376516450821545	-3.0099784827225675	-0.27638708585216565
-0.007069074894173422	-3.0264391054775954	-0.29478326270394883
-0.00759397890238829	-2.9986902217250653	-0.2886427799947259
-0.00827214744482424	-2.99490919935611	-0.26935738218263805
-0.008414786892171814	-2.9997929458202384	-0.27012261078327504
-0.007840266332321311	-2.9992582339643934	-0.25746947396153286
-0.007321780623159894	-2.9590643061436244	-0.27231397702482896
-0.007092573455210239	-3.0486474495878495	-0.29563877307032327
-0.007073620793881548	-3.055296532516917	-0.2750977997142645
-0.007081124076679966	-3.0047538887665257	-0.2521808093287431
-0.0071148429338045265	-2.944324300723368	-0.3256165505206331
-0.007163022896823046	-3.0733455808693755	-0.34915409631235833
-0.0072045336742365615	-3.078742038644652	-0.34069224326061326
-0.007328309907769783	-3.103371853482111	-0.3418376832249482
-0.007314335680536153	-3.1045528010279826	-0.34431391010779766
-0.007365357001991622	-3.1056432290665965	-0.34736204696072814
-0.007390402897800299	-3.120159429129257	-0.3460775478560509
-0.0073017171118774345	-3.1347762326371518	-0.31750740588654913
-0.0073279360219620756	-3.1273426589283924	-0.30928284797382
-0.007358398813701861	-3.0676740751842786	-0.3275841181675347
-0.007419453399386575	-3.0614918029164877	-0.32455226955356453
-0.007432619770331925	-3.073230176761948	-0.326588144941349
-0.007420282748142841	-3.0840273562049094	-0.3309108687120696
-0.0071596015688067775	-3.08183969876301	-0.32673800758747806
-0.007071658908376722	-3.043940614131661	-0.363747238537314
-0.006979789036917368	-3.118454541444873	-0.37071403994298047
-0.0069526372749198805	-3.2341026850150594	-0.1983887414772653
-0.00699310429209281	-3.2784364356417126	-0.21839487888911702
-0.00719162705382476	-3.2308242255617454	-0.2493437314474282
-0.007467185802934243	-3.2153800920263556	-0.2259596377843618
-0.007782690428855049	-3.244671070581727	-0.21825539766843363
-0.008251203998551873	-3.245502155249915	-0.22425416446651536
-0.008459397520294176	-3.2394363454729085	-0.2270900720825119
-0.00836322108733457	-3.2375590722916585	-0.23328113784385718
-0.008062675264223077	-3.2533482055177587	-0.24033226284819023
-0.007655828912370596	-3.263815012873829	-0.21284117189837817
-0.007661936127011353	-3.212172409276904	-0.21538618909575885
-0.007805985707711681	-3.19687480509226	-0.25370851442563014
-0.007733914936402205	-3.2304946869660336	-0.2590164640255351
-0.0076731495935446065	-3.3055807791683405	-0.1763932294789566
-0.007812731571586354	-3.3327788219893075	-0.10622036912349542
-0.008018772846500998	-3.367444105800036	-0.060790827410731114
-0.008272843238390063	-3.4099306801188827	-0.032042069948077664
-0.008579918799667356	-3.4583917369766057	-0.020968162731778713
-0.008923090056031686	-3.5079460625144407	-0.0312291612136275
-0.009295257739484822	-3.5456432912553257	-0.06328721700423685
-0.009727967679205266	-3.5593719638418198	-0.10684191607211338
-0.010201235951955536	-3.5439751438160094	-0.1490961192193433
-0.010640219303640777	-3.5010806493101394	-0.17384757418267882
-0.01114375325667252	-3.4573811838121142	-0.17051175718898665
-0.0116043406191956	-3.442987310393131	-0.14144701771093612
-0.012069410610960955	-3.462346073573819	-0.09827657069932369
-0.012503973010809062	-3.5006416997479888	-0.09447097028970546
-0.012934861658415188	-3.513496150540689	-0.12931961349267865
-0.013335576483546182	-3.485493527307416	-0.14397912495795237
-0.013725765293510763	-3.475802201433308	-0.13311579369322787
-0.014057385852088305	-3.4810938629229704	-0.12547099018850016
-0.014364029624557559	-3.494237862121428	-0.12495230648730686
-0.0146172636315971	-3.4931729517696963	-0.11449254324068267
-0.01480196544909623	-3.4675774809813062	-0.10892208842462543
-0.01491718588700254	-3.4612206289316827	-0.15060617059524803
-0.014946753258963785	-3.503128271838549	-0.1587728914854777
-0.01493679440381115	-3.530051252518477	-0.13018475709942068
-0.014884744952088077	-3.5301798096394013	-0.09977780818319286
-0.014817069590470414	-3.5176009381891626	-0.08066091883805836
-0.014738942017672972	-3.500023227601947	-0.06849905158554548
-0.014651218824113455	-3.479583396227744	-0.06640428975796847
-0.014556605344795984	-3.462268815365693	-0.07276859605525564
-0.014441787724737223	-3.44694338378149	-0.08225611866797494
-0.014329386748691574	-3.432660171413323	-0.09872326646692393
-0.014224023540999994	-3.426380949350075	-0.11995005665531056
-0.014119478100892325	-3.4221902035417937	-0.13935754162623337
-0.013976148181013493	-3.4202907700049936	-0.1591283681484461
-0.01382401502502596	-3.4237596066983196	-0.17837792131200217
-0.013616235044686427	-3.4335110042168617	-0.19562435704950898
-0.013428826966979718	-3.4499126975326058	-0.20844413692046707
-0.01324858689844707	-3.470196627457996	-0.21521043666026338
-0.013050280473043631	-3.4909750275632407	-0.21728252866633765
-0.012856536147313299	-3.511687643105392	-0.21599705523264195
-0.012657123857048279	-3.532611895470465	-0.21138409295187455
-0.012491713985147432	-3.552502684956188	-0.20490955409051886
-0.012389576153236978	-3.569721633116967	-0.19924558301084583
-0.012270803527618416	-3.584346266101145	-0.19480422001419562
-0.012103035529597758	-3.5981013028375153	-0.19015849509956984
-0.011986576459195137	-3.612260160998084	-0.1840066421926921
-0.011912975559044317	-3.6264699574879637	-0.17676670317803314
-0.0118465834956178	-3.6397367148469675	-0.17013186171105044
-0.011781537135191917	-3.6517199516963736	-0.16489893419572393
-0.011718214023699164	-3.662790054078697	-0.16069180678039802
-0.011660540201615548	-3.6734758770372378	-0.15685458260261967
-0.011603762791095169	-3.6840970228791927	-0.15294535391524175
-0.011543267726627181	-3.694751378707071	-0.14877785050233516
-0.011479896743345064	-3.7054584725292745	-0.14430015885172584
-0.01140855758021472	-3.716223666952337	-0.1395150419586413
-0.01133749685540131	-3.7270217251985267	-0.13448696699732865
-0.011273160021196865	-3.7377915208392367	-0.1293559296845103
-0.011211635074028354	-3.7484482562034924	-0.12431243240388076
-0.01116289038287471	-3.75891148434802	-0.11953354433198785
-0.0111269474068599	-3.769135131503486	-0.11511378661335156
-0.011097201844267822	-3.779137062502942	-0.11102537342336534
-0.011065144373359679	-3.789001626665938	-0.10714184720356247
-0.011028858223187422	-3.7988211561711274	-0.10332681317841642
-0.011000197756635636	-3.8086351773871696	-0.09951464867602951
-0.010983083930742554	-3.8184262163461344	-0.09572140705083715
-0.010973416791623091	-3.8281627684856874	-0.09199170517730233
-0.010967936182128922	-3.837836702191521	-0.08834425714914512
-0.010964991406677668	-3.8474630987831846	-0.08476320315298255
-0.010964524514876109	-3.8570627525306413	-0.08121832034901759
-0.010966438618367762	-3.8666513529483018	-0.07768263479101241
-0.010970362821023535	-3.8762378900592656	-0.07413881211073099
-0.010977667080630924	-3.8858264605886643	-0.0705795576683284
-0.010990709755101588	-3.895417226974066	-0.06700800330626012
-0.011012496926465352	-3.905005342613198	-0.06344009251846384
-0.011049749546289333	-3.9145796604692467	-0.05990532208617449
-0.011110335823231452	-3.9241261618326857	-0.05643687051021101
-0.011191565174568	-3.933640585287525	-0.05304450103150005
-0.01125658774911214	-3.9431396478186462	-0.04968834965730686
-0.011251834084759625	-3.9526499443526566	-0.04629124130210145
-0.01119399334112935	-3.9621823573898176	-0.04278601167416537
-0.011131038015768105	-3.971721328828708	-0.03915194821099413
-0.011075269019508529	-3.9812385920926747	-0.03540674367125477
-0.011006762326692439	-3.99070998686576	-0.03157339780940924
-0.010929094610882841	-4.000117478576186	-0.027662539490262636
-0.010852307716370382	-4.0094425998614085	-0.023674568108093912
-0.010783266520933784	-4.018659629772612	-0.019602329938891643
-0.010724046796686575	-4.027726408256212	-0.015426923349000761
-0.010664084680938532	-4.036572964615672	-0.011117998776311661
-0.010597116042049102	-4.045120875566269	-0.006674392356373734
