0.019397591421299595
0.038784656956652855
0.05815056936237245
0.07748470191958846
0.09677642919956095
0.1160151279274663
0.13519017795708219
0.1542909633646737
0.17330687366413902
0.1922273051138756
0.21104166214350573
0.22973935887076374
0.24830982078462485
0.2667424865841144
0.28502681033629007
0.3031522640160258
0.32110834057139925
0.3388845576851427
0.35647046209567257
0.37385563535692307
0.39102969968398443
0.4079823256794933
0.4247032407782448
0.4411822382684712
0.45740918995139107
0.4733740486809809
0.4890668759813403
0.5044778359625132
0.5195972200642681
0.5344154584974103
0.5489231353758025
0.5631109992286835
0.5769699751832151
0.5904911726057521
0.6036658951077036
0.616485656661153
0.6289422054870708
0.6410275379538455
0.6527339127821038
0.6640538376657028
0.67498006933205
0.6855055853606659
0.6956236250230876
0.7053277137323241
0.7146117113110102
0.723469842994553
0.7318966160171062
0.7398868497765473
0.7474355458542494
0.75453790896936
0.7611894348499936
0.7673859755117514
0.7731237692226952
0.7783995272837216
0.7832101808219525
0.7875529573052694
0.7914251285938282
0.7948242857234539
0.7977481627059853
0.8001949062636007
0.8021631915844927
0.8036519180428333
0.8046604407252413
0.8051882340890483
0.8052349173742142
0.8048003284264129
0.8038845368532821
0.802488085638759
0.8006119989128174
0.7982579248223669
0.7954278264282602
0.7921247984136642
0.7883512575353442
0.7841107476917256
0.7793859241357425
0.7741895110234956
0.7685270552301231
0.7624012509983435
0.75581435800638
0.7487721597185072
0.7412765553400021
0.7333343723352204
0.7249458643223714
0.7161197614679415
0.7068587374654014
0.6971689915377889
0.6870555723070124
0.6765252730792185
0.6655825947117879
0.6542359505341121
0.642491052733347
0.6303556058455485
0.6178371651978253
0.604943783764914
0.5916839033892953
0.5780663940666368
0.5641005724089347
0.5497962210605472
0.5351636077553332
0.520213505534017
0.5049572142404855
0.4894065831345185
0.47357403361665024
0.4574725818902426
0.4411158611271452
0.4245181430566213
0.4076943587585905
0.3906601181136674
0.37343172759355664
0.3560262056742322
0.33846129543668896
0.3207554736936531
0.30292795602804734
0.28499869706917935
0.26698838528473634
0.2489184315868279
0.2308109510305671
0.21268873692206722
0.19457522670360278
0.17649445904171235
0.15847102166785804
0.14052998962126692
0.12269685374472228
0.10499743943008097
0.08745781587132262
0.07010419628695869
0.05296282985777825
0.036059886376130175
0.019421334871811215
0.003072817735093419
-0.012960477922510117
-0.028653949734067
-0.04398370829885614
-0.05892670200828618
-0.07346083631618855
-0.08756508535957422
-0.10121959397572203
-0.11440576838246315
-0.12710635406323617
-0.13930549974741452
-0.15098880674299042
-0.16214336329033255
-0.17275776398808976
-0.18282211474522173
-0.1923280240276248
-0.20126858148779045
-0.20963832524850493
-0.21743319937307787
-0.22465050297573003
-0.23128883279803417
-0.23734802052918424
-0.24282906669717844
-0.2477340724324641
-0.2520661694340051
-0.2558294524788575
-0.2590289102145338
-0.2616703571746353
-0.2637603713116877
-0.2653062273636024
-0.2663158664094189
-0.2667978127832522
-0.26676112936095503
-0.2662153726288493
-0.2651705500879135
-0.2636370807060258
-0.2616257585652803
-0.2591477196334119
-0.25621441151281943
-0.25283756597551565
-0.2490291740871371
-0.2448014637169747
-0.24016687922980037
-0.2351380631677533
-0.22972783972922836
-0.2239491998709308
-0.21781528786347254
-0.2113393891440496
-0.20453491932270446
-0.19741541420763906
-0.18999452072894843
-0.18228598864916215
-0.17430366295982894
-0.16606147687401052
-0.15757344533295795
-0.14885365895372688
-0.13991627835308745
-0.13077552879108287
-0.12144569508204706
-0.11194111673019473
-0.10227618325027758
-0.09246532964028331
-0.08252303197689961
-0.07246380311003145
-0.06230218843566896
-0.05205276172924886
-0.041730121026121746
-0.031348884537290775
-0.020923686591137032
-0.010469173593318492
