#y=-1.2246467991473532e-16 
#strength 	x-position 	z-position 
0.03093363672792269	-3.699794567727557	-0.0001578639961537684
0.03068375541181747	-3.698973264427609	-0.0007889927835299355
0.030185636434162593	-3.697332360104184	-0.002049942247492942
0.029448337685571226	-3.6948752557820863	-0.003938098877723483
0.028513827093878494	-3.6916070441852424	-0.006449549181271536
0.02746978389874399	-3.687534499181263	-0.009579087793868098
0.026399207596371262	-3.6826660617415716	-0.013320228268837544
0.025304510073282042	-3.6770118224462047	-0.017665216521248854
0.024112440228582496	-3.6705835005695437	-0.022605046899440755
0.02276876378822323	-3.663394419790321	-0.02812948085061001
0.021296063705862445	-3.655459480576272	-0.03422706814177561
0.019744956279680377	-3.6467951293006386	-0.04088517059213517
0.01813510217076621	-3.6374193241545405	-0.04808998826762444
0.016475434533006712	-3.627351497925887	-0.05582658808338814
0.01479894692764501	-3.6166125177219626	-0.06407893475487872
0.013135937047378457	-3.605224641719155	-0.07282992403343219
0.011485385633817733	-3.5932114730294806	-0.08206141815743535
0.009847574879876905	-3.5805979107795345	-0.09175428344560657
0.00825049241142472	-3.5674100985032577	-0.10188842995447234
0.0067135665837808455	-3.5536753699554575	-0.11244285311784245
0.005225080943908497	-3.539422192458433	-0.12339567728198125
0.003783555776298039	-3.5246801078990977	-0.13472420104624067
0.0024170051703453453	-3.5094796714989136	-0.14640494431517953
0.0011367738813500494	-3.4938523884835315	-0.1584136969646472
-774776588357295e-19	-3.477830648783384	-0.1707255690209623
-0.0012264395493377248	-3.4614476599006236	-0.18331504224918477
-0.002280665112371166	-3.444737378081504	-0.19615602304355406
-0.0032363910024138932	-3.427734437936861	-0.20922189651047213
-0.004119953607059942	-3.410474080656604	-0.22248558163193433
-0.0049271794279315525	-3.3929920809669687	-0.23591958739507496
-0.0056259053623167726	-3.3753246729819275	-0.2494960697714897
-0.0062213019547994845	-3.357508475102456	-0.26318688942823515
-0.006745786000251205	-3.3395804141193093	-0.27696367005089506
-0.007190173673482332	-3.3215776486766107	-0.2907978571578245
-0.0075237200175236555	-3.303537492254879	-0.304660777283673
-0.007767222987343269	-3.2854973358331465	-0.3185236974095217
-0.007962687401056831	-3.2674945703904483	-0.3323578845164511
-0.008097789355680795	-3.249566509407303	-0.3461346651391112
-0.008149952350366	-3.231750311527829	-0.35982548479585663
-0.008165434713180366	-3.214082903542785	-0.373401967172271
-0.008200817577437354	-3.1966009038531538	-0.3868359729354116
-0.008243389190592917	-3.179340546572899	-0.4000996580568741
-0.008291181295429972	-3.1623376064282556	-0.4131655315237921
-0.008436133544533368	-3.1456273246091344	-0.42600651231816133
-0.008758556225590741	-3.1292443357263733	-0.4385959855463843
-0.009240244876561242	-3.1132225960262248	-0.4509078576026994
-0.009902244189490352	-3.0975953130108413	-0.46291661025216646
-0.010878131342052493	-3.0823948766106604	-0.4745973535211055
-0.012164277786974903	-3.0676527920513283	-0.4859258772853654
-0.013444772425967312	-3.053399614554303	-0.49687870144950386
-0.014407283576977431	-3.039664886006501	-0.5074331246128738
-0.015115828047437574	-3.0264770737302262	-0.5175672711217393
-0.01578804615828207	-3.013863511480282	-0.5272601364099103
-0.016280733025593522	-3.001850342790605	-0.5364916305339136
-0.01612814223955603	-2.990462466787796	-0.5452426198124671
-0.0151238984608556	-2.9797234865838718	-0.553494966483958
-0.013587528992188683	-2.969655660355219	-0.5612315662997216
-0.011970469537343044	-2.96027985520912	-0.5684363839752109
-0.010411943144863798	-2.9516155039334864	-0.5750944864255704
-0.008783186862616237	-2.9436805647194424	-0.5811920737167358
-0.00700049087638659	-2.9364914839402196	-0.5867165076679048
-0.005165652066595974	-2.930063162063555	-0.5916563380460971
-0.003481685950315785	-2.9244089227681904	-0.5960013262985087
-0.002128725143408425	-2.9195404853284987	-0.599742466773478
-0.0011869367801349364	-2.915467940324517	-0.602872005386075
-0.0006133957150548104	-2.9121997287276735	-0.6053834556896227
-0.00028962888979043523	-2.909742624405581	-0.6072716123198529
-0.0001086325193979697	-2.908101720082157	-0.6085325617838162
-2193770682429359e-20	-2.9072804167821893	-0.6091636905711921
