#y=-1.4142135623730951 
#strength 	x-position 	z-position 
0.027666930696418075	-3.699794567727557	-0.0001578639961537684
0.027396608868149357	-3.698973264427609	-0.0007889927835299355
0.026858451986348522	-3.697332360104184	-0.002049942247492942
0.026063027904870167	-3.6948752557820863	-0.003938098877723483
0.025058593168696235	-3.6916070441852424	-0.006449549181271536
0.023942548350916186	-3.687534499181263	-0.009579087793868098
0.02280035620291842	-3.6826660617415716	-0.013320228268837544
0.021629387613723825	-3.6770118224462047	-0.017665216521248854
0.02035846560279063	-3.6705835005695437	-0.022605046899440755
0.018944548884683728	-3.663394419790321	-0.02812948085061001
0.017415110690039756	-3.655459480576272	-0.03422706814177561
0.015817797186369192	-3.6467951293006386	-0.04088517059213517
0.014175875420017449	-3.6374193241545405	-0.04808998826762444
0.012505936119907544	-3.627351497925887	-0.05582658808338814
0.010837483613970458	-3.6166125177219626	-0.06407893475487872
0.009193044734063287	-3.605224641719155	-0.07282992403343219
0.007575877523385333	-3.5932114730294806	-0.08206141815743535
0.005991776431745776	-3.5805979107795345	-0.09175428344560657
0.004458922756649016	-3.5674100985032577	-0.10188842995447234
0.0029868009707138157	-3.5536753699554575	-0.11244285311784245
0.0015699208236307058	-3.539422192458433	-0.12339567728198125
0.00020985075586364273	-3.5246801078990977	-0.13472420104624067
-0.0010801530060674997	-3.5094796714989136	-0.14640494431517953
-0.0022967443249812783	-3.4938523884835315	-0.1584136969646472
-0.0034483734255918476	-3.477830648783384	-0.1707255690209623
-0.004532901314609939	-3.4614476599006236	-0.18331504224918477
-0.005537259006647559	-3.444737378081504	-0.19615602304355406
-0.006459757510263415	-3.427734437936861	-0.20922189651047213
-0.00730844605976805	-3.410474080656604	-0.22248558163193433
-0.008078843210009777	-3.3929920809669687	-0.23591958739507496
-0.008757854617518313	-3.3753246729819275	-0.2494960697714897
-0.009346537970014885	-3.357508475102456	-0.26318688942823515
-0.009854677846055423	-3.3395804141193093	-0.27696367005089506
-0.010278437250380685	-3.3215776486766107	-0.2907978571578245
-0.010608052368933705	-3.303537492254879	-0.304660777283673
-0.01085018720822023	-3.2854973358331465	-0.3185236974095217
-0.011018204945317665	-3.2674945703904483	-0.3323578845164511
-0.011109957926227394	-3.249566509407303	-0.3461346651391112
-0.01111936098986875	-3.231750311527829	-0.35982548479585663
-0.01105776798014157	-3.214082903542785	-0.373401967172271
-0.010939669473440194	-3.1966009038531538	-0.3868359729354116
-0.010761364227540272	-3.179340546572899	-0.4000996580568741
-0.010517204969761568	-3.1623376064282556	-0.4131655315237921
-0.010220151302818496	-3.1456273246091344	-0.42600651231816133
-0.009883577232443038	-3.1292443357263733	-0.4385959855463843
-0.009502794115321272	-3.1132225960262248	-0.4509078576026994
-0.00907745437086962	-3.0975953130108413	-0.46291661025216646
-0.008630389199260896	-3.0823948766106604	-0.4745973535211055
-0.00818334010277033	-3.0676527920513283	-0.4859258772853654
-0.007739915428853644	-3.053399614554303	-0.49687870144950386
-0.007312502941462893	-3.039664886006501	-0.5074331246128738
-0.006935380569843845	-3.0264770737302262	-0.5175672711217393
-0.006630963212384332	-3.013863511480282	-0.5272601364099103
-0.006396912075364315	-3.001850342790605	-0.5364916305339136
-0.006240438614720234	-2.990462466787796	-0.5452426198124671
-0.00616969186505403	-2.9797234865838718	-0.553494966483958
-0.006115237231062792	-2.969655660355219	-0.5612315662997216
-0.005916021940520186	-2.96027985520912	-0.5684363839752109
-0.005447235874945711	-2.9516155039334864	-0.5750944864255704
-0.004743355371359831	-2.9436805647194424	-0.5811920737167358
-0.003953417812632185	-2.9364914839402196	-0.5867165076679048
-0.0031976296489972765	-2.930063162063555	-0.5916563380460971
-0.002506892848060218	-2.9244089227681904	-0.5960013262985087
-0.0018746493392724224	-2.9195404853284987	-0.599742466773478
-0.0013088566745932736	-2.915467940324517	-0.602872005386075
-0.0008283470632789767	-2.9121997287276735	-0.6053834556896227
-0.0004470076652323568	-2.909742624405581	-0.6072716123198529
-0.00017749480800728206	-2.908101720082157	-0.6085325617838162
-36292418290036564e-21	-2.9072804167821893	-0.6091636905711921
