#y=-1.4142135623730951 
#Fourier coeffs at root (0-n) 	d/dt (Fourier coeffs at root) 
0.3045754142263615	0.5387854831375124
-0.5906763703373897	-1.31009241217727
-0.08544963815906288	-1.0705248820734408
-0.07928842908531894	0.06726527658412566
0.007698195535864681	0
-0.03689133915262633	0
0.005253365043791483	0
-0.012268094877737879	0
-0.006980690401040157	0
-0.0009179759422455593	0
-0.008906894848362476	0
0.0004854185364707665	0
-0.0032140242552384075	0
-0.001506415644375306	0
0.0016487522224278238	0
-0.001829799739499568	0
0.0029720724193895397	0
-0.0003827581483016277	0
0.001958690672894102	0
0.0011899548615832904	0
0.0005809311212880927	0
0.001683798761147472	0
-413010631943842e-19	0
0.0010695126317107908	0
3259409927449124e-20	0
0.000105426981197697	0
0.00023472904262917196	0
-0.0005049698232095565	0
0.00020012416738038723	0
-0.0005709583700266541	0
-34101373606720374e-21	0
-0.0003189109071195381	0
-0.00024023698648671082	0
-5703661044132899e-20	0
-0.00026964302844685047	0
6199425516154471e-20	0
