#y=-1.2246467991473532e-16 
#Fourier coeffs at root (0-n) 	d/dt (Fourier coeffs at root) 
0.3403918289656578	0.4686472900532405
-0.6274388676920438	-0.852576862243204
0.028964967893463124	-1.2782899913884815
-0.1660742566384096	0.18624808325942155
0.060025776800250376	0
-0.02230256798693069	0
-0.038521418930375376	0
0.03489114620045243	0
-0.03768985905646281	0
0.011412693563570032	0
-0.009552517879187731	0
-0.001353947899873332	0
-0.0032742044026960676	0
0.0017151935949719576	0
-0.0029208102218172705	0
0.002643556511512168	0
-0.00022388196443231994	0
0.001374233127720624	0
0.0017437912687432158	0
-0.00021121088578370282	0
0.003391622646191359	0
-0.002204267477000146	0
0.0038102989933715406	0
-0.0018898330858894326	0
0.0011447234470816226	0
0.0006999492072720772	0
-0.0016042719506214594	0
0.0014183739789907278	0
-0.00105397716524293	0
-0.00042945734287158665	0
0.0006516283093570499	0
-0.0012681289120417853	0
0.00041960587595604314	0
-0.0001603018185191116	0
-0.0005411676180601049	0
0.0004173080790738848	0
