#y=-1.9753766811902755 
#Fourier coeffs at root (0-n) 	d/dt (Fourier coeffs at root) 
0.10945240056238886	0.12257959852675823
-0.21447677900472398	-0.5488737680489741
-0.09635572092193306	0.2384734946943375
0.05444675365718761	-0.17511235873303443
-0.030893311369865922	0
0.01698905868108063	0
-0.008541843787482125	0
0.0033721360198383813	0
-0.0002558783785690469	0
-0.0015375799902817226	0
0.0024667038122961633	0
-0.0028314474847031135	0
0.002834674974343225	0
-0.0026167532261038946	0
0.0022758642814542742	0
-0.0018805001354613318	0
0.0014775646928864821	0
-0.0010979312727541397	0
0.0007604670268527463	0
-0.00047508370427964584	0
0.0002451278337325017	0
-6928875665921993e-20	0
-5687018432743669e-20	0
0.00013969104259858308	0
-0.0001864652140104745	0
0.0002047059197357938	0
-0.00020161795322815748	0
0.00018373567895054623	0
-0.00015670161581007652	0
0.00012515920151616404	0
-9273490783573211e-20	0
6208689067244575e-20	0
-3499979109318797e-20	0
12508050264576656e-21	0
4966976140326228e-21	0
-17477865456617063e-21	0
