#y=-1.4142135623730951 
#strength 	x-position 	z-position 
0.01	-2.742982125480803	-0.5974627214258216
0.01	-2.7550635389429057	-0.5849181367786987
0.01	-2.781681918399154	-0.564598911709298
0.01	-2.787562444941167	-0.5812328181755833
0.01	-2.7751455768249462	-0.5989073823238602
0.01	-2.7667155421417884	-0.6127229934061711
0.01	-2.74195690196479	-0.6297411085663959
0.01	-2.7171211080894686	-0.6358066672531726
0.01	-2.710894402321665	-0.6149670636180367
0.01	-2.713405482636968	-0.5898921565758796
0.01	-2.741124899521456	-0.5688174395652591
0.01	-2.754849180453066	-0.5494987311332007
0.01	-2.75666523719834	-0.5335908689106379
0.01	-2.7712614523902968	-0.5125233291948712
0.01	-2.7819591500347935	-0.5335672492782304
0.01	-2.792462574154901	-0.5355543420588327
0.01	-2.812936501526881	-0.5464969108995328
0.01	-2.831241464606928	-0.5639729627218474
0.01	-2.8308591144160107	-0.5775978715467899
0.01	-2.8159412995204653	-0.5951490900005009
0.01	-2.7929965070553906	-0.6171895399582394
0.01	-2.7640332056021	-0.6400114771598869
0.01	-2.7445187627777297	-0.659340772685646
0.01	-2.73562976489865	-0.6750894118888374
0.01	-2.726364560513018	-0.6851061384942473
0.01	-2.713742802103421	-0.6851853016215452
0.01	-2.702556956149659	-0.6823652875656898
0.01	-2.692236000512861	-0.6785416465366425
0.01	-2.6822364030394725	-0.6686677466372736
0.01	-2.6761291326968304	-0.653007083667742
0.01	-2.673315830099059	-0.6361289902717914
0.01	-2.6747518505183403	-0.6163292377960446
0.01	-2.681118709445178	-0.5950529003398872
0.01	-2.692158113818636	-0.5729048192105386
0.01	-2.7088870481563934	-0.5525914203751339
0.01	-2.7229597072825777	-0.5334649544497019
0.01	-2.7376865465912275	-0.5128571259331679
0.01	-2.7565363024153826	-0.49395860437062933
0.01	-2.7872103453960517	-0.4842885634721557
0.01	-2.8254520407540418	-0.48858765033554086
0.01	-2.8590391204743955	-0.48575685010919095
0.01	-2.8975227865764537	-0.5035839465306498
0.01	-2.928660063183045	-0.529535957143588
0.01	-2.9367999879227167	-0.5456717079884559
0.01	-2.835579604106104	-0.5086735640513126
0.01	-2.8730426667338698	-0.5781521064953361
0.01	-2.843594481144463	-0.5401388858321493
0.01	-2.8540536721571463	-0.5431138489808218
0.01	-2.8664890649905335	-0.5398796811435683
0.01	-2.8774010487700576	-0.5455930709884422
0.01	-2.8232251774763553	-0.5405668136785167
0.01	-2.831545523284511	-0.6146809293475394
0.01	-2.7862324586582847	-0.6786368231400742
0.01	-2.7716546301625726	-0.6767656286255588
0.01	-2.7526445523803478	-0.6926131537410188
0.01	-2.7088224368162366	-0.7671881032566636
0.01	-2.72197933113717	-0.7536601764340819
0.01	-2.718409404474743	-0.7501424908587184
0.01	-2.716774221889324	-0.7441509254899139
0.01	-2.7343102579269476	-0.7259348716826705
0.01	-2.7432750522159566	-0.7509127593231357
0.01	-2.730294076527633	-0.7836334667713618
0.01	-2.7161880920816746	-0.794678773142085
0.01	-2.6947627525451594	-0.7900363550348228
0.01	-2.667197391830708	-0.7809194100785051
0.01	-2.6553717561677748	-0.7846250590269819
0.01	-2.6537490323153166	-0.7894380503172486
0.01	-2.6528066029250224	-0.794600406823507
0.01	-2.646714397800031	-0.8004327317316385
0.01	-2.6328124251760707	-0.8017375846591404
0.01	-2.6185527747576094	-0.7925644715967722
0.01	-2.609663349408757	-0.778136840459994
0.01	-2.6040743268323454	-0.7639254052636829
0.01	-2.59947765346808	-0.7515305400655274
0.01	-2.5950937360037996	-0.7406416268211826
0.01	-2.590901723609313	-0.7303936652145702
0.01	-2.5871121501741596	-0.7199738098386843
0.01	-2.583980008355733	-0.7088647018475177
0.01	-2.581646196193303	-0.696939912810841
0.01	-2.5799360074370257	-0.6844987403514559
0.01	-2.578333413267144	-0.6721922713146208
0.01	-2.576427819385824	-0.6605928485368971
0.01	-2.5745147711588414	-0.6493520486384964
0.01	-2.574053191551178	-0.6367452932883604
0.01	-2.578435993394379	-0.6204639267435673
0.01	-2.5945405856932386	-0.5986726842338835
0.01	-2.6197144636187417	-0.5614987194412779
0.01	-2.6017586934381116	-0.5296955348315541
0.01	-2.590908210359624	-0.5416081510074104
0.01	-2.593294529323078	-0.5472750427463678
0.01	-2.597940741293151	-0.5493130167464313
0.01	-2.600696599966512	-0.5544074760138866
0.01	-2.587100052089522	-0.5650343269775605
0.01	-2.588790437610468	-0.508093571760545
0.01	-2.6697852840894027	-0.4836200138438129
0.01	-2.6945032300365375	-0.4210308792205545
0.01	-2.679798336889183	-0.43272058514796546
0.01	-2.6823488586444575	-0.43696649450914987
0.01	-2.687382340070122	-0.43836527116302215
0.01	-2.6901281584262837	-0.44371581234135554
0.01	-2.6817360017315464	-0.45605289098517016
0.01	-2.6619024813654297	-0.4441321874997514
0.01	-2.6923398752638406	-0.4014791610680676
0.01	-2.7324526538814715	-0.3900173092032578
0.01	-2.755931055134613	-0.38143822558243035
0.01	-2.7722865169366018	-0.37306146056282524
0.01	-2.787736577272614	-0.3650672507310105
0.01	-2.8066477647512746	-0.35779246270695714
0.01	-2.8313233949599144	-0.3520037305819922
0.01	-2.86347203965302	-0.3472449958050306
0.01	-2.906843040102581	-0.33751112267550154
0.01	-2.9487786235041487	-0.30641589786907
0.01	-2.9564446392791512	-0.2729535924939319
0.01	-2.9403687455547334	-0.2603610629948249
0.01	-2.9120435059053227	-0.27152510274714925
0.01	-2.9078014230097184	-0.28749960854707374
0.01	-2.9123778624067196	-0.2929362167727443
0.01	-2.9171309163658963	-0.2921071515290887
0.01	-2.9211151461788423	-0.2877485526779405
0.01	-2.9253171813152328	-0.2835284896694365
0.01	-2.930436457037527	-0.2831236974190646
0.01	-2.9349604036612096	-0.2891871925160354
0.01	-2.9319614479265175	-0.3046069196991965
0.01	-2.910411832580034	-0.3167193152788354
0.01	-2.891644181438028	-0.315193471252547
0.01	-2.8843624904832206	-0.3033835639243122
0.01	-2.885762339933766	-0.28509108515218734
0.01	-2.8987325734503977	-0.26346855740769326
0.01	-2.9205708262710486	-0.247764560710971
0.01	-2.941719527354066	-0.2387529583490888
0.01	-2.9588621793465735	-0.2327429057111643
0.01	-2.9721138263000055	-0.22760664362888502
0.01	-2.9826943121624714	-0.22262216103694374
0.01	-2.991682462763465	-0.21769441124215594
0.01	-2.999830899420308	-0.2128232126643899
0.01	-3.007625845850642	-0.20801672278860595
0.01	-3.015350777554048	-0.203287906257837
0.01	-3.023140786079332	-0.19865025874197684
0.01	-3.031034648764213	-0.19411156427509946
0.01	-3.039020878540661	-0.18967136193126574
0.01	-3.047070929902924	-0.1853229152100655
0.01	-3.055157556239098	-0.18105687154584466
0.01	-3.0632616391947773	-0.1768641379803068
0.01	-3.0713725285381597	-0.17273726443169984
0.01	-3.0794858767684037	-0.16867070448603041
0.01	-3.0876011986043004	-0.16466052719132407
0.01	-3.0957200250580836	-0.16070398071133493
0.01	-3.1038447559927036	-0.1567991002814777
0.01	-3.1119780110495245	-0.15294441492375532
0.01	-3.1201222490313296	-0.14913874169034047
0.01	-3.1282795102791794	-0.14538103994158988
0.01	-3.1364512323771168	-0.14167030760637353
0.01	-3.14463815502089	-0.13800551739749736
0.01	-3.152840360495851	-0.1343856020032828
0.01	-3.161057495104936	-0.13080949966090558
0.01	-3.1692891872807047	-0.12727626578900847
0.01	-3.1775356300800897	-0.12378524356152365
0.01	-3.1857982434814454	-0.12033626769900645
0.01	-3.194080280979602	-0.11692985389141447
0.01	-3.2023871910736577	-0.11356730460340178
0.01	-3.2107264901073127	-0.1102506452819452
0.01	-3.2191068791819735	-0.10698230333402776
0.01	-3.2275364143617176	-0.1037644767336145
0.01	-3.236019816673584	-0.10059824168241835
0.01	-3.2445555639695285	-0.09748264291671553
0.01	-3.2531341581898956	-0.09441425309780307
0.01	-3.2617394613575	-0.09138778833730209
0.01	-3.270354375801458	-0.08839801873772707
0.01	-3.278969699423293	-0.08544234073147722
0.01	-3.287591522456979	-0.08252257079339889
0.01	-3.296241092052822	-0.07964468323318429
0.01	-3.3049447526624647	-0.0768163816148392
0.01	-3.3137193478871287	-0.07404359932734118
0.01	-3.3225635881660636	-0.07132776332959852
0.01	-3.3314617984238493	-0.06866564473283135
0.01	-3.3403961703404024	-0.06605196235058224
0.01	-3.349357222266492	-0.06348255351579976
0.01	-3.358345008143405	-0.0609556048433331
0.01	-3.3673621093089903	-0.05847045546063182
0.01	-3.3764059536830593	-0.05602552137126558
0.01	-3.385467198165946	-0.05361728274262956
0.01	-3.394534180184501	-0.05124116560909436
0.01	-3.403598579479359	-0.048893496012541296
0.01	-3.412658771963795	-0.04657262856500196
0.01	-3.4217182343662986	-0.044278125896077054
0.01	-3.4307778139889846	-0.042008920597291916
0.01	-3.439830382726308	-0.039762352252061726
0.01	-3.448867604193038	-0.03753514072786591
0.01	-3.4578882793261885	-0.035325539345102075
0.01	-3.466898003450191	-0.033134269047403846
0.01	-3.4759051605154316	-0.030963465150752774
0.01	-3.4849179032374913	-0.028815012154976772
0.01	-3.493941588151605	-0.026689446599384364
0.01	-3.5029791748422237	-0.02458594199283545
0.01	-3.512036464783686	-0.022503495259886947
0.01	-3.5211251061209308	-0.020442037917637206
0.01	-3.5302608230859867	-0.018402164400979176
0.01	-3.5394613980276577	-0.01638407702477189
0.01	-3.548746664987848	-0.01438687454828756
0.01	-3.558139528033392	-0.012408340697681564
0.01	-3.567667059307348	-0.010444879963426072
0.01	-3.577361035025005	-0.008491146519101888
0.01	-3.587258524690645	-0.006539236634811188
0.01	-3.5974040320838245	-0.00457768563570215
0.01	-3.607855062485587	-0.0025909068387302554
0.01	-3.618692372012341	-0.0005597257744329404
0.01	-3.6300362437278664	0.0015367207088162415
0.01	-3.6420750904851698	0.0037150282334521716
0.01	-3.655124737692946	0.00595928840149609
0.01	-3.669744628042054	0.008054652985613087
0.01	-3.6863675190621565	0.008466353572360141
