#y=-1.2246467991473532e-16 
#strength 	x-position 	z-position 
0.01	-2.8763797237616804	-0.5551055073820366
0.01	-2.8678458493541785	-0.5526316153416874
0.01	-2.8780623248687496	-0.5243056403752118
0.01	-2.895734058760439	-0.5123511171479764
0.01	-2.9049199505830017	-0.5219624540547552
0.01	-2.917039673619518	-0.5261957547137716
0.01	-2.9081394270602234	-0.5488320061579735
0.01	-2.8762148301787835	-0.5801081458572674
0.01	-2.8577935628279993	-0.5941911271762926
0.01	-2.8439140947671255	-0.5993956671321483
0.01	-2.8336680260998457	-0.5931392290103805
0.01	-2.829659091417649	-0.5797593494118505
0.01	-2.8316478610867803	-0.5625413539830212
0.01	-2.8314531604560003	-0.5502402019521827
0.01	-2.837166881310667	-0.5326007023041197
0.01	-2.8726814712838005	-0.506954612833041
0.01	-2.924825297795188	-0.4786459762446114
0.01	-2.932316161244113	-0.4491979415907166
0.01	-2.9390925486336714	-0.43450115293808117
0.01	-2.9451648803369213	-0.4589126570358984
0.01	-2.943067781049667	-0.4947410020598076
0.01	-2.957335531631227	-0.5002258934025777
0.01	-2.96652871749474	-0.5003297531296946
0.01	-2.9664968291151226	-0.5126895931554574
0.01	-2.958491171711839	-0.5286256203038416
0.01	-2.93793073682736	-0.5486835183389364
0.01	-2.913408441798948	-0.5709991770410814
0.01	-2.8933682315955407	-0.5909609104219704
0.01	-2.8778724157162956	-0.6113518666545389
0.01	-2.856164342913546	-0.6272047802313018
0.01	-2.835177604489968	-0.6403544418886057
0.01	-2.82236823251097	-0.6490596233981375
0.01	-2.8098888090655203	-0.6526011458128634
0.01	-2.7973867625377244	-0.6471436675558981
0.01	-2.792580614723915	-0.6304008860205356
0.01	-2.7912057706073665	-0.6132110772283309
0.01	-2.7862607873828407	-0.599641736539331
0.01	-2.7813368635847473	-0.5857504118105504
0.01	-2.783991505705001	-0.566649639299164
0.01	-2.8016624331113653	-0.5457866248327325
0.01	-2.8197143306007524	-0.522128540083887
0.01	-2.831995205422002	-0.5032610607579714
0.01	-2.8497348924637507	-0.48257028900827065
0.01	-2.875525618641138	-0.456886228688499
0.01	-2.8884666194572857	-0.4499098943895989
0.01	-2.8776414940899278	-0.4874016138842565
0.01	-2.919323928171514	-0.46186585670114
0.01	-2.9191938889037257	-0.4368516471712976
0.01	-2.920512107289556	-0.42841856736305883
0.01	-2.958555777689691	-0.40333443208117264
0.01	-3.0196856081968058	-0.4130909598780273
0.01	-3.0200494008876397	-0.4267677647054312
0.01	-2.957166344135535	-0.47244242531877917
0.01	-3.0167677287595764	-0.46215826094481977
0.01	-3.007026813957969	-0.46367284662960473
0.01	-3.0082219951394285	-0.46781047355422645
0.01	-3.00764148805873	-0.4733179969257788
0.01	-2.9850194812975945	-0.47124672428857184
0.01	-3.0014712292689136	-0.5290396330188438
0.01	-2.9761919509458297	-0.5485221512540066
0.01	-2.9465542737936112	-0.5703520150703422
0.01	-2.9039074196445505	-0.6219440190124199
0.01	-2.8473077949859333	-0.6583452331475874
0.01	-2.847907115575071	-0.6730796163185351
0.01	-2.850350804692082	-0.6711292999766543
0.01	-2.853474027045586	-0.6698985500344431
0.01	-2.8534897723814354	-0.6831460185058467
0.01	-2.8062654933428792	-0.7082226800711516
0.01	-2.7813159012615882	-0.7247643122843371
0.01	-2.776198342522899	-0.7341971242197243
0.01	-2.7756811671354864	-0.740150744840056
0.01	-2.774569720770427	-0.7474646424986673
0.01	-2.7722088216688556	-0.7566278195918331
0.01	-2.7706617928445265	-0.7643593356353862
0.01	-2.7703804588764087	-0.7702328912301806
0.01	-2.76935145739889	-0.776802058324377
0.01	-2.7639960832853006	-0.7854768934416095
0.01	-2.75155896049652	-0.7930378367303801
0.01	-2.737498187494045	-0.7972084549082855
0.01	-2.7282618901191764	-0.8006856091534852
0.01	-2.722149446216825	-0.8042620195854803
0.01	-2.715469451001305	-0.8075858568995358
0.01	-2.7059184467817783	-0.8086798047907535
0.01	-2.694730868087254	-0.8044861828301342
0.01	-2.685289145387598	-0.7957689422950597
0.01	-2.6782071909637333	-0.7862930306750926
0.01	-2.672426440673011	-0.7776459838506092
0.01	-2.6673262804385764	-0.7695286411216629
0.01	-2.6627716819231138	-0.7614253667865934
0.01	-2.658855698227054	-0.7530116689960741
0.01	-2.6558006797086104	-0.7439122282191543
0.01	-2.6540288550772173	-0.7335676169369586
0.01	-2.654052344386315	-0.721576960375507
0.01	-2.6554890090413714	-0.708415465361026
0.01	-2.656064526326008	-0.6961322650370637
0.01	-2.65435797087532	-0.6872020915756378
0.01	-2.651391059350766	-0.6813336499050071
0.01	-2.648318011201323	-0.6757199786851237
0.01	-2.6469200437606855	-0.6666520317956198
0.01	-2.651154326613831	-0.6523977662971314
0.01	-2.661572510326779	-0.6363650192198536
0.01	-2.6697041554810483	-0.621945848521201
0.01	-2.6718267161437352	-0.6111778231496046
0.01	-2.670855662590557	-0.6032289001822335
0.01	-2.6698287663134823	-0.5950407131475081
0.01	-2.6711951754562877	-0.5842777427874857
0.01	-2.676393221556286	-0.5713817622230288
0.01	-2.68398475272652	-0.5582792432114865
0.01	-2.691895257941632	-0.545655751158409
0.01	-2.699650141314311	-0.5333312289237352
0.01	-2.707751777170842	-0.5210377808825905
0.01	-2.7168431990322683	-0.508657323058669
0.01	-2.727348157776024	-0.4962406095914043
0.01	-2.7394509188376595	-0.48390827417072024
0.01	-2.753248863110855	-0.47174868120005964
0.01	-2.7689400735924488	-0.4597770342930963
0.01	-2.7870189915814083	-0.44792157300578955
0.01	-2.808618622785189	-0.43592315147211186
0.01	-2.836608657972804	-0.42261628160139747
0.01	-2.879393813516097	-0.3984766360521274
0.01	-2.907104335419537	-0.3446673313329513
0.01	-2.8910209438071006	-0.32964885803131494
0.01	-2.8742589230836053	-0.3417003531370101
0.01	-2.8724215243921982	-0.35199175564176205
0.01	-2.875321617101785	-0.3554136906742868
0.01	-2.8797757066294323	-0.35470238095220535
0.01	-2.8846239345728484	-0.353458295841625
0.01	-2.888610169304108	-0.3554177906743436
0.01	-2.889187181592076	-0.3632428287350066
0.01	-2.880396752778648	-0.3766239660040086
0.01	-2.863407570821413	-0.3823967382099946
0.01	-2.8527244783297268	-0.3699364831534092
0.01	-2.855050710101959	-0.344916609093975
0.01	-2.874836545340619	-0.3190891859817947
0.01	-2.9005932678537785	-0.30531651906676677
0.01	-2.9216367373342167	-0.2977407681395832
0.01	-2.9379845784805854	-0.2915930435226584
0.01	-2.9511107234797995	-0.2857364488833072
0.01	-2.9620472220284326	-0.2799896246279685
0.01	-2.971546362847021	-0.2743482513951585
0.01	-2.980170495415518	-0.2688178456694727
0.01	-2.9883244324800837	-0.2633953439102193
0.01	-2.9962771659299685	-0.2580774430282625
0.01	-3.004185573896332	-0.25286411192046276
0.01	-3.012122792604931	-0.2477562227079404
0.01	-3.020108051834019	-0.2427523552810743
0.01	-3.0281327035773935	-0.23784769277909926
0.01	-3.03617893893142	-0.23303489256154106
0.01	-3.0442305482711034	-0.22830565223176555
0.01	-3.0522771096164965	-0.22365202240781676
0.01	-3.0603139646927233	-0.2190671352479794
0.01	-3.0683404261481884	-0.2145453908833992
0.01	-3.076357955584284	-0.21008230056285385
0.01	-3.0843689969045087	-0.20567421431835511
0.01	-3.092376389005197	-0.2013180921073237
0.01	-3.1003830939623103	-0.19701136423980825
0.01	-3.108392105944115	-0.1927518503486639
0.01	-3.116406484165314	-0.188537699284734
0.01	-3.1244294066546074	-0.18436733798008997
0.01	-3.1324641277448975	-0.18023942775212728
0.01	-3.140513816556658	-0.17615281903572264
0.01	-3.148581355590568	-0.17210649679836051
0.01	-3.156669191165272	-0.16809952452364707
0.01	-3.1647792811174313	-0.16413100317770926
0.01	-3.1729131461119264	-0.16020005287867758
0.01	-3.181072001846788	-0.15630581336761706
0.01	-3.1892569160311734	-0.15244745586613204
0.01	-3.1974689232471776	-0.14862419885030834
0.01	-3.2057090656218326	-0.14483532097065221
0.01	-3.2139783820913066	-0.14108017014905455
0.01	-3.2222779056848254	-0.13735817851133542
0.01	-3.230608737878472	-0.1336689000882477
0.01	-3.23897226051094	-0.1300120845163902
0.01	-3.247370503352257	-0.12638778556451807
0.01	-3.255806600603856	-0.12279647003472684
0.01	-3.2642851130646906	-0.11923905211277822
0.01	-3.2728118189357227	-0.1157167412318693
0.01	-3.2813925076030013	-0.1122306146163443
0.01	-3.2900306157603527	-0.10878096291687162
0.01	-3.298724500926403	-0.10536669104845922
0.01	-3.307466350929151	-0.10198526905729871
0.01	-3.316244994170945	-0.09863354743377926
0.01	-3.3250524015784917	-0.09530911740623375
0.01	-3.333889336390336	-0.09201130198376249
0.01	-3.342764350882607	-0.08874100486857593
0.01	-3.351685844777904	-0.0854994408114345
0.01	-3.3606543566256657	-0.08228655761184325
0.01	-3.369662120649844	-0.07910030355429479
0.01	-3.3786988708069203	-0.07593736084643735
0.01	-3.387757431931507	-0.07279467722791452
0.01	-3.3968356612673136	-0.06967034041411377
0.01	-3.405934304492474	-0.0665634178634641
0.01	-3.415053502805504	-0.0634731908114493
0.01	-3.4241914735664305	-0.06039850108644705
0.01	-3.433344708689206	-0.05733813625350886
0.01	-3.4425125338467955	-0.05429165169703302
0.01	-3.451700819701943	-0.051259982560566436
0.01	-3.4609188266831183	-0.04824514399081895
0.01	-3.4701743475981717	-0.04524911006990278
0.01	-3.479473227526831	-0.04227315620665474
0.01	-3.4888229403109876	-0.03931823931769631
0.01	-3.498234505555778	-0.03638559681424452
0.01	-3.5077216651270997	-0.03347663617373525
0.01	-3.5172993436460462	-0.030592236664513474
0.01	-3.526982569240871	-0.02773197222433246
0.01	-3.5367872926685715	-0.024893766306530368
0.01	-3.5467324284921204	-0.022074057821296747
0.01	-3.5568410964765262	-0.019267805184817095
0.01	-3.567141748801685	-0.01646812111899317
0.01	-3.577670454433291	-0.013665945349078518
0.01	-3.588474261199776	-0.010849715975926056
0.01	-3.5996163459425894	-0.00800501598207016
0.01	-3.611184622361459	-0.005114495394423085
0.01	-3.6233070300027244	-0.002158810689913372
0.01	-3.636181517326107	0.0008781940264020603
0.01	-3.6501414552885065	0.003984500186086343
0.01	-3.6658050505472803	0.006975592383920177
0.01	-3.6839622796797413	0.008394322514838869
