#y location 	alpha (def) 	h 	u 	scaled bound circ 	a0 	a03d 	tevstr 	cl 	cd 	cm 
-1.9753766811902755	37.70728740510429	0	1	0.26113879495380504	0.10945240056238886	-0.25892478389377815	0.004941583017257308	-0.02080331225002583	-0.11122522108097666	0.27191711449690886
-1.902113032590307	37.70728740510429	0	1	-0.2912605097958708	0.3670462045305209	0.26016798723042606	-0.0012508156216629162	1.3932731366762794	0.007173589398102975	0.2732282838381399
-1.7820130483767358	37.70728740510429	0	1	-0.07133381267597605	0.2943196147945961	0.05375947944033734	-0.0012677361091953197	0.08552165614260421	-0.6218417512384267	0.6522916094312897
-1.618033988749895	37.70728740510429	0	1	0.025487860930302808	0.2735349170335679	-0.022818982904089215	-0.00029761388626832995	0.15065748081672806	-0.47775031300853343	0.5779115174406777
-1.4142135623730951	37.70728740510429	0	1	0.009684263670712845	0.3045754142263615	-0.00044703461304624725	-0.001043568123749717	0.09272718449594208	-0.6650514243889292	0.643591161375666
-1.1755705045849463	37.70728740510429	0	1	0.03723496200287768	0.31250593398878107	-0.01839897121047912	-0.002531847298197318	0.1200996113561476	-0.6827558318960677	0.5625495972890303
-0.9079809994790937	37.70728740510429	0	1	0.037818737073652686	0.3272265675601112	-0.014625874930219851	-0.003505952786968289	0.26902685568902823	-0.6424123359802961	0.45781197241727967
-0.6180339887498949	37.70728740510429	0	1	0.035315388066418596	0.33692948310073045	-0.010406791440089335	-0.0036837408308468093	0.45714596476542924	-0.5481586091621765	0.34666588650046326
-0.31286893008046185	37.70728740510429	0	1	0.038214216133590995	0.3386994933577623	-0.011695135343772547	-0.0036566139061581897	0.5131407213985661	-0.5143670246535377	0.3123774659392634
-12246467991473532e-32	37.70728740510429	0	1	0.036593617765737385	0.3403918289656578	-0.009921222646101489	-0.0036123071973238	0.5431213416824483	-0.5003164864395861	0.2984830211674543
