#y=-1.4142135623730951 
#strength 	x-position 	z-position 
-9703945633154909e-26	-0.0711718747643548	0.13397420239773816
-9706867254433149e-27	-0.07949343071590786	0.1350025614189988
-2203372206910359e-26	-0.08783052637154383	0.13604257003648385
-30682709845075706e-27	-0.09618356590208275	0.13709438735474153
-35454132685242e-24	-0.10455296693237773	0.13815817372857597
-4071721605714007e-26	-0.11293916111229642	0.13923409123166045
-4753717385008738e-26	-0.12134259470867108	0.1403223037350726
-55722572389615976e-27	-0.12976372920367807	0.14142297669783574
-6536121470446243e-26	-0.13820304192924307	0.1425362770788931
-7682708982881259e-26	-0.1466610267358845	0.143662373273847
-9033507622491221e-26	-0.15513819469492435	0.14480143503482057
-10634671268605622e-26	-0.1636350748360711	0.14595363337723732
-12525727503820416e-26	-0.17215221492270105	0.1471191404760811
-1475201107103974e-25	-0.1806901822670841	0.14829812954975558
-1738468674572502e-25	-0.18924956458799527	0.1494907747314554
-2049137873272322e-25	-0.19783097091324717	0.15069725092607206
-24152537608790325e-26	-0.20643503252988818	0.15191773365127667
-28473798666106553e-26	-0.21506240398506207	0.15315239886217938
-3356850058339189e-25	-0.22371376414066074	0.15440142275724525
-39583838637446966e-26	-0.23238981728515923	0.15566498156437325
-4667608625996689e-25	-0.24109129430627788	0.15694325130521264
-5503890364300101e-25	-0.2498189539283577	0.1582364075355153
-6490647654761039e-25	-0.25857358401866437	0.15954462505986197
-7654157099801218e-25	-0.26735600296707823	0.16086807761760244
-9026565311182067e-25	-0.2761670611440517	0.16220693753819077
-10645526179325904e-25	-0.2850076424420358	0.16356137536313417
-12554154521504657e-25	-0.29387866590596257	0.16493155943051813
-14805932539024846e-25	-0.3027810874588685	0.16631765541985408
-17461463230200591e-25	-0.3117159017291487	0.16771982585277592
-20593240671745727e-25	-0.3206841439864758	0.16913822954545302
-24287512452592086e-25	-0.3296868921940312	0.17057302100917163
-2864370794372628e-24	-0.3387252691851839	0.17202434979252026
-3378162444223065e-24	-0.3478004449735463	0.1734923597605531
-3984144255828048e-24	-0.3569136392060366	0.17497718830498102
-4698847142978191e-24	-0.36606612376930714	0.1764789654779563
-5541726508240252e-24	-0.37525922556086866	0.17799781304251583
-6535856831441089e-24	-0.384494329437192	0.1795338434314312
-7708333507952525e-24	-0.3937728813520262	0.18108715860481597
-909108765524691e-23	-0.40309639169939476	0.18265784879598282
-10721917473657805e-24	-0.41246643887705864	0.18424599113478096
-12645334269284492e-24	-0.4218846730875227	0.18585164813522084
-14913783567480077e-24	-0.43135282039523926	0.18747486603302194
-1758918805917775e-23	-0.44087268706039295	0.18911567295766896
-20744549742920948e-24	-0.45044616417148736	0.190774076920691
-24465957520342085e-24	-0.4600752326009837	0.1924500635999121
-28854944794654003e-24	-0.46976196831054085	0.19414359389727592
-3403126136447554e-23	-0.47950854803497917	0.19585460124466275
-4013620790235817e-23	-0.4893172553768304	0.1975829886293257
-47336341400458504e-24	-0.49919048734642874	0.19932862530647244
-55828100394353375e-24	-0.5091307613859971	0.2010913431623919
-6584327904256282e-23	-0.5191407229199767	0.2028709326870374
-7765502356947562e-23	-0.5292231534781171	0.20466713850810286
-9158577496740095e-23	-0.5393809794426332	0.2064796544339528
-1080155315000969e-22	-0.549617281476076	0.2083081179441236
-12739269286687893e-23	-0.5599353046924971	0.21015210405798593
-15024592194858022e-23	-0.5703384696412793	0.21201111850263435
-17719885749521713e-23	-0.5808303841804892	0.21388459008894514
-20898687803395932e-23	-0.5914148563251487	0.2157718621921956
-24647740184263744e-23	-0.6020959081655037	0.21767218321789983
-2906933250345495e-22	-0.6128777909612395	0.2195846959158077
-342841137130831e-21	-0.6237650015301394	0.2215084253842241
-4043437058232069e-22	-0.6347623000638367	0.22344226558302427
-4768791071769335e-22	-0.6458747295196894	0.22538496414504106
-5624264843191729e-22	-0.6571076367565214	0.2273351052432036
-6633198054318418e-22	-0.6684666956038176	0.22929109023093935
-7823119465930756e-22	-0.6799579320791822	0.23125111572929438
-9226493741573e-19	-0.6915877519983435	0.2332131487805181
-10881607451634911e-22	-0.7033629712566372	0.23517489862422644
-12833616413170795e-22	-0.7152908491019325	0.23713378457929465
-15135771897715339e-22	-0.7273791247674699	0.2390868994244368
-17850876408952165e-22	-0.7396360578910434	0.24103096756651382
-21052993890297023e-22	-0.7520704732169651	0.24296229716006745
-2482946877475564e-21	-0.7646918101612596	0.24487672519033463
-29283304496061785e-22	-0.7775101779231147	0.2467695543510474
-34535971821757216e-22	-0.7905364169508163	0.24863548032800473
-4073071343051529e-21	-0.8037821677242073	0.25046850783088803
-4803644717254682e-21	-0.8172599480055676	0.2522618533877661
-5665235879874844e-21	-0.8309832399461432	0.25400783251104786
-6681332013118088e-21	-0.8449665887286021	0.25569772833831556
-7879627489980681e-21	-0.8592257147917333	0.2573216382195478
-9292775734632067e-21	-0.8737776421416085	0.2588682939224776
-10959275628812798e-21	-0.8886408458285823	0.26032485010931883
-1292451532323817e-20	-0.903835422391648	0.26167663442758327
-15242000973818629e-21	-0.9193832879796854	0.2629068508565439
-1797480430965233e-20	-0.9353084100000821	0.26399622572213083
-21197264890889314e-21	-0.9516370795773479	0.2649225828442205
-24996994085466073e-21	-0.9683982338967134	0.265660330342335
-29477229911496067e-21	-0.9856238397434769	0.26617983631219644
-3475960625914758e-20	-1.003349352321006	0.26644666334255357
-4098740350716966e-20	-1.0216142668382355	0.26642062186564236
-483293646234631e-19	-1.0404627844958605	0.2660545884348317
-56984169264610515e-21	-1.0599446194284856	0.2652930154209944
-671856732885074e-19	-1.0801159788387265	0.26407003061864376
-7920903914352372e-20	-1.1010407547228178	0.26230698465504426
-9337789442738151e-20	-1.122791971439399	0.2599092442930093
-0.00011007267864164907	-1.1454535369371626	0.2567619400210919
-0.0001297403527157747	-1.169122342077556	0.2527242390875657
-0.00015290566479047966	-1.1939107313118835	0.24762150065746089
-0.0001801841803626674	-1.2199493035145264	0.241234327238961
-0.0002122972969274689	-1.247389833041967	0.23328296878566612
-0.0002500894644953816	-1.276407678512394	0.22340461716432464
-0.0002945478260555929	-1.3072019942497557	0.21111962912105858
-0.00034682446280405455	-1.3399894144655589	0.19578042807396698
-0.00040826137322164634	-1.3749802236420476	0.17649424112629203
-0.0004804182178401936	-1.41231016694798	0.15201256702385013
-0.0005651027109563073	-1.4518740545942113	0.12060833523988573
-0.000664403308445409	-1.493045329887509	0.08005386290887373
-0.0007807235109997916	-1.53452586508607	0.027588217019439896
-0.0009168166340571531	-1.5727773743717772	-0.040151986074238845
-0.0010758192601030836	-1.6038124370259892	-0.12237411596401628
-0.0012612807442757609	-1.6200570419807754	-0.22828616971838486
-0.001477185056385416	-1.6072786667775247	-0.3316175152428823
-0.0017279598900345888	-1.5780090997271277	-0.441735790848568
-0.00201846635821361	-1.4786952200336578	-0.5261763059029868
-0.0023539607838459504	-1.2755426522481055	-0.485850619903797
-0.00274001823243499	-1.2106541988723052	-0.32623109626752717
-0.0031824057963424158	-1.2951284363059792	-0.2207584526017252
-0.003686892686879829	-1.4390885295104425	-0.11092147330771623
-0.004258984594311486	-1.3888193639939332	-0.2567801766804177
-0.004903572441181514	-1.556510736804037	-0.19027221477562115
-0.005624491637562227	-1.218395274584153	-0.33963022321580055
-0.006423998272259472	-1.2762085083749781	-0.37209405075664126
-0.007302183945036006	-1.4202371689708135	-0.3224301441482604
-0.008256370774299759	-1.403591232756411	-0.26595864584518375
-0.00928055041679148	-1.3310288945138542	-0.3914731383457419
-0.010364951338547906	-1.3455336646404745	-0.3382583834694618
-0.01149583039211237	-1.417886948642129	-0.3733939828076828
-0.012655580070723503	-1.4877388853005755	-0.3975421829536041
-0.01382321512875604	-1.3467145426115872	-0.37030705914214423
-0.014975250402109123	-1.3681815874622862	-0.3689950871379011
-0.01608691352919405	-1.3950296317635633	-0.43132500652826317
-0.01713356966586302	-1.37145869891567	-0.3190948852113864
-0.018092193089517757	-1.3223771252406704	-0.3051808565428146
-0.018942719829916875	-1.3653758188539415	-0.4285065694467342
-0.019669155314740186	-1.4033439034730042	-0.27441178400804184
-0.02026036915209667	-1.4363249057786647	-0.45190181301152516
-0.020710554229094968	-1.4070923447267605	-0.3515086793186852
-0.021019342073410975	-1.4103905407389126	-0.19427733841550224
-0.021191562695408644	-1.412018090416139	-0.1522574526720276
-0.02123664517892331	-1.2458582981284518	-0.31484453891252745
-0.021167694786745374	-1.3330282246278082	-0.27748133726101687
-0.02100034252384174	-1.2607379411725148	-0.33192502050579553
-0.020751511546416974	-1.3061419514407493	-0.4082707647512913
-0.020039760975763706	-1.314399060743558	-0.43460993934380093
-0.019406066580231626	-1.3818602136567157	-0.4524921944853615
-0.01899933389886355	-1.2476232351373693	-0.2375003521563467
-0.017310204404590458	-1.3492694532989493	-0.2117709440221674
-0.016839596358249345	-1.3294105728823387	-0.24687601272829704
-0.016329754225782804	-1.4083343056700042	-0.10233375618622857
-0.015819735207718306	-1.3918600685760807	-0.18612757196153562
-0.01960074662707939	-1.2821726121865589	-0.2687222761072173
-0.018986446572463827	-1.3779167086180812	-0.21793304644056738
-0.018759589432030484	-1.4078575417404318	-0.22285792158464662
-0.018613426465864034	-1.358779427155	-0.287827739405408
-0.018451839782351334	-1.43670727579304	-0.22949588188245065
-0.0182900925000364	-1.4498148516418619	-0.2305578372249946
-0.018130496769126113	-1.3337016165039153	-0.10283009883433236
-0.017972765118303105	-1.3922509152241096	-0.07806799125542836
-0.01781865726097365	-1.2759799888393988	-0.39522577614817717
-0.01766931071789189	-1.5390241402497626	-0.2902192192850893
-0.017527766331677887	-1.3069583509511593	-0.35706407002660256
-0.017392364868332035	-1.5200348770161098	-0.27667385180433707
-0.017267903479845532	-1.5505257964302184	-0.270453890869736
-0.017150023760106443	-1.5134841421467047	-0.0894613828182478
-0.01599349081880058	-1.316598119880775	-0.33570035627366906
-0.0159064742187486	-1.4205980053535532	-0.011764135375560411
-0.01579457099810348	-1.3825645302743361	-0.028763203488062997
-0.015685766575472732	-1.445707055828155	-0.2822150352674444
-0.015589169618135015	-1.4403757696961526	-0.1480305441592023
-0.015504115525075222	-1.4327484197526448	-0.31135504354837085
-0.015433889008831749	-1.448656882402223	-0.37815757459910276
-0.015365819422556989	-1.442166841698317	-0.1361826113730793
-0.015311986897996448	-1.4605652704504184	-0.24539955052688522
-0.015262076143926745	-1.411899714621679	-0.3888276585227835
-0.015215924262651014	-1.3949388019081934	-0.38684455795835654
-0.015179246875655396	-1.2549500382095082	-0.05568028862155664
-0.015144681565605559	-1.2462787519823975	-0.18798846486587273
-0.015114415085687765	-1.2470683018975093	-0.1617079437872981
-0.0150889848409872	-1.264963470868436	-0.18604124795427765
-0.015067331185374108	-1.1939046699941376	-0.15765766333343753
-0.015048765819355164	-1.2304182661313157	-0.17044803983073065
-0.015033607459764592	-1.1623857592787006	-0.3190999402461004
-0.01502156318760704	-1.1407832337047066	-0.31459417240793885
-0.015010592916097892	-1.15558582230503	-0.3084936131343253
-0.015002940895235871	-1.1977698146675029	-0.28404634797965195
-0.014997071056081583	-1.173273940551107	-0.503566325298313
-0.01499266951987786	-1.168581853801502	-0.5086362132012029
-0.01499126501903899	-1.1227820292106494	-0.5325682466366689
-0.014990228967160669	-1.1244465675566582	-0.5147166731690395
-0.014990506698877484	-1.1606052702540408	-0.4828445438044783
-0.01499326603448812	-1.141451508133211	-0.5474466703313753
-0.014996835988086606	-1.151035335267928	-0.5719654225830061
-0.014769547412106718	-1.1848703302908452	-0.48314681234320656
-0.014787573485738281	-1.1549150145515132	-0.47703550555186697
-0.014778931655373084	-1.4960670779863179	-0.7733056596970086
-0.01476970178886041	-1.4701739770975155	-0.754556464777551
-0.014765786411251723	-1.5788962808142515	-0.8239250699495804
-0.014764461926547259	-1.5076215786351623	-0.8207609833293168
-0.014766668912963923	-1.4997876958733392	-0.8070747436475247
-0.014772098549985471	-1.5150323533585777	-0.7160812851014006
-0.014778848930159304	-1.5008887616175235	-0.7259789242967959
-0.014787444027606001	-1.4961391871255347	-0.7480673385247061
-0.014798599091041916	-1.5643517372201514	-0.778002306935241
-0.014811036787199996	-1.5696151446519804	-0.736049079269055
-0.014824417017764342	-1.534587811080336	-0.7536148567235731
-0.014839612678600666	-1.5123383128416614	-0.7952319542134091
-0.01485624014821621	-1.5233021544527139	-0.7775200281295729
-0.014873614482717682	-1.5065634428766277	-0.7807535897010299
-0.014892103706440023	-1.544785775940023	-0.7522226886156334
-0.014911817830889322	-1.4454902574092738	-0.7498604654189581
-0.014932301386961394	-1.5399908121963453	-0.8593251221005515
-0.014953558860629042	-1.7054567635434852	-0.9094529564482134
-0.014975759303963703	-1.667412204814394	-0.9307873911165883
-0.01499867858844853	-1.6694696976671322	-0.9149372846593864
-0.015022137476132978	-1.6774828837262594	-0.9173428495040764
-0.01504618302482897	-1.6869651519647468	-0.9096546629832325
-0.015070738188381127	-1.66425323887536	-0.8894179753660378
-0.01509560224039476	-1.6431960089710949	-0.9113042166492394
-0.015120660158414461	-1.668349468632346	-0.9544313763222222
-0.015145831992267465	-1.7227270231219085	-0.9696894517740643
-0.015170956855482531	-1.7777434521208424	-0.9725006354032193
-0.015195816646321872	-1.8155005914169013	-0.9880059210056935
-0.015220182175823396	-1.8147835408347879	-0.9982582424812869
-0.015243799652582168	-1.8110324174114025	-1.0041918327871313
-0.015266359359658026	-1.8175752566209624	-1.0185560271021665
-0.015287480526534405	-1.8498516781352117	-1.0312349737784532
-0.0153067098866101	-1.865530794344697	-1.0436204975292567
-0.015323518952170948	-1.872195422240407	-1.0538257283210835
-0.015337290454722426	-1.887210538779507	-1.0673123061923375
-0.015347297437868994	-1.9437870391169463	-1.0757524056487258
-0.015352681651093108	-2.0064794274239417	-1.1432802728850913
-0.015352433284812747	-1.9798819668435155	-1.163260254678045
-0.01534537092474146	-1.9766818672454083	-1.1247210442354387
-0.015330117513547663	-1.9843904477548957	-1.1306994381067725
-0.015305068222184727	-1.985345840765771	-1.1370733316150479
-0.015268351982236503	-2.0003491152353035	-1.1125197465767322
-0.015217791949495341	-2.005918063418208	-1.2257939434110618
-0.015150866572025384	-1.9402501657308842	-1.1923859719463
-0.01506466953649596	-1.9449394878761546	-1.1122123548373104
-0.014955868689124772	-1.9751269779461147	-1.2020092842392907
-0.014820667055974575	-1.9684513929250005	-1.194845384824583
-0.014654769953191706	-1.9691187832446806	-1.1639373228478147
-0.014453362701687653	-1.9579538976194135	-1.1876811476449016
-0.014105572124839719	-1.9674276204321393	-1.112322778476939
-0.013823021024655288	-1.9485807973463554	-1.1708600050925773
-0.013478807171168625	-2.122738798311536	-1.268553624827015
-0.013072360337995189	-2.1217460748402464	-1.2512758178607317
-0.012600714625866677	-2.1300006889424363	-1.2565216786241358
-0.012056898987645736	-2.1352030584758244	-1.2437724943862094
-0.011434470579470668	-2.0886173678707673	-1.248236328918207
-0.010728126155120098	-2.1483104633876384	-1.2908532971426132
-0.00993407863636426	-2.208373666757124	-1.2849453655385523
-0.009050795756277083	-2.2474807487062045	-1.2830814415176404
-0.008079811353808376	-2.2841745941641673	-1.279972272411747
-0.007026531749724646	-2.3206880634419327	-1.2744813481020447
-0.005900967107092519	-2.357051210553445	-1.2665437503757706
-0.004718264707340222	-2.393058333133509	-1.2561297278534718
-0.003498894605526939	-2.428433476659222	-1.2432068437645865
-0.002268340574425665	-2.46285519618618	-1.227772659510367
-0.001056187898679211	-2.4959942294728537	-1.2098535719801027
0.00010542199695046973	-2.5275728850617356	-1.189459840795187
0.0011838894129818506	-2.5574686199473056	-1.166421259425727
0.0021486005330613655	-2.5858131139232756	-1.1397677691919286
0.002973402162773609	-2.611139691316845	-1.1056489186012122
0.003638736232657979	-2.6155788139231158	-1.0667230899326987
0.0041330918714646385	-2.5983287919243967	-1.059302327530151
0.004453549061126391	-2.5916972664598146	-1.064845078253036
0.004605364933574789	-2.5915541533593287	-1.0700134308621232
0.00460073998512815	-2.5928568745516656	-1.0748088533286768
0.004457040656456333	-2.5915300868138336	-1.0805979101543122
0.004194811517078933	-2.582849115071808	-1.0858042816768192
0.003835882772854379	-2.5673938836312353	-1.077145899681593
0.0034017915602298416	-2.5681495502862224	-1.0479354141232637
0.0029126245850953376	-2.5847412816777786	-1.0198878020882634
0.002386288699770854	-2.6051568897434407	-0.9968028703435121
0.0018381477706528278	-2.6268094901630707	-0.9756388682233788
0.001280935899663642	-2.649727493956876	-0.9545879158276823
0.0007248602784553154	-2.674046212534526	-0.932380902008711
0.00017782405531167867	-2.699779454691229	-0.907596572330114
-0.0003542837408566802	-2.7266998351541716	-0.8781398687729324
-0.0008672715748491312	-2.753586251294344	-0.8404850786756931
-0.0013583308373528308	-2.7757046835857615	-0.7904725855171301
-0.0018257405489185575	-2.7915385074945203	-0.7217395702734444
-0.0022686002170870315	-2.833410550560787	-0.6279185044789933
-0.002686596584011481	-2.8980283364118873	-0.5679556381947296
-0.0030798090642028472	-2.9178377896093832	-0.5612113747664775
-0.003448555870991481	-2.8829121005068297	-0.6524342729302832
-0.003793278271613458	-2.8772731286303674	-0.7303683842285608
-0.004114457555667234	-2.829429343054099	-0.6964819005535738
-0.004412559870409169	-2.846214664614881	-0.6721122540263247
-0.004688005746722866	-2.853817405768383	-0.6849963569796292
-0.0049411611090928766	-2.856643055149463	-0.7032971273228731
-0.00517234509493455	-2.85336894568418	-0.7111665702927056
-0.0053818490415038014	-2.8493895999297774	-0.7136610817945624
-0.005569961480078331	-2.8461323741117615	-0.7133492988286535
-0.005736995294237314	-2.844154799009159	-0.7106306190947016
-0.00588331460056964	-2.8438961505652665	-0.7057449845486001
-0.00600935969248124	-2.8442984105930873	-0.6997175127108066
-0.006115668147091561	-2.842676881872753	-0.6951564219347673
-0.006202890392436017	-2.837921130017231	-0.6958725901464435
-0.006271799772632246	-2.8317118991756747	-0.7053514496710603
-0.00632329869681571	-2.8346876675471733	-0.7242979860291737
-0.006358421760842549	-2.8517552452968915	-0.7347174841480932
-0.006378335692637847	-2.867377041750549	-0.7305164480667249
-0.006384336012509142	-2.871837198982377	-0.7185866309572965
-0.006377838186675823	-2.8669436265248565	-0.696383886789982
-0.006360355160824517	-2.861730811280598	-0.6700256362323584
-0.006333447544710287	-2.865961901044434	-0.6570836656568961
-0.006298628352563136	-2.8719515340124913	-0.6525692520354073
-0.006257194356844437	-2.8748495963724396	-0.6500982149350497
-0.0062099379591149285	-2.8758326992994605	-0.648156090901119
-0.006156673780832727	-2.876475675293468	-0.646008417615005
-0.006095512161024687	-2.8772473781538834	-0.6434875575442524
-0.006021866300293363	-2.877889433219129	-0.6407105413050413
-0.0059273620939924105	-2.877987696895359	-0.6378026204283717
-0.005799211384644347	-2.877202058243797	-0.634878474658575
-0.005621161929033029	-2.8752780357063554	-0.6321671174126424
-0.005377477729097758	-2.8720381305119327	-0.6301223114230694
-0.005060388339235485	-2.8674879369594097	-0.6293961928914072
-0.0046772049336870035	-2.86193258012588	-0.6306990542320405
-0.00424856465977793	-2.856003499636407	-0.6345027739747187
-0.0037955017170981757	-2.8504462867064033	-0.640445896225636
-0.003326727330021267	-2.845558627847506	-0.6473709352547338
-0.00283640740561477	-2.8412515226435597	-0.6546267067637189
-0.002310439951791121	-2.8376786312742373	-0.6621737062987116
-0.0017340880304279882	-2.8348355717236178	-0.6700635956979453
-0.0010966503211023767	-2.8320650441743127	-0.6784876420454135
-0.0003922044321698732	-2.8284269428794167	-0.6879564258570389
0.00038250552609681476	-2.824939239989078	-0.6995362906757389
0.0012291032748978099	-2.8243193217939853	-0.7130300830609477
0.002148861272672275	-2.828275342871009	-0.7257021213965664
0.003145075723546188	-2.8357420655433043	-0.7350198014300668
0.004194704602777783	-2.8451535718921903	-0.7406861521179692
0.005226219516119681	-2.855313066781798	-0.7424994759955545
0.00618662900490859	-2.8651269665167356	-0.7410610279084406
0.00707754406493232	-2.874621213327392	-0.7368366015364044
0.007864667262041807	-2.8825059990572712	-0.7296586943444181
0.008482252879709603	-2.8866532762579005	-0.7212652956064348
0.008906679716705636	-2.8872079416715466	-0.7138467203652267
0.00914481378449005	-2.8856135876278817	-0.7082356145214275
0.009210300831764186	-2.883043466605323	-0.7042611142714037
0.009147920494994344	-2.8801194656551643	-0.7011044614411382
0.009023798575274645	-2.8770684122559476	-0.6974901007135427
0.008846303770500337	-2.873893674622637	-0.692401810068383
0.008581782637234279	-2.8708679635841854	-0.6854801073308814
0.008206295876828616	-2.868829166270628	-0.6770610030767346
0.007702900774131213	-2.869037309296182	-0.6686439091180416
0.007055104745939538	-2.872904352890551	-0.6619152008223852
0.006255828223274911	-2.879901869060634	-0.6566886771402074
0.005315595662524018	-2.8876982897464263	-0.6514478273710061
0.004273961705545988	-2.894250578075445	-0.6451490865954987
0.0031951963553609147	-2.8987100970926316	-0.6382157688911101
0.0021613815107097926	-2.9015178773116976	-0.6317269396814469
0.0012595005867685385	-2.903414429562406	-0.6261833314036666
0.0005422335198473158	-2.9048481463924243	-0.6215894446794705
2364944175381467e-21	-2.9060316319913713	-0.6177869198475152
-0.0003971672732719766	-2.907067718560812	-0.6146032019368
-0.0006901663962276972	-2.908012482553699	-0.611893422437939
-0.0009000952739851627	-2.908900904907553	-0.6095448567890117
-0.001043568123749717	-2.9097578334944627	-0.6074714145401421
