#y=-1.2246467991473532e-16 
#strength 	x-position 	z-position 
-10172121304996562e-26	-0.07819917293976282	0.14458212477281487
-9755496757635207e-27	-0.0866179918577132	0.14567770042021358
-2323068820642149e-26	-0.09505436416224856	0.1467853303296447
-3247691525432028e-26	-0.1035087495711913	0.14790516574098844
-37476514946899186e-27	-0.11198162316158235	0.14903735831725534
-4306339312920571e-26	-0.1204734760205289	0.15018206059274783
-5023242759250035e-26	-0.12898481592084932	0.15133942599043432
-5889188268992651e-26	-0.13751616800405236	0.15250960854372508
-6911882177718098e-26	-0.14606807550426884	0.15369276274459057
-8122054417913915e-26	-0.1546411005112792	0.15488904341174983
-9552878453555902e-26	-0.16323582477146142	0.15609860553704802
-11244932415777065e-26	-0.1718528505288675	0.15732160411301885
-13240196612696042e-26	-0.18049280140907764	0.15855819394426052
-15600641785351588e-26	-0.18915632334841043	0.15980852944155005
-18380292600428394e-26	-0.1978440855711518	0.16107276439634147
-21664786631347965e-26	-0.20655678161772023	0.16235105173445355
-2553761785373254e-25	-0.21529513042686446	0.16364354324712369
-3010791442548122e-25	-0.22405987747518138	0.16495038929716563
-3549492956500533e-25	-0.232851795977534	0.16627173849854726
-4185528330175048e-25	-0.24167168815216084	0.16760773736698253
-4934894402841561e-25	-0.2505203865545253	0.16895852993860005
-5819606654217102e-25	-0.2593987554843193	0.1703242573547119
-6862646614175238e-25	-0.2683076924702941	0.1717050574094329
-8093395693214989e-25	-0.27724812983793834	0.1731010640566949
-9543963310626458e-25	-0.28622103636541785	0.17451240687313566
-11255641453600251e-25	-0.2952274190336286	0.17593921047312008
-13274090281817363e-25	-0.3042683248765855	0.17738159387152166
-15654778272311543e-25	-0.31334484293890075	0.17883966978948312
-18462625230725171e-25	-0.3224581063476492	0.1803135438986776
-21773917929096553e-25	-0.33160929450642224	0.1818033139974242
-25679677325557426e-25	-0.3407996354200421	0.1833090691132507
-30285836893906293e-25	-0.35003040815904723	0.18483088852460924
-3571818970801721e-24	-0.3593029454738425	0.1863688406943231
-4212560215585692e-24	-0.3686186365691817	0.18792298210688715
-496818302990476e-23	-0.3779789300505251	0.18949335599959735
-5859443879749349e-24	-0.3873853370548001	0.19107999097842995
-6910535858828393e-24	-0.3968394345791287	0.1926828995067684
-8150196470838034e-24	-0.40634286902222017	0.19430207625440724
-9612229418670681e-24	-0.41589735995444566	0.19593749629353968
-11336570951078762e-24	-0.4255047041339575	0.19758911312587138
-13370226341000158e-24	-0.4351667797877313	0.19925685652418304
-15768739666452425e-24	-0.4448855511781495	0.2009406301693501
-18597492299626817e-24	-0.4546630734775212	0.20264030906124658
-21933727927664348e-24	-0.4645014979749978	0.2043557366798853
-2586844774672692e-23	-0.4744030776425992	0.2060867218703073
-3050904070871219e-23	-0.48437017308950847	0.20783303542122622
-35982095606887365e-24	-0.49440525893661175	0.20959440630420248
-42437053524024826e-24	-0.5045109306462011	0.21137051753589192
-5004988049527037e-23	-0.5146899118451598	0.21316100162025942
-590284549226161e-22	-0.5249450621837494	0.21496543552365008
-6961772457472759e-23	-0.5352793857761728	0.21678333512862322
-8210659266198739e-23	-0.5456960402737422	0.2186141491047718
-9683589388687075e-23	-0.5561983466266713	0.22045725212827813
-11420748837961958e-23	-0.5667897995962831	0.22231193737055222
-13469544069173722e-23	-0.5774740790857801	0.22417740816692808
-15885873622806246e-23	-0.588255062365051	0.22605276876351862
-18735673547147502e-23	-0.5991368372731161	0.22793701402572067
-2209669972136341e-22	-0.6101237164909136	0.2298290179753867
-26060663509824833e-23	-0.6212202529875973	0.23172752100433436
-3073572724283935e-22	-0.6324312567551579	0.2336311155899352
-36249441880131794e-23	-0.6437618129595829	0.2355382303114991
-4275226294942619e-22	-0.6552173016520617	0.23744711193706639
-504216081522596e-21	-0.6668034192011542	0.2393558053136464
-5946674456747125e-22	-0.6785262016269158	0.2412621307536251
-7013445041184618e-22	-0.6903920500411823	0.24316365856099717
-8271578384351497e-22	-0.702407758425305	0.24505768028363073
-9755401327495722e-22	-0.7145805440078467	0.24694117621198877
-11505394580391126e-22	-0.726918080541746	0.24881077856349532
-13569302655686705e-22	-0.7394285348239016	0.2506627296995269
-16003429584212497e-22	-0.752120606851811	0.25249283460868016
-18874179058183532e-22	-0.7650035740731077	0.2542964067573471
-22259858929955106e-22	-0.7780873402578152	0.25606820624798593
-26252822318464236e-22	-0.791382489612209	0.2578023690324855
-30961978178742355e-22	-0.8049003468608149	0.25949232569558606
-3651575980046992e-21	-0.8186530441545673	0.2611307080385213
-430656228083727e-20	-0.8326535958246478	0.2627092413452553
-5079016855405807e-21	-0.8469159821997442	0.26421861978432576
-59900002958857e-19	-0.8614552439493406	0.2656483618689312
-7064346496181775e-21	-0.8762875887193589	0.2669866422331888
-8331337442758074e-21	-0.8914305122041835	0.2682200951440992
-9825499013130928e-21	-0.9069029362695781	0.26933358410539904
-11587537547748036e-21	-0.9227253673267394	0.2703099305486686
-1366544371883896e-20	-0.9389200788888304	0.27112959284845356
-16115792124057893e-21	-0.9555113231520107	0.27177028460494135
-19005271425636197e-21	-0.9725255775741238	0.2722065181230869
-224124849130692e-19	-0.9899918338235313	0.27240905501632784
-26430068966519157e-21	-1.0079419381908945	0.2723442405006895
-3116718392698163e-20	-1.0264109946505355	0.2719731906895119
-3675244168648874e-20	-1.0454378442692094	0.2712507922819284
-4333734404312131e-20	-1.0650656376049568	0.2701244603387547
-5110031803271485e-20	-1.0853425200671662	0.2685325807009773
-60251447361964194e-21	-1.10632245373221	0.266402536541294
-7103801483077446e-20	-1.1280662023528492	0.26364817975307725
-8375098542592538e-20	-1.150642508208895	0.26016655148738427
-9873257911543511e-20	-1.174129487785951	0.2558335728225133
-0.00011638510025616458	-1.1986162633481487	0.250498301253934
-0.00013718120988795088	-1.224204819398038	0.24397515675659967
-0.00016167584571447416	-1.2510120056384242	0.23603322155538578
-0.000190520011428991	-1.27917145527339	0.2263812418208233
-0.00022447666778638818	-1.3088348468966087	0.2146461937626916
-0.0002644389638037977	-1.3401711782946248	0.2003420412886809
-0.00031145103400726133	-1.3733610121395368	0.18282335809196695
-0.00036673156281036637	-1.4085787921515296	0.16121560746103822
-0.00043170025545298356	-1.4459476623548535	0.13431048984100288
-0.0005080072569722312	-1.485432405832661	0.1004140264327165
-0.0005975654004446752	-1.5265977070905983	0.05714897379895809
-0.0007025849275539356	-1.5680870275199625	0.00128657142318172
-0.0008256099752200364	-1.606683518356307	-0.07103215315732377
-0.0009695556378948519	-1.6363115246252997	-0.1638176868111471
-0.001137743746096969	-1.642696280077855	-0.27689771909252225
-0.0013339346211991114	-1.6174352289296163	-0.388136451573522
-0.001562350928124399	-1.5681560262513126	-0.48646518394990285
-0.0018276883331070307	-1.4761082373296306	-0.5499288029180379
-0.002135105991050693	-1.3708311728048788	-0.5488948973942277
-0.0024901879954191313	-1.2638708991575003	-0.5011164806816434
-0.0028988649825342017	-1.1792703972231295	-0.35626165582460134
-0.0033672833805578296	-1.2638260885299686	-0.1637382190418684
-0.0039016088105313295	-1.440981487508995	-0.15504210627179665
-0.0045077505909368815	-1.5159113314692887	-0.18701073853445932
-0.005190997107908389	-1.319863569858685	-0.30250059548169267
-0.005955558089784762	-1.2413825585015894	-0.3188458201085813
-0.00680402061783982	-1.434192914689185	-0.32009155881140133
-0.007736741612748248	-1.4428363721975355	-0.34218943795582346
-0.008751220097621673	-1.3380525714078806	-0.43454946842290537
-0.009841515493873325	-1.3118851211473053	-0.32986496933442894
-0.010997798896591747	-1.3959952515366891	-0.26514410098934965
-0.012206135646553323	-1.3987989342892058	-0.3307744851882104
-0.013448591342013521	-1.3480216926174344	-0.2582891567519186
-0.014703723200526216	-1.36457756971056	-0.27708234801183546
-0.015947463827878088	-1.3922483778644321	-0.3123740165801354
-0.017154334322925045	-1.3325960530565477	-0.27664059578312167
-0.018298858119933332	-1.3664847992529228	-0.314823184133391
-0.01935701052985679	-1.3110701609928999	-0.392828385200906
-0.020307548006713114	-1.3611599790857556	-0.36164093008345727
-0.021133110545123356	-1.3735043498413235	-0.402886577617805
-0.021821050954048068	-1.406813703397125	-0.37732656711002677
-0.022363979418439393	-1.4570392737318714	-0.34675542000817916
-0.022760005767990837	-1.4290906924954794	-0.29616723062147493
-0.02301263774705244	-1.437622331090963	-0.24749024424074162
-0.023130294137427704	-1.42027870715593	-0.2296089642881889
-0.02312544097078495	-1.3839281991527117	-0.22428065730224506
-0.023013439467843674	-1.3456701801107347	-0.21259902101573813
-0.02281126114056187	-1.2852501908674845	-0.2957060427444023
-0.023630178987729393	-1.3102888985041636	-0.22792909701736713
-0.022929157038651504	-1.3303612619157414	-0.3312777106792505
-0.022660494562338086	-1.345912942462403	-0.4069572770820819
-0.022249476746957167	-1.3860810816571216	-0.454345347206405
-0.0219165806148583	-1.406349572306012	-0.43352513847007895
-0.021550898975740883	-1.4306749253334226	-0.3861290122101872
-0.021175052709017234	-1.4922230064717317	-0.27086901264032454
-0.020704530111087846	-1.4729821941525754	-0.25471760784292796
-0.02033980282436904	-1.4837571046696958	-0.22285552485181845
-0.019977370558826466	-1.4120876043611625	-0.1852318626955691
-0.01963390711486903	-1.3561569070283233	-0.18242724274375235
-0.019314914269284087	-1.29022236306136	-0.1974886655125388
-0.019018741369481097	-1.2652664745366164	-0.25662514575688805
-0.018742307336919537	-1.241547846826089	-0.295268354639277
-0.018484131652488387	-1.2387103118589218	-0.35276917603751773
-0.018243251568719566	-1.2836452111616854	-0.36377420261073473
-0.01801625006272619	-1.2698138663875704	-0.38576426538906217
-0.017812323544184328	-1.297082169939454	-0.4404489311520691
-0.017609878928709112	-1.3503763230625758	-0.47709870194902365
-0.017443155287484906	-1.4329903825956436	-0.491691106241301
-0.017269916367299243	-1.4930190986759468	-0.4293368768219713
-0.01708150305524355	-1.4982077467343748	-0.37085977448777147
-0.016947344212632977	-1.5336492721913115	-0.36500997784656863
-0.01681592858484428	-1.5281892911420054	-0.3320461011991626
-0.01668894485687581	-1.553308015508277	-0.270373854450006
-0.016581577413566063	-1.5123951873730537	-0.2875254888519033
-0.01647963003560867	-1.540637232519295	-0.2676072757823125
-0.01637722593981225	-1.5101862672160922	-0.13651131954545437
-0.016298519019620143	-1.470642915070506	-0.11369096697453264
-0.016212566709233135	-1.4321814977166412	-0.10200646755594284
-0.016141116258816417	-1.4076347460308014	-0.0738104808994916
-0.016074435165598987	-1.362818345689167	-0.07439405154713476
-0.01600816654324185	-1.254972368039847	-0.09379025061349099
-0.01595994794564843	-1.2923912137578168	-0.12953871622191016
-0.015905249578518514	-1.2976767893099215	-0.1252721199149246
-0.01585615255068567	-1.2434846866922553	-0.09746835985203506
-0.015817356688843726	-1.227308344538297	-0.09108625482010635
-0.01577315686351761	-1.2021280800571905	-0.175661805626022
-0.01574144779161224	-1.1665045996796526	-0.2908673607125609
-0.0157142473110497	-1.1195943759076388	-0.3162572558744441
-0.015681870261896866	-1.113480202838076	-0.33546577411084544
-0.015660043526515333	-1.1051797741548612	-0.322973973185472
-0.01563725124688864	-1.1495419301260947	-0.28772049464544197
-0.015605908320339205	-1.197758233655774	-0.27270887102295394
-0.0155881873632134	-1.1991004180596707	-0.5505558059352321
-0.015583333580536613	-1.1531309687474764	-0.5579032253106257
-0.01556791619288016	-1.1977607255079163	-0.5172242424932139
-0.015550455066079688	-1.1956783451791893	-0.5174121442534493
-0.015546566801439551	-1.1674432092687632	-0.5649434304870437
-0.015507739326626609	-1.1513432056470816	-0.5280615778832202
-0.015494179302944285	-1.173140371075854	-0.5443109337547303
-0.01548595410622797	-1.3901703832698966	-0.6823232238508603
-0.01548662400364495	-1.4666903687098405	-0.7732172320607501
-0.015480888423626597	-1.4433860730087302	-0.6936607453361507
-0.015474979470427218	-1.4779251026576556	-0.7524271024282306
-0.015478099147964577	-1.4745601327878934	-0.7753355530847359
-0.015480095361249193	-1.489145521267531	-0.8410070848493845
-0.015478670557737526	-1.4553909676380483	-0.7724476080695383
-0.015482923208683858	-1.4503763789850213	-0.7219682733576128
-0.015489623048861829	-1.4580167691371668	-0.7094635133441742
-0.01549311814812137	-1.4662854623573482	-0.8215207884539395
-0.015499122011123466	-1.4512377953715734	-0.8306718143601196
-0.01550927611630597	-1.4492455686763053	-0.8106965483701395
-0.015517650438872193	-1.4481255246308566	-0.799624518971244
-0.015525211017825334	-1.4642554395354865	-0.8522940285255802
-0.015536482640588852	-1.4449307923164874	-0.7476216948987057
-0.015549175556482482	-1.568895092091321	-0.8945834886008118
-0.015560335336281806	-1.6041513030032313	-0.916368467012217
-0.015572306864321022	-1.5892762271498104	-0.9095615552382021
-0.015586416932031114	-1.5875238334379576	-0.9210138877105785
-0.015600458494333903	-1.5618340470280616	-0.8781836169545131
-0.015614068120308196	-1.6766135795035384	-0.9771563422823102
-0.015629033837830743	-1.6870043256288798	-0.9516768700659621
-0.015644993228767466	-1.7037701311216908	-0.9709868398143602
-0.015660188960084385	-1.691688431072321	-0.9667664921738646
-0.015674909299957927	-1.715662612864052	-0.9825037053318904
-0.01569044887708935	-1.6502496279942775	-0.9460495898717414
-0.01570638440481551	-1.7905348912976062	-1.0317442534050367
-0.01572140956437069	-1.82911022814401	-1.0290379617175578
-0.015735351239948618	-1.8178918207595773	-1.0358177378981681
-0.01574863431465789	-1.814525888943632	-1.0412762326763425
-0.015760921658929866	-1.78943298608638	-0.9985813052046449
-0.015771407093427572	-1.7867000374908835	-1.0164964877364207
-0.01577961827953521	-1.887442081873103	-1.0896897621685286
-0.01578522418301139	-1.8813325992891012	-1.0821005060207973
-0.015787579662221794	-1.8818484552206365	-1.0742341708121181
-0.015785835435217464	-1.854959662199988	-1.077286865395991
-0.015779137398723983	-1.9663339075205417	-1.1095975648143706
-0.015766495400430167	-1.9967398396826181	-1.1747157499631675
-0.01574664329667564	-1.9790485869222854	-1.1619069005399643
-0.015718101345503516	-1.9845974414810676	-1.1566179646473391
-0.015679223000159698	-1.9906922553637922	-1.1526961286386328
-0.015628105243938234	-1.9752782685772208	-1.1378707833559345
-0.015562495013793733	-1.9946609014383445	-1.2373348780599331
-0.015479768135365151	-1.9713472036722952	-1.240934112002444
-0.015376915101557262	-1.9454197696187523	-1.1732127173162046
-0.0152504942810065	-1.967355787091459	-1.1961317576333608
-0.015096585204658047	-1.9625076381880537	-1.1999297612709667
-0.014910759729998103	-1.9564322263135099	-1.2004140529508962
-0.014688056365559943	-1.9939685456305136	-1.2262704666050463
-0.014412167260096469	-1.9532359656477096	-1.152656986165516
-0.014099743619264957	-1.955141441057418	-1.2347876786158236
-0.01373066848534813	-2.0568450524626023	-1.27116705655443
-0.013299463119441907	-2.060384861694209	-1.2838803700598782
-0.012799757007347935	-2.0639848651374666	-1.2966063850420644
-0.012224557008612955	-2.1047655886875054	-1.3069136280433324
-0.011567422747850598	-2.1474369006728997	-1.3080469955565832
-0.010822938851147282	-2.1842640421559087	-1.3098443593050506
-0.00998729713404389	-2.219645021514998	-1.3107927539853876
-0.0090590240477836	-2.255368790346032	-1.309832945364676
-0.008039761938050217	-2.291652062202837	-1.3066641834403325
-0.006935076118873691	-2.328334593507857	-1.30117608222844
-0.005755223690339137	-2.3651965153316725	-1.2932627014631586
-0.004515741133528052	-2.4019891484538123	-1.2828157508084759
-0.003237653863283314	-2.438450760179349	-1.2697259000381418
-0.0019471321082111005	-2.4743437461720363	-1.253855841726644
-0.0006745110421251931	-2.509527944380472	-1.2349508901775827
0.0005472976874798495	-2.5441043967351633	-1.21235585239311
0.0016848991489612185	-2.5785447938043133	-1.1839738653981653
0.0027068501266815778	-2.6105546438703944	-1.142696993357625
0.0035861794497417995	-2.6138737773871346	-1.090873720920532
0.0043026144669793326	-2.5809565112861548	-1.0786437462773086
0.004844089246882877	-2.5705082826935803	-1.1004941740703704
0.005207250230176184	-2.575706213634102	-1.1066011020702133
0.005396960802162703	-2.579870784024255	-1.1050181735614348
0.005425049985648183	-2.583508753667686	-1.1015003147451525
0.005308607648662819	-2.5885349389659766	-1.100557341445413
0.005068061716411457	-2.594302750614104	-1.1083005272612287
0.00472525235293397	-2.5849650934177344	-1.1284921837198059
0.004301770536780908	-2.558705644659885	-1.1285800055520576
0.003817794523125486	-2.544675314962723	-1.104413414548106
0.003291448817416224	-2.54928627469304	-1.0721055091245573
0.0027384957744337212	-2.5655430608009895	-1.0446069583832205
0.0021721736140241617	-2.5852927511366692	-1.022823141642886
0.0016031710318062773	-2.606028317952959	-1.0043100893567405
0.0010398143964475614	-2.6274707531634274	-0.9874377874355502
0.0004884259735981403	-2.649683706182077	-0.9712552134002124
-4631998259344017e-20	-2.6727542217290408	-0.9550087315766703
-0.000561155409880271	-2.6967720287020387	-0.9378947270195742
-0.001054025187755863	-2.721811986845474	-0.9188676687436481
-0.0015238241286438525	-2.747846043599793	-0.8963867570662837
-0.001970077294180193	-2.7744741737016017	-0.8679836309129327
-0.0023926918119575695	-2.800132453902651	-0.8293743075420122
-0.0027918443099351946	-2.8200221021724032	-0.7742943648779783
-0.003167926135988673	-2.8525784245516035	-0.705126149476665
-0.003521446663468028	-2.906135184116804	-0.6611340408905043
-0.0038529024597195602	-2.9417036904418254	-0.6822974084928407
-0.004162692816520613	-2.9519223968882473	-0.6956138679333903
-0.0044511160158073135	-2.940743502162879	-0.7512114432733568
-0.0047184016481784715	-2.875465144671401	-0.7461530318148245
-0.00496472052453619	-2.890000024007919	-0.7066993125312063
-0.005190158297792489	-2.9040672528947016	-0.7095666716364512
-0.005394688505512269	-2.9048304652094696	-0.7185243467315635
-0.005578196968187054	-2.901800084184606	-0.7249221609439129
-0.005740564338295217	-2.8985182994068324	-0.7286508024846503
-0.005881742223587066	-2.895554066642797	-0.7299636565431978
-0.006001772862338379	-2.8929990104793935	-0.7287904818261715
-0.0061007992900331	-2.890726025996372	-0.7256261759651493
-0.006179116220972456	-2.887834732059468	-0.7228664563561931
-0.0062371972286824565	-2.883377167725006	-0.7247716368446897
-0.006275621255173497	-2.879306448322636	-0.733582157063347
-0.006294955703422407	-2.8805044044806807	-0.7475016165809958
-0.006295688314702697	-2.8899285306517313	-0.7579224514075517
-0.00627818748781616	-2.9019224567221746	-0.7593650499878256
-0.0062426554345084515	-2.912260577914204	-0.7566011700369959
-0.006189118872494395	-2.919391545418604	-0.7528798729157298
-0.00611747599068585	-2.92411507525383	-0.7486751700039737
-0.006027537497286737	-2.9279160544608684	-0.7438610430367776
-0.005919018159321607	-2.9305645546184613	-0.7386275265999496
-0.00579146423044732	-2.9319055009656694	-0.7331607815156306
-0.005644054571999487	-2.9322511188965326	-0.7275010966198892
-0.005475298541873209	-2.931750882270191	-0.7217864299931446
-0.005282456928588522	-2.9304071974850494	-0.7162197438953155
-0.005060760611629961	-2.9281998330278847	-0.7109428606234145
-0.004802277294635634	-2.925069242735977	-0.7060368875326666
-0.004494794958244893	-2.920888981750765	-0.7016233112167792
-0.004121367148433632	-2.915511179165826	-0.6979815328735524
-0.0036604746437072667	-2.9089157487845383	-0.6956641173915137
-0.0030895447642269773	-2.901332208699246	-0.69533224774588
-0.002391330992259159	-2.8930106690774537	-0.6974160654090256
-0.0015674145034294332	-2.8847854477138575	-0.7022938756529655
-0.0006554897953047669	-2.878036672319326	-0.7089683671498852
0.0002700875117012166	-2.873781776343296	-0.7157746077951707
0.0011272754511995591	-2.8718781408361815	-0.7219356146740975
0.001869170584425513	-2.8713007277772067	-0.7283063152582211
0.0025080641696304884	-2.8715754603741144	-0.7372100262589975
0.0031073279371455252	-2.8746137669266787	-0.7492689328859778
0.003753227123962297	-2.882768439488629	-0.7608757666435672
0.004511619169088535	-2.8951705919900372	-0.7666574990163367
0.005375294318323787	-2.90815670994706	-0.7661608301291535
0.006274038985903073	-2.921234293014368	-0.7622755415095289
0.007096197035018296	-2.93561095475532	-0.7558410035806652
0.0077461551709952	-2.947890711770998	-0.7451407909774347
0.008213407641955604	-2.954787982446194	-0.7316371334889104
0.00848656328727169	-2.956594609546504	-0.718485609235636
0.008550133898557301	-2.955873715990905	-0.7063902771671218
0.00842568695701839	-2.953702882023163	-0.695514268302167
0.008183839831495971	-2.9505950875228373	-0.6861119280458604
0.007875538697780174	-2.9467748651272987	-0.6775718531866818
0.00745667378406518	-2.942228700660262	-0.6698279473089037
0.0068567946246223255	-2.9372977883428746	-0.662752202942987
0.006053130685630773	-2.9322716503378348	-0.6560225884160235
0.00509014885845545	-2.9274776607388704	-0.6493845576210131
0.004050795878385215	-2.9232375278803335	-0.6427626494995519
0.002989511283785916	-2.9197880000096306	-0.6363622931655526
0.001933785738588371	-2.9172711018451007	-0.6305406228156972
0.0009277798946638071	-2.9156923342025323	-0.6255135634686654
19083932412670545e-21	-2.914837069154173	-0.6212967678037963
-0.0007697810962051468	-2.9143929469335617	-0.6178176580837262
-0.0014387783077868116	-2.9141257848404742	-0.6149699548983858
-0.002002169405006112	-2.9139060319625125	-0.6126403546616582
-0.0024775037348046987	-2.9136694294777326	-0.6107292272443607
-0.002873087416736737	-2.9133855395951063	-0.6091601551600174
-0.0031870238952767535	-2.913042869992604	-0.6078782405193185
-0.0034148906925885224	-2.9126430849679648	-0.6068432898766608
-0.0035555709423305566	-2.9121983020298887	-0.6060231398555416
-0.0036123071973238	-2.911728754431135	-0.605389002144508
