#y=-1.9753766811902755 
#strength 	x-position 	z-position 
-4516816261290746e-26	-0.01057191169622375	0.04395104904390855
-57528582592114574e-28	-0.018194347988539823	0.044365135780035106
-9976155318502933e-27	-0.025819590097905392	0.04478541344156722
-13285981689814541e-27	-0.033447720886376646	0.04521201180162612
-1546156952469957e-26	-0.04107882627390298	0.045645063945015905
-17809621832842737e-27	-0.048712995380573214	0.04608470659830753
-2092288321764446e-26	-0.056350320673831666	0.04653108034319407
-24497154305080926e-27	-0.06399089811937167	0.04698432967874885
-28782635996815742e-27	-0.0716348273414016	0.047444603139441696
-3381763792609238e-26	-0.07928221179211797	0.0479120534371326
-39791680367384785e-27	-0.08693315893041507	0.048386837607039164
-4683607841837745e-26	-0.09458778041044635	0.04886911715939716
-55246498348315853e-27	-0.10224619228067867	0.049359058237666356
-6501093240129929e-26	-0.1099085151941001	0.049856831782848235
-7672125955371367e-26	-0.11757487463033822	0.05036261370578023
-9040272176685793e-26	-0.125245401130425	0.05087658506585822
-10652012084888529e-26	-0.1329202305450485	0.05139893225703538
-1256625897089192e-25	-0.14059950429724266	0.051929847203380605
-14811884704868383e-26	-0.14828336966039898	0.05246952756161384
-1746847250183592e-25	-0.15597198005270474	0.05301817693330484
-20597967949342877e-26	-0.16366549534911026	0.053576005086986726
-2429616004911983e-25	-0.17136408221200886	0.05414322818930253
-2864153133413927e-25	-0.17906791444193268	0.05472006904645368
-33787380879224393e-26	-0.1867771733497043	0.055306757357419994
-398410929247639e-24	-0.19449204815150573	0.05590352997787083
-4698817602372118e-25	-0.20221273638851714	0.0565106311961023
-5541348248316869e-25	-0.20993944437292786	0.05712831302261544
-6535954225755924e-25	-0.21767238766217445	0.057756835492388144
-770752869513891e-24	-0.2254117915634905	0.05839646698103185
-9090413786300156e-25	-0.23315789167103682	0.05904748453650616
-10721190064205688e-25	-0.24091093443799855	0.05971017422604931
-12643368765136165e-25	-0.2486711777862761	0.06038483149884488
-149127349531597e-23	-0.25643889175669343	0.06107176156776531
-1758699167200839e-24	-0.26421435920273517	0.061771279807839856
-2074219953782097e-24	-0.27199787653122043	0.062483712174221336
-2446268037095689e-24	-0.2797897544936066	0.06320939564098753
-28851744084124054e-25	-0.2875903190318488	0.06394867866038101
-3402694247894855e-24	-0.2953999121831892	0.06470192164438468
-4013076482234368e-24	-0.30321889304861294	0.06546949746973735
-4733045908325573e-24	-0.3110476388301365	0.06625179200799464
-55821028095009995e-25	-0.3188865459425091	0.06704920468011766
-6583443510829734e-24	-0.326736031205532	0.06786214903818408
-7764494857828708e-24	-0.33459653312372645	0.06869105337563604
-915742162307942e-23	-0.3424685132606472	0.06953636136567738
-10800133308508375e-24	-0.3503524577159242	0.0703985327294565
-12737607033366793e-24	-0.3582488787138751	0.07127804393579047
-15022601863867724e-24	-0.36615831631330975	0.0721753889318736
-17717571024894463e-24	-0.3740813402491846	0.07309107990664059
-20896043943785525e-24	-0.3820185519177419	0.07402564808738706
-24644528705958235e-24	-0.38997058651790045	0.07497964456784219
-29065567437244755e-24	-0.3979381153630407	0.07595364116950558
-34279806753606534e-24	-0.4059218483786446	0.0769482313345288
-4042928737797713e-23	-0.41392253680284147	0.0779640310473871
-4768204046184943e-23	-0.4219409761087358	0.07900167978546359
-56235779904295624e-24	-0.42997800916924617	0.08006184149274813
-6632402859731157e-23	-0.43803452968732826	0.08114520557196657
-7822205586559272e-23	-0.44611148591702116	0.08225248789029013
-9225448053748475e-23	-0.45420988470324825	0.083384431788705
-10880413793545873e-23	-0.462330795871426	0.08454180908426605
-1283226150183142e-22	-0.47047535700123577	0.08572542105121206
-15134261399825377e-23	-0.47864477862268284	0.08693609936355694
-17849211211840021e-23	-0.48684034987672486	0.08817470697617348
-21051181624265336e-23	-0.4950634446874948	0.0894421389166866
-2482754933655351e-22	-0.503315528498468	0.09073932295441929
-2928134956933781e-22	-0.511598165630786	0.09206722010301675
-3453409212796077e-22	-0.5199130273287432	0.09342682490495954
-40729089013750996e-23	-0.528261900565071	0.0948191654349524
-4803535253363606e-22	-0.5366466976871941	0.09624530294376288
-5665221092226308e-22	-0.5450694669955317	0.09770633104807201
-6681473316005881e-22	-0.5535324043560409	0.09920337435262751
-7880015851988165e-22	-0.5620378659621911	0.10073758636741144
-9293541488892415e-22	-0.5705883823761964	0.10231014655339386
-10960607105762327e-22	-0.5791866739965544	0.10392225629778587
-129266804476183e-20	-0.58783566811887	0.10557513358014817
-15245383446996913e-22	-0.5965385177801498	0.10727000604435545
-17979944267557807e-22	-0.6052986226042775	0.10900810213561545
-2120492873387489e-21	-0.6141196518988639	0.11079063989922588
-25008260104934094e-22	-0.6230055702923607	0.11261881296115989
-2949361462589381e-21	-0.6319606662467073	0.11449377312120666
-3478323640667552e-21	-0.6409895838370019	0.11641660888837083
-4102126175757961e-21	-0.6500973582575817	0.11838831916655096
-4837762168974358e-21	-0.659289455596994	0.12040978115739755
-5705265838144846e-21	-0.6685718175261267	0.12248171138622484
-6728253861445002e-21	-0.6779509116689736	0.1246046185643354
-7934564618167564e-21	-0.6874337885797268	0.12677874677782056
-9357008845840495e-21	-0.6970281464402475	0.12900400723134092
-1103425387701494e-20	-0.7067424048264729	0.13127989646371377
-13011862562545967e-21	-0.7165857891802927	0.13360539858423662
-15343513804189426e-21	-0.726568427974895	0.1359788686294492
-18092436765189054e-21	-0.7367014649870524	0.13839789359655494
-21333092787617983e-21	-0.7469971895975989	0.1408591270316955
-2515314723245364e-20	-0.7574691886358782	0.14335809219753012
-29655778580967018e-21	-0.7681325239625554	0.145888947756028
-34962378285850054e-21	-0.7790039407293696	0.14844420848725245
-41215702608904045e-21	-0.7901021120242139	0.1510144117093554
-4858354610128533e-20	-0.8014479263318754	0.15358771761318465
-5726301161102822e-20	-0.8130648247930179	0.15614942846037527
-6748546109162229e-20	-0.8249791954452348	0.15868140723661608
-7952223807016628e-20	-0.8372208312276413	0.16116137053458301
-9369125213356914e-20	-0.849823457193295	0.16356202265395772
-0.00011036452317040625	-0.8628253297095555	0.16584998747152818
-0.00012997676971865553	-0.8762699060010036	0.16798448055300416
-0.00015303511708157115	-0.8902065757608054	0.1699156447330596
-0.000180129969518706	-0.9046914372729803	0.17158244554388896
-0.00021194704386328506	-0.9197880879287501	0.17290998433543922
-0.0002492804925647591	-0.935568381886705	0.1738060298260273
-0.0002930469289772232	-0.9521130826374757	0.17415648162309494
-0.00034430001702885453	-0.9695122973985513	0.17381934296990356
-0.0004042450623690484	-0.9878655054910332	0.17261656341997997
-0.00047425274760130344	-1.0072808450770112	0.17032276273475733
-0.0005558707551125974	-1.0278730172746546	0.16664927076191663
-0.0006508315132706388	-1.04975851035979	0.16122093530766726
-0.0007610536689511751	-1.0730453683040668	0.1535414241904391
-0.0008886341336309979	-1.0978112485893743	0.142939714190537
-0.0010358267039508734	-1.124055093163201	0.12848536140851402
-0.0012050023847107964	-1.151586521987257	0.1088524366960301
-0.001398585773376794	-1.1797587370133618	0.08210624595704455
-0.001618961418645884	-1.2067758557817383	0.045430919870722335
-0.001868344260958249	-1.2278632131325669	-0.004600271992508622
-0.0021486095295002363	-1.2324753894806881	-0.06885478994524612
-0.002461080339038144	-1.2074042660188324	-0.13484163451478817
-0.0028062762017225483	-1.1428486551640729	-0.17990173913328553
-0.0031836331114688697	-1.0711677310137346	-0.16891015647882443
-0.0035912156551407186	-1.038209473601994	-0.06470252911546089
-0.004025452899447652	-1.1174232104796236	-0.02445328102010191
-0.00448094059331153	-1.1276720533955926	-0.10792478939998996
-0.004950359371515459	-1.0897998527628412	-0.11644572867831263
-0.005424558134432429	-1.09252710404251	-0.04514323633765675
-0.005892839948030659	-1.1095337356143062	-0.08762490622571811
-0.006343462900602805	-1.061164946271	-0.08518435065777431
-0.006764332535501847	-1.1464648258688845	-0.07442248487167982
-0.007143822642787697	-1.1280583828555688	-0.08311738782573676
-0.007471628002695043	-1.1192576502795561	-0.07187523390962172
-0.007739536989599594	-1.1140073360375418	-0.06443555682929342
-0.00794202015485363	-1.0814896347176641	-0.07837534895108562
-0.008076561307399609	-1.16014819177321	-0.07862887719949356
-0.008143701080722598	-1.055861819216643	-0.07505227459603542
-0.008146807241366065	-1.1110521997340201	-0.13639588587460166
-0.008091621583054646	-1.1003637097702699	-0.0999137821080326
-0.007985655762962961	-1.1386161946909006	-0.09715353452620672
-0.00783751785687395	-1.1085848232683064	-0.02672126061865477
-0.007656248870731663	-1.0941980196212922	-0.03179779762767007
-0.007450735433303326	-1.0507888767401672	-0.07194416716048145
-0.00714150804347172	-1.0722477988067896	-0.12371241393220338
-0.006868196681922181	-1.1190529557044675	-0.15303692925049736
-0.006633300506523853	-1.1644351527971522	-0.11564653063938364
-0.006308757106368722	-1.1832789200911047	-0.07899918821449123
-0.006078667232821282	-1.1710094728455442	-0.02397419446446917
-0.005853469124844245	-1.1321591854124717	0.002652272796348505
-0.0056393631010077765	-1.090003185186738	0.0174183617214009
-0.005323360906022181	-1.0452248372969446	0.01046477093880837
-0.005141313843212168	-1.015577388764917	-0.015623580111454744
-0.00496345859982162	-1.0006662448387873	-0.04845327211011699
-0.004797732745499673	-0.9910890729147278	-0.08404809242108706
-0.0046468776175355615	-0.9882113658060264	-0.11992888633063101
-0.004509868557311817	-0.9909201148693872	-0.15114681284614206
-0.00438552985334273	-0.9988207188598517	-0.17981908626639606
-0.004272819975181376	-1.0147894604651373	-0.20794243274661264
-0.00417078254345515	-1.0480328773556056	-0.23795072802494244
-0.004078387400104475	-1.0776313549427419	-0.2920323022999452
-0.003994940577886914	-1.0593890699000554	-0.2913799512024175
-0.003919311406721896	-1.0595502618173993	-0.2850058410077806
-0.003851267348781529	-1.0631116641658602	-0.2804107973033959
-0.003789637521582339	-1.0609059411642927	-0.2740624916513289
-0.0034842706924963027	-1.0406422851455874	-0.2875775980996033
-0.00343699072426051	-1.098324351726991	-0.3310228437929358
-0.003386830620555479	-1.1494278422624153	-0.33648054904492214
-0.0033398570261459672	-1.181224269992296	-0.3455294100035754
-0.0032986151807761852	-1.1947340790402179	-0.3564381589964224
-0.003262659367929928	-1.1997812525107452	-0.36475490731977583
-0.0032309530544962052	-1.2036908875134018	-0.3726192188655074
-0.003202925526216951	-1.2108936810923152	-0.381440302963771
-0.0031781914986494285	-1.222482368156872	-0.39027914622331467
-0.0031563283665262676	-1.2360415919015535	-0.3982289225145707
-0.003137034807915627	-1.249412491912194	-0.4056456833326592
-0.0031201080663724994	-1.2620725485504605	-0.4128686114808616
-0.003105402491252805	-1.2741442687145164	-0.4200050796932585
-0.0030925364293008647	-1.2858434902458664	-0.4270794392115598
-0.003081457890198167	-1.2973231177343822	-0.4341011236073474
-0.003072100530243607	-1.308650587528195	-0.44108282774825297
-0.003064166578856103	-1.3198351516828577	-0.44803986397309137
-0.003057698100118184	-1.3309010481187606	-0.4549788901370987
-0.0030525345537907415	-1.342040304375077	-0.4618832165172795
-0.0030484588166452553	-1.3538805788614228	-0.46871149986007105
-0.003045557829052932	-1.3678544686294396	-0.4754755754925625
-0.003043657750136238	-1.3862689338979544	-0.48307796914459433
-0.0030426619063615937	-1.4062997103164432	-0.4964807140448037
-0.003042676082885285	-1.409016349032726	-0.5117602425746303
-0.003043568767734181	-1.4024041869381014	-0.5163512021383931
-0.0030451599278596133	-1.3969210826264933	-0.5143966723294136
-0.0030474855944928403	-1.392927103279373	-0.5109302225555213
-0.003050590629890392	-1.387600721636928	-0.5105681033684873
-0.002647829995605048	-1.384681797389981	-0.5254457786979738
-0.0026539334605342035	-1.4270321740176992	-0.5412413538048099
-0.0026525939069165904	-1.4643669080144592	-0.5384666155158411
-0.002650467621863057	-1.486405421307027	-0.54098849319811
-0.0026515770800229765	-1.4999692721767635	-0.5461134267445008
-0.0026559873384117416	-1.5098557465019422	-0.5519725829228006
-0.0026627303305602782	-1.5190699326717696	-0.5580025120397635
-0.0026710581934722448	-1.5288644807166172	-0.5640154465373329
-0.0026805412823143054	-1.5393543981511104	-0.5699065540077716
-0.0026910167952919894	-1.5502232830067066	-0.5756863733800561
-0.002702313630759824	-1.561199495584092	-0.5814220837921327
-0.002714236292042616	-1.572163848081768	-0.587165143373915
-0.0027267287895548185	-1.5830890715241124	-0.5929397028464413
-0.0027397604882696807	-1.5939793330240153	-0.5987544051487473
-0.0027532223160692286	-1.60484426136554	-0.6046121356362815
-0.002767058581112005	-1.6156921587772135	-0.6105144488408905
-0.0027812814711738135	-1.6265280127708477	-0.6164628007505315
-0.0027958461168120664	-1.6373541429577056	-0.6224587710038129
-0.002810681911556456	-1.6481725872501045	-0.6285042011940342
-0.0028257786231923937	-1.6589854430440525	-0.6346011690055272
-0.0028411304053439935	-1.6697936056709013	-0.6407518892320111
-0.0028566838373678015	-1.6805970936044006	-0.6469587970511884
-0.0028723921972067584	-1.6913961160093405	-0.6532246519944849
-0.0028882362162685627	-1.7021907438778041	-0.6595524747880467
-0.0029041762801035606	-1.712980382280386	-0.6659455034037155
-0.0029201460669635313	-1.7237643007610248	-0.6724072863346963
-0.00293608716463427	-1.7345418988551247	-0.6789417436864963
-0.0029519450984392273	-1.7453120687138641	-0.6855531307217075
-0.00296764056933537	-1.7560729859620974	-0.6922460354082974
-0.0029830709913848752	-1.7668227019449156	-0.6990254363333883
-0.002998126956680015	-1.7775593633861575	-0.7058967233047047
-0.0030126862679808655	-1.7882807450056415	-0.7128656768819409
-0.0030265975057856952	-1.7989839848530205	-0.7199384792013968
-0.0030396774954324244	-1.809665831403009	-0.7271217492036063
-0.003051713864191478	-1.8203228546757542	-0.7344225453470193
-0.003062457826554837	-1.8309513973876206	-0.7418483416462378
-0.0030716128328481815	-1.8415475822791243	-0.7494070209060262
-0.0030788276895093707	-1.852107538589497	-0.757106886382651
-0.0030836900483998744	-1.862627762598604	-0.7649566616607907
-0.003085715640987163	-1.873105783411953	-0.7729654656941423
-0.0030843354711289845	-1.8835418805915494	-0.7811427890598015
-0.0030788831593894636	-1.8939432987007152	-0.7894986809678798
-0.0030685806165383824	-1.904332681236277	-0.7980450955422617
-0.003052520773535976	-1.9147586261476124	-0.8068012196218887
-0.0030296486015738656	-1.9252867267238092	-0.8158085972970646
-0.002998741466658997	-1.9358909640958941	-0.8251603849429552
-0.002958388788326196	-1.9460817294710107	-0.8349931947670847
-0.0029069713965597984	-1.9544653010984048	-0.8451635116464173
-0.00284264167269788	-1.959885399030071	-0.8548235066745677
-0.0027633064838323658	-1.9636211177294676	-0.8637727818128818
-0.0026666151821154067	-1.9709182700005181	-0.8743615861559442
-0.0013728224722291665	-1.989447663221803	-0.8848212583625931
-0.001216944063015703	-2.0130497540380854	-0.8899581575114107
-0.0010864983136998178	-2.0324309986899998	-0.894585862391912
-0.0009285784286383342	-2.048677381761173	-0.9000656549416622
-0.0007320531204485156	-2.0640921085506534	-0.9060378662020881
-0.0004971172873441607	-2.0798400973351203	-0.912106031696282
-0.0002207913481705858	-2.096406342001065	-0.9180100706086762
9962101616169464e-20	-2.114015264682048	-0.9235461361438164
0.00046573491971295747	-2.1328115053597845	-0.9285080548381295
0.0008779612192084726	-2.1529123312396528	-0.932663741100487
0.0013351766682462175	-2.1744276934521025	-0.9357423461873648
0.001834319015136544	-2.1974822187037746	-0.9374154333652618
0.0023700046289016063	-2.2222545782610585	-0.9372541617327259
0.0029342418844418208	-2.2490490319796943	-0.9346178551522509
0.0035163208891279413	-2.278391196988481	-0.9283362280901474
0.004102959273488386	-2.3108741452314097	-0.9157573731811108
0.004678765224774766	-2.3445751638539085	-0.8905438406773839
0.005227039357868264	-2.3640813988645544	-0.8462148071362887
0.005730878004070114	-2.3434009089251666	-0.8055002711473312
0.006174472137749013	-2.3039189535615527	-0.8113451015620196
0.0065444350642485	-2.304140902703337	-0.8463653395115293
0.006830959078842182	-2.319791918039319	-0.8450287719352437
0.007028612407205752	-2.3229649880148564	-0.8393147164729962
0.0071366465629223285	-2.319727198122054	-0.8354932709413567
0.007158777752707275	-2.3155407235946908	-0.8317695305114963
0.007102507119098366	-2.3161929138883917	-0.8255708251182357
0.006978123976231735	-2.327298864443428	-0.8199760097967115
0.00679757402891748	-2.343782572181328	-0.8365456157180393
0.006573366406262755	-2.3316707356296393	-0.8628939257488512
0.006317650997226774	-2.3076833754693054	-0.869251635624083
0.006041538302328144	-2.2863096168310486	-0.8580362973876153
0.005754676751978853	-2.2758088121831306	-0.8348470974136104
0.005465059698663108	-2.278203711225102	-0.810551204449837
0.005179011491823021	-2.287408609909625	-0.7898795623482561
0.004901296918001839	-2.3003845130072724	-0.7737546162808043
0.004635304067270595	-2.314363384734008	-0.7618030941196927
0.004383260858171808	-2.328154841699545	-0.7527324199346214
0.00414645620933273	-2.341509546145523	-0.7456634290281005
0.003925447095686268	-2.35440004817101	-0.7400720416522157
0.003720241627910908	-2.36684364453169	-0.7356185222365836
0.003530454262694254	-2.3788670552132913	-0.7320654468091181
0.0033554331409128228	-2.390498773653717	-0.7292383337794515
0.0031943607338722323	-2.4017672678623785	-0.7270044004169052
0.003046330696172602	-2.4127004889829964	-0.7252600675372243
0.00291040460224996	-2.423325623670968	-0.7239231093133306
0.002785652836425203	-2.433668875752783	-0.7229274298747029
0.002671183006930908	-2.4437552651873014	-0.7222194105442521
0.002566158620933748	-2.4536084647582777	-0.7217552499247128
0.0024698100876697025	-2.4632506894361845	-0.7214989669419852
0.0023814401827671385	-2.4727026429126493	-0.721420869291914
0.00230042568909628	-2.4819835172887466	-0.7214963620092706
0.002226216600166961	-2.49111103665472	-0.7217050114979566
0.002158333856230741	-2.500101533725242	-0.7220298046223416
0.002096366368953776	-2.5089700497720706	-0.7224565582306581
0.0020399677229842126	-2.5177304500651574	-0.7229734453114904
0.001988853134903495	-2.526395548974019	-0.7235706115889774
0.0019427970977849603	-2.5349772406827795	-0.7242398618598689
0.0019016319523702755	-2.5434866329785444	-0.7249743993910817
0.0018652473403098085	-2.5519341825927238	-0.725768604481708
0.0018335909170834816	-2.5603298312836666	-0.726617840148087
0.00180667075033354	-2.5686831426555745	-0.727518274315628
0.0017845595389410131	-2.577003440725811	-0.7284667092175002
0.0017674003980432153	-2.5852999524039872	-0.7294604099261323
0.0017554143972204634	-2.593581957250604	-0.7304969248926473
0.0017489102087469219	-2.601858948770434	-0.7315738915247832
0.0017482960686370091	-2.6101408111289537	-0.7326888181209101
0.0017540940993491568	-2.6184380122142876	-0.7338388284394806
0.0017669578242304543	-2.626761806629455	-0.735020345418655
0.0017876942445457008	-2.635124428500489	-0.7362286757871941
0.0018172922051983304	-2.6435392337971693	-0.7374574412066871
0.0018569581945852773	-2.6520207304159977	-0.7386977953396656
0.001908157834418842	-2.6605844247564905	-0.739937388868889
0.001972654084054391	-2.669246436202194	-0.7411591154322826
0.0020525215745466896	-2.678022901100291	-0.7423397892493174
0.0021501038792619658	-2.6869292848861384	-0.7434490151727945
0.002267882691475114	-2.695979764806915	-0.7444485028091501
0.0024082834792602224	-2.7051867508189864	-0.7452918714391509
0.002573537171295442	-2.714560397981425	-0.7459246770718911
0.0027656955075379235	-2.7241077398575575	-0.7462841751561483
0.0029867071367778216	-2.733830886061521	-0.746298344054878
0.003238386584630038	-2.7437235372605295	-0.7458839170744521
0.0035222901612143136	-2.7537648267807606	-0.7449435206160597
0.0038395707668422204	-2.7639089722850594	-0.7433624258997867
0.004190707325151956	-2.7740678311128906	-0.7410061500198065
0.004575042422188113	-2.784080801815335	-0.7377225835477463
0.004990365451203109	-2.7936646355801305	-0.7333601766456764
0.005432737571242418	-2.8023468944716434	-0.7278320056109059
0.00589643867701439	-2.8094482800839313	-0.7212697685700195
0.006373772538318313	-2.814297672218781	-0.7142198277320024
0.006854136828951139	-2.8167203559380973	-0.707562820890274
0.007323821046227166	-2.8172027082192357	-0.7019992336454304
0.007768082497234489	-2.8164396016259636	-0.6977065915598786
0.008172380339901534	-2.8149604285462124	-0.6944564101007638
0.008522332909739114	-2.813100761681778	-0.6918248808813017
0.008805844943573398	-2.811094913209136	-0.689319569426553
0.009015494803495875	-2.8091616605673275	-0.6864544279946616
0.009147886260456081	-2.807568693581026	-0.6828204754065843
0.00920298774982026	-2.8066718734763154	-0.6781767040751805
0.009184450949660136	-2.80688334147812	-0.6725510158899127
0.009098868466742195	-2.8085087971985088	-0.6662724647827019
0.008954256376227914	-2.8115550223882857	-0.6598263699248587
0.008759928576302993	-2.8157471458710526	-0.6536136033826957
0.008525924994650392	-2.8207274854296926	-0.6478422601101844
0.008261454343527926	-2.8262021947932965	-0.6425742463522042
0.007974534653058885	-2.8319715808942862	-0.6378017865903391
0.007672738165499076	-2.837907970825238	-0.6334929974199562
0.007363785266554835	-2.84392903203291	-0.6296100507674931
0.007055369708565568	-2.849979872412027	-0.6261145565960283
0.0067542441261228174	-2.8560232214263968	-0.6229688720491088
0.006465524845052381	-2.8620344334671532	-0.6201368576974233
0.0061927149682857435	-2.8679986799029527	-0.6175850687590981
0.005937870225619703	-2.8739087523913187	-0.6152843108922055
0.0057017547103016385	-2.879762808943603	-0.6132110232811266
0.005484427011064335	-2.8855620142916174	-0.6113473047840252
0.005285658404762765	-2.8913082827408028	-0.6096762907725815
0.0051049643857296444	-2.897002323519902	-0.6081669773907599
0.004941583017257308	-2.9026432038806527	-0.6067574972185606
