#y=-1.2246467991473532e-16 
#strength 	x-position 	z-position 
0.045940836382865904	-3.2498168012936217	-0.00018319798958823207
0.04575982777179596	-3.249084386175441	-0.0009156102421321921
0.04540003791037292	-3.2476210739812315	-0.0023789167109825766
0.0448646657536448	-3.245429897648986	-0.004570084470026214
0.04418015660725817	-3.2425153987262627	-0.007484571989476829
0.04341538353456466	-3.238883617957141	-0.011116338548889045
0.04264309526636277	-3.234542082761859	-0.015457856757473975
0.04187026217880222	-3.2294997916350896	-0.02050012815576606
0.041031383203322065	-3.223767195495186	-0.026232701866304484
0.040061609387116566	-3.2173561760230536	-0.03264369625467264
0.03895502351422226	-3.21028002103555	-0.03971982355599984
0.037744280710202784	-3.202553396944465	-0.047446417415883166
0.036453527928530835	-3.194192318358134	-0.05580746328864648
0.03509241602314106	-3.1852141148887148	-0.06478563162993209
0.03367552917633269	-3.175637395233929	-0.07436231381482764
0.03222206423847075	-3.165482008607694	-0.08451766070708287
0.030742896056845687	-3.154769003599582	-0.09523062379947568
0.029243564503294194	-3.1435205845484164	-0.1064789988400574
0.027734399684658465	-3.1317600655203934	-0.11823947185385605
0.02622696018454657	-3.1195118219871034	-0.1304876674646493
0.02472654549853651	-3.106801240303656	-0.14319819941665407
0.023236373418661433	-3.09365466509158	-0.15634472319141848
0.021763241678836115	-3.0800993446355704	-0.16989999061085914
0.02031346411706693	-3.066163374407261	-0.18383590631327124
0.01888941445485085	-3.0518756388330592	-0.19812358598525587
0.017493876084381466	-3.0372657514267747	-0.2127334162288707
0.016131850289334136	-3.0223639934110853	-0.22763511593991909
0.014806248423819833	-3.0072012509550725	-0.2427977990701629
0.013517257667539197	-2.9918089511579247	-0.2581900386433738
0.012265187012369925	-2.9762189969114785	-0.27377993189254035
0.011048024864253481	-2.960463700776599	-0.2895351663832253
0.009858017813540699	-2.9445757180104595	-0.30542308698601894
0.008684795919333542	-2.9285879788835407	-0.3214107635592828
0.007516713262928052	-2.9125336204266197	-0.33746505920189573
0.006335044397926631	-2.896445917749203	-0.3535526989345422
0.005113557733350918	-2.8803582150717872	-0.3696403386671887
0.003824980459907115	-2.8643038566148675	-0.38569463430980166
0.0024363946405355557	-2.8483161174879514	-0.40168231088306555
0.0008971390579759691	-2.83242813472181	-0.4175702314858592
-0.0008563644685500952	-2.8166728385869275	-0.433325465976544
-0.0028883774595888727	-2.8010828843404845	-0.4489153592257106
-0.005268821564369266	-2.785690584543338	-0.46430759879892164
-0.008055909437570242	-2.7705278420873243	-0.4794702819291654
-0.011203146649514375	-2.7556260840716345	-0.4943719816402138
-0.014468672329749523	-2.741016196665349	-0.508981811883829
-0.017479062417782527	-2.726728461091147	-0.5232694915558134
-0.01992409686323431	-2.7127924908628374	-0.5372054072582252
-0.021664880894413412	-2.69923717040683	-0.5507606746776659
-0.0226589307116999	-2.6860905951947567	-0.5639071984524305
-0.02287609697267722	-2.6733800135113093	-0.5766177304044352
-0.022360160036769872	-2.6611317699780175	-0.5888659260152286
-0.021317652670472968	-2.6493712509499954	-0.600626399029027
-0.020047161369220984	-2.6381228318988312	-0.6118747740696086
-0.0187614247532041	-2.6274098268907187	-0.6225877371620012
-0.017501824050776327	-2.617254440264482	-0.6327430840542566
-0.016199111194980763	-2.607677720609696	-0.6423197662391524
-0.014771679713741995	-2.598699517140277	-0.6512979345804377
-0.013186469548901975	-2.590338438553945	-0.6596589804532011
-0.011484119708770479	-2.582611814462861	-0.6673855743130848
-0.009755902925403508	-2.575535659475361	-0.6744617016144117
-0.008070613160990447	-2.569124640003227	-0.6808726960027798
-0.00643084935754987	-2.5633920438633226	-0.6866052697133185
-0.004827782019622422	-2.5583497527365555	-0.6916475411116105
-0.003326130945744408	-2.554008217541273	-0.6959890593201956
-0.002056918989302792	-2.550376436772149	-0.699620825879608
-0.0011207671477003161	-2.547461937849426	-0.7025353133990582
-0.0005197071640719034	-2.5452707615171843	-0.7047264811581018
-0.00018286502668030306	-2.5438074493229763	-0.7061897876269523
-34654174889718475e-21	-2.543075034204781	-0.7069221998794961
