#y=-1.4142135623730951 
#strength 	x-position 	z-position 
0.04084461894369053	-3.2498168012936217	-0.00018319798958823207
0.04065597813474477	-3.249084386175441	-0.0009156102421321921
0.0402810616234143	-3.2476210739812315	-0.0023789167109825766
0.03972485234439369	-3.245429897648986	-0.004570084470026214
0.03901881760159387	-3.2425153987262627	-0.007484571989476829
0.03823769156135506	-3.238883617957141	-0.011116338548889045
0.03745485722447524	-3.234542082761859	-0.015457856757473975
0.036671876112297414	-3.2294997916350896	-0.02050012815576606
0.03582048841013955	-3.223767195495186	-0.026232701866304484
0.03484267231336411	-3.2173561760230536	-0.03264369625467264
0.03374302730876197	-3.21028002103555	-0.03971982355599984
0.0325580732182847	-3.202553396944465	-0.047446417415883166
0.03130965722951726	-3.194192318358134	-0.05580746328864648
0.030007376655736388	-3.1852141148887148	-0.06478563162993209
0.02866935939696799	-3.175637395233929	-0.07436231381482764
0.027315391221604816	-3.165482008607694	-0.08451766070708287
0.025952539430882778	-3.154769003599582	-0.09523062379947568
0.024584148632447074	-3.1435205845484164	-0.1064789988400574
0.023221766690556426	-3.1317600655203934	-0.11823947185385605
0.021876086936909126	-3.1195118219871034	-0.1304876674646493
0.02054770132415144	-3.106801240303656	-0.14319819941665407
0.019237053498451766	-3.09365466509158	-0.15634472319141848
0.017952488030947556	-3.0800993446355704	-0.16989999061085914
0.016700428219893954	-3.066163374407261	-0.18383590631327124
0.015479061332829917	-3.0518756388330592	-0.19812358598525587
0.014288595912352922	-3.0372657514267747	-0.2127334162288707
0.013136299186670879	-3.0223639934110853	-0.22763511593991909
0.012025670149148935	-3.0072012509550725	-0.2427977990701629
0.010951935725454439	-2.9918089511579247	-0.2581900386433738
0.009912454260019521	-2.9762189969114785	-0.27377993189254035
0.008909700840511155	-2.960463700776599	-0.2895351663832253
0.007940450768650261	-2.9445757180104595	-0.30542308698601894
0.006993846292329093	-2.9285879788835407	-0.3214107635592828
0.006062729301953345	-2.9125336204266197	-0.33746505920189573
0.005145129035335665	-2.896445917749203	-0.3535526989345422
0.004233196409862123	-2.8803582150717872	-0.3696403386671887
0.0033127719844642913	-2.8643038566148675	-0.38569463430980166
0.002374432668002691	-2.8483161174879514	-0.40168231088306555
0.0014127277464477653	-2.83242813472181	-0.4175702314858592
0.0004147055032214801	-2.8166728385869275	-0.433325465976544
-0.0006386451915773364	-2.8010828843404845	-0.4489153592257106
-0.0017606174650626272	-2.785690584543338	-0.46430759879892164
-0.002959914971647372	-2.7705278420873243	-0.4794702819291654
-0.0042496788269536945	-2.7556260840716345	-0.4943719816402138
-0.005640329045384524	-2.741016196665349	-0.508981811883829
-0.00712226812580653	-2.726728461091147	-0.5232694915558134
-0.008662541548647066	-2.7127924908628374	-0.5372054072582252
-0.010209611857360638	-2.69923717040683	-0.5507606746776659
-0.011687090497084185	-2.6860905951947567	-0.5639071984524305
-0.01299076801401605	-2.6733800135113093	-0.5766177304044352
-0.014012554806217627	-2.6611317699780175	-0.5888659260152286
-0.01467325317683028	-2.6493712509499954	-0.600626399029027
-0.014932155310803918	-2.6381228318988312	-0.6118747740696086
-0.01478295224490487	-2.6274098268907187	-0.6225877371620012
-0.014259914818589186	-2.617254440264482	-0.6327430840542566
-0.01343875464782271	-2.607677720609696	-0.6423197662391524
-0.01240885610593069	-2.598699517140277	-0.6512979345804377
-0.011241704751752374	-2.590338438553945	-0.6596589804532011
-0.009989660460362343	-2.582611814462861	-0.6673855743130848
-0.008694391315349267	-2.575535659475361	-0.6744617016144117
-0.00737194003415042	-2.569124640003227	-0.6808726960027798
-0.006005048893490524	-2.5633920438633226	-0.6866052697133185
-0.004590828781133172	-2.5583497527365555	-0.6916475411116105
-0.0032061168211891494	-2.554008217541273	-0.6959890593201956
-0.0019979614207239578	-2.550376436772149	-0.699620825879608
-0.0010897561350679626	-2.547461937849426	-0.7025353133990582
-0.0005035796997159767	-2.5452707615171843	-0.7047264811581018
-0.00017658528663178885	-2.5438074493229763	-0.7061897876269523
-3343476570863206e-20	-2.543075034204781	-0.7069221998794961
