#y=-1.9753766811902755 
#strength 	x-position 	z-position 
0.006098611674167048	-3.2498168012936217	-0.00018319798958823207
0.006097309995071897	-3.249084386175441	-0.0009156102421321921
0.006094733133298127	-3.2476210739812315	-0.0023789167109825766
0.006090828582677881	-3.245429897648986	-0.004570084470026214
0.006085589177398256	-3.2425153987262627	-0.007484571989476829
0.006079137315603237	-3.238883617957141	-0.011116338548889045
0.0060714786817986	-3.234542082761859	-0.015457856757473975
0.006062459163671283	-3.2294997916350896	-0.02050012815576606
0.006052126256460498	-3.223767195495186	-0.026232701866304484
0.006040709856069627	-3.2173561760230536	-0.03264369625467264
0.006028152708502031	-3.21028002103555	-0.03971982355599984
0.006014208795480575	-3.202553396944465	-0.047446417415883166
0.005999007780291639	-3.194192318358134	-0.05580746328864648
0.005982857810258669	-3.1852141148887148	-0.06478563162993209
0.005965597026203889	-3.175637395233929	-0.07436231381482764
0.005946902029023493	-3.165482008607694	-0.08451766070708287
0.00592700144448316	-3.154769003599582	-0.09523062379947568
0.005906239235062065	-3.1435205845484164	-0.1064789988400574
0.005884309714295774	-3.1317600655203934	-0.11823947185385605
0.00586082929950431	-3.1195118219871034	-0.1304876674646493
0.005836129304701043	-3.106801240303656	-0.14319819941665407
0.0058105357554101515	-3.09365466509158	-0.15634472319141848
0.005783563972636503	-3.0800993446355704	-0.16989999061085914
0.005754787693043521	-3.066163374407261	-0.18383590631327124
0.00572463028676089	-3.0518756388330592	-0.19812358598525587
0.00569333759242177	-3.0372657514267747	-0.2127334162288707
0.005660216371100295	-3.0223639934110853	-0.22763511593991909
0.005624813624365487	-3.0072012509550725	-0.2427977990701629
0.005587620274079481	-2.9918089511579247	-0.2581900386433738
0.0055487354028636	-2.9762189969114785	-0.27377993189254035
0.005507235335775741	-2.960463700776599	-0.2895351663832253
0.005462654468050252	-2.9445757180104595	-0.30542308698601894
0.005415516224562828	-2.9285879788835407	-0.3214107635592828
0.005365708444671895	-2.9125336204266197	-0.33746505920189573
0.005312066773061551	-2.896445917749203	-0.3535526989345422
0.005254128615184953	-2.8803582150717872	-0.3696403386671887
0.0051924125207445096	-2.8643038566148675	-0.38569463430980166
0.00512654337649636	-2.8483161174879514	-0.40168231088306555
0.005055126275626126	-2.83242813472181	-0.4175702314858592
0.004977729708158036	-2.8166728385869275	-0.433325465976544
0.004894845252093785	-2.8010828843404845	-0.4489153592257106
0.004805815787766711	-2.785690584543338	-0.46430759879892164
0.0047090663547750015	-2.7705278420873243	-0.4794702819291654
0.004604264009233427	-2.7556260840716345	-0.4943719816402138
0.004491902279075954	-2.741016196665349	-0.508981811883829
0.00437109328921689	-2.726728461091147	-0.5232694915558134
0.004240214165123382	-2.7127924908628374	-0.5372054072582252
0.004099191585241964	-2.69923717040683	-0.5507606746776659
0.00394866278539817	-2.6860905951947567	-0.5639071984524305
0.0037876875552129295	-2.6733800135113093	-0.5766177304044352
0.0036148682700585673	-2.6611317699780175	-0.5888659260152286
0.0034307164640690235	-2.6493712509499954	-0.600626399029027
0.003236321118241432	-2.6381228318988312	-0.6118747740696086
0.0030310012891959547	-2.6274098268907187	-0.6225877371620012
0.00281397684405868	-2.617254440264482	-0.6327430840542566
0.0025867793514557894	-2.607677720609696	-0.6423197662391524
0.00235122257043394	-2.598699517140277	-0.6512979345804377
0.0021068962140717478	-2.590338438553945	-0.6596589804532011
0.001853563266771034	-2.582611814462861	-0.6673855743130848
0.0015934859083897477	-2.575535659475361	-0.6744617016144117
0.0013279021052616349	-2.569124640003227	-0.6808726960027798
0.0010549864454221013	-2.5633920438633226	-0.6866052697133185
0.0007783277416394364	-2.5583497527365555	-0.6916475411116105
0.000517137720196131	-2.554008217541273	-0.6959890593201956
0.0003009539147985419	-2.550376436772149	-0.699620825879608
0.0001500686806856285	-2.547461937849426	-0.7025353133990582
6243343460174561e-20	-2.5452707615171843	-0.7047264811581018
1983080808236222e-20	-2.5438074493229763	-0.7061897876269523
34989166021750834e-22	-2.543075034204781	-0.7069221998794961
