#y=-1.2246467991473532e-16 
#Fourier coeffs at root (0-n) 	d/dt (Fourier coeffs at root) 
0.5050095930993734	0.8354442652033741
-0.5880574832222791	-1.366692035372156
0.2505966467861049	-0.04017113211967442
-0.2014786134636871	-0.47812899011762483
0.02721310519508547	0
0.03849061429204583	0
-0.04662357021689846	0
-0.002119790509580925	0
0.009053354687705843	0
-0.011067195355470013	0
-0.013217398611769507	0
0.014168917319565204	0
-0.013529002436874497	0
0.0032609533649735367	0
0.000993723472755718	0
8580860127697882e-20	0
-0.0006565592307197235	0
0.0038026036630550725	0
-0.001117345899572548	0
0.0024321804843754134	0
-6679622606137518e-21	0
0.001273395847133693	0
0.0004096837572141668	0
-0.00038529650946511704	0
0.0012049588897071334	0
-0.0010712847095417622	0
0.00036605318745912307	0
-0.0003229613685950732	0
-0.0002496051528202637	0
-0.0004312101101832617	0
8600617816717949e-20	0
-0.00045082856531592695	0
-8858725966254189e-20	0
21134257581831313e-21	0
-0.00018181258388366662	0
5185818912799621e-20	0
