#y=-1.9753766811902755 
#Fourier coeffs at root (0-n) 	d/dt (Fourier coeffs at root) 
0.06697672071668981	0.06431590428365534
0.06006808168035848	-0.17292444955786895
-0.0282359782062727	0.09617803677241475
0.011932152690197864	-0.05207617424538662
-0.004554649891691367	0
0.0011230155171098777	0
0.0005430404027601517	0
-0.001355416682212126	0
0.001715260942215136	0
-0.0018151552923885471	0
0.0017587692126493954	0
-0.0016088784145318722	0
0.0014070895121204255	0
-0.001182367803356594	0
0.0009550975192317167	0
-0.000739314822293204	0
0.0005441530328012194	0
-0.0003749138508350348	0
0.0002339321018559272	0
-0.00012130323301224749	0
3550291883558189e-20	0
26088018289170645e-21	0
-6674630523552472e-20	0
9005121368249078e-20	0
-996063658374428e-19	0
9883195646272238e-20	0
-9081996111048708e-20	0
7824404996826854e-20	0
-6331541443906885e-20	0
4777559072228039e-20	0
-32917619198026915e-21	0
19627458925265395e-21	0
-8438411298763964e-21	0
-407685067911721e-21	0
6897623987928835e-21	0
-11186377827806393e-21	0
