#y=-1.4142135623730951 
#Fourier coeffs at root (0-n) 	d/dt (Fourier coeffs at root) 
0.4490653241175745	0.7937608487025516
-0.49038153828605746	-1.3628211077546082
0.14269270603910647	-0.3049135984011242
-0.1805779454733164	-0.30112320975380635
0.060096370761356425	0
-0.01460089064157755	0
-0.025312391934384625	0
0.011535024518184429	0
-0.014178976360120102	0
-0.002290199409871524	0
-0.0045576289070477114	0
0.0001911492146966602	0
-0.006669187687513032	0
0.005354303887970428	0
-0.005538510444371063	0
0.0048698362307071485	0
-0.0021614224415937235	0
0.0030924770075104165	0
-0.00017741248211826068	0
0.0018368147275383097	0
0.0005588997944683158	0
0.000775157572066565	0
0.000752936097526325	0
-3261033554327775e-20	0
0.0006045343966269132	0
-0.00046076951973554684	0
0.0003281295056105795	0
-0.0005877251202668607	0
9643440215716035e-20	0
-0.0005139871645572673	0
-46813034605489e-18	0
-0.00032936035697066993	0
-0.00010541040936327624	0
-0.00012941105280189647	0
-972940289931309e-19	0
21964815681246615e-21	0
