#y=-1.4142135623730951 
#strength 	x-position 	z-position 
0.01	-2.543142415870221	-0.5411916070272362
0.01	-2.5301029435133615	-0.5409658860859428
0.01	-2.512905568550453	-0.547340449130052
0.01	-2.5081305958588143	-0.5204357767961327
0.01	-2.5247094154601273	-0.507964125681888
0.01	-2.5370229473999855	-0.5035451051037994
0.01	-2.549448355644303	-0.5063541510005296
0.01	-2.5621653179128154	-0.5117308387492846
0.01	-2.5718932362616465	-0.5273766323363205
0.01	-2.5666143280812186	-0.5511687817883489
0.01	-2.549105396171769	-0.5707299592411835
0.01	-2.5371790559898915	-0.5850659128289251
0.01	-2.526197104413569	-0.5904220167410074
0.01	-2.5135799160188337	-0.5834923170900538
0.01	-2.502099961263265	-0.5736935430453899
0.01	-2.4894324200060263	-0.5685242853214779
0.01	-2.478863486498397	-0.5606329591279979
0.01	-2.4751562096619795	-0.5466800285999985
0.01	-2.476919749549725	-0.5299689755243151
0.01	-2.4817677319686546	-0.5119908333228836
0.01	-2.4925101343523957	-0.4949628304195087
0.01	-2.5069458947677763	-0.4822494901157555
0.01	-2.52175015165653	-0.4725575926148012
0.01	-2.537354451496295	-0.46550706894763483
0.01	-2.5538425935284668	-0.4629850129194468
0.01	-2.568847062176255	-0.4653435656797972
0.01	-2.5813634725899637	-0.47086191164176167
0.01	-2.591494641188462	-0.4787408121596664
0.01	-2.59905737335025	-0.4889526193538748
0.01	-2.603814523324976	-0.5010792320395704
0.01	-2.60583742741876	-0.5146132717184593
0.01	-2.6050032271869563	-0.5294732688639915
0.01	-2.601253313069793	-0.5450128319315083
0.01	-2.595543563986319	-0.5605025014822875
0.01	-2.587844056362472	-0.5755704873898682
0.01	-2.5774615020096623	-0.5896895340303168
0.01	-2.562893641204416	-0.6026691398445827
0.01	-2.5433723510305657	-0.6151479379830254
0.01	-2.5229688796924847	-0.6270803156106004
0.01	-2.5095619988963365	-0.6370931991746498
0.01	-2.4989535992096754	-0.6464010161309319
0.01	-2.4837954410553227	-0.6565952136279007
0.01	-2.4641412164388417	-0.6617805544859943
0.01	-2.457891969671773	-0.6438011101816791
0.01	-2.473271849068507	-0.605705087063433
0.01	-2.4415980995298185	-0.5826864680414223
0.01	-2.4288316018461455	-0.5943511630924937
0.01	-2.431788279404069	-0.597523805584346
0.01	-2.4363717540223377	-0.5986356452549879
0.01	-2.439319022486155	-0.6028398226883794
0.01	-2.4299652661985576	-0.6142969922371483
0.01	-2.401223151824486	-0.6027762655718087
0.01	-2.3998369340874905	-0.574803260387929
0.01	-2.410679084179296	-0.5517524996461817
0.01	-2.4186022479477325	-0.5336574623263235
0.01	-2.4213350926083623	-0.5195154979096099
0.01	-2.421102108064091	-0.5086772340191554
0.01	-2.4200553860846736	-0.4994266659810223
0.01	-2.419579643995578	-0.4899356464150508
0.01	-2.420791687615528	-0.47922734482506235
0.01	-2.424366032118661	-0.46750808190876375
0.01	-2.4299631854814923	-0.4556254899852931
0.01	-2.43664990477885	-0.4441760032772437
0.01	-2.4436844940031217	-0.43333884344666435
0.01	-2.450729950529697	-0.4230959400563346
0.01	-2.4577290514026204	-0.41337123499999473
0.01	-2.464751234158755	-0.4040842193411693
0.01	-2.471888045957288	-0.3951728308153271
0.01	-2.4791982072642096	-0.3865997116945878
0.01	-2.4866916184197905	-0.37834615572354396
0.01	-2.4943391729710562	-0.37040125773373533
0.01	-2.5020937939985006	-0.362753324039028
0.01	-2.5099097725321906	-0.35538638501967795
0.01	-2.517753329163812	-0.34828082916417785
0.01	-2.525604387845852	-0.3414156888821963
0.01	-2.5334536094158846	-0.3347706174331648
0.01	-2.5412985359591813	-0.32832688083206046
0.01	-2.549140515031571	-0.32206761678333573
0.01	-2.556982539756453	-0.3159777940978492
0.01	-2.5648278930275397	-0.3100440833868096
0.01	-2.572679673885101	-0.3042546769355134
0.01	-2.5805411857058655	-0.2985990764956276
0.01	-2.5884167686797954	-0.293067858608977
0.01	-2.596312199106166	-0.2876523426552272
0.01	-2.604233342493704	-0.282344016026133
0.01	-2.612181597852589	-0.27713370963724293
0.01	-2.620145929619386	-0.272011044550726
0.01	-2.6280958113725705	-0.2669654511417634
0.01	-2.6359868434877596	-0.2619899161760333
0.01	-2.6437925340198007	-0.25708544420454055
0.01	-2.6515556414453036	-0.25226003075182774
0.01	-2.6594155383941853	-0.2475199390562092
0.01	-2.6675495286592	-0.24286446048038393
0.01	-2.6760226085550474	-0.2382885493428897
0.01	-2.684668796869508	-0.23378647318519383
0.01	-2.6932103017216233	-0.2293437807648765
0.01	-2.701518541456673	-0.22493730114657895
0.01	-2.709682149483173	-0.22055211038531475
0.01	-2.7178689507590934	-0.21619179952562176
0.01	-2.72618546109163	-0.21187318377577902
0.01	-2.734641559205532	-0.20760947395323817
0.01	-2.743193651923336	-0.20340037358494942
0.01	-2.7517961441110077	-0.19923614691475455
0.01	-2.760422548906394	-0.19510579609087095
0.01	-2.769061778266117	-0.1910009739723299
0.01	-2.7777080859276246	-0.18691568348044466
0.01	-2.786354674761873	-0.18284475227408836
0.01	-2.7949919926757434	-0.17878286607556196
0.01	-2.8036085700796605	-0.17472443008314256
0.01	-2.812192593567272	-0.1706639156995638
0.01	-2.8207334413672815	-0.1665963506480082
0.01	-2.8292230004860714	-0.16251776772421275
0.01	-2.8376567298232382	-0.1584255351727062
0.01	-2.8460343961700234	-0.15431853663780462
0.01	-2.8543603748387554	-0.15019719011547952
0.01	-2.862643435167668	-0.1460633160773583
0.01	-2.8708960154135132	-0.14191988524054852
0.01	-2.8791330966231525	-0.13777068902165918
0.01	-2.887370870926488	-0.13361997731933728
0.01	-2.895625435317754	-0.12947210211026722
0.01	-2.9039117163978854	-0.12533119678487367
0.01	-2.912242757363444	-0.12120091302416858
0.01	-2.920629404646839	-0.11708422883999776
0.01	-2.9290803487658286	-0.11298333196556642
0.01	-2.937602422110861	-0.10889957261582033
0.01	-2.946201040467219	-0.1048334709966304
0.01	-2.9548806882080063	-0.10078476010194282
0.01	-2.9636453769346613	-0.09675244411041821
0.01	-2.9724990411026186	-0.0927348561704536
0.01	-2.9814458622071442	-0.08872970460058571
0.01	-2.9904905310737413	-0.0847341015352132
0.01	-2.999638466533176	-0.08074457156120268
0.01	-3.008896011748254	-0.07675703964683432
0.01	-3.0182706299233497	-0.07276679800747891
0.01	-3.027771120967734	-0.06876845090918106
0.01	-3.037407881188457	-0.06475583503621926
0.01	-3.0471932307596465	-0.060721911076983284
0.01	-3.057141840264451	-0.056658619685923506
0.01	-3.067271299864678	-0.052556691862937405
0.01	-3.077602895393292	-0.04840539967981714
0.01	-3.0881626904863353	-0.0441922275574036
0.01	-3.0989830741501385	-0.03990243624019168
0.01	-3.1101050417858627	-0.035518480680413536
0.01	-3.121581682991591	-0.031019229955543258
0.01	-3.1334837613178603	-0.026378928835753795
0.01	-3.1459091615602914	-0.021565868796957953
0.01	-3.1590000957440014	-0.016540944579941194
0.01	-3.172977633618207	-0.01125736198073302
0.01	-3.188220940689791	-0.005668904697867064
0.01	-3.2054861007123105	0.00019964212198924584
0.01	-3.2265195278115066	0.0054727224226019
