#y=-1.2246467991473532e-16 
#strength 	x-position 	z-position 
0.01	-2.607888888277584	-0.5035455355093599
0.01	-2.6028081137140506	-0.512412391013407
0.01	-2.5945113873835557	-0.5350511004465786
0.01	-2.5712036049679066	-0.531526401137471
0.01	-2.576292040575037	-0.514056128782017
0.01	-2.5808464725653835	-0.49884171256988885
0.01	-2.5913895661764346	-0.48513588589905
0.01	-2.6062136286360333	-0.4727191620922086
0.01	-2.627954310819913	-0.4659970338450701
0.01	-2.6418856301458415	-0.4748685583592372
0.01	-2.643126445639836	-0.4899533723848284
0.01	-2.639504507374024	-0.5048533426241082
0.01	-2.6325888411349654	-0.5201606034505106
0.01	-2.62439666229701	-0.5341199553274992
0.01	-2.614065351445626	-0.5470138910123445
0.01	-2.6000578110239823	-0.5588108730141681
0.01	-2.584511272435866	-0.568156060292921
0.01	-2.569762565646586	-0.5734141321098741
0.01	-2.55683930179961	-0.5716629569419442
0.01	-2.546910640424181	-0.5649585174940333
0.01	-2.538950588943477	-0.5563446169414523
0.01	-2.5348860772400807	-0.542635421424321
0.01	-2.5377753927694404	-0.5259237098712917
0.01	-2.542909259151457	-0.5099038453551199
0.01	-2.5493365313671887	-0.4941857562919479
0.01	-2.5593037129680294	-0.4787459323490736
0.01	-2.572758227187288	-0.4649429122444916
0.01	-2.587425866265537	-0.4534688724898251
0.01	-2.6027100886428176	-0.4444341828109694
0.01	-2.618771459986336	-0.4382061407160432
0.01	-2.634842127387851	-0.4349632069488987
0.01	-2.6498186181745216	-0.43433447563090516
0.01	-2.6635086289635295	-0.4362591558172766
0.01	-2.675453825891731	-0.44147210983434304
0.01	-2.6845433760586195	-0.44963117016245036
0.01	-2.6906730935305316	-0.45929954452002164
0.01	-2.6937776338098076	-0.4701508613924606
0.01	-2.6928264203010683	-0.4822971498512661
0.01	-2.687310828576588	-0.4952579453497162
0.01	-2.679347101075633	-0.5085364527376282
0.01	-2.6715647691572144	-0.5221564447457361
0.01	-2.6642052213772613	-0.5358248391825037
0.01	-2.655204087660145	-0.5498099494208245
0.01	-2.641476300529007	-0.5645721752723212
0.01	-2.6212143809892283	-0.5794308073957374
0.01	-2.598824483172011	-0.5937470276586284
0.01	-2.584779253255273	-0.6058582550779689
0.01	-2.5788980367551155	-0.6138949230892943
0.01	-2.5751118285908836	-0.6211227141573865
0.01	-2.5684898379254264	-0.6298299406312964
0.01	-2.556440618378652	-0.6377472930046324
0.01	-2.540481320227781	-0.6404569786071638
0.01	-2.5247707118961493	-0.6397866510791759
0.01	-2.5139386814295346	-0.6407665653416558
0.01	-2.5071533450010417	-0.643341870275871
0.01	-2.501096767137406	-0.6463426656928414
0.01	-2.4933442733658047	-0.6483991281716766
0.01	-2.483742002314466	-0.6472622385609957
0.01	-2.474594234392299	-0.6414625807661513
0.01	-2.4678286810846086	-0.6323704410552843
0.01	-2.4631124817323977	-0.6225420644045592
0.01	-2.459365028986005	-0.6132824778110612
0.01	-2.4560534199564383	-0.6045936302238072
0.01	-2.453143792449889	-0.5959844878681664
0.01	-2.4508151953523765	-0.5869892721146114
0.01	-2.449260360282376	-0.5774131502098739
0.01	-2.4485428097796644	-0.5673549629943958
0.01	-2.448587884936223	-0.5570209387046563
0.01	-2.4493075697372086	-0.5465313553228214
0.01	-2.45068390846025	-0.5359038550899231
0.01	-2.4527318961137294	-0.5251448451190777
0.01	-2.4554320909503597	-0.5143029502817129
0.01	-2.458721924208047	-0.5034507564813256
0.01	-2.46254194080344	-0.49264488071841245
0.01	-2.466875430293173	-0.4819093394586791
0.01	-2.4717370996874095	-0.471252895836316
0.01	-2.4771255716760607	-0.46069893731834527
0.01	-2.4829959032916116	-0.45029335914320157
0.01	-2.4892841286494045	-0.44008385819747137
0.01	-2.495948862347144	-0.43010016070292606
0.01	-2.502977773695001	-0.42035729730875704
0.01	-2.5103598943532126	-0.4108701941051498
0.01	-2.518063519552183	-0.4016586030526956
0.01	-2.5260401020471592	-0.3927406638654472
0.01	-2.5342396674705236	-0.3841268789762956
0.01	-2.542618574686676	-0.37582012669823706
0.01	-2.5511380468665745	-0.3678182040752051
0.01	-2.559761636379781	-0.3601152026047392
0.01	-2.5684557238378125	-0.3527016991168145
0.01	-2.577191483745842	-0.3455649881683511
0.01	-2.585945863341751	-0.33868977055412347
0.01	-2.5947008533046856	-0.33205904447351525
0.01	-2.6034417790123223	-0.32565488632729395
0.01	-2.612155721758906	-0.31945904119982244
0.01	-2.6208310406870083	-0.3134535268221769
0.01	-2.6294591313838827	-0.3076214289436237
0.01	-2.6380393393566073	-0.3019475091081642
0.01	-2.6465846181375663	-0.29641777631912924
0.01	-2.6551198135385863	-0.2910179487621766
0.01	-2.6636638951097096	-0.2857334536666048
0.01	-2.6722085052567777	-0.2805517861828127
0.01	-2.6807216934241946	-0.2754651824184313
0.01	-2.689188215936717	-0.270463058979091
0.01	-2.697625090854464	-0.2655336782076275
0.01	-2.706061310033395	-0.26066845451561454
0.01	-2.7145143636237066	-0.2558621616283759
0.01	-2.722986285414496	-0.25110992789380887
0.01	-2.731471937529983	-0.24640557396942359
0.01	-2.739966315600732	-0.24174206466295764
0.01	-2.7484662688415367	-0.23711243639962745
0.01	-2.7569690404695173	-0.2325101444764066
0.01	-2.76547066262912	-0.22792891737147802
0.01	-2.773965302813934	-0.2233625375704102
0.01	-2.7824453721025706	-0.21880477361386125
0.01	-2.790902024268111	-0.21424947738002093
0.01	-2.799325896036825	-0.20969078796630167
0.01	-2.8077080521420696	-0.20512338790481613
0.01	-2.816041048818422	-0.20054276923310704
0.01	-2.824319961106703	-0.1959454685520671
0.01	-2.8325432231832908	-0.1913292315324515
0.01	-2.840713177935632	-0.18669307734088883
0.01	-2.8488362603638513	-0.18203725241621535
0.01	-2.856922748266176	-0.1773630849798291
0.01	-2.8649860577161985	-0.17267276777737883
0.01	-2.873041667238257	-0.1679691006298192
0.01	-2.8811058720840017	-0.16325521873876067
0.01	-2.8891946143461618	-0.15853432604016315
0.01	-2.8973225764274497	-0.1538094503728039
0.01	-2.905502617387081	-0.14908323565175916
0.01	-2.9137455473041967	-0.14435778107325287
0.01	-2.922060195756798	-0.139634529990162
0.01	-2.9304537081422373	-0.13491420553647054
0.01	-2.9389319779524374	-0.13019678645036128
0.01	-2.9475001129861607	-0.12548151245723863
0.01	-2.95616286087373	-0.12076690504373219
0.01	-2.9649249689832886	-0.1160507901375454
0.01	-2.9737914882008316	-0.11133031414902486
0.01	-2.9827680346091427	-0.10660194949481427
0.01	-2.991861016969354	-0.10186148696235822
0.01	-3.001077842005476	-0.09710401176342053
0.01	-3.010427120971351	-0.09232386062272832
0.01	-3.019918905301143	-0.08751455825012011
0.01	-3.0295649742338986	-0.08266873069501993
0.01	-3.039379195150894	-0.07777799014237491
0.01	-3.049377986760492	-0.07283278269525797
0.01	-3.059580933567437	-0.06782218848463299
0.01	-3.07001162327006	-0.06273366035641344
0.01	-3.0806988131497914	-0.05755268139614139
0.01	-3.0916780942644135	-0.05226231238739419
0.01	-3.1029943396720956	-0.046842588535971695
0.01	-3.114705444422909	-0.041269710829192674
0.01	-3.126888306586169	-0.03551496574890238
0.01	-3.13964895308162	-0.02954332487974242
0.01	-3.1531409875262137	-0.023311848546408012
0.01	-3.16760266261776	-0.016768953508216982
0.01	-3.1834423361988065	-0.009860885074214586
0.01	-3.2014789287367558	-0.002591173869172683
0.01	-3.2237368479532864	0.004281303318810364
