#y location 	alpha (def) 	h 	u 	scaled bound circ 	a0 	a03d 	tevstr 	cl 	cd 	cm 
-1.9753766811902755	44.9997170949847	0	1	0.7704781453965145	0.06697672071668981	-0.6734673838396454	0.0019427970977849603	0.6070984042022992	0.5672321164360699	-0.1767651241879327
-1.902113032590307	44.9997170949847	0	1	0.3995981274843896	0.2568509663603858	-0.2592323631756483	-0.005382121473769165	1.4498429391731673	0.8636160473556809	-0.18684215193335532
-1.7820130483767358	44.9997170949847	0	1	0.3054084260290506	0.3645868153794599	-0.1391803276036053	-0.004904592090420485	1.8586251663866626	0.6774851352646802	-0.3212028181397801
-1.618033988749895	44.9997170949847	0	1	0.3107350759131303	0.4110241075518806	-0.12069011649311807	-0.005681412335868432	2.0307308013073953	0.5295496128707822	-0.3721265280757423
-1.4142135623730951	44.9997170949847	0	1	0.29998560553514975	0.4490653241175745	-0.096111050560604	-0.006202890392436017	2.3340346060749555	0.5421198319112095	-0.49500861056550266
-1.1755705045849463	44.9997170949847	0	1	0.2780941881217838	0.47562798962024033	-0.0696113173944147	-0.006201459023044518	2.64752877542372	0.637356965435274	-0.642423131819365
-0.9079809994790937	44.9997170949847	0	1	0.2628484584883979	0.4918359056571449	-0.05331797032627402	-0.0061007402960666455	2.8417487455460027	0.6922417999016177	-0.7313747786527507
-0.6180339887498949	44.9997170949847	0	1	0.2543530869068558	0.5009977813316366	-0.044454264414443036	-0.006038306428948918	2.9520190665727073	0.721684560410021	-0.7820831510400975
-0.31286893008046185	44.9997170949847	0	1	0.25284591300638365	0.5038891047822538	-0.04214827513805915	-0.006010716437728018	2.9901614248894113	0.7340094942460826	-0.8017738952567111
-12246467991473532e-32	44.9997170949847	0	1	0.252103725656985	0.5050095930993734	-0.041122874168751114	-0.006001772862338379	3.0028752723773255	0.7366782699596064	-0.8082802801149154
