#y=-1.4142135623730951 
#strength 	x-position 	z-position 
-9703945633154909e-26	-0.04291450392026824	0.09397964183654328
-9706867254433149e-27	-0.05090521490549761	0.09477445244607619
-2203372206910359e-26	-0.05890550135936046	0.09557954969909319
-30682709845075706e-27	-0.06691562088154827	0.0963951101015877
-35454132685242e-24	-0.07493583994718524	0.09722131330948612
-4071721605714007e-26	-0.0829664343013048	0.09805834260043211
-4753717385008738e-26	-0.09100768936350405	0.09890638507111012
-55722572389615976e-27	-0.09905990063660897	0.09976563157747394
-6536121470446243e-26	-0.10712337414159699	0.1006362767806806
-7682708982881259e-26	-0.11519842687690204	0.10151851922336028
-9033507622491221e-26	-0.12328538730124802	0.10241256139954323
-10634671268605622e-26	-0.13138459584151801	0.10331860982124155
-12525727503820416e-26	-0.1394964054273563	0.10423687508444257
-1475201107103974e-25	-0.14762118205411698	0.1051675719335807
-1738468674572502e-25	-0.15575930537593838	0.10611091932495069
-2049137873272322e-25	-0.16391116933077862	0.107067140488034
-24152537608790325e-26	-0.1720771827994041	0.10803646298425272
-28473798666106553e-26	-0.18025777030051307	0.10901911876337779
-3356850058339189e-25	-0.1884533727242633	0.11001534421646285
-39583838637446966e-26	-0.19666444810667758	0.11102538022515922
-4667608625996689e-25	-0.2048914724475805	0.11204947220670788
-5503890364300101e-25	-0.21313494057489077	0.11308787015378055
-6490647654761039e-25	-0.22139536705835006	0.11414082866879167
-7654157099801218e-25	-0.2296732871759286	0.11520860699118896
-9026565311182067e-25	-0.2379692579364776	0.11629146901740639
-10645526179325904e-25	-0.24628385916242637	0.11738968331246913
-12554154521504657e-25	-0.2546176946365882	0.11850352311136297
-14805932539024846e-25	-0.26297139331753583	0.119633266309795
-17461463230200591e-25	-0.271345610628276	0.12077919544231391
-20593240671745727e-25	-0.27974102982336124	0.12194159764618545
-24287512452592086e-25	-0.28815836344003753	0.12312076461000622
-2864370794372628e-24	-0.2965983548393578	0.12431699250381295
-3378162444223065e-24	-0.30506177984378396	0.12553058188915753
-3984144255828048e-24	-0.31354944847832183	0.12676183760678536
-4698847142978191e-24	-0.32206220682274816	0.1280110686384931
-5541726508240252e-24	-0.33060093898319826	0.12927858794047462
-6535856831441089e-24	-0.3391665691920869	0.13056471224469282
-7708333507952525e-24	-0.34776006404600823	0.13186976182384771
-909108765524691e-23	-0.3563824348921616	0.1331940602152497
-10721917473657805e-24	-0.3650347403748057	0.13453793389910226
-12645334269284492e-24	-0.37371808915416543	0.13590171192506414
-14913783567480077e-24	-0.3824336428113667	0.13728572548044624
-1758918805917775e-23	-0.391182618954203	0.13869030739316032
-20744549742920948e-24	-0.39996629453985544	0.14011579156074352
-24465957520342085e-24	-0.4087860094321356	0.14156251229575698
-28854944794654003e-24	-0.417643170212462	0.14303080357687853
-3403126136447554e-23	-0.4265392542655939	0.14452099819327704
-4013620790235817e-23	-0.4354758141631017	0.14603342676841533
-47336341400458504e-24	-0.44445448236971125	0.14756841664708506
-55828100394353375e-24	-0.4534769763001251	0.149126290627359
-6584327904256282e-23	-0.4625451037565579	0.1507073655167115
-7765502356947562e-23	-0.47166076878017105	0.15231195048746227
-9158577496740095e-23	-0.48082597795293536	0.153940345204486
-1080155315000969e-22	-0.4900428471900558	0.1555928376930404
-12739269286687893e-23	-0.49931360906717337	0.15726970191001696
-15024592194858022e-23	-0.5086406207311381	0.15897119497663612
-17719885749521713e-23	-0.5180263724481353	0.1606975540235089
-20898687803395932e-23	-0.5274734968486801	0.16244899259191134
-24647740184263744e-23	-0.536984778935314	0.1642256965260233
-2906933250345495e-22	-0.5465631669259782	0.1660278192806249
-342841137130831e-21	-0.5562117840141085	0.16785547655677382
-4043437058232069e-22	-0.5659339411355758	0.16970874016423967
-4768791071769335e-22	-0.5757331508429183	0.17158763099277513
-5624264843191729e-22	-0.5856131423990368	0.17349211095571584
-6633198054318418e-22	-0.595577878215974	0.17542207374621807
-7823119465930756e-22	-0.6056315717798042	0.17737733422149618
-9226493741573e-19	-0.6157787072204536	0.17935761619942645
-10881607451634911e-22	-0.6260240607058616	0.18136253841569955
-12833616413170795e-22	-0.6363727238641131	0.18339159834935323
-15135771897715339e-22	-0.6468301294653683	0.18544415357350244
-17850876408952165e-22	-0.6574020796288602	0.18751940023145
-21052993890297023e-22	-0.6680947768602157	0.18961634817080467
-2482946877475564e-21	-0.6789148582719008	0.19173379218731754
-29283304496061785e-22	-0.6898694333972988	0.19387027873615723
-34535971821757216e-22	-0.7009661260788345	0.19602406735612088
-4073071343051529e-21	-0.7122131209960838	0.19819308591821705
-4803644717254682e-21	-0.7236192155049161	0.20037487865135012
-5665235879874844e-21	-0.7351938775886682	0.20256654570622262
-6681332013118088e-21	-0.7469473108837456	0.2047646727865876
-7879627489980681e-21	-0.7588905279434294	0.2069652490965894
-9292775734632067e-21	-0.7710354331552747	0.20916357150688833
-10959275628812798e-21	-0.7833949170433645	0.21135413241655546
-1292451532323817e-20	-0.7959829640828997	0.21353048825608964
-15242000973818629e-21	-0.8088147766525281	0.21568510490556161
-1797480430965233e-20	-0.8219069183745298	0.21780917544996067
-21197264890889314e-21	-0.8352774808760537	0.2198924045956003
-24996994085466073e-21	-0.8489462789824713	0.22192275264632041
-29477229911496067e-21	-0.8629350805709105	0.22388613006595254
-3475960625914758e-20	-0.8772678788176146	0.22576603117125543
-4098740350716966e-20	-0.8919712164218853	0.22754309217650398
-483293646234631e-19	-0.9070745736401467	0.2291945543184501
-56984169264610515e-21	-0.9226108346707689	0.2306936066633337
-671856732885074e-19	-0.9386168501346603	0.23200857475920963
-7920903914352372e-20	-0.9551341171080538	0.23310190956621604
-9337789442738151e-20	-0.9722096023190576	0.23392891462538123
-0.00011007267864164907	-0.9898967385100351	0.23443612605918554
-0.0001297403527157747	-1.0082566280907885	0.2345592264960422
-0.00015290566479047966	-1.0273594909575383	0.23422032549384722
-0.0001801841803626674	-1.0472863924235896	0.23332436813129323
-0.0002122972969274689	-1.0681312779172547	0.2317543291037771
-0.0002500894644953816	-1.0900033142492436	0.22936469574137053
-0.0002945478260555929	-1.113029475687184	0.22597251710992108
-0.00034682446280405455	-1.1373571879011257	0.22134496768488815
-0.00040826137322164634	-1.1631566153899564	0.2151819045775599
-0.0004804182178401936	-1.1906218266299493	0.20709122193995977
-0.0005651027109563073	-1.219969660592523	0.19655370911489506
-0.000664403308445409	-1.2514347358835474	0.18287176396258809
-0.0007807235109997916	-1.2852577226388586	0.1650905831362364
-0.0009168166340571531	-1.321658416122195	0.1418698237907769
-0.0010758192601030836	-1.3607822644974399	0.11126291605757144
-0.0012612807442757609	-1.4026020965679122	0.07023099522903051
-0.001477185056385416	-1.4462826734722944	0.013352308094075479
-0.0017279598900345888	-1.4865739602347314	-0.06897388130335809
-0.00201846635821361	-1.5035057985895146	-0.18584153224412675
-0.0023539607838459504	-1.447512683371254	-0.32205373138539345
-0.00274001823243499	-1.3783115695150827	-0.36718153582986396
-0.0031824057963424158	-1.281024854631437	-0.3601677441019694
-0.003686892686879829	-1.1487569951852248	-0.22628150113225934
-0.004258984594311486	-1.2446770938720442	-0.18033758387863277
-0.004903572441181514	-1.2413429493025292	-0.0042562917975711495
-0.005624491637562227	-1.3961482190462227	-0.26575228198915724
-0.006423998272259472	-1.4374515490843396	-0.22735861217170755
-0.007302183945036006	-1.2073556471136375	-0.17679861047188386
-0.008256370774299759	-1.2268483895305848	-0.18998293800533073
-0.00928055041679148	-1.3507348824560337	-0.15558953455152322
-0.010364951338547906	-1.3369216499639691	-0.20879830569604071
-0.01149583039211237	-1.2744514571024503	-0.16990267254262195
-0.012655580070723503	-1.296413629162791	-0.05969580603616852
-0.01382321512875604	-1.3391712912875293	-0.1659380861576777
-0.014975250402109123	-1.3167102119611007	-0.16947601889823613
-0.01608691352919405	-1.3377421590817056	-0.12312879980669995
-0.01713356966586302	-1.3124629359673243	-0.21377440671953862
-0.018092193089517757	-1.3563449964463934	-0.20703978658232478
-0.018942719829916875	-1.340022238157529	-0.08851966425789645
-0.019669155314740186	-1.2231889148805906	-0.1930810258263922
-0.02026036915209667	-1.3012422577910874	-0.12466222809584407
-0.020710554229094968	-1.2875575611984802	-0.1673268847226564
-0.021019342073410975	-1.3043116393066798	-0.25231564760420866
-0.021191562695408644	-1.2603304212866602	-0.25850196776309403
-0.02123664517892331	-1.4008616846784865	-0.296123823614404
-0.021167694786745374	-1.3531653425824066	-0.24463206576802946
-0.02100034252384174	-1.3820448072894418	-0.24637256142838906
-0.020751511546416974	-1.3969895009573912	-0.13554163248609294
-0.020039760975763706	-1.3671392415929111	-0.12766670306630923
-0.019406066580231626	-1.317389727326452	-0.10814688368559291
-0.01899933389886355	-1.2993597450395797	-0.3714740063779533
-0.017310204404590458	-1.3169960805852245	-0.32031254615651883
-0.016839596358249345	-1.3571010367846517	-0.30901782092683994
-0.016329754225782804	-1.1665695394098898	-0.23514980808678648
-0.015819735207718306	-1.291288425452875	-0.2303578808773443
-0.01960074662707939	-1.3768708634761846	-0.3027412373637606
-0.018986446572463827	-1.2706303979774372	-0.22629442154649326
-0.018759589432030484	-1.2508847220069776	-0.22864956261911795
-0.018613426465864034	-1.3412725387300777	-0.2716966705350186
-0.018451839782351334	-1.2000777496401351	-0.21795689950611633
-0.0182900925000364	-1.209275361147245	-0.2146558078081215
-0.018130496769126113	-1.2052909646137053	-0.2979671001676998
-0.017972765118303105	-1.19871554491301	-0.24735513173859877
-0.01781865726097365	-1.4312926930730352	-0.19486218600010494
-0.01766931071789189	-1.2690708109023576	-0.018091970798130907
-0.017527766331677887	-1.3777611494799529	-0.16984932283391815
-0.017392364868332035	-1.2711887613641804	0.00351911426547354
-0.017267903479845532	-1.2831438829594428	-0.023288113305862623
-0.017150023760106443	-1.2029202691623415	0.03392521417714842
-0.01599349081880058	-1.3891134362235422	-0.17518836048459177
-0.0159064742187486	-1.1069230169067121	-0.020641676837261484
-0.01579457099810348	-1.1030268286280434	-0.18925446422846426
-0.015685766575472732	-1.151095614306956	-0.16528790127763265
-0.015589169618135015	-1.1032995793046876	-0.1687657608228788
-0.015504115525075222	-1.1727353027375145	-0.1607144834576499
-0.015433889008831749	-1.2027806049463756	-0.15280413217084782
-0.015365819422556989	-1.1188120538578994	-0.17001541117082897
-0.015311986897996448	-1.1536999700013564	-0.1797316963354912
-0.015262076143926745	-1.2469208646165544	-0.1591194042251257
-0.015215924262651014	-1.2367450732564778	-0.14232915758823073
-0.015179246875655396	-1.0969189424245982	-0.2769217383053651
-0.015144681565605559	-1.1799977537459414	-0.4070109091747577
-0.015114415085687765	-1.1918012802002078	-0.3932141967075776
-0.0150889848409872	-1.1944530630023729	-0.40139266586578964
-0.015067331185374108	-1.2092105882086417	-0.38953117531962766
-0.015048765819355164	-1.178120021622331	-0.3726101657645509
-0.015033607459764592	-1.258120528917528	-0.4896981710425344
-0.01502156318760704	-1.2457110974855874	-0.4831815135101703
-0.015010592916097892	-1.2470050733977258	-0.47676341777598846
-0.015002940895235871	-1.226589066366312	-0.4787047215253765
-0.014997071056081583	-1.299782375901882	-0.5924117093450815
-0.01499266951987786	-1.2782500568695148	-0.5870376388954658
-0.01499126501903899	-1.3019140518703336	-0.5455655196211718
-0.014990228967160669	-1.3476771106123044	-0.5955186880258238
-0.014990506698877484	-1.322103615337203	-0.5868466321699594
-0.01499326603448812	-1.3044992956478476	-0.5697697353107989
-0.014996835988086606	-1.2856199451286143	-0.5514114196631092
-0.014769547412106718	-1.3296744986375078	-0.6020079583396414
-0.014787573485738281	-1.3142708691753382	-0.559226889217524
-0.014778931655373084	-1.5560154009908995	-0.6829266328956228
-0.01476970178886041	-1.5400736819140008	-0.6340942106090147
-0.014765786411251723	-1.5330909668470094	-0.6559899468767875
-0.014764461926547259	-1.5286594278371277	-0.6462907049481188
-0.014766668912963923	-1.5224544694028426	-0.6439940929918907
-0.014772098549985471	-1.576666047406035	-0.6916923391065213
-0.014778848930159304	-1.568822217272409	-0.6674513381432366
-0.014787444027606001	-1.5531142750791767	-0.6393926489483703
-0.014798599091041916	-1.489172823741863	-0.6289464759954314
-0.014811036787199996	-1.5133952831962674	-0.6687439447624524
-0.014824417017764342	-1.576674641997534	-0.7071554578986865
-0.014839612678600666	-1.5799742324885149	-0.7195513493811516
-0.01485624014821621	-1.5748775619577677	-0.7202352010761637
-0.014873614482717682	-1.573352748668281	-0.7277673812767479
-0.014892103706440023	-1.5932185365260105	-0.7440739991816792
-0.014911817830889322	-1.6232689733902679	-0.7505787178157924
-0.014932301386961394	-1.6459076706348836	-0.756493001010546
-0.014953558860629042	-1.6635957528641276	-0.7632218099297228
-0.014975759303963703	-1.6785441191248422	-0.7703729493411526
-0.01499867858844853	-1.6921259664689294	-0.7776565664650706
-0.015022137476132978	-1.7052111932987681	-0.7849062384653036
-0.01504618302482897	-1.7183378422371338	-0.7920360459193744
-0.015070738188381127	-1.7317109052475899	-0.7989982857404133
-0.01509560224039476	-1.745326227715425	-0.80577454555309
-0.015120660158414461	-1.7591816424063753	-0.8123718539047989
-0.015145831992267465	-1.7732609732319005	-0.8188136540198552
-0.015170956855482531	-1.7874125075338587	-0.8251423938602275
-0.015195816646321872	-1.8014372302186625	-0.8314080783878629
-0.015220182175823396	-1.8152767411855806	-0.8376386241249605
-0.015243799652582168	-1.8290112318373049	-0.8438342345216848
-0.015266359359658026	-1.8427106530300863	-0.8499876685376073
-0.015287480526534405	-1.8563643286977898	-0.8561010301931317
-0.0153067098866101	-1.869938827458277	-0.8621834738755504
-0.015323518952170948	-1.8834376815829945	-0.8682415683352361
-0.015337290454722426	-1.8968850384080023	-0.874279190643875
-0.015347297437868994	-1.9102778865726788	-0.8803060098829213
-0.015352681651093108	-1.9235643596161311	-0.8863450689530363
-0.015352433284812747	-1.936643016543894	-0.8924339770703202
-0.01534537092474146	-1.9493664259125294	-0.8986124806734237
-0.015330117513547663	-1.9616144048120638	-0.904882689028692
-0.015305068222184727	-1.9735457454068326	-0.9111582223194931
-0.015268351982236503	-1.9859393805515708	-0.9172463477876407
-0.015217791949495341	-2.0002375832250836	-0.9228538569763672
-0.015150866572025384	-2.017728846795761	-0.9279491801316966
-0.01506466953649596	-2.0358246833164912	-0.9348179391001659
-0.014955868689124772	-2.0446965117643807	-0.9441427626667774
-0.014820667055974575	-2.04505145348594	-0.95060425593442
-0.014654769953191706	-2.043456087335796	-0.9556382287299161
-0.014453362701687653	-2.047141383907239	-0.963675028852636
-0.014105572124839719	-2.0664575338286735	-0.9723140095193701
-0.013823021024655288	-2.0943489230725008	-0.9728288525048455
-0.013478807171168625	-2.1158676319545053	-0.974658442852083
-0.013072360337995189	-2.130573653822543	-0.9789926933919978
-0.012600714625866677	-2.142937640900262	-0.9840079669793003
-0.012056898987645736	-2.1568756878743494	-0.9885253964266996
-0.011434470579470668	-2.173528979405879	-0.9915655471638112
-0.010728126155120098	-2.191864177900683	-0.9929855721406636
-0.00993407863636426	-2.2109195787631384	-0.9931268787021268
-0.009050795756277083	-2.2303593771464794	-0.9921163214045986
-0.008079811353808376	-2.25005715470135	-0.9898913242029198
-0.007026531749724646	-2.2698663973695234	-0.9863564965854577
-0.005900967107092519	-2.289583017485616	-0.9814433875338747
-0.004718264707340222	-2.3089558233943	-0.9751211606188133
-0.003498894605526939	-2.327696006300541	-0.9673996485088169
-0.002268340574425665	-2.3454812975275448	-0.9583353472539177
-0.001056187898679211	-2.361956893561699	-0.9480410144909334
0.00010542199695046973	-2.3767338883223705	-0.9367006132894694
0.0011838894129818506	-2.389390151470979	-0.9245952470622316
0.0021486005330613655	-2.3995005693501263	-0.91214366380643
0.002973402162773609	-2.4067617859265025	-0.8999237294062243
0.003638736232657979	-2.41122904898438	-0.88855924636809
0.0041330918714646385	-2.4134425237583352	-0.8784221101874491
0.004453549061126391	-2.414214977525688	-0.8694178883896613
0.004605364933574789	-2.414321086100719	-0.8610918879509084
0.00460073998512815	-2.4143898906304115	-0.8528941776996769
0.004457040656456333	-2.414931518496712	-0.8443975997805396
0.004194811517078933	-2.4163394845215374	-0.8354206354901303
0.003835882772854379	-2.418837278382333	-0.8260378581726457
0.0034017915602298416	-2.42244236434094	-0.8164800026125232
0.0029126245850953376	-2.4270120677469373	-0.8070014155606223
0.002386288699770854	-2.4323346708136158	-0.7978025396576424
0.0018381477706528278	-2.4381977322609836	-0.7890175722414061
0.001280935899663642	-2.444416293288231	-0.7807312029034926
0.0007248602784553154	-2.450837250471008	-0.7729981067211079
0.00017782405531167867	-2.457335419063946	-0.7658570488946681
-0.0003542837408566802	-2.463808217036629	-0.7593390466619748
-0.0008672715748491312	-2.4701710534201173	-0.7534702076427383
-0.0013583308373528308	-2.4763540535262782	-0.7482696815476709
-0.0018257405489185575	-2.482300645517513	-0.7437437230595293
-0.0022686002170870315	-2.4879684109447893	-0.7398784316964628
-0.002686596584011481	-2.4933317665487045	-0.7366350319568469
-0.0030798090642028472	-2.4983847551164113	-0.7339506380616675
-0.003448555870991481	-2.5031416764490566	-0.7317441924722935
-0.003793278271613458	-2.5076342442591146	-0.7299243716496363
-0.004114457555667234	-2.5119055716039536	-0.7283961463086835
-0.004412559870409169	-2.5160021830997374	-0.7270647003945737
-0.004688005746722866	-2.519965167239465	-0.7258373968978601
-0.0049411611090928766	-2.5238212826676976	-0.7246254234518916
-0.00517234509493455	-2.5275750804444126	-0.7233468916628488
-0.0053818490415038014	-2.531204226630127	-0.7219328568252091
-0.005569961480078331	-2.5346618066724678	-0.7203367087481147
-0.005736995294237314	-2.5378890877318474	-0.7185446112367967
-0.00588331460056964	-2.540835564964614	-0.7165801219398311
-0.00600935969248124	-2.543473264597157	-0.7144959281732352
-0.006115668147091561	-2.5457962361299504	-0.7123563292150827
-0.006202890392436017	-2.54781179278993	-0.7102224473249124
