#y=-1.2246467991473532e-16 
#strength 	x-position 	z-position 
-10172121304996562e-26	-0.046815432395845825	0.10148678161648494
-9755496757635207e-27	-0.054862464752345116	0.10233862981234408
-2323068820642149e-26	-0.06292028503046021	0.10320133390749477
-3247691525432028e-26	-0.07098918548692704	0.10407507409527302
-37476514946899186e-27	-0.07906946848440043	0.1049600334953294
-4306339312920571e-26	-0.08716144694045506	0.10585639862904321
-5023242759250035e-26	-0.09526544478841246	0.10676435959531923
-5889188268992651e-26	-0.10338179744290497	0.10768410997973422
-6911882177718098e-26	-0.11151085229532431	0.10861584687514983
-8122054417913915e-26	-0.11965296923693909	0.1095597709310085
-9552878453555902e-26	-0.12780852120877043	0.11051608639400057
-11244932415777065e-26	-0.13597789477988986	0.11148500114251479
-13240196612696042e-26	-0.14416149075608073	0.11246672671785832
-15600641785351588e-26	-0.15235972482073845	0.113461478352084
-18380292600428394e-26	-0.1605730282099468	0.11446947499120498
-21664786631347965e-26	-0.16880184842386042	0.11549093931356516
-2553761785373254e-25	-0.1770466499766595	0.11652609774269028
-3010791442548122e-25	-0.1853079151874777	0.11757518045363295
-3549492956500533e-25	-0.193586145014928	0.11863842137239926
-4185528330175048e-25	-0.20188185993800586	0.11971605816749298
-4934894402841561e-25	-0.2101956008863364	0.12080833223228087
-5819606654217102e-25	-0.21852793022301398	0.12191548865774653
-6862646614175238e-25	-0.22687943278346903	0.12303777619426742
-8093395693214989e-25	-0.23525071697405506	0.12417544720092898
-9543963310626458e-25	-0.2436424159343436	0.12532875758103987
-11255641453600251e-25	-0.2520551887674385	0.1264979667024308
-13274090281817363e-25	-0.260489721842901	0.1276833373006565
-15654778272311543e-25	-0.2689467301772768	0.12888513536313734
-18462625230725171e-25	-0.2774269588976124	0.13010362999262728
-21773917929096553e-25	-0.28593118479372015	0.13133909324689078
-25679677325557426e-25	-0.29446021796546956	0.1325917999525361
-30285836893906293e-25	-0.30301490357183813	0.13386202748974296
-3571818970801721e-24	-0.3115961236890458	0.13515005554473936
-4212560215585692e-24	-0.32020479928567985	0.13645616582673276
-496818302990476e-23	-0.3288418923233459	0.1377806417446037
-5859443879749349e-24	-0.3375084079921456	0.13912376803968138
-6910535858828393e-24	-0.3462053970910186	0.14048583036904716
-8150196470838034e-24	-0.3549339585638424	0.14186711483362666
-9612229418670681e-24	-0.36369524220315846	0.14326790744520673
-11336570951078762e-24	-0.3724904515343851	0.14468849352488825
-13370226341000158e-24	-0.381320846894508	0.1461291570253294
-15768739666452425e-24	-0.39018774872051126	0.14759017976792144
-18597492299626817e-24	-0.3990925410641175	0.14907184058457035
-21933727927664348e-24	-0.4080366753509301	0.1505744143528255
-2586844774672692e-23	-0.41702167440371896	0.1520981709116109
-3050904070871219e-23	-0.42604913675138123	0.15364337384290777
-35982095606887365e-24	-0.43512074124715866	0.15521027910321034
-42437053524024826e-24	-0.44423825202184286	0.15679913348623128
-5004988049527037e-23	-0.45340352380014604	0.15841017289512058
-590284549226161e-22	-0.4626185076111668	0.16004362040079032
-6961772457472759e-23	-0.47188525692681693	0.1616996840588252
-8210659266198739e-23	-0.4812059342653668	0.16337855445317417
-9683589388687075e-23	-0.49058281830101397	0.1650804019318138
-11420748837961958e-23	-0.5000183115244289	0.1668053734928142
-13469544069173722e-23	-0.5095149485037409	0.1685535892742915
-15885873622806246e-23	-0.5190754048005686	0.17032513859467874
-18735673547147502e-23	-0.5287025066013241	0.17212007548155028
-2209669972136341e-22	-0.5383992411303575	0.17393841361811724
-26060663509824833e-23	-0.5481687679186492	0.1757801206257924
-3073572724283935e-22	-0.5580144310097236	0.17764511158900217
-36249441880131794e-23	-0.5679397721934761	0.17953324171322865
-4275226294942619e-22	-0.5779485453688504	0.18144429799141765
-504216081522596e-21	-0.5880447321478315	0.18337798973320624
-5946674456747125e-22	-0.5982325588264147	0.18533393778936416
-7013445041184618e-22	-0.6085165148633017	0.18731166227670487
-8271578384351497e-22	-0.6189013730244758	0.1893105685772663
-9755401327495722e-22	-0.6293922113717665	0.19132993135004317
-11505394580391126e-22	-0.6399944372968209	0.19336887624909868
-13569302655686705e-22	-0.6507138138291255	0.19542635899362817
-16003429584212497e-22	-0.6615564884787631	0.19750114137526006
-18874179058183532e-22	-0.6725290249122949	0.19959176371903828
-22259858929955106e-22	-0.6836384378054108	0.2016965132325281
-26252822318464236e-22	-0.6948922312701558	0.20381338758075548
-30961978178742355e-22	-0.7062984413198095	0.2059400529101453
-3651575980046992e-21	-0.7178656829139028	0.208073795406893
-430656228083727e-20	-0.729603202223287	0.2102114653121337
-5079016855405807e-21	-0.7415209348747263	0.21234941211814715
-59900002958857e-19	-0.7536295710824679	0.21448340943225133
-7064346496181775e-21	-0.7659406287582557	0.21660856770479986
-8331337442758074e-21	-0.778466535920973	0.21871923266035798
-9825499013130928e-21	-0.7912207240149048	0.2208088668307995
-11587537547748036e-21	-0.8042177341063793	0.22286991103907858
-1366544371883896e-20	-0.8174733383827099	0.22489362199000043
-16115792124057893e-21	-0.8310046799487156	0.22686988124362567
-19005271425636197e-21	-0.8448304346347341	0.22878696971549742
-224124849130692e-19	-0.8589709994328707	0.23063130038159735
-26430068966519157e-21	-0.8734487133100605	0.23238709994418125
-3116718392698163e-20	-0.8882881175604633	0.23403602767210102
-3675244168648874e-20	-0.9035162646176229	0.23555671623267094
-4333734404312131e-20	-0.9191630864193066	0.23692421475129744
-5110031803271485e-20	-0.9352618360813347	0.23810930809702321
-60251447361964194e-21	-0.9518496198690222	0.23907767781379233
-7103801483077446e-20	-0.9689680403248376	0.23978885820082366
-8375098542592538e-20	-0.9866639759560893	0.240194924315442
-9873257911543511e-20	-1.0049905280727427	0.24023882490916812
-0.00011638510025616458	-1.0240081709981508	0.23985223912559267
-0.00013718120988795088	-1.0437861474133885	0.23895278592843855
-0.00016167584571447416	-1.0644041547532292	0.23744034136356615
-0.000190520011428991	-1.0859543684316695	0.23519210743847285
-0.00022447666778638818	-1.1085438366923421	0.2320559054562459
-0.0002644389638037977	-1.1322972453084115	0.2278408988407203
-0.00031145103400726133	-1.157359954649258	0.22230452265840914
-0.00036673156281036637	-1.1839009798565943	0.21513370241099175
-0.00043170025545298356	-1.212115040326456	0.2059173088209629
-0.0005080072569722312	-1.2422215458311514	0.19410495853261417
-0.0005975654004446752	-1.2744555304588312	0.17894443090330792
-0.0007025849275539356	-1.309039285255333	0.15938602531580523
-0.0008256099752200364	-1.3461104619923643	0.1339377164474375
-0.0009695556378948519	-1.3855561192187613	0.10045089991893434
-0.001137743746096969	-1.4266392985536287	0.05581348080320539
-0.0013339346211991114	-1.4670832991300204	-0.0044497145757362005
-0.001562350928124399	-1.500343662158641	-0.08577366584963637
-0.0018276883331070307	-1.5125540321607818	-0.18694208704635207
-0.002135105991050693	-1.4917104011036046	-0.2935449120932762
-0.0024901879954191313	-1.4316344026288441	-0.3797853571027034
-0.0028988649825342017	-1.341246774990889	-0.4170017437775053
-0.0033672833805578296	-1.235503001531074	-0.3830446262632642
-0.0039016088105313295	-1.161697206348892	-0.2476388662292376
-0.0045077505909368815	-1.1677722490308209	-0.12232919169652424
-0.005190997107908389	-1.3781783987288665	-0.20025371090043503
-0.005955558089784762	-1.391319213904063	-0.28462079031358817
-0.00680402061783982	-1.235740245251665	-0.2122110487029818
-0.007736741612748248	-1.2320827508593846	-0.1581187255308331
-0.008751220097621673	-1.3532417657533278	-0.11362605588110353
-0.009841515493873325	-1.3517227361514648	-0.1800943213650273
-0.010997798896591747	-1.2677612222260846	-0.25229589765294813
-0.012206135646553323	-1.2560518243459786	-0.1952321604392393
-0.013448591342013521	-1.321722421899896	-0.24973112227717614
-0.014703723200526216	-1.2997215594216818	-0.2588177726351358
-0.015947463827878088	-1.2885426605811878	-0.22380768138123364
-0.017154334322925045	-1.3255773113884013	-0.22418858736820427
-0.018298858119933332	-1.2950871886350463	-0.20552242211134544
-0.01935701052985679	-1.3835568468550188	-0.16669488604677307
-0.020307548006713114	-1.3258883344769337	-0.17712520427834183
-0.021133110545123356	-1.3114652496207004	-0.1496293161924356
-0.021821050954048068	-1.283304675753071	-0.16301057191111734
-0.022363979418439393	-1.231113268863641	-0.17543670757690702
-0.022760005767990837	-1.2486393554850919	-0.22918172122595337
-0.02301263774705244	-1.2358533994956786	-0.27233756715585533
-0.023130294137427704	-1.265202122482	-0.2957349642845878
-0.02312544097078495	-1.2898384984368019	-0.2849558028379049
-0.023013439467843674	-1.3189406975649598	-0.3069539447872626
-0.02281126114056187	-1.3688117883605084	-0.25509037106641397
-0.023630178987729393	-1.3407949956934726	-0.2741828185179863
-0.022929157038651504	-1.3599467356683277	-0.19263106467495347
-0.022660494562338086	-1.3581161397039623	-0.12932015770757577
-0.022249476746957167	-1.3183590045527604	-0.11572627261234089
-0.0219165806148583	-1.2703925395209912	-0.12914652230076848
-0.021550898975740883	-1.2343210636248916	-0.13290917925473889
-0.021175052709017234	-1.1918774650669828	-0.18138232585851405
-0.020704530111087846	-1.2024780581178407	-0.22672131945095228
-0.02033980282436904	-1.204921574843358	-0.2693603606988485
-0.019977370558826466	-1.2386179753866526	-0.3256588770445022
-0.01963390711486903	-1.2804588428493024	-0.34787452297929766
-0.019314914269284087	-1.325807968187568	-0.3512807698088291
-0.019018741369481097	-1.3629320101630567	-0.3381787042272436
-0.018742307336919537	-1.3921351235497186	-0.3118018628306668
-0.018484131652488387	-1.4202949529612967	-0.2739039199163912
-0.018243251568719566	-1.4188300419806554	-0.2295632703567299
-0.01801625006272619	-1.421919175640084	-0.1975137650045354
-0.017812323544184328	-1.4267837182398933	-0.1668358636183485
-0.017609878928709112	-1.4160844531167869	-0.12794374387068763
-0.017443155287484906	-1.3796217409802685	-0.08047840391995194
-0.017269916367299243	-1.3406593408148053	-0.03859005032137982
-0.01708150305524355	-1.294000758855779	-0.023483254247897385
-0.016947344212632977	-1.2657468041804787	-0.022023796395131925
-0.01681592858484428	-1.2483001380635994	-0.050148827848350015
-0.01668894485687581	-1.201031531680976	-0.09778241130790408
-0.016581577413566063	-1.1903105766194109	-0.0732265342538759
-0.01647963003560867	-1.197996992990751	-0.07633394965469942
-0.01637722593981225	-1.139147003103381	-0.07036955223016896
-0.016298519019620143	-1.1186913054579268	-0.12633472729868578
-0.016212566709233135	-1.116112914442214	-0.16912197834735745
-0.016141116258816417	-1.1061458653010703	-0.20232473234106851
-0.016074435165598987	-1.110530513601011	-0.24470556649797284
-0.01600816654324185	-1.1435863857594313	-0.3526583021104267
-0.01595994794564843	-1.1055492973122203	-0.3404419156294716
-0.015905249578518514	-1.1181497958944182	-0.34196482564821123
-0.01585615255068567	-1.136513015366009	-0.34389347282603877
-0.015817356688843726	-1.117993811659222	-0.32356558077439046
-0.01577315686351761	-1.1866548835271515	-0.4262246980258195
-0.01574144779161224	-1.2244854928592992	-0.5181158646753101
-0.0157142473110497	-1.2320955322009006	-0.48353866237882365
-0.015681870261896866	-1.2412484601835796	-0.500871461667064
-0.015660043526515333	-1.2325337584616112	-0.5007174808189816
-0.01563725124688864	-1.2535444779277634	-0.5165226573025581
-0.015605908320339205	-1.2091440414130261	-0.46787043721449406
-0.0155881873632134	-1.320969143257554	-0.6120738346920538
-0.015583333580536613	-1.3132402330343984	-0.5712667992626101
-0.01556791619288016	-1.349509048060775	-0.6031875356976427
-0.015550455066079688	-1.3422203416390945	-0.598924450205661
-0.015546566801439551	-1.3313634800815455	-0.6011640180706788
-0.015507739326626609	-1.3681609936897743	-0.6087921450576111
-0.015494179302944285	-1.3167787639978825	-0.5681063227055961
-0.01548595410622797	-1.5212668821310638	-0.6895703312223
-0.01548662400364495	-1.4605125607841665	-0.6610153608726953
-0.015480888423626597	-1.4946361860938449	-0.668866527072911
-0.015474979470427218	-1.482980934198681	-0.6702415672596851
-0.015478099147964577	-1.485810864022278	-0.6759408243408086
-0.015480095361249193	-1.5259840339890227	-0.6732022987950521
-0.015478670557737526	-1.4874039556812408	-0.6430598388455306
-0.015482923208683858	-1.4590671315893906	-0.6533628350461869
-0.015489623048861829	-1.5072703183570066	-0.7055732545007714
-0.01549311814812137	-1.585241026643133	-0.7210018504675234
-0.015499122011123466	-1.582797996670727	-0.7357027117304372
-0.01550927611630597	-1.5758581711963748	-0.734674405824642
-0.015517650438872193	-1.5687600602297596	-0.7336236136418262
-0.015525211017825334	-1.564411742270266	-0.7453071891899983
-0.015536482640588852	-1.599544913852363	-0.7617521870926859
-0.015549175556482482	-1.6349921489823829	-0.7660839125373058
-0.015560335336281806	-1.6475692676117482	-0.7749853775087313
-0.015572306864321022	-1.6524414788272845	-0.7825183203102838
-0.015586416932031114	-1.6606804943916271	-0.7908878167149729
-0.015600458494333903	-1.6790144109818155	-0.7983695372135482
-0.015614068120308196	-1.7014563909706544	-0.8034687509909253
-0.015629033837830743	-1.718754246604138	-0.8102010333949053
-0.015644993228767466	-1.7287472305487617	-0.8177129463663568
-0.015660188960084385	-1.7364883896818135	-0.8250271501700264
-0.015674909299957927	-1.7484973050203825	-0.8323604119941421
-0.01569044887708935	-1.7673387968557261	-0.8381565990552032
-0.01570638440481551	-1.7863547224404455	-0.84344075033592
-0.01572140956437069	-1.8002004090840367	-0.849837690474742
-0.015735351239948618	-1.8109180802645461	-0.8565805429702777
-0.01574863431465789	-1.8225006523590186	-0.8633527319271268
-0.015760921658929866	-1.8366549014879636	-0.8697222843698643
-0.015771407093427572	-1.8517417424955316	-0.8756469578312011
-0.01577961827953521	-1.8660709900235115	-0.8815608570830655
-0.01578522418301139	-1.879694263195745	-0.8875867910021308
-0.015787579662221794	-1.8932421068907432	-0.8936422303563333
-0.015785835435217464	-1.906928458461835	-0.8996630639877643
-0.015779137398723983	-1.9205498626791135	-0.9056747742541371
-0.015766495400430167	-1.9338826735635264	-0.9117329579062132
-0.01574664329667564	-1.9468768370168228	-0.9178588788221307
-0.015718101345503516	-1.9596152364399537	-0.9240391622281752
-0.015679223000159698	-1.9722089030166625	-0.9302479346248209
-0.015628105243938234	-1.9847442034788654	-0.9364589360132586
-0.015562495013793733	-1.9972989996236394	-0.9426560144241785
-0.015479768135365151	-2.0099019508320057	-0.9488591232064465
-0.015376915101557262	-2.0223392070353454	-0.9551470874933915
-0.0152504942810065	-2.0340968120842717	-0.9615922753129235
-0.015096585204658047	-2.044928524015939	-0.9681307843562879
-0.014910759729998103	-2.0555690369266184	-0.9746147994040842
-0.014688056365559943	-2.067433919964809	-0.9808575668557477
-0.014412167260096469	-2.08134395464602	-0.9865444819144397
-0.014099743619264957	-2.0966234932815357	-0.9915554200978337
-0.01373066848534813	-2.112122720614147	-0.9961481176720309
-0.013299463119441907	-2.1276601316049084	-1.0004419384267513
-0.012799757007347935	-2.143787477307923	-1.0042437784848106
-0.012224557008612955	-2.1609109608500465	-1.0072589262920473
-0.011567422747850598	-2.179011141525132	-1.0092992037088782
-0.010822938851147282	-2.1978934710361333	-1.0102889214554105
-0.00998729713404389	-2.2173845425980363	-1.010168156202131
-0.0090590240477836	-2.237338103668692	-1.0088568529552198
-0.008039761938050217	-2.257595901878761	-1.0062691074265546
-0.006935076118873691	-2.277969142809094	-1.0023299971927202
-0.005755223690339137	-2.2982344236876493	-0.9969853705691618
-0.004515741133528052	-2.3181334420733632	-0.9902090879895046
-0.003237653863283314	-2.3373732847478306	-0.9820101825495587
-0.0019471321082111005	-2.3556259548027003	-0.9724404678104218
-0.0006745110421251931	-2.372524316233219	-0.9616038838313018
0.0005472976874798495	-2.3876494736940472	-0.9496723587593852
0.0016848991489612185	-2.400506895249539	-0.9369216200530791
0.0027068501266815778	-2.4105201105148604	-0.9238114749843773
0.0035861794497417995	-2.4171753078218963	-0.9110904966524723
0.0043026144669793326	-2.420455830491717	-0.8996854221385536
0.004844089246882877	-2.4211255691604956	-0.8901495827843817
0.005207250230176184	-2.4202770526457322	-0.8822640040413892
0.005396960802162703	-2.4187855808668126	-0.8752905853271373
0.005425049985648183	-2.417269965419163	-0.8683958304711917
0.005308607648662819	-2.4162510585930703	-0.8609203010929503
0.005068061716411457	-2.4162134307586163	-0.8525485645920401
0.00472525235293397	-2.417507328012799	-0.8433690406594683
0.004301770536780908	-2.420209918578808	-0.8337436430550837
0.003817794523125486	-2.4241448157241057	-0.82406947682319
0.003291448817416224	-2.429032106537518	-0.8146341654485224
0.0027384957744337212	-2.4346044472726716	-0.8056057704331021
0.0021721736140241617	-2.440643858305855	-0.7970724638933665
0.0016031710318062773	-2.4469789708766556	-0.7890773144050816
0.0010398143964475614	-2.4534741898893158	-0.7816391032102331
0.0004884259735981403	-2.4600208090887445	-0.7747635864545585
-4631998259344017e-20	-2.466531086549981	-0.7684493099344119
-0.000561155409880271	-2.4729344232052077	-0.7626901007358332
-0.001054025187755863	-2.479174910367722	-0.7574752409667783
-0.0015238241286438525	-2.4852098612288	-0.7527880324958282
-0.001970077294180193	-2.4910091123663727	-0.7486036337573302
-0.0023926918119575695	-2.49655482427846	-0.7448872492863047
-0.0027918443099351946	-2.501841321327312	-0.7415935801428626
-0.003167926135988673	-2.506874359084451	-0.7386677985302158
-0.003521446663468028	-2.511669212223842	-0.7360475167415441
-0.0038529024597195602	-2.5162471222142777	-0.7336648246532478
-0.004162692816520613	-2.520629823057664	-0.731447801386182
-0.0044511160158073135	-2.5248320858446807	-0.72932183964532
-0.0047184016481784715	-2.5288528427357226	-0.7272122488800864
-0.00496472052453619	-2.532667177234062	-0.7250504243130405
-0.005190158297792489	-2.536224645378793	-0.722785439662019
-0.005394688505512269	-2.539461054820571	-0.7203991629641305
-0.005578196968187054	-2.5423221488728336	-0.7179152192954987
-0.005740564338295217	-2.5447806788391785	-0.7153905456087778
-0.005881742223587066	-2.546833364670435	-0.7128944242930109
-0.006001772862338379	-2.5484886944353775	-0.7104915741503337
