#y=-1.9753766811902755 
#strength 	x-position 	z-position 
-4516816261290746e-26	-0.007904596553363875	0.029198392673352586
-57528582592114574e-28	-0.01547732200317102	0.02948712593748635
-9976155318502933e-27	-0.0230517124343652	0.02978038788521652
-13285981689814541e-27	-0.03062781715606397	0.030078278261345782
-1546156952469957e-26	-0.03820568730271337	0.03038089949438966
-17809621832842737e-27	-0.04578537591981591	0.030688356973747236
-2092288321764446e-26	-0.05336693805238741	0.031000759233087344
-24497154305080926e-27	-0.06095043083532954	0.03131821800732355
-28782635996815742e-27	-0.06853591358955866	0.03164084833633281
-3381763792609238e-26	-0.07612344792372665	0.03196876868945718
-39791680367384785e-27	-0.08371309784151555	0.03230210109408922
-4683607841837745e-26	-0.09130492985488249	0.03264097126978236
-55246498348315853e-27	-0.09889901310364829	0.032985508768671866
-6501093240129929e-26	-0.10649541948182974	0.03333584712193924
-7672125955371367e-26	-0.11409422377118086	0.033692123993940296
-9040272176685793e-26	-0.12169550378238937	0.03405448134281722
-10652012084888529e-26	-0.12929934050444236	0.03442306558841089
-1256625897089192e-25	-0.13690581826274742	0.034798027789460034
-14811884704868383e-26	-0.14451502488654275	0.035179523828102084
-1746847250183592e-25	-0.1521270518862814	0.03556771460401445
-20597967949342877e-26	-0.15974199464166092	0.035962766238575104
-2429616004911983e-25	-0.16735995260102712	0.036364850288470446
-2864153133413927e-25	-0.17498102949295044	0.03677414396999513
-33787380879224393e-26	-0.18260533355086628	0.03719083039544959
-398410929247639e-24	-0.19023297775167433	0.03761509882097621
-4698817602372118e-25	-0.197864080069318	0.03804714490717909
-5541348248316869e-25	-0.20549876374446	0.038487170994130675
-6535954225755924e-25	-0.2131371575713971	0.03893538639028714
-770752869513891e-24	-0.22077939620350387	0.039392007676620405
-9090413786300156e-25	-0.22842562047861728	0.03985725902771623
-10721190064205688e-25	-0.23607597776583966	0.04033137254994935
-12643368765136165e-25	-0.2437306223353895	0.04081458863763786
-149127349531597e-23	-0.25138971575333285	0.04130715635037094
-1758699167200839e-24	-0.2590534273030594	0.04180933381017271
-2074219953782097e-24	-0.2667219344356407	0.04232138862135542
-2446268037095689e-24	-0.27439542325137767	0.04284359831485009
-28851744084124054e-25	-0.2820740890150025	0.043376250817430996
-3402694247894855e-24	-0.28975813670727185	0.04391964494820576
-4013076482234368e-24	-0.2974477816159488	0.04447409094423692
-4733045908325573e-24	-0.3051432499694111	0.04503991101760143
-55821028095009995e-25	-0.31284477961642604	0.04561743994463039
-6583443510829734e-24	-0.3205526207560135	0.04620702569072486
-7764494857828708e-24	-0.3282670367216706	0.046809030073340654
-915742162307942e-23	-0.3359883048246025	0.04742382946440616
-10800133308508375e-24	-0.3437167172611034	0.04805181553529907
-12737607033366793e-24	-0.35145258208975755	0.04869339604781336
-15022601863867724e-24	-0.35919622428461256	0.04934899569291602
-17717571024894463e-24	-0.3669479868711883	0.05001905698114003
-20896043943785525e-24	-0.3747082321528238	0.050704041187897946
-24644528705958235e-24	-0.3824773430356137	0.05140442935547007
-29065567437244755e-24	-0.3902557244611221	0.052120723356670014
-34279806753606534e-24	-0.3980438049569437	0.052853447022769916
-4042928737797713e-23	-0.4058420383162507	0.05360314733797158
-4768204046184943e-23	-0.4136509054187297	0.05437039570556732
-56235779904295624e-24	-0.42147091620655575	0.055155789286864945
-6632402859731157e-23	-0.42930261183054685	0.055959952415499746
-7822205586559272e-23	-0.43714656698341825	0.0567835380904623
-9225448053748475e-23	-0.44500339243880005	0.05762722954806671
-10880413793545873e-23	-0.4528737378168752	0.058491741913402555
-1283226150183142e-22	-0.4607582945998398	0.05937782393048095
-15134261399825377e-23	-0.46865779942309055	0.060286259768836836
-17849211211840021e-23	-0.4765730376710499	0.06121787090140983
-21051181624265336e-23	-0.48450484740999017	0.062173518046540574
-2482754933655351e-22	-0.4924541236941388	0.06315410316397511
-2928134956933781e-22	-0.5004218232857323	0.06416057148920916
-3453409212796077e-22	-0.5084089698347828	0.06519391358620996
-40729089013750996e-23	-0.5164166595701446	0.06625516739238393
-4803535253363606e-22	-0.5244460675600501	0.06734542022039412
-5665221092226308e-22	-0.5324984546080107	0.06846581067198745
-6681473316005881e-22	-0.5405751748587926	0.06961753040744359
-7880015851988165e-22	-0.5486776841995624	0.07080182569957134
-9293541488892415e-22	-0.5568075495531972	0.07201999868255614
-10960607105762327e-22	-0.5649664591748678	0.07327340818492165
-129266804476183e-20	-0.5731562340795755	0.0745634700098848
-15245383446996913e-22	-0.5813788407478111	0.07589165649524798
-17979944267557807e-22	-0.5896364052798085	0.07725949514702335
-2120492873387489e-21	-0.5979312291966156	0.07866856609806035
-25008260104934094e-22	-0.6062658071194461	0.08012049808926938
-2949361462589381e-21	-0.614642846598766	0.08161696260776058
-3478323640667552e-21	-0.6230652904131228	0.08315966574432268
-4102126175757961e-21	-0.6315363417163	0.08475033724498673
-4837762168974358e-21	-0.6400594924828369	0.086390716129276
-5705265838144846e-21	-0.6486385557890045	0.08808253213121467
-6728253861445002e-21	-0.6572777025724895	0.0898274820798465
-7934564618167564e-21	-0.6659815036435379	0.09162720017543967
-9357008845840495e-21	-0.6747549778782641	0.09348322093185342
-1103425387701494e-20	-0.6836036477167784	0.09539693333825634
-13011862562545967e-21	-0.6925336033213279	0.09736952454301018
-15343513804189426e-21	-0.7015515770292768	0.09940191106621646
-18092436765189054e-21	-0.7106650300695778	0.10149465520283776
-21333092787617983e-21	-0.7198822539047475	0.10364786386567813
-2515314723245364e-20	-0.7292124890162223	0.10586106662043862
-29655778580967018e-21	-0.7386660644680852	0.10813306905968234
-34962378285850054e-21	-0.7482545621515633	0.11046177690552964
-41215702608904045e-21	-0.7579910102070991	0.11284398527151608
-4858354610128533e-20	-0.7678901106990764	0.11527512628094358
-5726301161102822e-20	-0.7779685071088492	0.11774896662703252
-6748546109162229e-20	-0.7882450975074144	0.12025724453726265
-7952223807016628e-20	-0.7987413992195326	0.122789232801066
-9369125213356914e-20	-0.8094819701970968	0.125331210805476
-0.00011036452317040625	-0.8204948909449471	0.1278658236296936
-0.00012997676971865553	-0.8318123084348046	0.13037129982150186
-0.00015303511708157115	-0.843471039788272	0.13282049105714783
-0.000180129969518706	-0.8555132285218423	0.13517968582480935
-0.00021194704386328506	-0.8679870399832728	0.13740713451040867
-0.0002492804925647591	-0.8809473758026383	0.13945120295366156
-0.0002930469289772232	-0.8944565806715122	0.14124804220679124
-0.00034430001702885453	-0.9085851096543999	0.14271861737996427
-0.0004042450623690484	-0.9234121208970123	0.1437648662120796
-0.00047425274760130344	-0.9390259544597762	0.14426463726410438
-0.0005558707551125974	-0.9555244429740788	0.1440648517298456
-0.0006508315132706388	-0.973014946818269	0.1429719777849704
-0.0007610536689511751	-0.9916138502269075	0.14073828587444093
-0.0008886341336309979	-1.0114448352584815	0.13704124178331586
-0.0010358267039508734	-1.0326341438141318	0.13145132980056135
-0.0012050023847107964	-1.0552980174277302	0.12337964564774823
-0.001398585773376794	-1.0795088292371822	0.11198917991264726
-0.001618961418645884	-1.1052008850890624	0.0960423556030143
-0.001868344260958249	-1.1319078482145981	0.07365443344504392
-0.0021486095295002363	-1.1580531021028126	0.041961325154625695
-0.002461080339038144	-1.1788603807216251	-0.0027347814152349865
-0.0028062762017225483	-1.183535210610728	-0.06073637032864038
-0.0031836331114688697	-1.155004720318258	-0.12232121618557933
-0.0035912156551407186	-1.0911872903339883	-0.14762939763238217
-0.004025452899447652	-1.0278331616252685	-0.09555048573849179
-0.00448094059331153	-1.0569916842714424	-0.026247795189820768
-0.004950359371515459	-1.1189420577517915	-0.03877934924331151
-0.005424558134432429	-1.1010364720891326	-0.10097258826619807
-0.005892839948030659	-1.0645391605066934	-0.054246537414753555
-0.006343462900602805	-1.1092494442460532	-0.06384064198038693
-0.006764332535501847	-1.0784598462350503	-0.0831273843317327
-0.007143822642787697	-1.0717344660278645	-0.07139897141908669
-0.007471628002695043	-1.0814293911088853	-0.0695336949137354
-0.007739536989599594	-1.0930872142895112	-0.0746011100013139
-0.00794202015485363	-1.0974051851259026	-0.06308194618351236
-0.008076561307399609	-1.0526989024453774	-0.07173898034692698
-0.008143701080722598	-1.1184536777036904	-0.09372152736516216
-0.008146807241366065	-1.1105328302671977	-0.030978460923203614
-0.008091621583054646	-1.0725166403805135	-0.038185512017093214
-0.007985655762962961	-1.048513555948102	-0.052366423313674
-0.00783751785687395	-1.0516788850030885	-0.10835866428699159
-0.007656248870731663	-1.086159809109967	-0.1152504118095467
-0.007450735433303326	-1.1218778209260258	-0.10878724457326976
-0.00714150804347172	-1.1426251139255823	-0.056562886968676986
-0.006868196681922181	-1.130646505968652	-0.020867986567927363
-0.006633300506523853	-1.0930914617474747	0.008225586454083392
-0.006308757106368722	-1.055812566168752	0.0035617617616772444
-0.006078667232821282	-1.0270104301466139	-0.012824079854255552
-0.005853469124844245	-1.002659413620547	-0.04029829843364416
-0.0056393631010077765	-0.9888006049229504	-0.06903585229654101
-0.005323360906022181	-0.9844831225425461	-0.09941504783798694
-0.005141313843212168	-0.9923786582183953	-0.13168924221382808
-0.00496345859982162	-1.0082370006382024	-0.1606515160606081
-0.004797732745499673	-1.0242881046351602	-0.1840364708841478
-0.0046468776175355615	-1.0378035243184642	-0.20281501866004695
-0.004509868557311817	-1.050273710481598	-0.21883714109267652
-0.00438552985334273	-1.063640571007734	-0.23334969783679035
-0.004272819975181376	-1.0791060023217465	-0.24667401102779948
-0.00417078254345515	-1.0972107573939123	-0.25898028922635336
-0.004078387400104475	-1.1159440230384685	-0.2716819181042378
-0.003994940577886914	-1.1252436464765603	-0.28447397437694644
-0.003919311406721896	-1.1255465009162682	-0.2919303893610258
-0.003851267348781529	-1.1235610567485435	-0.2964937162250231
-0.003789637521582339	-1.1241760067586284	-0.3038929853920232
-0.0034842706924963027	-1.1371892297347965	-0.3170229270108389
-0.00343699072426051	-1.1659059482533871	-0.3240687004171051
-0.003386830620555479	-1.1914230493215137	-0.3283329085711449
-0.0033398570261459672	-1.2091574561627167	-0.3341657491491306
-0.0032986151807761852	-1.221495982360266	-0.3406813149473042
-0.003262659367929928	-1.2314748682148404	-0.34732816226599833
-0.0032309530544962052	-1.2411616603783682	-0.35394469977079535
-0.003202925526216951	-1.2513710194850751	-0.3604360054636253
-0.0031781914986494285	-1.2620936340652327	-0.36673583521042724
-0.0031563283665262676	-1.273049899589135	-0.3728609134323372
-0.003137034807915627	-1.2840265857811903	-0.3788663160372734
-0.0031201080663724994	-1.2949325361574986	-0.3847966854514223
-0.003105402491252805	-1.3057484969186786	-0.3906777214407937
-0.0030925364293008647	-1.3164832181510933	-0.39652343605280654
-0.003081457890198167	-1.327151151991719	-0.4023426344292267
-0.003072100530243607	-1.337763956072664	-0.408142238250455
-0.003064166578856103	-1.3483298875410488	-0.4139281757526917
-0.003057698100118184	-1.3588587682646718	-0.41970502104610796
-0.0030525345537907415	-1.3693709343245022	-0.4254747640851213
-0.0030484588166452553	-1.3799100815381902	-0.43123595172310614
-0.003045557829052932	-1.3905557855022237	-0.4369884397995594
-0.003043657750136238	-1.4014031902226691	-0.44275801973591494
-0.0030426619063615937	-1.4124027008034918	-0.44866917329024586
-0.003042676082885285	-1.4228795587663072	-0.4550119648460784
-0.003043568767734181	-1.4312138133409513	-0.4618373158006063
-0.0030451599278596133	-1.436468037252648	-0.4684106484842389
-0.0030474855944928403	-1.4399233856075597	-0.4743747796097025
-0.003050590629890392	-1.4451573896981549	-0.4807219923464944
-0.002647829995605048	-1.456508422436652	-0.4871688378945034
-0.0026539334605342035	-1.474178695083478	-0.4910396783330197
-0.0026525939069165904	-1.491528661789381	-0.49375444523118417
-0.002650467621863057	-1.5056084741967075	-0.49729752753502643
-0.0026515770800229765	-1.5175459223832148	-0.5015780187510727
-0.0026559873384117416	-1.5285750689955293	-0.5062192114866044
-0.0026627303305602782	-1.5393471661569427	-0.5110063258083016
-0.0026710581934722448	-1.5500931962827837	-0.5158463586604196
-0.0026805412823143054	-1.5608574538241118	-0.520709746997535
-0.0026910167952919894	-1.5716324857840516	-0.5255926116216044
-0.002702313630759824	-1.582407844067129	-0.5304969807239958
-0.002714236292042616	-1.5931794314582493	-0.5354242330043102
-0.0027267287895548185	-1.6039475912351562	-0.5403743250792771
-0.0027397604882696807	-1.614714176544733	-0.545346398344395
-0.0027532223160692286	-1.6254814040363945	-0.5503393104208072
-0.002767058581112005	-1.6362515560207957	-0.5553519241821488
-0.0027812814711738135	-1.6470264616012322	-0.560383257762332
-0.0027958461168120664	-1.657807416291014	-0.565432533087565
-0.002810681911556456	-1.6685956219976017	-0.5704991632926033
-0.0028257786231923937	-1.6793921876950293	-0.5755827579701015
-0.0028411304053439935	-1.6901978115300065	-0.5806831526423682
-0.0028566838373678015	-1.7010128966590585	-0.5858004092226534
-0.0028723921972067584	-1.7118378118108266	-0.5909347958871416
-0.0028882362162685627	-1.7226727927650949	-0.5960867897058971
-0.0029041762801035606	-1.7335178281619914	-0.6012570886765847
-0.0029201460669635313	-1.7443728065390989	-0.606446607519458
-0.00293608716463427	-1.7552375837837608	-0.6116564793852833
-0.0029519450984392273	-1.7661118453955715	-0.6168880781344429
-0.00296764056933537	-1.7769950730773418	-0.6221430334014534
-0.0029830709913848752	-1.7878866736063428	-0.6274232276457571
-0.002998126956680015	-1.7987860166721288	-0.6327308028439301
-0.0030126862679808655	-1.8096923434031496	-0.6380681881483885
-0.0030265975057856952	-1.8206047311911164	-0.643438127116702
-0.0030396774954324244	-1.8315221520508254	-0.6488436936450708
-0.003051713864191478	-1.8424435097488183	-0.6542883105477387
-0.003062457826554837	-1.853367628886108	-0.6597757810677838
-0.0030716128328481815	-1.8642932611728278	-0.6653103299320514
-0.0030788276895093707	-1.8752191241241412	-0.6708966546733462
-0.0030836900483998744	-1.886143935371942	-0.6765399997273092
-0.003085715640987163	-1.8970664311694851	-0.6822462705235063
-0.0030843354711289845	-1.9079853783367362	-0.6880222118526034
-0.0030788831593894636	-1.9188995525696455	-0.6938757024814598
-0.0030685806165383824	-1.9298075524330673	-0.6998162915496741
-0.003052520773535976	-1.9407069667947754	-0.7058562907704573
-0.0030296486015738656	-1.9515911972530497	-0.7120131659473822
-0.002998741466658997	-1.96243888707733	-0.7183145428658383
-0.002958388788326196	-1.973185152221014	-0.7248058739979578
-0.0029069713965597984	-1.9836692140017438	-0.7315491427198204
-0.00284264167269788	-1.9936284774503739	-0.7385749444535202
-0.0027633064838323658	-2.003038912074348	-0.7458110318826278
-0.0026666151821154067	-2.0134305110510455	-0.7528335564109154
-0.0013728224722291665	-2.0263533574222863	-0.7583696616331363
-0.001216944063015703	-2.040726634081818	-0.7618225083751563
-0.0010864983136998178	-2.054522935541317	-0.7647458148588893
-0.0009285784286383342	-2.067428950145177	-0.7681388322258117
-0.0007320531204485156	-2.079981505127408	-0.7718927817745254
-0.0004971172873441607	-2.0925138437916693	-0.7757886792126985
-0.0002207913481705858	-2.1051852975830183	-0.7796628365679547
9962101616169464e-20	-2.1180738476404435	-0.7833875595927104
0.00046573491971295747	-2.131218682119305	-0.7868470104152254
0.0008779612192084726	-2.1446325869560154	-0.7899271697392987
0.0013351766682462175	-2.1583032932945594	-0.7925124055934036
0.001834319015136544	-2.172190653385849	-0.7944849414639868
0.0023700046289016063	-2.186221710982038	-0.7957261155652255
0.0029342418844418208	-2.200284011721508	-0.7961189650254517
0.0035163208891279413	-2.214216406733705	-0.7955521611819161
0.004102959273488386	-2.2277960251812674	-0.7939267663424178
0.004678765224774766	-2.240722251896932	-0.7911710930698336
0.005227039357868264	-2.252610040657849	-0.7872747778907504
0.005730878004070114	-2.263031488763834	-0.782348798783807
0.006174472137749013	-2.271654426145217	-0.7766740039531452
0.0065444350642485	-2.278432687871063	-0.770643677016845
0.006830959078842182	-2.283672764271086	-0.7645891635645585
0.007028612407205752	-2.287912667971648	-0.7586518272897488
0.0071366465629223285	-2.2917556104336145	-0.7528107667994081
0.007158777752707275	-2.2957601664488214	-0.7469991428813394
0.007102507119098366	-2.300371631325308	-0.7412117912803644
0.006978123976231735	-2.3058658047224587	-0.7355499099096173
0.00679757402891748	-2.3123165278554914	-0.7301866479714222
0.006573366406262755	-2.3196211901531516	-0.725288465839871
0.006317650997226774	-2.3275804896958965	-0.7209574229031321
0.006041538302328144	-2.3359809478770885	-0.7172237518041001
0.005754676751978853	-2.344641405572919	-0.7140678961383727
0.005465059698663108	-2.3534250902711538	-0.7114444272942629
0.005179011491823021	-2.3622349344153317	-0.7092975667343648
0.004901296918001839	-2.371004771585215	-0.7075693374665208
0.004635304067270595	-2.379691376729853	-0.7062035301002093
0.004383260858171808	-2.388268338109264	-0.7051476294347994
0.00414645620933273	-2.3967214950458233	-0.7043537471763108
0.003925447095686268	-2.405045509568976	-0.703779015831893
0.003720241627910908	-2.413241246802051	-0.7033856511981961
0.003530454262694254	-2.421313754903597	-0.7031407978585632
0.0033554331409128228	-2.4292707104922995	-0.7030162355885531
0.0031943607338722323	-2.4371212369607615	-0.7029880056774297
0.003046330696172602	-2.4448750249596958	-0.7030360024042432
0.00291040460224996	-2.452541696444482	-0.7031435633156383
0.002785652836425203	-2.460130361434409	-0.7032970824338265
0.002671183006930908	-2.467649322607656	-0.7034856635857957
0.002566158620933748	-2.475105887898187	-0.7037008270608273
0.0024698100876697025	-2.482506255260447	-0.7039362819665854
0.0023814401827671385	-2.489855436058056	-0.7041877792013336
0.00230042568909628	-2.4971571830492314	-0.7044530662135833
0.002226216600166961	-2.5044138844894217	-0.7047319734875263
0.002158333856230741	-2.511626378323197	-0.7050266620406733
0.002096366368953776	-2.5187936439362013	-0.7053419819244329
0.0020399677229842126	-2.525912416659328	-0.7056853861467642
0.001988853134903495	-2.5329772041343226	-0.7060637197218576
0.0019427970977849603	-2.539981975811694	-0.7064728581186419
