0.020774211186451553
0.04153795338273651
0.062280760884278155
0.08299218072029527
0.10366177902842358
0.12427914742382078
0.14483390935941723
0.16531572647740628
0.1857143049508451
0.20601940180347622
0.22622083122362474
0.24630847084947252
0.26627226804554005
0.2861022461371383
0.30578851063669
0.3253212554322996
0.34469076894581674
0.36388744026005987
0.3829017651707157
0.4017243523284136
0.4203459291056448
0.4387573476468621
0.4569495907532743
0.4749137777093846
0.4926411702062745
0.5101231770982638
0.5273513627414059
0.5443174491378884
0.5610133235026457
0.5774310434298666
0.5935628421103061
0.6094011334284672
0.6249385174282125
0.6401677852990039
0.6550819242218587
0.6696741223434731
0.6839377737122394
0.6978664825828187
0.7114540682155324
0.7246945692911659
0.737582248534823
0.7501115957693045
0.762277333225457
0.7740744188344383
0.7854980502701197
0.7965436680983594
0.8072069578935331
0.8174838576015481
0.8273705564647736
0.836863499158613
0.8459593903736934
0.854655195911963
0.862948145698143
0.8708357376008212
0.8783157342280133
0.8853861688583187
0.8920453453455888
0.8982918442806027
0.9041245175436277
0.9095424964753563
0.914545190952475
0.9191322822784395
0.9233037322340686
0.9270597805058022
0.9304009475367443
0.933328033566169
0.9358421131106389
0.9379445387204584
0.939636941430538
0.9409212349512602
0.941799597035785
0.9422744808004311
0.9423486164186974
0.9420250172208428
0.9413069238069594
0.9401978683744623
0.9387016735031802
0.9368224090430566
0.9345642704970085
0.9319319092613996
0.928930245199038
0.9255649083671936
0.9218404111331336
0.9177627671571381
0.9133351668689811
0.9085662760474049
0.9034621998752508
0.8980293136330496
0.8922741027773249
0.8862035590211284
0.8798246707092688
0.873144700769151
0.8661711108304979
0.8589115494048276
0.8513738440308448
0.8435659932337479
0.8354961586978507
0.8271726574514776
0.8186039539351276
0.8097986519355616
0.8007654863281012
0.7915133146554552
0.7820511084914079
0.7723879446373656
0.762532996122454
0.7524955230208851
0.7422848631169386
0.7319104223778207
0.7213816652988908
0.7107081050883346
0.6998992937255708
0.6889648118955946
0.6779142588133716
0.6667572419555579
0.6555033667003208
0.6441622259086482
0.6327433894400027
0.6212563936352075
0.6097107307730689
0.5981158385145682
0.5864810893643879
0.5748157801420473
0.5631291215120292
0.5514302275580091
0.5397281054422015
0.5280316451551786
0.5163496093779244
0.5046906234759491
0.49306316563488534
0.4814755571694754
0.46993595300787483
0.45845233237987415
0.4470324897221178
0.43568402581693194
0.4244143391783079
0.4132306177118362
0.4021398306468704
0.3911487207741839
0.38026379698629925
0.3694913271490277
0.3588373313050948
0.3483075752315776
0.3379075643529655
0.3276425380297528
0.3175174642262332
0.3075370345652728
0.2977056597862517
0.2880274656000482
0.2785062889603384
0.26914567474660334
0.25994887286763874
0.2509188357881659
0.24205821647973746
0.23336936679655157
0.22485433628172252
0.21651487139465417
0.20835241516812958
0.20036810728471668
0.19256278457549691
0.18493698193344862
0.1774909336396637
0.17022457509607608
0.16313754495970773
0.15622918766992808
0.14949855636618486
0.14294441618350434
0.13656524792175762
0.13035925207859983
0.12432435323693931
0.11845820479892037
0.11275819405609468
0.10722144758579717
0.10184483696440012
0.09662498478648214
0.09155827097955857
0.08664083940391201
0.08186860472664127
0.07723725955912494
0.0727422818465058
0.06837894249879616
0.06414231325271931
0.060027274752015754
0.05602852483681911
0.05214058702996099
0.04835781920982941
0.04467442245839186
0.041084450074104086
0.03758181673845087
0.03416030782569294
0.030813588844913482
0.027535215004175044
0.02431864088586808
0.021157230223235207
0.018044265767452886
0.014972959235117555
0.011936461326014731
0.008927871800799323
0.005940249608769192
0.0029666230554150686
