#strength 	x-position 	z-position 
0.007390248584008771	-9.998790578818282	0.021766355238652432
0.007382469771919056	-9.997758730942419	0.02167608024703121
0.007366928782033819	-9.995697173852989	0.021495717372494477
0.00734365845336095	-9.992610180441869	0.021225640444642306
0.0073127082458727104	-9.98850414897431	0.02086640923915018
0.007274144417877618	-9.983387589827544	0.020418768317548446
0.0072280489236820015	-9.977271107851738	0.019883645484004814
0.007174519161314771	-9.970167380389814	0.019262149862308568
0.007113669149285426	-9.962091131001719	0.018555569597042118
0.007045629038599772	-9.953059098947607	0.017765369183704666
0.006970543060842381	-9.943090004493163	0.01689318643332162
0.006888569854325594	-9.932204510108988	0.01594082907783117
0.0067998841912573545	-9.920425177644479	0.01491027102328377
0.006704675471497643	-9.907776421564948	0.013803648258620429
0.00660314501465355	-9.894284458348924	0.012623254428509449
0.006495507294712768	-9.879977252150477	0.011371536079417599
0.006381991886641335	-9.86488445683926	0.010051087588768954
0.006262840689303722	-9.849037354538325	0.008664645787701514
0.006138304972981226	-9.832468790787143	0.007215084288566727
0.00600864774368028	-9.81521310646422	0.005705407528929078
0.0058741454845979155	-9.797306066610373	0.004138744544410435
0.005735083989681356	-9.778784786300218	0.002518342483285911
0.005591755663307843	-9.759687653715517	0.0008475598762731839
0.0054444630958696985	-9.74005425057981	-0.0008701403245352823
0.005293520117368162	-9.719925270119248	-0.002631197923169239
0.005139246282607711	-9.69934243271966	-0.0044319628588305
0.004981964965361747	-9.678348399454693	-0.006268702771201312
0.004822008065046558	-9.656986683664211	-0.008137610736331083
0.004659715872537024	-9.635301560766267	-0.010034813157067607
0.004495430423784829	-9.613337976489525	-0.011956377791678675
0.004329494932018311	-9.591141453716382	-0.013898321904023563
0.004162259370107977	-9.568757998129842	-0.01585662051838186
0.003994078675401878	-9.546234002859705	-0.0178272147618303
0.003825305371896929	-9.523616152325731	-0.01980602027687669
0.003656290838971064	-9.500951325477047	-0.02178893568691454
0.0034873913328110234	-9.47828649862836	-0.023771851096952387
0.003318964127949694	-9.455668648094388	-0.025750656611998775
0.003151359992843399	-9.43314465282425	-0.02772125085544721
0.0029849267026995255	-9.410761197237708	-0.029679549469805507
0.0028200148795325198	-9.388564674464567	-0.0316214935821504
0.0026569717818806576	-9.366601090187824	-0.03354305821676147
0.0024961344047863205	-9.344915967289879	-0.035440260637498
0.0023378355088252978	-9.323554251499399	-0.03730916860262777
0.0021824084668176412	-9.30256021823443	-0.039145908514998565
0.002030178569889053	-9.281977380834842	-0.04094667345065983
0.0018814577243603452	-9.26184840037428	-0.04270773104929379
0.0017365530879516198	-9.242214997238577	-0.04442543125010226
0.0015957698879639276	-9.223117864653876	-0.04609621385711499
0.0014594003216278292	-9.204596584343719	-0.04771661591823951
0.0013277210880882717	-9.18668954448987	-0.04928327890275815
0.001201004482828809	-9.169433860166947	-0.050792955662395806
0.001079517829324507	-9.152865296415769	-0.05224251716153059
0.0009635103727629889	-9.137018194114832	-0.05362895896259803
0.0008532153765802038	-9.121925398803615	-0.05494940745324668
0.0007488631786675819	-9.107618192605168	-0.05620112580233853
0.0006506752890759229	-9.094126229389142	-0.0573815196324495
0.0005588504582793705	-9.081477473309613	-0.05848814239711284
0.00047357449064345993	-9.069698140845105	-0.059518700451660245
0.00039503417852836803	-9.058812646460929	-0.0604710578071507
0.00032340289093456156	-9.048843552006485	-0.06134324055753374
0.000258830056182854	-9.039811519952373	-0.0621334409708712
0.00020146268421239403	-9.031735270564278	-0.06284002123613765
0.00015143220710618337	-9.024631543102352	-0.0634615168578339
0.0001087620115550612	-9.018515061126546	-0.06399663969137753
7331348694133855e-20	-9.013398501979783	-0.06444428061297926
4489673970727359e-20	-9.009292470512223	-0.06480351181847138
23444715096869585e-21	-9.006205477101103	-0.06507358874632355
9042948485155792e-21	-9.004143920011671	-0.06525395162086028
18111093128741819e-22	-9.00311207213581	-0.06534422661248152
