#Fourier coeffs (0-n) 	d/dt (Fourier coeffs) 
0.08117879468480281	0.0006784969959141204
-0.000988081485748651	0.00020681204482935907
0.0002979111443542241	-6493161378664548e-20
-0.00015034612300504605	3210870397836687e-20
8451504170565274e-20	0
-4769934061041051e-20	0
2530008954555279e-20	0
-11228785212282351e-21	0
23935211345769144e-22	0
29850400446996956e-22	0
-6025202499258295e-21	0
7475108464544864e-21	0
-7856857213637547e-21	0
7544232147436367e-21	0
-6807894436344425e-21	0
5843579171273856e-21	0
-479090103548401e-20	0
3746684460308782e-21	0
-2774912660336754e-21	0
19144521208093574e-22	0
-11852106519290072e-22	0
5931169301757358e-22	0
-13416171500234713e-23	0
-2023397460612391e-22	0
43114829848387034e-23	0
-5690721054344401e-22	0
6334289574639003e-22	0
-6409276216182921e-22	0
6069014421765506e-22	0
-5448320544687832e-22	0
4661058739130257e-22	0
-3799513003890522e-22	0
29351029738128066e-23	0
-21200407498831566e-23	0
13895878334929275e-23	0
-7646321481458712e-23	0
