#strength 	x-position 	z-position 
-0.04186538040205421	-0.22688026436016775	0.03255303083018093
-0.0016018121059206483	-0.15395948914252533	0.02094031989482891
-0.0071234882568686365	-0.15083230668011632	-0.026697922058807784
-0.00529475302904338	-0.1859821982428345	-0.02733649585237875
-0.004775374303329943	-0.12088101879253581	0.061404347863570644
-0.004271399771480682	-0.19006132779400198	-0.10436601519058258
-0.0038921308728170753	-0.11014609853388185	-0.0014413201262647253
-0.003587736053715967	-0.09699661554147451	0.02564454510058032
-0.003337901077009915	-0.12197960467665221	0.00900497540541002
-0.0031279548098067725	-0.13883161112522682	-0.010653589531752267
-0.002948232968388911	-0.15201105371166254	0.0967994217398186
-0.0027920525767365168	-0.1565678213445546	0.06401441454851417
-0.002654648462229286	-0.14564633474453903	0.07251325118194629
-0.0025325185630453387	-0.17581069489966766	-0.09714969937286204
-0.0024230218607840144	-0.2990615980431472	-0.03318498336796685
-0.002324121377731931	-0.3136021461596502	0.02849189759231415
-0.0022342140326152672	-0.29448230355800376	0.11844089704692608
-0.0021520149788250374	-0.21625654547461237	0.17705324946343337
-0.0020764779258331603	-0.1310524351346214	0.17951607740065406
-0.0020067398871035664	-0.06566613357488436	0.14838637607107558
-0.0019420823663454222	-0.02195885022300119	0.10130844046574086
-0.0018819032627475432	0.0031976573593123486	0.046391842973225045
-0.001825695586065327	0.011407425360798067	-0.011752819925168863
-0.0017730305509084127	0.00408103324090885	-0.06827015233847208
-0.0017235436933335704	-0.015552206620023271	-0.11903352283565218
-0.0016769233080133703	-0.04331816773353067	-0.1621472211079651
-0.0016329008407294648	-0.07563672074997148	-0.19766539178182818
-0.0015912430047866823	-0.11010065275680146	-0.22651713735771092
-0.00155174542957392	-0.14521597772868722	-0.2497458888266203
-0.00151422764967535	-0.180008259875304	-0.2683177693792812
-0.0014785292327368794	-0.21385441451495354	-0.28313201257067755
-0.0014445068343920883	-0.246420835446475	-0.2949901836353174
-0.0014120319644727198	-0.2775889038308575	-0.30455477514984836
-0.001380989258914436	-0.3073742450879876	-0.3123415097286058
-0.001351275079765183	-0.3358632248809071	-0.3187384556274499
-0.0013227963083767575	-0.36317133779032706	-0.3240341298796615
-0.0012954692456601212	-0.38941914904441505	-0.32844388447015815
-0.0012692185802289386	-0.41472027687142643	-0.3321306659382237
-0.0012439764155728478	-0.43917677016517986	-0.3352198975783675
-0.0012196813649100208	-0.4628784258428063	-0.33780968738451156
-0.001196277724816435	-0.48590377192823436	-0.33997781485878226
-0.0011737147378274235	-0.5083214594968257	-0.3417866642836101
-0.0011519459435080058	-0.5301915616329882	-0.3432868453972087
-0.0011309286162538047	-0.5515666853214183	-0.34451991190776543
-0.0011106232830223467	-0.5724929333638656	-0.3455204095871476
-0.001090993312422404	-0.5930107729156616	-0.3463173994025316
-0.0010720045687562067	-0.6131558409501594	-0.3469355685404993
-0.0010536251241377963	-0.6329596827825408	-0.3473960326491511
-0.0010358250226286617	-0.6524504065420856	-0.34771692117928515
-0.0010185760913569378	-0.6716532377716184	-0.3479138212846188
-0.0010018517917416581	-0.6905909673443237	-0.3480001362492923
-0.000985627104863421	-0.7092842973521283	-0.34798739474850554
-0.0009698784428335445	-0.7277520985127172	-0.347885530604627
-0.0009545835794493359	-0.7460115987384144	-0.34770313972190614
-0.000939721591883512	-0.764078525846266	-0.3474477120158598
-0.0009252728080438657	-0.7819672252352092	-0.3471258330830418
-0.0009112187541808134	-0.7996907666843504	-0.34674335219422164
-0.0008975421001916322	-0.8172610478571263	-0.346305516570397
-0.000884226600592829	-0.8346888969108255	-0.3458170751023435
-0.0008712570315553038	-0.8519841727785931	-0.3452823570483117
-0.0008586191243836923	-0.8691558604434191	-0.34470533176958007
-0.0008462994968902841	-0.8862121596134448	-0.3440896543777251
-0.0008342855842555421	-0.9031605662764121	-0.3434387007958919
-0.0008225655710011933	-0.9200079470524307	-0.3427555948449852
-0.0008111283255634785	-0.9367606065002774	-0.3420432293429514
-0.0007999633390587003	-0.9534243478047681	-0.34130428266760543
-0.0007890606686518954	-0.9700045273510374	-0.34054123196053854
-0.0007784108872843643	-0.9865061032153108	-0.3397563642076682
-0.0007680050391356153	-1.0029336776863653	-0.3389517862257276
-0.000757834601404328	-1.0192915342192739	-0.3381294342452111
-0.0007478914524797278	-1.0355836691186782	-0.33729108360836857
-0.0007381678446891551	-1.05181381847721	-0.33643835889319923
-0.0007286563828325186	-1.0679854806532578	-0.33557274470987497
-0.0007193500057878898	-1.084101934917224	-0.33469559705493673
-0.0007102419709997861	-1.1001662573199467	-0.33380815481427467
-0.000701325841610069	-1.1161813341058406	-0.3329115512910721
-0.0006925954738621759	-1.132149873117895	-0.33200682556765426
-0.000684045005627458	-1.148074413949646	-0.33109493326549727
-0.0006756688444211224	-1.1639573373925662	-0.33017675633754734
-0.0006674616550031709	-1.1798008744954076	-0.3292531117524381
-0.0006594183467327104	-1.1956071151693222	-0.3283247591442863
-0.0006515340601383705	-1.2113780165246064	-0.32739240736292247
-0.0006438041525125195	-1.2271154112765206	-0.3264567198036285
-0.0006362241845469623	-1.2428210160158397	-0.32551831868004644
-0.0006287899052146509	-1.2584964392808982	-0.32457778840710605
-0.0006214972389427739	-1.2741431894021573	-0.3236356782110444
-0.0006143422714913332	-1.2897626820659913	-0.32269250409301836
-0.0006073212383051179	-1.305356247547703	-0.32174875029585553
-0.0006004305127518331	-1.3209251374564932	-0.32080487045701833
-0.0005936665963919615	-1.3364705310123677	-0.3198612885460545
-0.0005870261098204627	-1.3519935408225252	-0.318918399693118
-0.0005805057854716949	-1.3674952180642692	-0.3179765710359608
-0.0005741024611217692	-1.382976557125133	-0.3170361426104848
-0.0005678130745106254	-1.3984384998285337	-0.3160974282743982
-0.0005616346594449571	-1.413881939123025	-0.3151607167661613
-0.0005555643420774581	-1.429307722268779	-0.3142262729169897
-0.0005495993382153147	-1.444716653687848	-0.31329433893874653
-0.00054373695082237	-1.4601094974897397	-0.3123651357823222
-0.0005379745681176624	-1.4754869796745675	-0.31143886457175374
-0.0005323096614048162	-1.4908497901152156	-0.3105157080584129
-0.0005267397832290129	-1.506198584373599	-0.30959583205675606
-0.000521262565470677	-1.5215339853528156	-0.30867938684464913
-0.0005158757169334369	-1.5368565848834632	-0.3077665084752776
-0.0005105770213484767	-1.552166945230922	-0.3068573199991458
-0.0005053643348801127	-1.5674656005172496	-0.3059519325918236
-0.000500235583374524	-1.5827530581497116	-0.30505044654047025
-0.0004951887601432302	-1.598029800217431	-0.30415295210027476
-0.0004902219228500523	-1.6132962848694032	-0.3032595302297569
-0.00048533319134471883	-1.6285529476494272	-0.30237025323110445
-0.0004805207450340604	-1.6438002027569696	-0.30148518531482416
-0.0004757828203440246	-1.6590384443107324	-0.30060438306535975
-0.0004711177088820937	-1.674268047543629	-0.2997278958553391
-0.00046652375520923883	-1.6894893699022155	-0.2988557662438538
-0.0004619993552304174	-1.7047027520832918	-0.2979880303568856
-0.0004575429545048623	-1.7199085189794558	-0.29712471827353465
-0.00045315304698898516	-1.7351069805273907	-0.2962658544285499
-0.00044882817350060805	-1.7502984325021271	-0.2954114580106688
-0.00044456692061874137	-1.765483157259154	-0.29456154336115037
-0.0004403679195613651	-1.7806614243844292	-0.2937161203980645
-0.0004362298449812063	-1.7958334912885832	-0.292875195047957
-0.0004321514137778735	-1.8109996037754341	-0.2920387696647586
-0.00042813138401514086	-1.8261599965641953	-0.29120684344549863
-0.00042416855359562675	-1.8413148937718946	-0.2903794128402024
-0.00042026175903983956	-1.8564645093742875	-0.28955647194380607
-0.0004164098740106169	-1.8716090476411003	-0.2887380128717677
-0.0004126118080769615	-1.8867487035335	-0.28792402612274387
-0.00040886650491464213	-1.9018836630943956	-0.287114500907528
-0.000405172940823699	-1.917014103837859	-0.28630942543786914
-0.00040153012306365886	-1.9321401951107966	-0.2855087871860719
-0.0003979370879136062	-1.947262098458015	-0.28471257309757486
-0.0003943928990738973	-1.9623799679890626	-0.28392076975181746
-0.0003908966456139043	-1.9774939507446772	-0.28313336347346096
-0.0003874474403946608	-1.9926041870580609	-0.2823503403969846
-0.00038404441820013603	-2.007710810916377	-0.2815716864792764
-0.00038068673395553164	-2.022813950345585	-0.2807973874527505
-0.00037737356153244583	-2.0379137277717456	-0.2800274287499617
-0.0003741040921222197	-2.053010260366921	-0.27926179540237356
-0.0003708775331686589	-2.068103660402293	-0.2785004719062347
-0.00036769310746288635	-2.083194035576082	-0.2777434420801781
-0.00036455005229711623	-2.0982814893171366	-0.2769906889257149
-0.0003614476190798091	-2.1133661210600527	-0.27624219449888576
-0.0003583850728127169	-2.128448026495297	-0.2754979397961687
-0.0003553616920417054	-2.1435272977974584	-0.27475790465773364
-0.0003523767686783707	-2.1586040238265793	-0.27402206769525733
-0.00034942960823617676	-2.173678290303859	-0.2732904062467793
-0.0003465195297728263	-2.1887501799699334	-0.2725628963564028
-0.00034364586640960905	-2.2038197727209825	-0.271839512783137
-0.0003408079652679908	-2.2188871457247794	-0.2711202290410375
-0.0003380051882230003	-2.233952373508229	-0.27040501747447104
-0.0003352369116566209	-2.249015528035817	-0.26969384935465185
-0.0003325025270456538	-2.264076678784036	-0.2689866949930261
-0.0003298014409517918	-2.2791358927896983	-0.26828352388095406
-0.0003271330750860852	-2.2941932347009732	-0.267584304834954
-0.00032449686620101593	-2.3092487668350814	-0.26688900613897154
-0.0003218922660504168	-2.3243025492333227	-0.2661975956868357
-0.00031931874107483417	-2.339354639717814	-0.2655100411205752
-0.0003167757721665044	-2.3544050939533547	-0.26482630996043527
-0.00031426285430172056	-2.3694539655076725	-0.2641463697299241
-0.000311779496147236	-2.3845013059088034	-0.26347018807649275
-0.0003093252195867837	-2.3995471646990327	-0.26279773288618274
-0.00030689955916742007	-2.414591589490813	-0.26212897238616095
-0.00030450206140377606	-2.4296346260276485	-0.2614638752319786
-0.0003021322843003559	-2.44467631823726	-0.26080241058541714
-0.000299789796430628	-2.4597167082894136	-0.2601445481716573
-0.000297474176158382	-2.4747558366710534	-0.2594902583054284
-0.00029518501105338726	-2.4897937422587084	-0.2588395118978063
-0.0002929218968157274	-2.5048304623980657	-0.2581922804393638
-0.0002906844369770824	-2.519866032986045	-0.2575485359620488
-0.00028847224168893765	-2.5349004885612	-0.25690825097912606
-0.00028628492783149863	-2.5499338623871908	-0.2562713984163771
-0.00028412211791443813	-2.5649661865327382	-0.25563795153522245
-0.0002819834401659241	-2.579997491957707	-0.2550078838454181
-0.0002798685279584972	-2.595027808582628	-0.25438116902686264
-0.0002777770200663894	-2.6100571653437505	-0.2537577808617109
-0.0002757085599074307	-2.625085590256322	-0.25313769316201146
-0.00027366279614154596	-2.6401131104701867	-0.252520879706379
-0.0002716393823781211	-2.655139752304654	-0.2519073141965312
-0.0002696379771476298	-2.6701655412928114	-0.2512969702147847
-0.00026765824441255665	-2.685190502208807	-0.2506898211989472
-0.0002656998531163201	-2.7002146590970058	-0.2500858404225086
-0.00026376247771014646	-2.7152380353035475	-0.24948500098007997
-0.00026184579823891087	-2.7302606534891245	-0.24888727579233758
-0.0002599495001962913	-2.745282535652394	-0.24829263760989556
-0.00025807327495322614	-2.7603037031495834	-0.24770105902513567
-0.0002562168197872555	-2.7753241767022954	-0.24711251249745844
-0.0002543798377073591	-2.7903439764180242	-0.24652697037369334
-0.0002525620379495025	-2.805363121802522	-0.24594440491780764
-0.0002507631357120954	-2.820381631766131	-0.2453647883480755
-0.00024898285217721597	-2.8353995246418897	-0.24478809286723774
-0.0002472209147298312	-2.8504168181952854	-0.24421429069960443
-0.0002454770566421051	-2.8654335296341285	-0.24364335412881846
-0.00024375101722903803	-2.880449675623473	-0.24307525553089618
-0.0002420425415721912	-2.8954652722995537	-0.24250996740723954
-0.00024035138069607685	-2.910480335279422	-0.2419474624199455
-0.00023867729115296422	-2.925494879674162	-0.24138771342205537
-0.00023702003501207755	-2.9405089201075505	-0.24083069348144354
-0.00023537937990109926	-2.9555224707241496	-0.24027637591053047
-0.00023375509844840783	-2.970535545205792	-0.23972473428662952
-0.00023214696846779806	-2.9855481567905446	-0.23917574246763332
-0.00023055477272532557	-3.0005603182810967	-0.23862937461400624
-0.00022897829861689457	-3.0155720420599543	-0.23808560520301078
-0.00022741733819453894	-3.030583340104783	-0.23754440903945165
-0.000225871687815243	-3.045594224001478	-0.237005761265637
-0.00022434114811860882	-3.0606047049583345	-0.23646963736807047
-0.00022282552366331178	-3.07561479381978	-0.23593601318211527
-0.00022132462306391834	-3.0906245010765514	-0.23540486489707946
-0.00021983825832820603	-3.1056338368812564	-0.23487616905403147
-0.00021836624523042213	-3.120642811061265	-0.23434990254347055
-0.00021690840271571497	-3.135651433127754	-0.23382604260398168
-0.00021546455294240395	-3.150659712291403	-0.23330456681262904
-0.00021403452104518453	-3.165667657474242	-0.23278545307659548
-0.0002126181351048556	-3.1806752773185614	-0.23226867962565922
-0.00021121522581215614	-3.195682580199751	-0.23175422499907072
-0.0002098256264519479	-3.210689574240179	-0.23124206802974917
-0.0002084491729021018	-3.2256962673161107	-0.23073218783386443
-0.00020708570323100563	-3.240702667069259	-0.23022456379516854
-0.00020573505790086148	-3.255708780918183	-0.22971917554853405
-0.00020439707953908565	-3.2707146160646383	-0.22921600296775146
-0.0002030716128683767	-3.2857201795042497	-0.22871502614883382
-0.00020175850461887947	-3.3007254780372053	-0.2282162253934816
-0.00020045760372408745	-3.315730518271452	-0.22771958120045419
-0.00019916876092909187	-3.330735306629429	-0.22722507425364857
-0.00019789182892928844	-3.345739849359307	-0.22673268540578537
-0.0001966266624510299	-3.3607441525385027	-0.2262423956704129
-0.00019537311798517587	-3.3757482220791806	-0.2257541862132913
-0.00019413105403889158	-3.390752063733445	-0.2252680383446084
-0.00019290033091169147	-3.405755683097236	-0.22478393351277362
-0.0001916808107354246	-3.420759085617649	-0.2243018532954175
-0.0001904723575535984	-3.4357622765962903	-0.22382177939521714
-0.00018927483723585672	-3.4507652611915502	-0.22334369363766066
-0.0001880881174508263	-3.465768044424058	-0.22286757796581563
-0.00018691206766591716	-3.480770631181367	-0.22239341443628366
-0.00018574655929095608	-3.4957730262190436	-0.22192118521951545
-0.00018459146531571262	-3.510775234166373	-0.22145087259559718
-0.0001834466607157463	-3.5257772595298578	-0.22098245895285465
-0.00018231202221501153	-3.5407791066929706	-0.22051592679078016
-0.00018118742815340962	-3.5557807799230576	-0.22005125871534237
-0.00018007275885201235	-3.5707822833733722	-0.21958843743955955
-0.0001789678961569719	-3.5857836210851697	-0.2191274457846623
-0.00017787272383396405	-3.6007847969909696	-0.21866826667998243
-0.0001767871271864726	-3.615785814917009	-0.21821088316363058
-0.00017571099334376568	-3.6307866785864102	-0.21775527838242043
-0.00017464421100067164	-3.6457873916213956	-0.2173014355927393
-0.00017358667055855648	-3.6607879575464604	-0.2168493381603238
-0.0001725382640363083	-3.6757883797903137	-0.21639896956131055
-0.00017149888500605712	-3.6907886616891887	-0.21595031338167647
-0.00017046842873295193	-3.7057888064880893	-0.21550335331891285
-0.00016944679191451678	-3.7207888173437715	-0.2150580731812918
-0.0001684338728129304	-3.7357886973287076	-0.21461445688588443
-0.0001674295713105598	-3.7507884494306185	-0.21417248846189263
-0.00016643378861864143	-3.7657880765559164	-0.21373215204886706
-0.00016544642746000628	-3.7807875815341685	-0.21329343189333486
-0.0001644673921064356	-3.7957869671174103	-0.21285631235219
-0.0001634965881308209	-3.8107862359824614	-0.21242077789204514
-0.00016253392254405447	-3.825785390735179	-0.21198681308586767
-0.00016157930377993374	-3.8407844339111348	-0.21155440261431682
-0.00016063264166301001	-3.8557833679767235	-0.21112353126663883
-0.0001596938472464178	-3.8707821953329336	-0.21069418393812664
-0.00015876283315648977	-3.8857809183155125	-0.21026634563227234
-0.00015783951311220193	-3.9007795391969093	-0.20984000146075138
-0.0001569238022869658	-3.9157780601893655	-0.20941513664193026
-0.0001560156171573051	-3.9307764834441996	-0.2089917365046616
-0.00015511487540872428	-3.9457748110542954	-0.20856978648785474
-0.00015422149602999265	-3.960773045056001	-0.2081492721406825
-0.00015333539932435754	-3.97577118742893	-0.20773017912567768
-0.00015245650661975356	-3.9907692400991173	-0.20731249321710885
-0.00015158474068388723	-4.0057672049396595	-0.20689620030287448
-0.0001507200252794938	-4.020765083770592	-0.20648128638742444
-0.0001498622854224016	-4.03576287836119	-0.2060677375907182
-0.00014901144709763767	-4.050760590431713	-0.20565554014747894
-0.0001481674375478706	-4.065758221653888	-0.20524468040811544
-0.00014733018485456502	-4.080755773652242	-0.20483514483778312
-0.00014649961828645808	-4.095753248005947	-0.20442692001455223
-0.00014567566791641624	-4.110750646249973	-0.20401999262767315
-0.00014485826489113972	-4.125747969876804	-0.20361434947543727
-0.00014404734122657782	-4.140745220336111	-0.20320997746529634
-0.0001432428298442142	-4.1557423990364795	-0.20280686361036845
-0.00014244466437235252	-4.170739507348963	-0.2024049950224373
-0.00014165277942481888	-4.1857365466077106	-0.20200435890981197
-0.00014086711049473254	-4.200733518108344	-0.20160494257914
-0.0001400875936181968	-4.215730423111465	-0.20120673342836656
-0.00013931416589662085	-4.23072726284407	-0.2008097189430365
-0.00013854676498583317	-4.245724038499703	-0.20041388669487983
-0.0001377853294867691	-4.260720751239696	-0.20001922433914568
-0.0001370297987000734	-4.275717402193108	-0.1996257196141272
-0.00013628011264163117	-4.290713992458712	-0.199233360337096
-0.00013553621217158793	-4.305710523105584	-0.19884213440327228
-0.00013479803885739494	-4.320706995173142	-0.19845202978575713
-0.00013406553502649451	-4.3357034096722735	-0.19806303453407006
-0.0001333386437737897	-4.350699767585507	-0.1976751367744225
-0.0001326173089409577	-4.365696069867158	-0.19728832470988086
-0.00013190147501151127	-4.380692317444983	-0.19690258661808135
-0.00013119108727451846	-4.395688511220663	-0.19651791085091894
-0.00013048609169746123	-4.410684652069387	-0.19613428583627732
-0.00012978643497670896	-4.425680740840108	-0.19575170007799966
-0.00012909206437364956	-4.440676778357339	-0.19537014215311582
-0.00012840292787061162	-4.455672765421723	-0.19498960071073235
-0.00012771897418506657	-4.4706687028090455	-0.19461006447412338
-0.00012704015239884368	-4.4856645912723865	-0.194231522236515
-0.00012636641247939888	-4.50066043154258	-0.19385396286001808
-0.00012569770480699329	-4.515656224327404	-0.19347737527665618
-0.00012503398041607654	-4.530651970313266	-0.19310174848457187
-0.0001243751907714103	-4.545647670166273	-0.1927270715448499
-0.00012372128809009023	-4.560643324531879	-0.1923533335815532
-0.00012307222491569382	-4.575638934035298	-0.19198052378016875
-0.0001224279544855024	-4.590634499282331	-0.19160863138466244
-0.00012178843038336724	-4.605630020860136	-0.19123764569494658
-0.0001211536068209014	-4.6206254993378355	-0.19086755606450523
-0.00012052343849097008	-4.635620935265993	-0.1904983519007422
-0.00011989788057594798	-4.650616329177351	-0.19013002266239598
-0.00011927688864982015	-4.665611681588298	-0.18976255785547375
-0.00011866041897691179	-4.680606992998252	-0.18939594703385149
-0.00011804842814345726	-4.695602263889544	-0.18903017979885342
-0.00011744087329614711	-4.710597494728726	-0.18866524579572377
-0.00011683771199613203	-4.725592685966968	-0.18830113471222382
-0.0001162389024115286	-4.740587838039684	-0.18793783627900923
-0.00011564440307622499	-4.755582951366861	-0.1875753402687737
-0.00011505417307733704	-4.770578026353734	-0.18721363649432046
-0.00011446817194388052	-4.7855730633909515	-0.1868527148082096
-0.00011388635973098513	-4.800568062854667	-0.18649256510227089
-0.00011330869692283488	-4.815563025107075	-0.18613317730666903
-0.00011273514453147282	-4.830557950496505	-0.18577454138980665
-0.00011216566409551036	-4.845552839357051	-0.18541664735945304
-0.00011160021748350853	-4.860547692009778	-0.18505948526027882
-0.00011103876717908322	-4.8755425087628	-0.18470304517376834
-0.00011048127617140774	-4.890537289910433	-0.18434731722095984
-0.00010992770771329	-4.905532035734564	-0.1839922915594594
-0.00010937802580092068	-4.920526746504546	-0.18363795838417496
-0.00010883219467136031	-4.935521422476881	-0.18328430792843003
-0.00010829017914260747	-4.95051606389616	-0.18293133046218932
-0.00010775194441268489	-4.96551067099491	-0.18257901629281073
-0.00010721745621594496	-4.980505243993562	-0.18222735576546314
-0.00010668668056430276	-4.995499783101055	-0.1818763392619295
-0.00010615958410222295	-5.010494288514704	-0.18152595720139375
-0.00010563613369973107	-5.025488760420184	-0.1811762000402444
-0.00010511629670803893	-5.040483198992539	-0.18082705826947343
-0.00010460004084769312	-5.055477604395961	-0.18047852241504858
-0.00010408733428986586	-5.0704719767836215	-0.18013058303844223
-0.0001035781454581837	-5.085466316298135	-0.17978323073502814
-0.00010307244325591207	-5.100460623071764	-0.1794364561331943
-0.0001025701968382798	-5.1154548972264156	-0.17909024989335307
-0.00010207137568668187	-5.130449138874382	-0.17874460270552564
-0.00010157594975816926	-5.145443348117777	-0.17839950528990228
-0.00010108388904158695	-5.160437525049338	-0.17805494839381028
-0.00010059516418741386	-5.175431669752131	-0.17771092279164302
-0.00010010974585965803	-5.19042578229951	-0.17736741928396163
-9962760505191452e-20	-5.205419862756401	-0.17702442869230206
-9914871323813898e-20	-5.220413911178317	-0.17668194186122516
-9867304192198723e-20	-5.235407927611588	-0.17633994965630373
-9820056300893082e-20	-5.250401912094266	-0.17599844296044886
-9773124870514002e-20	-5.265395864655361	-0.17565741267472912
-9726507137114947e-20	-5.280389785315395	-0.1753168497158066
-9680200371696597e-20	-5.295383674086634	-0.1749767450136335
-9634201869791921e-20	-5.310377530972896	-0.17463708951117252
-9588508953899295e-20	-5.325371355969719	-0.17429787416294865
-9543118971412634e-20	-5.340365149064518	-0.17395908993341933
-949802930000302e-19	-5.3553589102365855	-0.17362072779623702
-9453237343677937e-20	-5.370352639457025	-0.17328277873369338
-9408740531066141e-20	-5.385346336688936	-0.1729452337350816
-9364536319209776e-20	-5.400340001887713	-0.17260808379530776
-932062219270273e-19	-5.415333635000799	-0.1722713199148319
-927699567416073e-19	-5.430327235967509	-0.17193493310011573
-9233654286368125e-20	-5.4453208047197	-0.17159891436062089
-9190595622375966e-20	-5.46031434118128	-0.17126325471040776
-9147817262488735e-20	-5.475307845268106	-0.17092794516786433
-9105316840046611e-20	-5.490301316888723	-0.1705929767527648
-9063092005555384e-20	-5.505294755943895	-0.17025834048751312
-9021140441319193e-20	-5.520288162326757	-0.16992402739645454
-8979459859140108e-20	-5.535281535922635	-0.16959002850621144
-8938047995061572e-20	-5.5502748766091905	-0.16925633484476912
-8896902605203677e-20	-5.565268184256799	-0.16892293743934023
-8856021487253091e-20	-5.580261458728284	-0.16858982731731081
-8815402455259955e-20	-5.595254699878693	-0.168256995506544
-8775043346395152e-20	-5.610247907555736	-0.16792443303318216
-8734942036097912e-20	-5.625241081599509	-0.16759213092193007
-8695096400711255e-20	-5.6402342218429125	-0.16726008019402966
-8655504367246353e-20	-5.655227328111411	-0.16692827186722625
-8616163870905046e-20	-5.670220400222726	-0.16659669695644524
-8577072866244352e-20	-5.6852134379875245	-0.1662653464701937
-853822934006182e-19	-5.700206441209163	-0.16593421141052755
-8499631300151224e-20	-5.715199409683314	-0.165603282773813
-846127676433165e-19	-5.730192343198386	-0.16527255154787254
-842316377926769e-19	-5.745185241535646	-0.164942008710215
-8385290408465147e-20	-5.760178104468893	-0.16461164522828886
-8347654741613572e-20	-5.775170931764411	-0.16428145205860897
-8310254862544698e-20	-5.790163723181392	-0.16395142014313419
-8273088909037732e-20	-5.80515647847164	-0.16362154040963045
-823615500290132e-19	-5.820149197379341	-0.16329180377084257
-8199451301073302e-20	-5.835141879641508	-0.16296220112116233
-8162975970650403e-20	-5.850134524987647	-0.16263272333636883
-812672719078273e-19	-5.865127133139904	-0.1623033612713556
-8090703165026733e-20	-5.880119703812856	-0.1619741057590383
-8054902099796125e-20	-5.895112236713611	-0.16164494760836057
-8019322224330806e-20	-5.9101047315418835	-0.16131587760192334
-7983961776633804e-20	-5.925097187989804	-0.16098688649503518
-7948819023057344e-20	-5.940089605741699	-0.16065796501518995
-7913892220438173e-20	-5.955081984474287	-0.16032910385886812
-7879179662266013e-20	-5.970074323856756	-0.1600002936895379
-7844679644219109e-20	-5.9850666235503525	-0.15967152513739813
-7810390483719253e-20	-6.000058883208571	-0.15934278879737204
-7776310510545885e-20	-6.015051102476937	-0.15901407522797614
-7742438073853573e-20	-6.030043280992933	-0.15868537495001372
-7708771532139412e-20	-6.045035418386084	-0.1583566784445636
-7675309265797042e-20	-6.060027514277868	-0.1580279761517494
-7642049677164357e-20	-6.075019568281361	-0.15769925847111013
-7608991177803989e-20	-6.090011580001297	-0.15737051575992533
-7576132195898609e-20	-6.105003549034182	-0.1570417383309663
-7543471190408872e-20	-6.119995474967884	-0.15671291645293617
-7511006620883331e-20	-6.134987357381692	-0.15638404034923928
-7478736980429113e-20	-6.149979195846215	-0.1560551001964005
-7446660762379896e-20	-6.164970989923336	-0.15572608612294508
-7414776500402377e-20	-6.179962739165977	-0.1553969882091794
-7383082722149832e-20	-6.194954443118037	-0.15506779648569968
-7351577982958601e-20	-6.209946101314466	-0.15473850093109343
-7320260863420344e-20	-6.22493771328081	-0.15440909147260778
-7289129931613292e-20	-6.239929278533456	-0.15407955798293846
-725818380742007e-19	-6.254920796579322	-0.1537498902794378
-7227421090527653e-20	-6.269912266915763	-0.1534200781227105
-7196840415505355e-20	-6.284903689030577	-0.15309011121383828
-7166440430792648e-20	-6.299895062401634	-0.15275997919454193
-7136219773325528e-20	-6.314886386497005	-0.15242967164310195
-7106177128324807e-20	-6.329877660774675	-0.15209917807362647
-7076311160791882e-20	-6.344868884682364	-0.1517684879342477
-7046620552899306e-20	-6.359860057657686	-0.1514375906026184
-7017104022898069e-20	-6.374851179127568	-0.1511064753869388
-6987760254661274e-20	-6.389842248508315	-0.15077513152212482
-6958587984316755e-20	-6.404833265205483	-0.15044354816677205
-6929585922147569e-20	-6.419824228613644	-0.1501117144017257
-6900752817073225e-20	-6.434815138116224	-0.14977961922728
-6872087400271176e-20	-6.44980599308529	-0.14944725156101032
-6843588438934338e-20	-6.464796792881315	-0.14911460023562698
-6815254682533516e-20	-6.4797875368530535	-0.14878165399604956
-6787084900315536e-20	-6.494778224337426	-0.14844840149562946
-6759077881503261e-20	-6.509768854659111	-0.14811483129566128
-6731232394484137e-20	-6.52475942713047	-0.1477809318615526
-6703547257233371e-20	-6.539749941051185	-0.14744669156114998
-6676021253196156e-20	-6.554740395708109	-0.14711209866155717
-6648653199724588e-20	-6.569730790375196	-0.1467771413248339
-6621441924413961e-20	-6.5847211243129635	-0.14644180760819822
-6594386254489375e-20	-6.599711396768235	-0.14610608546070358
-6567485022279662e-20	-6.614701606974184	-0.14576996271845002
-65407370784476e-18	-6.629691754149899	-0.14543342710268767
-6514141289534585e-20	-6.644681837499957	-0.14509646621875427
-6487696507277707e-20	-6.65967185621431	-0.14475906755128762
-6461401617403884e-20	-6.674661809468047	-0.14442121846120695
-6435255504956897e-20	-6.68965169642087	-0.1440829061841951
-6409257060728188e-20	-6.7046415162170065	-0.14374411782625104
-6383405191078516e-20	-6.719631267984802	-0.14340484036084153
-6357698821076417e-20	-6.734620950836304	-0.14306506062704186
-6332136856934678e-20	-6.749610563867091	-0.14272476532427011
-6306718248887469e-20	-6.764600106155889	-0.1423839410095721
-6281441940906435e-20	-6.779589576764052	-0.1420425740961005
-6256306884183313e-20	-6.794578974735336	-0.1417006508478436
-6231312046232375e-20	-6.809568299095561	-0.14135815737575202
-6206456396457873e-20	-6.824557548852181	-0.14101507963427473
-618173893058363e-19	-6.839546722993826	-0.14067140341861306
-6157158638638374e-20	-6.854535820489883	-0.14032711436069692
-613271452175549e-19	-6.869524840290195	-0.13998219792402528
-6108405607301026e-20	-6.884513781324476	-0.13963663940078433
-6084230899277253e-20	-6.899502642502022	-0.13929042390653082
-606018945430338e-19	-6.914491422711101	-0.1389435363765705
-6036280295863665e-20	-6.929480120818528	-0.13859596156171505
-60125024929198745e-21	-6.944468735669167	-0.13824768402300022
-5988855090003145e-20	-6.959457266085482	-0.1378986881270606
-5965337173521011e-20	-6.974445710866916	-0.137548958041546
-5941947813539045e-20	-6.989434068789382	-0.13719847773028662
-59186860927828294e-21	-7.004422338604785	-0.1368472309466915
-58955511252869325e-21	-7.019410519040338	-0.13649520123040526
-58725419953560565e-21	-7.034398608798	-0.1361423719008302
-5849657833506376e-20	-7.0493866065538935	-0.1357887260511111
-582689774724747e-19	-7.064374510957662	-0.13543424654277372
-5804260874867767e-20	-7.079362320631842	-0.13507891599937963
-5781746355733308e-20	-7.094350034171118	-0.13472271680149178
-5759353333992072e-20	-7.109337650141667	-0.13436563107952124
-5737080963253739e-20	-7.124325167080502	-0.134007640706832
-5714928410748693e-20	-7.139312583494645	-0.13364872729350794
-5692894840008192e-20	-7.154299897860447	-0.1332888721792289
-5670979445315458e-20	-7.1692871086227346	-0.13292805642703515
-56491814037827257e-21	-7.184274214193985	-0.1325662608156771
-56274999149728486e-21	-7.199261212953584	-0.1322034658311433
-5605934184254799e-20	-7.2142481032468835	-0.13183965165973638
-55844834227799026e-21	-7.22923488338433	-0.1314747981800063
-556314685506501e-19	-7.244221551640524	-0.1311088849546855
-5541923708676788e-20	-7.259208106253268	-0.1307418912219687
-55208132125200704e-21	-7.274194545422644	-0.13037379588604728
-5499814626933226e-20	-7.2891808673098755	-0.13000457750933697
-54789271898407835e-21	-7.30416707003635	-0.12963421430268499
-5458150166798119e-20	-7.319153151682504	-0.12926268411477904
-5437482819321132e-20	-7.334139110286728	-0.1288899644228257
-54169244269493266e-21	-7.349124943844135	-0.12851603232238032
-53964742617720884e-21	-7.364110650305373	-0.12814086451614756
-53761316093510134e-21	-7.379096227575392	-0.12776443730241263
-5355895764271035e-20	-7.394081673512109	-0.12738672656433664
-5335766022396271e-20	-7.409066985925079	-0.12700770775794823
-53157416806341035e-21	-7.424052162574094	-0.12662735589895313
-5295822046712771e-20	-7.439037201167733	-0.12624564555013829
-52760064380898836e-21	-7.454022099361872	-0.12586255080894967
-5256294163595576e-20	-7.469006854758069	-0.1254780452928957
-52366845366101644e-21	-7.483991464902043	-0.1250921021245533
-52171769001328056e-21	-7.498975927281896	-0.12470469391839169
-5197770558325668e-20	-7.5139602393264555	-0.12431579276444472
-51784648595339794e-21	-7.528944398403412	-0.12392537021204325
-51592591275457025e-21	-7.543928401817455	-0.12353339725415395
-5140152710239425e-20	-7.558912246808335	-0.123139844309967
-5121144943657022e-20	-7.57389593054882	-0.12274468120707857
-5102235171623032e-20	-7.588879450142601	-0.12234787716255337
-5083422753494188e-20	-7.603862802622115	-0.12194940076475617
-5064707036816704e-20	-7.618845984946258	-0.12154921995335179
-5046087383107044e-20	-7.633828993997999	-0.121147301998201
-5027563154040571e-20	-7.648811826581971	-0.12074361347822699
-5009133718068305e-20	-7.663794479421861	-0.12033812025914863
-4990798447938871e-20	-7.6787769491577835	-0.1199307874704183
-497255672228282e-19	-7.693759232343462	-0.11952157948119506
-495440792387062e-19	-7.70874132544339	-0.11911045987535901
-4936351445657995e-20	-7.7237232248297945	-0.11869739142547178
-49183866705495086e-21	-7.738704926779491	-0.11828233606507299
-4900513013489892e-20	-7.753686427470618	-0.1178652548609319
-48827298683221804e-21	-7.768667722979216	-0.11744610798338927
-48650366484407834e-21	-7.783648809275678	-0.11702485467498215
-4847432782418941e-20	-7.798629682221013	-0.11660145321927004
-48299176760470755e-21	-7.813610337562988	-0.1161758609063303
-4812490774176552e-20	-7.8285907709320215	-0.11574803399762726
-4795151499017991e-20	-7.843570977836991	-0.1153179276895329
-4777899299553308e-20	-7.858550953660748	-0.11488549607452811
-4760733615344695e-20	-7.87353069365552	-0.11445069210112623
-4743653902733458e-20	-7.888510192938006	-0.11401346753151878
-47266596109513115e-21	-7.903489446484325	-0.11357377289726431
-4709750208963144e-20	-7.918468449124654	-0.11313155745301766
-46929251536131575e-21	-7.93344719553766	-0.11268676912773859
-4676183920985719e-20	-7.948425680244618	-0.11223935447343394
-4659525977156881e-20	-7.963403897603276	-0.11178925861151211
-4642950807881574e-20	-7.978381841801397	-0.11133642517659345
-4626457893689741e-20	-7.993359506849964	-0.1108807962574038
-4610046714014458e-20	-8.008336886576089	-0.11042231233372642
-4593716760445919e-20	-8.023313974615435	-0.10996091221075355
-4577467520007483e-20	-8.038290764404467	-0.10949653295010871
-45612984964188766e-21	-8.053267249172002	-0.10902910979719688
-45452091803571334e-21	-8.068243421930578	-0.10855857610403104
-45291990706150184e-21	-8.083219275467199	-0.10808486324749064
-45132676719926434e-21	-8.098194802333602	-0.10760790054373565
-4497414483300814e-20	-8.113169994835982	-0.10712761515743967
-44816390250430535e-21	-8.128144845024229	-0.10664393200617635
-4465940798011221e-20	-8.143119344680393	-0.10615677365853611
-4450319317779103e-20	-8.158093485306622	-0.10566606022587656
-4434774099069255e-20	-8.1730672581123	-0.10517170924826968
-4419304662657206e-20	-8.188040654000517	-0.10467363557319774
-4403910530960051e-20	-8.203013663553557	-0.10417175122652361
-4388591227675459e-20	-8.217986277017761	-0.10366596527504429
-437334628118867e-19	-8.232958484287124	-0.10315618368019408
-4358175222564549e-20	-8.247930274886146	-0.10264230914219782
-4343077590877355e-20	-8.262901637951389	-0.10212424093377925
-4328052922630138e-20	-8.277872562211941	-0.10160187472224486
-4313100763973787e-20	-8.292843035968513	-0.1010751023791137
-42982206583171145e-21	-8.307813047071146	-0.10054381177624064
-4283412163906368e-20	-8.322782582895371	-0.10000788656725705
-4268674831965982e-20	-8.337751630316715	-0.09946720595258098
-4254008223157982e-20	-8.35272017568339	-0.0989216444265624
-4239411909394593e-20	-8.367688204786914	-0.09837107150554587
-4224885454066907e-20	-8.382655702830641	-0.09781535143389694
-4210428432444707e-20	-8.397622654395793	-0.09725434286626576
-41960404248543234e-21	-8.412589043404942	-0.09668789852401821
-418172101359672e-19	-8.427554853082546	-0.0961158648223763
-41674697908802155e-21	-8.442520065912227	-0.09553808146517033
-4153286337068782e-20	-8.457484663590543	-0.09495438100339107
-413917026598435e-19	-8.472448626976776	-0.09436458835399239
-4125121158082834e-20	-8.487411936038313	-0.09376852027313155
-4111138626819791e-20	-8.502374569791089	-0.09316598477885298
-4097222283372913e-20	-8.517336506234559	-0.0925567805173057
-40833717299201475e-21	-8.532297722280354	-0.09194069606350654
-4069586584259759e-20	-8.547258193674041	-0.09131750914904571
-4055866459707659e-20	-8.562217894908878	-0.09068698580650761
-4042210983236892e-20	-8.577176799130498	-0.09004887941817086
-4028619770053525e-20	-8.592134878031384	-0.08940292965459466
-4015092449836423e-20	-8.607092101733317	-0.08874886128631596
-4001628649370065e-20	-8.622048438656297	-0.08808638284837227
-3988227997807521e-20	-8.637003855371448	-0.08741518513271751
-3974890129512451e-20	-8.651958316435486	-0.08673493947892996
-39616146736375785e-21	-8.66691178420337	-0.08604529582658164
-3948401277617877e-20	-8.681864218615233	-0.0853458804844122
-393524956936505e-19	-8.69681557695261	-0.08463629355992237
-3922159195578201e-20	-8.711765813557903	-0.08391610597928191
-39091297966024896e-21	-8.726714879509107	-0.08318485600851466
-38961610200779345e-21	-8.74166272224006	-0.08244204516117598
-3883252510542001e-20	-8.756609285093111	-0.08168713334401025
-38704039120327285e-21	-8.771554506787318	-0.08091953304497074
-3857614882539842e-20	-8.786498320779655	-0.08013860230241367
-38448850646756114e-21	-8.801440654488584	-0.07934363610007619
-383221412360614e-19	-8.81638142833761	-0.07853385569646638
-3819601704662355e-20	-8.831320554559445	-0.07770839519371066
-38070474675086854e-21	-8.846257935674474	-0.07686628433973891
-379455107334236e-19	-8.861193462515809	-0.0760064260666744
-3782112178853103e-20	-8.87612701160505	-0.07512756646493114
-37697304517086624e-21	-8.89105844156721	-0.0742282535259692
-37574055497749045e-21	-8.905987588067484	-0.07330677854506992
-3745137144174973e-20	-8.9209142563644	-0.07236108946191534
-3732924898517884e-20	-8.935838209792564	-0.07138865609718266
-3720768482578726e-20	-8.950759150790361	-0.07038624692320371
-3708667571563316e-20	-8.96567668711978	-0.06934952931139922
-3696621835131558e-20	-8.980590266951362	-0.06827229630176673
-3684630948290815e-20	-8.995499072000358	-0.06714518155896268
