#time 	alpha (rad) 	h/c 	u/uref 	A0 	Cl 	Cd 	Cm 
0.15	0.0026081874396957647	0	1	-7818364574704094e-23	0.11371707096951865	0.000296596108689276	0.00594598674876215	0.017043415855738573	-0.002721458870613673	0.0934495140249735	0.11371745775886055	3840711663457011e-29
0.3	0.005157800612414454	0	1	-7745831719737168e-23	0.08059313095447791	0.00041568698632301194	0.007537482384379008	0.02742852315666522	-0.0027138578707785097	0.04834205530188498	0.0805942029721507	3769779804818499e-29
0.44999999999999996	0.007591580702936674	0	1	-778570210845202e-22	0.08817186006043058	0.0006693766505815965	0.008996718276245525	0.036554697259111604	-0.0026452261279071	0.04526821147861496	0.08817440088606499	380868832245783e-28
0.6	0.009854870257347851	0	1	-7725124522166722e-23	0.09453021398219033	0.0009316131532989264	0.010289400925912988	0.04486182344049299	-0.0025171976712128766	0.041900777787526856	0.09453480448271996	3749650983100417e-29
0.75	0.01189684067161868	0	1	-7539490295687095e-23	0.09916206049856427	0.0011797708944632356	0.011387663945513778	0.05232679704245393	-0.002332654145024092	0.037787271511573434	0.09916907835451705	35716084473693325e-30
0.9	0.013671633692471654	0	1	-7224714152869903e-23	0.10185282773803675	0.0013925813165393548	0.01226638696554225	0.05883131055818412	-0.0020957438942646616	0.032860393687676855	0.10186234731713856	32796024789843106e-30
1.05	0.015139391294885143	0	1	-67833516148154e-21	0.10249460430066339	0.001551824481899891	0.012904504195349227	0.06424110731634468	-0.001811789682004449	0.027172529534370844	0.1025063513640603	28911360361362137e-30
1.2	0.016267150807406577	0	1	-6222044235354323e-23	0.10104693953257388	0.0016438908087727188	0.01328599558806182	0.06843220262529082	-0.0014871669889224078	0.020829279312846526	0.10106031053727674	24324619590578952e-30
1.3499999999999999	0.017029585182689985	0	1	-5550730320137878e-23	0.09752473021245443	0.001660966267478482	0.01340048895237252	0.07130215105674388	-0.0011291595359064622	0.013965392864314941	0.09753887333752488	19358875375368042e-30
1.4999999999999998	0.01740957178837748	0	1	-4782195560724371e-23	0.09199321177381731	0.001601724251579484	0.01324359721397366	0.07277584582253367	-0.0007457956859809221	0.006733507442133589	0.09200715479266	14369264275886923e-30
1.6499999999999997	0.017398576944507842	0	1	-39316810701925906e-24	0.08456463199087137	0.001471452734184866	0.012817060856183208	0.07280876681463606	-0.00034566936805424924	-0.0007027253971698983	0.08457743290559513	9712620756482135e-30
1.7999999999999996	0.016996847571570904	0	1	-30164818806582387e-24	0.07539493425640942	0.0012815996225755697	0.012128729630514465	0.07138871154736184	622506891598588e-19	-0.008173865771694667	0.0754058260953415	57171726869241186e-31
1.9499999999999995	0.01621340564520569	0	1	-2055520078708774e-23	0.06467992065316906	0.0010487736908852282	0.011192400978233982	0.06853642286699967	0.00046881953726735955	-0.015509220446438182	0.06468842293606283	26547480787545093e-31
2.0999999999999996	0.015065845582077781	0	1	-1068892403537975e-23	0.05265074833395539	0.0007932880651842391	0.010027525455505941	0.06430530150368609	0.0008649184735480208	-0.022541021208004334	0.05265672422473572	7178733805845396e-31
2.2499999999999996	0.013579939107212328	0	1	-7739819860350884e-25	0.03956875174259787	0.0005373742728657123	0.00865878679020454	0.05878030417153616	0.0012416574083034028	-0.02910834781641985	0.03957240055362424	3763930312619521e-33
2.3999999999999995	0.011789056476610516	0	1	8979436256922166e-24	0.025719640714490982	0.0003032243446313085	0.007115563956241252	0.05207609462370174	0.0015905730806545552	-0.03506080356094338	0.02572142809965417	5066149622859832e-31
2.5499999999999994	0.009733417053241796	0	1	18363788367378495e-24	0.011407155745402933	0.0001110341107166062	0.005431284000876337	0.044334505485945655	0.0019038189934108146	-0.04026191235991027	0.011407696120322532	21188705587808943e-31
2.6999999999999993	0.007459186066859376	0	1	27178931687458715e-24	-0.003053714146821622	-2277864448615346e-20	0.003642676866236775	0.03572137087489052	0.002174342887887022	-0.044592189731303654	-0.0030537991022893327	464135334612277e-29
2.849999999999999	0.005017437842466312	0	1	3523668625555414e-23	-0.01734382269913492	-8702228260547115e-20	0.0017889467208146276	0.026422798398663745	0.002396047601255719	-0.04795183373477397	-0.017344041014039878	7801354039977571e-30
2.999999999999999	0.0024630087810856337	0	1	4236511331328897e-23	-0.031147116639770142	-7671577693043527e-20	-8912209056601044e-20	0.016640961156029845	0.0025639312912321133	-0.05026298147232998	-0.03114721111563403	11277078745908025e-30
3.149999999999999	-0.00014673414758635244	0	1	4841242037216491e-23	-0.04415787574224075	6479468288038422e-21	-0.0019501029696039358	0.006589503628171482	0.002674203317345396	-0.05147148019353332	-0.04415787621762038	147262937660562e-28
3.299999999999999	-0.0027531817436436015	0	1	53250412153197134e-24	-0.05608776037738197	0.00015442018806408734	-0.003752884655049267	-0.0035113319841790737	0.002724372559302597	-0.05154812887101179	-0.05608797295093754	17816640434774928e-30
3.449999999999999	-0.0052977988132462805	0	1	5677741573467442e-23	-0.06667247950988596	0.0003532206873860123	-0.00545762271481281	-0.013439742067519727	0.002713305631512338	-0.0504893560073233	-0.0666734151581435	20254947002473677e-30
3.5999999999999988	-0.00772343874288002	0	1	5892061647581373e-23	-0.07567789755161729	0.0005845052281599829	-0.007026659025033315	-0.02297743696620345	0.0026412532927657423	-0.04831731205952895	-0.07568015475799998	2181295144496658e-29
3.7499999999999987	-0.009975626889094657	0	1	5963775484424967e-23	-0.08290541455226147	0.0008270609172927707	-0.008425384657119207	-0.03191462980496044	0.0025098443015658697	-0.045079369651520165	-0.08290953981203394	22347165182354557e-30
3.8999999999999986	-0.012003783961555763	0	1	5891814082792806e-23	-0.0881964797735455	0.0010587423415254107	-0.009623024267007316	-0.04005481614729818	0.0023220469641248554	-0.04084704085683672	-0.08820283430701736	21811118468467694e-30
4.049999999999999	-0.013762361924863084	0	1	5678296171308705e-23	-0.09143613130014115	0.0012584565845969418	-0.010593323754891906	-0.04721922968640121	0.0020820995906970455	-0.0357143372537198	-0.09144479110431587	2025890417395463e-29
4.199999999999999	-0.015211866909229871	0	1	5328486919784617e-23	-0.09255549060688059	0.0014080504145299847	-0.011315127175758444	-0.053250871035451265	0.0017954119489314649	-0.029795614088877025	-0.09256620035115527	17839705322832417e-30
4.35	-0.016319746157654576	0	1	4850685022209773e-23	-0.09153317722599749	0.0014939308479219686	-0.011772833130195427	-0.058018021450863926	0.001468440528210781	-0.023222953729821024	-0.0915453677826696	1478379793149409e-29
4.5	-0.01706111909066353	0	1	42560402963857036e-24	-0.08839564147737432	0.0015082749129541005	-0.011956724705104824	-0.061417169633056046	0.0011085409774898255	-0.016143154857766545	-0.08840850821843758	113812858416845e-28
4.65	-0.017419336070486555	0	1	3558305621189451e-23	-0.08321644019815849	0.0014497217726318556	-0.011863170154144764	-0.06337529630096912	0.000723801448013733	-0.008714402105728472	-0.08322906711282863	7955479514373443e-30
4.800000000000001	-0.017386352316026817	0	1	27735289118608352e-24	-0.07611450040476034	0.001323486879930964	-0.01149469378340689	-0.06385147699037087	0.0003228607826304046	-0.0011026960080353886	-0.07612600599918276	483331681409754e-29
4.950000000000001	-0.016962908571300724	0	1	19196922805360426e-24	-0.06725142914272712	0.0011408892725289338	-0.010859918013480435	-0.06283777786597274	-8528441599599108e-20	0.006521874520481278	-0.06726110577496788	23154910431037278e-31
5.100000000000001	-0.01615851446992428	0	1	10163070451027181e-24	-0.0568279360020658	0.0009183349525901848	-0.009973378570876441	-0.06035943213568545	-0.0004914797882238407	0.013988934866972193	-0.05683535562781353	6489776502442894e-31
5.250000000000002	-0.014991234969243606	0	1	8397425063840758e-25	-0.04507944033261241	0.0006758471123792826	-0.008855215576234364	-0.056474296235976336	-0.0008866162521044939	0.021131621745393684	-0.04508450631892151	4430697930764544e-33
5.400000000000002	-0.013487284650338705	0	1	-8560788025917397e-24	-0.032270940809734916	0.0004352737580470814	-0.007530744327726128	-0.05127159596768329	-0.001261832038090779	0.027790296148730284	-0.032273876184769915	4604763773021806e-31
5.5500000000000025	-0.011680438995047667	0	1	-17824751528826203e-24	-0.018691233064732797	0.0002183317368359961	-0.006029911149349041	-0.0448699839782044	-0.001608709683191348	0.033816096626248245	-0.018692508184496547	19963047385901234e-31
5.700000000000003	-0.009611275861460225	0	1	-26741669178678112e-24	-0.004646573113468582	4466087121479781e-20	-0.0043866419735679296	-0.03741494209415998	-0.0019194639278475479	0.03907426025647796	-0.004646787739097491	44932118134022245e-31
5.850000000000003	-0.007326264192705711	0	1	-35109054856519396e-24	0.009546099453200249	-6993849791261754e-20	-0.0026380943604348856	-0.02907557540177719	-0.002187116463822709	0.043447141874337465	0.009546355648302675	7744941558028544e-30
6.0000000000000036	-0.004876720424671483	0	1	-4273692790139412e-23	0.02356624522116604	-0.00011492690049505084	-0.0008238272298781981	-0.02004085961058341	-0.0024056535491915345	0.04683686584455609	0.023566525454902947	11475892428891624e-30
6.150000000000004	-0.0023176560294845606	0	1	-4945204085532559e-23	0.037096962221234875	-8597815212775267e-20	0.0010150936582359212	-0.010515418594951122	-0.002570162682504307	0.04916754947439034	0.03709706185517083	15365556967619712e-30
6.300000000000004	0.0002934579235546493	0	1	-5510173247284948e-23	0.049832205445166304	1462365593679467e-20	0.002837032964060523	-0.000714924128032247	-0.002676944851051554	0.050387043605903445	0.04983220759088017	19077013019673453e-30
6.450000000000005	0.002897981444288567	0	1	-595573251669679e-22	0.06148380505732396	0.00017817942495958346	0.00460074154161317	0.009138776547822506	-0.0027235993603508726	0.050468144508753456	0.06148406323783826	22286929404359643e-30
6.600000000000005	0.005437422549461061	0	1	-627169954919282e-22	0.07178809583866318	0.0003903460580126712	0.006266304961559029	0.01882268886486447	-0.0027090789133264945	0.04940924216640976	0.07178915707950675	2471441632361618e-29
6.750000000000005	0.007854750866560145	0	1	-645080550580402e-22	0.08051197664232856	0.00063241452437689	0.007796058913899856	0.02811773153901826	-0.002633713413129874	0.047234383344576886	0.08051446038436513	2614615095535196e-29
6.900000000000006	0.010095678413034413	0	1	-648885902807623e-22	0.08745823540073527	0.0008829802179372774	0.00915544700846188	0.036813704415100554	-0.002499201865975266	0.043992743023168045	0.08746269258075522	26455534882089712e-30
7.050000000000006	0.01210987878734319	0	1	-6384842182508457e-23	0.09247000133871752	0.0011198552501324173	0.010313799209332515	0.04471404145415218	-0.0023085726974195306	0.039757514111187456	0.09247678207725261	25614164978841487e-30
7.200000000000006	0.013852117391437864	0	1	-6140935685951632e-23	0.0954342190070086	0.0013220505647669341	0.011245012842617008	0.05164023473967975	-0.0020661136997414888	0.03462424187068118	0.09544337575323644	23694577351091148e-30
7.350000000000007	0.01528326730231404	0	1	-5762472258982582e-23	0.0962840751450001	0.0014716498409633404	0.011928122337440483	0.05743582737969633	-0.0017772736378832033	0.028708645093596906	0.09629532117285053	20863999502906282e-30
7.500000000000007	0.016371187978349577	0	1	-525781861005182e-22	0.09500034551491035	0.001555407474822375	0.012347748097138721	0.061969888021415766	-0.0014485382109159734	0.022143979825719234	0.09501307773335775	17369649977032352e-30
7.6500000000000075	0.017091447066578537	0	1	-4638188245862709e-23	0.09161166139872085	0.0015659283428239167	0.012494418709864797	0.06513989601398336	-0.0010872835717393905	0.015078012563071726	0.0916250437151805	13516884732658038e-30
7.800000000000008	0.017427869100665756	0	1	-3917389066264547e-23	0.08619372204075486	0.001502325008798551	0.012364763792719963	0.06687398275434746	-0.0007016109510379933	0.007669677937884317	0.08620681353391374	9642136648956197e-30
7.950000000000008	0.017372898767008507	0	1	-31115114656124606e-24	0.07886749890348532	0.0013702949369403046	0.01196157700620214	0.0671324904132351	-0.00030016613602704725	8550091707216383e-20	0.07887940220048237	608306811749337e-29
8.100000000000009	0.016927770580791725	0	1	-22385642126553354e-24	0.0697964905648124	0.0011816118451735648	0.011293750259976088	0.06590882347254674	0.00010805234058450053	-0.007504134242357104	0.06980649183075023	3148610804559036e-30
8.250000000000009	0.01610248116143841	0	1	-13180667696923673e-24	0.059183095059037336	0.0009530770491040777	0.010376081109431421	0.06322958121180203	0.0005138923955257261	-0.01492878603929918	0.05919076867745999	109157778930194e-29
8.40000000000001	0.014915564730088813	0	1	-3706078203495336e-24	0.047264171921141615	0.0007050240996731279	0.009228956174075034	0.05915397080602018	0.0009082510312217926	-0.02202174807639657	0.04726942993492043	8629964852862082e-32
8.55000000000001	0.013393676870951048	0	1	5826195695614223e-24	0.034305871858920936	0.0004595092399927538	0.007877914475038555	0.05377251170071566	0.0012822764210939526	-0.02862375343278396	0.03430894916406421	21327993729980643e-32
8.70000000000001	0.011570995904345797	0	1	1520295236311282e-23	0.02059782020578218	0.00023834793063802557	0.006353096206756441	0.04720505318826401	0.001627565382136524	-0.03458651559452446	0.020599199182632512	14522311155715997e-31
8.85000000000001	0.009488455315315999	0	1	24214507241700157e-24	0.006446752545404466	6117155923778871e-20	0.004688584805281018	0.03959813929695761	0.0019363520990507974	-0.039776033441904425	0.006447042759384999	36840977073504904e-31
9.00000000000001	0.007192824475800142	0	1	32659389004206256e-24	-0.00783028267067552	-5632282017552036e-20	0.0029216532457047107	0.031121768590577328	0.0022016839202813974	-0.044075590988192054	-0.007830485231628617	67018696963260375e-31
9.150000000000011	0.00473565830536731	0	1	4034884121127887e-23	-0.021913020250633984	-0.0001037733521132817	0.0010919290922357797	0.02196561119437432	0.002417580079040815	-0.04738838633431255	-0.02191326596866163	10229207811365176e-30
9.300000000000011	0.0021721394588694706	0	1	47111034153465934e-24	-0.0354852187826021	-7707896516268595e-20	-0.0007595034293383971	0.01233476076023929	0.0025791693507367913	-0.04963972917740355	-0.03548530249576587	13945212733528066e-30
9.450000000000012	-0.0004401609570197544	0	1	5279489638326949e-23	-0.048241873565335075	21234190590746602e-21	-0.0025910426320731052	0.002445114177491447	0.0026828029824657873	-0.0507787527664501	-0.048241878238565974	17513129218429533e-30
9.600000000000012	-0.0030425763067450356	0	1	5727348739781006e-23	-0.05989621806212465	0.00018223937626559672	-0.004361525493136478	-0.007481514637416684	0.002726139742576933	-0.05077959491296645	-0.05989649530094268	20610433424069684e-30
9.750000000000012	-0.005576661952026148	0	1	6044683937248042e-23	-0.07018632658115964	0.0003914094744848544	-0.0060311749075597455	-0.01722242991179474	0.0027082006363500677	-0.0496420137801456	-0.07018741796315002	22957630590290556e-30
9.900000000000013	-0.007985507792434579	0	1	6224420620890083e-23	-0.07888113768261037	0.0006299193293087116	-0.007562512268369193	-0.02655911462708797	0.002629391688768218	-0.04739141760214319	-0.07888365280883214	24343203744159813e-30
10.050000000000013	-0.01021501634355826	0	1	6262566888006839e-23	-0.08578573509807905	0.0008763331670419106	-0.008921211050417403	-0.03528219134228875	0.0024914941551131414	-0.0440783027782184	-0.08579021101581141	2464249194202807e-29
10.200000000000014	-0.0122151176498742	0	1	6158305841767069e-23	-0.09074574947840587	0.0011085251406419085	-0.010076869867209891	-0.0431961614183554	0.002297622516891851	-0.03977711117642249	-0.09075251994509594	2382881115972932e-29
10.350000000000014	-0.013940893748005116	0	1	5914017066911902e-23	-0.09365077749107058	0.0013056601238652936	-0.011003687218562683	-0.050123809054318715	0.002052151581516995	-0.034584533981635496	-0.09365987867299991	21975816263231298e-30
10.500000000000014	-0.015353587427339499	0	1	5535226187235338e-23	-0.09443675122917408	0.0014500568600363977	-0.011681024379755815	-0.05591016874382978	0.0017606148627396941	-0.02861730497439794	-0.09444788323524383	19250881153069307e-30
10.650000000000015	-0.01642147263342637	0	1	5030483052797146e-23	-0.09308722688040139	0.0015287667693690923	-0.012093847100286808	-0.06042596972853212	0.0014295771252646298	-0.02200953975976371	-0.093099779463318	15900077781352895e-30
10.800000000000015	-0.01712056696676092	0	1	44111709722077325e-24	-0.08963359385597398	0.0015347278989829329	-0.01223304054779492	-0.06357048739689984	0.0010664845051153475	-0.01490968844319261	-0.08964673188277203	12226091736788156e-30
10.950000000000015	-0.017435170275774414	0	1	3691250899595007e-23	-0.08415423179035297	0.001467392052167089	-0.012095594958201325	-0.06527374806590922	0.0006794959671019869	-0.007477177172550708	-0.08416702422955927	8561049339129695e-30
11.100000000000016	-0.0173582172483909	0	1	28869464578238927e-24	-0.07677266202369491	0.0013327704068262433	-0.011684661634331954	-0.06549804918870382	0.0002773000556726796	0.00012118119408547972	-0.0767842295732776	52366955674946536e-31
11.250000000000016	-0.01689143608370453	0	1	2016377205042256e-23	-0.06765475283005147	0.00114289463238507	-0.011009480367958898	-0.0642387711902766	-0.00013107902429793658	0.0077149249571524395	-0.067664405625381	25546030516101897e-31
11.400000000000016	-0.016045309680353673	0	1	10991487692182044e-24	-0.05700504545010069	0.0009147421096532965	-0.010085180306249346	-0.06152446977066673	-0.0005364819475017538	0.015133747756653531	-0.057012384267764296	7590892204814058e-31
11.550000000000017	-0.0148388402132173	0	1	15590975537853972e-25	-0.04506227342591466	0.0006687209578839706	-0.008932457106683988	-0.057416248998816484	-0.000929817391176815	0.02221128845799972	-0.04506723503867757	15273073741832104e-33
11.700000000000017	-0.013299122385533447	0	1	-7921140914393674e-24	-0.032094153533033826	0.0004268492411249164	-0.007577130305782664	-0.05200642652177716	-0.0013022637089030763	0.028788828601445115	-0.03209699193501778	3942351532836343e-31
11.850000000000017	-0.011460734940277212	0	1	-1723597624602943e-23	-0.018391535076635643	0.0002107897377051964	-0.0060495864780529575	-0.04541651350991614	-0.0016454651123897952	0.034718822107845757	-0.018392742992513138	1866601636005479e-30
12.000000000000018	-0.009364964096140876	0	1	-26175948807507557e-24	-0.004262006843169054	3991470794022549e-20	-0.004384116151550537	-0.03779454421034931	-0.0019517183027897731	0.039868184920251216	-0.004262193744438397	4305114768428124e-30
12.150000000000018	-0.007058876348069884	0	1	-3454007924221742e-23	0.0099769223216618	-704270307541061e-19	-0.002618155557359103	-0.0293118035375668	-0.00221414550279504	0.044121275488265735	0.009977170890544791	7495947350939745e-30
12.300000000000018	-0.0045942614552557095	0	1	-42140356708830734e-24	0.024004933760575182	-0.00011028571786673676	-0.0007914479100034138	-0.020159015897913926	-0.002426849918423952	0.047382500828073444	0.02400518710173215	11157741186349147e-30
12.450000000000019	-0.0020264693547965102	0	1	-48805930896003275e-24	0.03750614447415165	-7600515644880289e-20	0.0010548573299139605	-0.010542073844754096	-0.0025850498501696966	0.04957848785024802	0.03750622148523819	14966666095002026e-30
12.60000000000002	0.0005868328785627061	0	1	-5438692019349377e-23	0.05017631481130007	2944511461783103e-20	0.0028791453412952478	-0.0006774001921131994	-0.002685188014331697	0.05065976631613064	0.05017632345098099	18585266851721728e-30
12.75000000000002	0.003186956110606025	0	1	-5875775566326953e-23	0.06172983389627538	0.00019673093736618713	0.004640292504478487	0.00921294939629132	-0.002725013147079756	0.050601918629282115	0.06173014738297217	2169253297141415e-29
12.90000000000002	0.005715507179074846	0	1	-6181999002148394e-23	0.07190629546123072	0.00041098542313840414	0.0062986127793237855	0.018906325907467856	-0.0027036316431365685	0.04940616291584109	0.07190746995949615	24012519448106212e-30
13.05000000000002	0.008115700278204022	0	1	-6350451092193993e-23	0.08047648418124799	0.0006531373646380589	0.007816768103659673	0.028184544836606394	-0.002621527800166968	0.04709934938924175	0.08047913452934086	25338973638451517e-30
13.20000000000002	0.01033363224549641	0	1	-6377310783207784e-23	0.08724761050426923	0.0009016168141888955	0.009160618565243632	0.03683883725489325	-0.0024805521497230677	0.04373336536360213	0.08725226903401595	2555377296835547e-29
13.350000000000021	0.01231949311054424	0	1	-6261935486104549e-23	0.0920676590016433	0.0011342842747382761	0.010299990950905011	0.044674572641820794	-0.0022838782924694176	0.03938396069340895	0.09207464599366533	24637523202464834e-30
13.500000000000021	0.014028684719580539	0	1	-600687838873669e-22	0.09482874879904707	0.0013304098970374665	0.011209348064659579	0.05151564050885172	-0.0020359295520457725	0.03414902188112817	0.0948380809025937	22671358662255288e-30
13.650000000000022	0.015422822313864826	0	1	-5617833869859988e-23	0.09546944120663543	0.0014725249832555263	0.01186834545607057	0.057208390227412774	-0.001742277558028792	0.02814633855185399	0.09548079667730854	19829768888248364e-30
13.800000000000022	0.016470596568611797	0	1	-5103511727571035e-23	0.09397596556322778	0.0015479801974267512	0.01226226641205633	0.061625043553160626	-0.0014095155203893667	0.02151091948526404	0.09398871393009163	16365078864321762e-30
13.950000000000022	0.017148476732927107	0	1	-4475442502894131e-23	0.09038236629919083	0.001550071851856067	0.01238232981031861	0.06466651074385125	-0.0010451094449041602	0.014391926201177163	0.09039565731044287	12584959793015217e-30
14.100000000000023	0.017441239079743154	0	1	-3747718189748788e-23	0.08476960006594354	0.0014786367966803306	0.012225868427011986	0.06626455762339387	-0.0006572308652053175	0.0069492998365698125	0.08478249502177035	8824979832177872e-30
14.250000000000023	0.01734230879790862	0	1	-29366741439573854e-24	0.07726363058709713	0.0013400640871367223	0.011796377442745939	0.06638328647229104	-0.0002545748583108739	-0.0006498382757868888	0.0772752507809392	5418653583890481e-30
14.400000000000023	0.01685390764827247	0	1	-2060519684961538e-23	0.06803258119400475	0.0011467234197732243	0.011103434304262166	0.06501990768833095	0.00015383279304441707	-0.008234929977575052	0.06804224480806248	26676779807351154e-31
14.550000000000024	0.015987004067725144	0	1	-11389261822068728e-24	0.05728301257177462	0.0009158617829558322	0.010162492042397652	0.06220479171423274	0.0005588353809671094	-0.015635785466867596	0.0572903336707299	8150251718963908e-31
14.700000000000024	0.014761066841752489	0	1	-1925824588173433e-24	0.04525539858987549	0.0006680664857072838	0.008994548986028245	0.05800080216049084	0.0009513480485030101	-0.02268636982859095	0.045260329366431144	2330307983128069e-32
14.850000000000025	0.013203627877486013	0	1	7572719493462531e-24	0.032218878937611564	0.00042543081101436084	0.0076256989251852775	0.05250192204558876	0.0013225595620284403	-0.02922849293932857	0.03222168759347391	3603160505894941e-31
15.000000000000025	0.011349663896423959	0	1	16893247618080524e-24	0.01846537590767535	0.0002095848095621015	0.006086567469159572	0.04583119640817551	0.001664129009651759	-0.03511532760797092	0.018466565279015926	17931068274832354e-31
15.150000000000025	0.009240810932671786	0	1	25826692075026898e-24	0.004303175389161606	39765962089743216e-21	0.004411642776284336	0.03813802686520074	0.001968373282830338	-0.04021468379897774	0.004303359125337677	4190997845119544e-30
15.300000000000026	0.006924429277378129	0	1	3417271961579016e-23	-0.009949911025798026	-6889855640144967e-20	0.002638511972249388	0.029594867323722303	0.0022284411606874267	-0.04441197002500086	-0.00995014956834174	7337345251445577e-30
15.450000000000026	0.004452539868698341	0	1	4174420502711536e-23	-0.023973666276864085	-0.00010674441031509197	0.0008070182012233972	0.02039338488060936	0.0024384698610170675	-0.04761277686197789	-0.02397390391912806	10948944591307393e-30
15.600000000000026	0.0018806560136739956	0	1	4837140378009914e-23	-0.037452713897851105	-7043575467575934e-20	-0.0010416430120441093	0.010740165358513278	0.002593720097175413	-0.049745022574228026	-0.037452780130583445	1470135113746611e-29
15.750000000000027	-0.0007334633209636674	0	1	5390573619597488e-23	-0.0500837162541694	3673457541907492e-20	-0.00286586604291523	0.0008520579061926945	0.0026906860247039523	-0.050760607613883256	-0.05008372972590184	18257858275581325e-30
15.900000000000027	-0.003331110650665585	0	1	582231036234373e-22	-0.061582340234845157	0.00020513834818722517	-0.004624591518113389	-0.009048733645829619	0.002727176995273558	-0.05063653373575987	-0.061582681904429316	21299557083741895e-30
16.050000000000026	-0.005853948416601986	0	1	6122666612279584e-23	-0.07168980335756991	0.0004196732047256902	-0.0062782508705842	-0.018739694762870785	0.0027023687530330354	-0.04937545485330195	-0.0716910317337239	23553805943355654e-30
16.200000000000024	-0.008245319121465486	0	1	6284902134211643e-23	-0.08017882123586681	0.0006611149499457032	-0.007789673394007064	-0.02800305556148546	0.0026168225780337237	-0.0470056404257186	-0.0801815468031774	24818578719110814e-30
16.350000000000023	-0.010451517734714194	0	1	6305373510488754e-23	-0.08685879576969072	0.0009078393003254309	-0.009124931731824007	-0.03663073245508526	0.0024724718487987955	-0.043580347624039686	-0.08686353996215015	2498052170696159e-29
16.50000000000002	-0.012422997791776554	0	1	618361854199555e-22	-0.0915801108470149	0.0011377580457992247	-0.010254104654895376	-0.044429034982388704	0.00227257649239969	-0.03917661497586739	-0.09158717812075179	2402510253849497e-29
16.65000000000002	-0.014115484100829764	0	1	59223696605584343e-24	-0.09423743609067833	0.0013302953843991729	-0.011151939808701316	-0.0512230254293676	0.0020216467428536477	-0.033893506633032096	-0.09424682512824736	22037934678567406e-30
16.80000000000002	-0.015490967068156475	0	1	5527495422436301e-23	-0.09477197575172172	0.00146822700072125	-0.01179840336547621	-0.056860431427662186	0.001725338472200505	-0.027849851786261714	-0.0947833481071996	19197145279624132e-30
16.950000000000017	-0.016518556311675866	0	1	5007870796473204e-23	-0.09317263556224427	0.0015392174281156344	-0.01217910770203565	-0.06121502690412471	0.0013903230458329472	-0.02118153711587704	-0.09318534867620445	15757455864684513e-30
17.100000000000016	-0.01717517439232945	0	1	4375178826440622e-23	-0.08947611202132454	0.0015369189543807068	-0.012285611918428859	-0.06418941319936099	0.0010241351612919067	-0.014038420814816823	-0.08948931077131476	12027392546822578e-30
17.250000000000014	-0.017446075083610346	0	1	36436478814752465e-24	-0.08376593402812381	0.0014615350578042361	-0.012115592943601919	-0.06571714860275027	0.0006350024605952894	-0.006580944290918254	-0.08377868337667514	8341663555189393e-30
17.400000000000013	-0.017325174540019618	0	1	2829730454379615e-23	-0.07617050518908061	0.0013197993509001078	-0.011672887062355825	-0.06576419001123178	0.00023166088602421682	0.0010234778354421886	-0.0761819383521212	5031181745841247e-30
17.55000000000001	-0.016815187927120206	0	1	1951731134123666e-23	-0.06686020712450585	0.0011243729219921582	-0.010967403059705732	-0.06432962439953563	-0.00017684018035772338	0.008604207021352091	-0.06686966061824699	23934251402472657e-31
17.70000000000001	-0.01592756844477193	0	1	10293925079227612e-24	-0.056043631494115204	0.0008927142679235915	-0.010014909091366974	-0.0614456802699625	-0.0005813389451175455	0.015991187278229235	-0.056050741028217776	6657970621469643e-31
17.85000000000001	-0.014682250112954272	0	1	8344898280113927e-25	-0.04396301380487106	0.0006455223498237458	-0.008836696222542684	-0.05717702064042206	-0.0009727643634236271	0.023018728476089594	-0.04396775275029877	4375442317568491e-33
18.000000000000007	-0.013107200096652822	0	1	-8648409524126058e-24	-0.030888948059398413	0.0004048908098255774	-0.0074591227090385435	-0.05161933012448685	-0.0013423373980679424	0.02952918864177456	-0.03089160158981878	4699507652351585e-31
18.150000000000006	-0.01123779062362735	0	1	-17941730718590475e-24	-0.017114470182837117	0.00019233692922658615	-0.0059130448238117975	-0.04489722003126148	-0.001681766332812717	0.03537648027260532	-0.01711555091528067	20225931719415474e-31
18.300000000000004	-0.009116004600434312	0	1	-26836754556474996e-24	-0.0029486111789137352	26880297669512432e-21	-0.004233142508026816	-0.03716148780104517	-0.001983432080676248	0.040429328689527436	-0.0029487337002208	45252216559094536e-31
18.450000000000003	-0.006789492766855364	0	1	-3513375605798226e-23	0.011290461939630438	-7665768758684527e-20	-0.002457151308379329	-0.028585780799894413	-0.0022405594428046693	0.044574213725116246	0.011290722174037836	7755843398650078e-30
18.6	-0.004310503563010771	0	1	-42646463674814125e-24	0.025282579627873742	-0.0001089813245540059	-0.0006250157191833206	-0.01936272937382593	-0.0024473703616804455	0.047717929965121045	0.025282814510431347	1142736021033993e-29
18.75	-0.0017347097420352601	0	1	-492062129593991e-22	0.038712819948230934	-6715557328299733e-20	0.0012220172103990143	-0.009699629480552342	-0.0025992154183995643	0.04978970588451205	0.03871287819595916	15213171182548294e-30
18.9	0.0008800419199340543	0	1	-54665706471721456e-24	0.051278700731776004	4512741787494091e-20	0.003042341792830985	0.000186229867906403	-0.0026926801833953807	0.05074282911144501	0.05127872058878702	18776290613399016e-30
19.049999999999997	0.0034750297376394583	0	1	-58902301146508344e-24	0.06269712848102578	0.00021787526292340697	0.0047949504468364525	0.010072485995308486	-0.002725663561113193	0.05055573416188384	0.06269750704291559	21799392547617545e-30
19.199999999999996	0.005991975879157087	0	1	-6182075341985393e-23	0.07271091697847325	0.0004356872749474935	0.006440377340299497	0.019736750417522066	-0.0026974259659919425	0.049232520504370214	0.07271222229619984	24013112500010055e-30
19.349999999999994	0.00837435516036238	0	1	-6335536242707247e-23	0.08109469718295813	0.0006791316716760835	0.007941603234498081	0.0289616610180633	-0.00260860599928125	0.046802882591206345	0.08109754084448648	252200897458026e-28
19.499999999999993	0.010568664478704451	0	1	-6347146204392422e-23	0.08766005900746976	0.0009264842471329902	0.009264897540381043	0.03753981355271591	-0.00246120521238055	0.04332144902290095	0.08766495490361736	25312606795173196e-30
19.64999999999999	0.012525624377543548	0	1	-6216622494557436e-23	0.09225979348550095	0.0011556719572358353	0.010380576574239945	0.04527845175562258	-0.002258541478104909	0.03886654448479305	0.09226703133655068	24282246274640218e-30
19.79999999999999	0.014201285756506959	0	1	-5946875575335436e-23	0.0947911378896739	0.0013462465396547672	0.011263660865238662	0.05200380428148365	-0.002005172379453694	0.033538404498968326	0.09480069726623694	22220691623823076e-30
19.94999999999999	0.015558016873534758	0	1	-5543946459905773e-23	0.0951979630341095	0.0014812110270957773	0.011894418637356402	0.0575649694722984	-0.0017067908072274883	0.027456888317181346	0.09520948561960867	1931158514665505e-29
20.099999999999987	0.016565348472677238	0	1	-50168730749437484e-24	0.09347187759986156	0.0015485358723863693	0.012258786767728284	0.06183726423393321	-0.0013700955918964726	0.02075874850157851	0.09348470391134353	1581415880722163e-29
20.249999999999986	0.01720065805789574	0	1	-43774880920010574e-24	0.08965225571547372	0.0015422298937369675	0.012348664195709952	0.06472496977960816	-0.0010026404635371659	0.013594526215245819	0.08966551972702677	12040092266909217e-30
20.399999999999984	0.017449677945552456	0	1	-36401527630289513e-24	0.08382521910019614	0.0014628715572209791	0.012162075658446	0.06616342339153224	-0.0006126649431287893	0.006125148635991005	0.08383798274284045	832566798163247e-29
20.549999999999983	0.01730681568582564	0	1	-28214326375545922e-24	0.07612162310723895	0.0013175544506587398	0.011703205689362898	0.06612042073468694	-0.0002089109468611929	-0.0014816907493414798	0.07613302472784715	50017184346337996e-31
20.69999999999998	0.016775279657075995	0	1	-1939722987355743e-23	0.0667141076770605	0.001119252804969109	0.010982304161229464	0.06459690714604732	0.0001995710261996587	-0.009055286546850769	0.06672349578662568	2364064347975559e-30
20.84999999999998	0.015867007012585553	0	1	-10148326841647316e-24	0.05581328139327645	0.0008856640540011381	0.010015465568136154	0.061626948724718474	0.0006036222086474639	-0.016425728541928728	0.055820307959573365	6470960667896709e-31
20.99999999999998	0.014602395597829932	0	1	-6753660631767868e-25	0.04366311210705703	0.0006376313573662493	0.00882428509256472	0.05727698539445503	0.0009941784292376132	-0.023427681253811797	0.04366776766244557	28658822052894097e-34
21.149999999999977	0.013009845858844096	0	1	8808929193670136e-24	0.030535603654375933	0.0003972859113558477	0.007435395669135165	0.05164437910453938	0.0013624715209067978	-0.029904058289519572	0.03053818800506177	4875577976506185e-31
21.299999999999976	0.011125123029432134	0	1	18091646302435556e-24	0.016724847228507964	0.0001860736598042821	0.00587989202715996	0.044855281750599975	0.001700225193420287	-0.03570951668581771	0.01672588228536251	20565347175138893e-31
21.449999999999974	0.00899055392112131	0	1	26964459996677123e-24	0.0025405491739519436	22841559764637027e-21	0.004192650209355775	0.037061859854903643	0.001999841221086122	-0.04071369943156463	0.002540651853780912	45683915861324325e-31
21.599999999999973	0.00665407635422633	0	1	3522829317999609e-23	-0.011698845787364952	-7784616206118943e-20	0.0024115542728641677	0.02843892682774934	0.0022545717650248416	-0.04480415765111208	-0.01169910478547373	7797638051739257e-30
21.74999999999997	0.0041681625777528885	0	1	4269776153434265e-23	-0.025673297071003912	-0.00010701109583298294	0.0005766455389563319	0.019180048562025105	0.0024586737063379926	-0.047888887898468784	-0.025673520091149354	11454867845298037e-30
21.89999999999997	0.0015886408558084643	0	1	4920530696421208e-23	-0.03906841784580125	-6206573699027489e-20	-0.0012707865254321811	0.009493203534806979	0.0026075410590924173	-0.04989842521436161	-0.03906846714589439	1521261097146301e-29
22.04999999999997	-0.0010265583148509436	0	1	5460493299417233e-23	-0.05158265649865937	52952623512944994e-21	-0.0030891494151549116	-0.0004039065573471115	0.002697811897338436	-0.050787439602976145	-0.05158268367813973	18734565508131472e-30
22.199999999999967	-0.003618703198887214	0	1	58775463734078576e-24	-0.0629342244945029	0.00022774127356853984	-0.004837503899628861	-0.01028878661765256	0.0027274467854839306	-0.050535792827192616	-0.0629346365589901	2170561008062025e-29
22.349999999999966	-0.006129579810537688	0	1	6162325749797558e-23	-0.07286758396159423	0.00044665326533187266	-0.006476505618624957	-0.01993919960934541	0.002695776437927338	-0.04914902407425588	-0.07286895286429891	23859930397946783e-30
22.499999999999964	-0.008502799274233492	0	1	6308431515868666e-23	-0.08115931751610328	0.0006900980169374561	-0.007969306370581731	-0.029138215323358863	0.002603517217447795	-0.04665824693974535	-0.08116225141623815	25004757890194357e-30
22.649999999999963	-0.01068506419717761	0	1	6312573512438501e-23	-0.08762322236036196	0.0009362953887980171	-0.009282391298873819	-0.03767913156231009	0.0024527540560704154	-0.0431194557910092	-0.08762822459612268	2503760396994504e-29
22.79999999999996	-0.012627365613884748	0	1	6174647922672525e-23	-0.0921144989783578	0.0011632252831370938	-0.010386331223667038	-0.04537014739049956	0.0022468913770586976	-0.038612256074308786	-0.09212184331141669	23955446326885483e-30
22.94999999999996	-0.014286083621889071	0	1	5897742572737269e-23	-0.09453293899766409	0.0013505973548937494	-0.0112564332666073	-0.05203867730205465	0.0019905735398966936	-0.03323804950635724	-0.0945425865351225	21855034332294573e-30
23.09999999999996	-0.015623966990714649	0	1	54880704113410166e-24	-0.09482505343694082	0.0014816640689223224	-0.011873277186161598	-0.05753520809118082	0.001689577158074902	-0.027117720288388446	-0.09483662840765597	1892427357562261e-29
23.249999999999957	-0.016610969744203067	0	1	49548319353522906e-24	-0.09298511795841925	0.0015447150584817857	-0.012223128990218178	-0.06173661560826335	0.0013506783072337637	-0.020388881569729487	-0.09299794786097726	15425445814404682e-30
23.399999999999956	-0.017224925928362663	0	1	4310009375379369e-23	-0.08905514279121611	0.001534119964587144	-0.0122982270112147	-0.06454887508553103	0.0009814981284152586	-0.01320275170095106	-0.08906835566928153	11671758636571066e-30
23.549999999999955	-0.017452047410908205	0	1	3568097072936036e-23	-0.08312379965525653	0.0014508277903291645	-0.012096938465445078	-0.06590911507628525	0.00059033064344033	-0.005720737035991662	-0.08313645993428165	799932221680586e-29
23.699999999999953	-0.01728723353298659	0	1	274577418663769e-22	-0.07532435565203083	0.0013022794575211743	-0.011623786515304426	-0.06578698036113319	0.00018595676474204896	0.0018891977747727913	-0.07533561233692276	4737066746115906e-30
23.84999999999995	-0.016734185658978298	0	1	1861527463298106e-23	-0.06583167546018677	0.0011017423227016553	-0.01088934914818962	-0.06418528297818127	-0.0002225514569976808	0.009456289527766707	-0.06584089405560185	21773024634316523e-31
23.99999999999995	-0.01580532405183308	0	1	9352330507299928e-24	-0.0548583602015228	0.0008671263662512331	-0.009910032069950942	-0.06113993286433837	-0.0006260323001521599	0.01681078428365573	-0.05486521295078575	5495656259150581e-31
24.14999999999995	-0.014521508940740606	0	1	-12292634326295304e-26	-0.042650096627611246	0.0006193872977182072	-0.008707718659472717	-0.05671915090246125	-0.001015437519246269	0.023787713155447556	-0.042654593925732676	9494449606429379e-35
24.299999999999947	-0.012911572045354858	0	1	-9597623731384257e-24	-0.029480296497949726	0.00038065812539236573	-0.0073093012170701846	-0.05102197816819047	-0.0013820331387408046	0.030230558544506018	-0.02948275397949544	5787717270964298e-31
24.449999999999946	-0.011011669077528185	0	1	-1885897021324784e-23	-0.015644115323326577	0.0001722747841714398	-0.005746099548068428	-0.044176106630720455	-0.00171759384682453	0.03599473617624537	-0.015645063849368042	22346824458905583e-31
24.599999999999945	-0.008864467761970203	0	1	-27699028097162538e-24	-0.0014519531470232926	12871128993199695e-21	-0.004053175483928923	-0.03633506909011375	-0.0020145869293035842	0.04095082130809541	-0.0014520101952508468	482068695211308e-29
24.749999999999943	-0.006518189611136967	0	1	-35919366047455216e-24	0.012777442474532025	-8328697233803817e-20	-0.00226855519424664	-0.02767483998865661	-0.0022663417046054402	0.04498745080314072	0.012777713915632025	8106571069590483e-30
24.89999999999994	-0.004025526974020621	0	1	-4333548862316696e-23	0.02672413119588738	-0.00010757929210145985	-0.0004323748311489756	-0.018389913712174525	-0.002467200520065224	0.048013836791239634	0.02672434772785091	11799599420071449e-30
25.04999999999994	-0.0014424596795890037	0	1	-4978094993309898e-23	0.040074232462638325	-5780550462518579e-20	0.0014140312295317934	-0.008688942416779259	-0.002612647591337783	0.04996183293228565	0.0400742741537004	15570631537412186e-30
25.19999999999994	0.0011730021494876263	0	1	-5511106433608565e-23	0.052527099747273445	6161442914995202e-20	0.003229077009259798	0.0012099698014773868	-0.002699412345153839	0.05078750141862315	0.052527135884206495	19083475217621668e-30
25.349999999999937	0.003762120879129354	0	1	-59206136223070254e-24	0.06380223048137826	0.00024003283584725547	0.004971881507782236	0.011084206737741477	-0.002725544476088475	0.050472138228747236	0.06380268199818248	2202486770668988e-29
25.499999999999936	0.00626675048447722	0	1	-6197414078222266e-23	0.0736457250820916	0.00046152542502992267	0.006603209264624202	0.020711694667779855	-0.0026904586419814543	0.04902272592874213	0.07364717121916473	2413242121846694e-29
25.649999999999935	0.00863064238425616	0	1	-6335279604000341e-23	0.0818361182797739	0.000706315808398099	0.00808636932340055	0.0298759471992893	-0.0025949475671186856	0.04647179732269889	0.08183916627827006	2521804656591062e-29
25.799999999999933	0.0108007086626457	0	1	-6331097973316985e-23	0.0881894260634417	0.0009525453381231898	0.00938804888498958	0.03837097561973502	-0.002441163243996953	0.04287670893506403	0.08819457019579169	2518476697553453e-29
25.949999999999932	0.01272821430941852	0	1	-6184945430445812e-23	0.09256328031864584	0.0011782288970239396	0.010479061033391567	0.04600594479475498	-0.00223256685817472	0.03831833982486166	0.09257077879483348	2403541431666694e-29
26.09999999999993	0.014369871703203724	0	1	-5900087968463424e-23	0.09486005776625502	0.0013632206930696486	0.01133498985378894	0.05260946411143027	-0.0019738489396470085	0.03289924756246154	0.09486985258803374	21872420271299472e-30
26.24999999999993	0.015688812758140238	0	1	-5482910641456382e-23	0.09502894653841426	0.001491013682962016	0.01193672054634897	0.058033416065958715	-0.0016708220110672337	0.026741328294331224	0.09504064289557167	18888705885080676e-30
26.399999999999928	0.0166554169016024	0	1	-4942776101282512e-23	0.09306692900590474	0.001550211849408006	0.012270846280543918	0.062156240591972736	-0.0013302886190734895	0.019983040763221216	0.09307983901666439	15350472384199327e-30
26.549999999999926	0.017247976288402928	0	1	-4291814999146797e-23	0.08901869023792802	0.0015355445325461248	0.012329947130690135	0.06488560974722535	-0.0009598880848146783	0.012776264290976475	0.08903193308407728	11573423752390765e-30
26.699999999999925	0.017453183312196533	0	1	-3544652944588337e-23	0.08297548577152893	0.0014483334272578441	0.012112739240588864	0.06616044369654273	-0.0005679256028431936	0.00528286777248643	0.08298812510677483	7894548704229717e-30
26.849999999999923	0.0172664294656289	0	1	-2718080243087991e-23	0.07507301962751102	0.001296371829658643	0.011624094336226975	0.06595223415978763	-0.0001631874836348303	-0.002328929250429536	0.07508421176195024	4641992302808652e-30
26.999999999999922	0.016691908837476538	0	1	-1830672133841058e-23	0.065488394569271	0.0010932278455955766	0.010874930986035734	0.06426565520766543	0.0002452535835158778	-0.009888320966326898	0.06549751881089014	2105721881152703e-30
27.14999999999992	0.015742523922454756	0	1	-9023686726432334e-24	0.05443620343472006	0.0008570340347294915	0.009881979894936738	0.06113845354449149	0.0006482393287725564	-0.01722572325476137	0.05444294951343941	511620440778742e-30
27.29999999999992	0.014439595859002513	0	1	45975773354162533e-26	0.04216383560335796	0.0006088710634964615	0.008667426387662993	0.05664062168585175	0.001036728803904523	-0.024176545271636235	0.042168231605783035	13281219511308796e-34
27.449999999999918	0.012812385602478707	0	1	9930627331221163e-24	0.028946078959409496	0.0003708886202114397	0.007258434457935923	0.05087286844368773	0.001401999374430584	-0.030584847300132435	0.028948454975921797	6196311423054925e-31
27.599999999999916	0.010897436787187688	0	1	1917628588845287e-23	0.015079107180329168	0.0001643301223142101	0.00568655861044707	0.04396441263792354	0.0017358417142773136	-0.036306810384897664	0.01508000257775026	23105153590067953e-31
27.749999999999915	0.008737755035136205	0	1	27989214816215432e-24	0.0008739558684732547	763660663377787e-20	0.003987052321702246	0.03607013855395823	0.002030744647107259	-0.041213946290683194	0.0008739892320845377	4922223154425836e-30
27.899999999999913	0.006381842142477726	0	1	36171654617126504e-24	-0.013350391327303394	-8520124669205989e-20	0.0021980852203985785	0.02736716559391062	0.0022800656548906204	-0.04519597966787933	-0.013350663198679516	82208480134056e-28
28.049999999999912	0.003882606833734525	0	1	43540019029442694e-24	-0.027274165494069812	-0.00010589539345562517	0.0003598847762818018	0.018050899596008776	0.0024781829440996025	-0.04816333838580741	-0.027274371069417228	11911243347243346e-30
28.19999999999991	0.0012961765459093351	0	1	49928988201265285e-24	-0.04058406341647726	-5260414061341156e-20	-0.0014861780197161433	0.008330648713090428	0.0026206251703064717	-0.05004919337228944	-0.04058409750860868	15663376922969314e-30
28.34999999999991	-0.0013193630727461455	0	1	5519519430408606e-23	-0.052980409947282536	699004370032644e-19	-0.0032985362829599566	-0.0015750985487984325	0.0027041753081373456	-0.050810996535695846	-0.05298045605931689	1914178356689037e-29
28.499999999999908	-0.0039052726411657663	0	1	592204227411546e-22	-0.06418404571212875	0.0002506574719701051	-0.005036383190684376	-0.011443622839468202	0.0027269457298923915	-0.05043147485537437	-0.06418453515563456	2203549824786844e-29
28.649999999999906	-0.006403478205333075	0	1	6191426062559745e-23	-0.07394275397988825	0.000473497285391167	-0.006660610305981478	-0.0210530313592297	0.0026884223113776743	-0.048919050646008634	-0.07394426999984213	240858096791944e-28
28.799999999999905	-0.008757875454088512	0	1	632161339596792e-22	-0.08203705090486414	0.0007184886439656039	-0.008134702810956542	-0.03018729848915042	0.002589476280386364	-0.04630767212228276	-0.08204019714200336	25109365220913514e-30
28.949999999999903	-0.010915589701004338	0	1	6309668725785112e-23	-0.08828518395553447	0.0009637231209169336	-0.009425568140002899	-0.03864116502524751	0.0024323435034296625	-0.04265605414902635	-0.08829044381084711	25014566720785734e-30
29.099999999999902	-0.012828163335850734	0	1	6155846987920452e-23	-0.09254721246036769	0.001187275885152158	-0.010504277664368884	-0.046224776480513784	0.0022205718989836715	-0.03804634560339204	-0.09255482784929103	2380978649014327e-29
29.2499999999999	-0.014452644078053158	0	1	5863590912227438e-23	-0.09472807890093549	0.001369166539868645	-0.011346705045504552	-0.05276795059351644	0.0019589385986910988	-0.03258225607117252	-0.09473797311150242	21602658213452005e-30
29.3999999999999	-0.01575254959231443	0	1	5439456406140054e-23	-0.0947796162692158	0.001493144111975461	-0.011934049155226322	-0.05812397745761915	0.0016533392897594592	-0.026386689602660354	-0.09479137692574638	1859049139128169e-29
29.549999999999898	-0.016698686803214256	0	1	48929671927942295e-24	-0.09270147185633808	0.001548136744704988	-0.012253233567936284	-0.06217287127560606	0.0013106528198143996	-0.01959894605829462	-0.09271439808202256	1504265433712426e-29
29.699999999999896	-0.017269807508746626	0	1	4236401587552894e-23	-0.0885409582472806	0.0015292373383500198	-0.012297178170095732	-0.06482400928575012	0.0009385846123061995	-0.012371560549175481	-0.08855416339271514	11276494504263123e-30
29.849999999999895	-0.017453085569128467	0	1	34845160644311966e-24	-0.08239186617680484	0.0014381383174066277	-0.012064941173385024	-0.06601810968529956	0.0005454927346129174	-0.004866858346870652	-0.08240441647094232	7628950736558917e-30
29.999999999999893	-0.017244404954247658	0	1	26542119559204245e-24	-0.07439229077261195	0.001282977962913261	-0.011561731726058523	-0.06572851553115229	0.00014020061229953819	0.002746693502393794	-0.07440335314251749	4426404213460882e-30
30.149999999999892	-0.01664845218082571	0	1	1764153164387124e-23	-0.06472153348274755	0.0010776129180973654	-0.01079879454902376	-0.06396176522516563	-0.0002681995647175676	0.010298255355393394	-0.06473050398351354	19554757941888817e-31
30.29999999999989	-0.015678611063355732	0	1	8343439939543722e-24	-0.053596148679369876	0.0008403820313457648	-0.009793168883830434	-0.060757442377835126	-0.0006705486980744346	0.017618423133904975	-0.05360273682583502	437391316112495e-30
30.44999999999989	-0.014356662142482705	0	1	-11432278134155489e-25	-0.04126520919132091	0.0005924713726563752	-0.008567324908534544	-0.056187309078237324	-0.0010578238648316287	0.024542995631568525	-0.04126946222003496	821193365393784e-32
30.599999999999888	-0.012712293541016665	0	1	-10605370285340454e-24	-0.028004871492277587	0.0003560253253773813	-0.007148682021434944	-0.050353737611523536	-0.0014213385953728392	0.03091662375635629	-0.028007134471975028	7066942232780062e-31
30.749999999999886	-0.010782434232698172	0	1	-19830504379398086e-24	-0.014112331011523073	0.00015217117823048697	-0.0055690152825902395	-0.04338746721999106	-0.0017529362966721856	0.036596267391921386	-0.014113151407332096	247085573530862e-29
30.899999999999885	-0.008610424697062247	0	1	-2861153058682772e-23	0.00010072798341500145	-8673321558304548e-22	-0.0038637589481903857	-0.03544472517572448	-0.002045172760911624	0.041454388602313694	0.00010073171748720133	5143539161383827e-30
31.049999999999883	-0.00624504358570455	0	1	-367513647864149e-22	0.01431506561970294	-8939937094756383e-20	-0.0020712193487297473	-0.026703765432805695	-0.002291483726830386	0.04538181328046011	0.014315344772094278	8486464745768346e-30
31.199999999999882	-0.003739412258927065	0	1	-4406733745762399e-23	0.028211060394124174	-0.00010549327679911783	-0.0002317130763341954	-0.017360893197431403	-0.0024863335719583924	0.048290197481504274	0.028211257635780286	12201507492499611e-30
31.34999999999988	-0.0011498017945085807	0	1	-503952660643823e-22	0.0414759619786577	-47689156543713183e-21	0.0016133498559264727	-0.007626059162177843	-0.0026253414517032813	0.05011404015315427	0.04147598939519962	159572979158648e-28
31.49999999999988	0.001465630739388974	0	1	-5559311563397327e-23	0.05381104518042257	7886717838649655e-20	0.0034224150234718046	0.0022818782177997437	-0.0027053815985662757	0.050812191332808114	0.053811102975513385	19418777989872597e-30
