#y=-1.4142135623730951 
#strength 	x-position 	z-position 
0.013540177097239411	-4.149752197881707	-7561468714864758e-20
0.013206748697577507	-4.1487615030163365	-0.0003779167127572591
0.012537428609699733	-4.146782166651953	-0.0009818941968629136
0.011532068413600811	-4.143818291265445	-0.0018862953038984828
0.010238271545725902	-4.139876019941161	-0.0030892455244616733
0.008784323860240608	-4.134963523638428	-0.0045882515605219915
0.007310774724142	-4.129090984255999	-0.0063802064931616775
0.005857676478392276	-4.1222705735285246	-0.008461396222139579
0.004360045753691929	-4.114516427798758	-0.010827507163931094
0.0027585743938647253	-4.105844618717832	-0.013473635192288747
0.0010716305085689565	-4.09627311993431	-0.01639429580279267
-0.0006448654145230868	-4.0858217698410515	-0.01958343548032368
-0.0023561005279086685	-4.074512230457113	-0.023034444245897512
-0.004045946125275409	-4.062367942529907	-0.02674016935685589
-0.005694751052203892	-4.049414076950676	-0.030692930132017925
-0.007286155124153813	-4.035677482583978	-0.034884533871064646
-0.008816724371461044	-4.021186630619302	-0.039306292835161474
-0.010283287692726684	-4.005971555560188	-0.043949042253623796
-0.011674378993088185	-3.990063792973142	-0.048803159319303804
-0.012981146110755746	-3.9734963141253465	-0.0538585831333273
-0.014202944792428214	-3.9563034576466767	-0.059104835557843335
-0.015338060898973665	-3.9385208583576405	-0.0645310429335651
-0.016380936635626762	-3.920185373410786	-0.07012595861708903
-0.017330103571889775	-3.9013350058986194	-0.07587798629128092
-0.018188461801024822	-3.882008826086378	-0.0817752040004136
-0.018956221377145855	-3.8622468904329588	-0.08780538886024107
-0.019632736316789686	-3.842090158567783	-0.09395604239179262
-0.020224120040968015	-3.8215804083957035	-0.1002144164263792
-0.020742036702164107	-3.8007601495059244	-0.1065675395281194
-0.021196424837540147	-3.7796725350643845	-0.11300224387922134
-0.02159275543528764	-3.7583612723722326	-0.11950519257229644
-0.021932937747691228	-3.736870532275767	-0.12606290725313476
-0.02221718611732256	-3.7152448576156125	-0.13266179605665446
-0.022446367756544662	-3.693529070904887	-0.1392881817781169
-0.022612827694776818	-3.67176818142769	-0.1459283302212214
-0.022673468091121675	-3.650007291950493	-0.1525684786643261
-0.02253706775166107	-3.6282915052397673	-0.15919486438578853
-0.02210454233650353	-3.6066658305796135	-0.16579375318930842
-0.021339680715150508	-3.585175090483146	-0.17235146787014674
-0.020300447697327233	-3.56386382779099	-0.17885441656322132
-0.019102792361245798	-3.5427762133494536	-0.18528912091432342
-0.017860293101049873	-3.521955954459676	-0.1916422440160639
-0.01664924012423038	-3.5014462042875953	-0.19790061805065032
-0.015505159976529707	-3.481289472422418	-0.20405127158220188
-0.01443408430481582	-3.4615275367689975	-0.21008145644202986
-0.01342768116774183	-3.442201356956757	-0.21597867415116256
-0.012474601227153197	-3.4233509894445904	-0.22173070182535382
-0.01156274103680288	-3.4050155044977393	-0.22732561750887773
-0.010678158970278413	-3.387232905208707	-0.23275182488460006
-0.009808697741657211	-3.3700400487300346	-0.23799807730911574
-0.008948570299821806	-3.353472569882236	-0.243053501123139
-0.00809749482445684	-3.337564807295193	-0.2479076181888187
-0.007258232335120768	-3.3223497322360807	-0.25255036760728083
-0.006437012604027108	-3.307858880271403	-0.2569721265713779
-0.005642551562880466	-3.2941222859047015	-0.26116373031042484
-0.004881878500681518	-3.2811684203254696	-0.2651164910855871
-0.004159489309058606	-3.2690241323982656	-0.2688222161965451
-0.0034809815435352825	-3.2577145930143283	-0.27227322496211886
-0.0028537755178584807	-3.24726324292107	-0.2754623646396498
-0.0022844276678908454	-3.2376917441375506	-0.2783830252501538
-0.0017797740589825595	-3.229019935056624	-0.2810291532785112
-0.0013496730920886022	-3.2212657893268553	-0.2833952642203029
-0.0010012885117755006	-3.2144453785993816	-0.285476453949281
-0.0007282088329905163	-3.2085728392169557	-0.28726840888192073
-0.0005105345644406915	-3.203660342914219	-0.2887674149179818
-0.0003295027282364005	-3.199718071589934	-0.2899703651385444
-0.00018057396505599885	-3.1967541962034334	-0.2908747662455794
-7203825576896128e-20	-3.1947748598390504	-0.2914787437296855
-14704497575664926e-21	-3.1937841649736587	-0.29178104575529396
