#y=-1.9753766811902755 
#strength 	x-position 	z-position 
0.029567025357275338	-4.149752197881707	-7561468714864758e-20
0.029307328245311404	-4.1487615030163365	-0.0003779167127572591
0.028791594815657066	-4.146782166651953	-0.0009818941968629136
0.028005444851189127	-4.143818291265445	-0.0018862953038984828
0.026974759119985106	-4.139876019941161	-0.0030892455244616733
0.025806027253383067	-4.134963523638428	-0.0045882515605219915
0.024580546164144568	-4.129090984255999	-0.0063802064931616775
0.02326055241636914	-4.1222705735285246	-0.008461396222139579
0.021757353565349333	-4.114516427798758	-0.010827507163931094
0.019999096569270198	-4.105844618717832	-0.013473635192288747
0.0178919660422131	-4.09627311993431	-0.01639429580279267
0.015338831136238937	-4.0858217698410515	-0.01958343548032368
0.012314966807619811	-4.074512230457113	-0.023034444245897512
0.008803821485397212	-4.062367942529907	-0.02674016935685589
0.004742766007901893	-4.049414076950676	-0.030692930132017925
0.00025553533034454635	-4.035677482583978	-0.034884533871064646
-0.004166286485359927	-4.021186630619302	-0.039306292835161474
-0.008003745226694657	-4.005971555560188	-0.043949042253623796
-0.011144795076914153	-3.990063792973142	-0.048803159319303804
-0.013739910735742244	-3.9734963141253465	-0.0538585831333273
-0.015862671794679834	-3.9563034576466767	-0.059104835557843335
-0.017637432713767578	-3.9385208583576405	-0.0645310429335651
-0.01934263931774168	-3.920185373410786	-0.07012595861708903
-0.020919847378519284	-3.9013350058986194	-0.07587798629128092
-0.02182911852533555	-3.882008826086378	-0.0817752040004136
-0.022034730194136924	-3.8622468904329588	-0.08780538886024107
-0.022585014449648912	-3.842090158567783	-0.09395604239179262
-0.024202404638383652	-3.8215804083957035	-0.1002144164263792
-0.025652199147991245	-3.8007601495059244	-0.1065675395281194
-0.02476929789705948	-3.7796725350643845	-0.11300224387922134
-0.021161698783328697	-3.7583612723722326	-0.11950519257229644
-0.016786823571097904	-3.736870532275767	-0.12606290725313476
-0.013665971300467103	-3.7152448576156125	-0.13266179605665446
-0.012067619347233658	-3.693529070904887	-0.1392881817781169
-0.01122034481635958	-3.67176818142769	-0.1459283302212214
-0.010725302897876269	-3.650007291950493	-0.1525684786643261
-0.010616817307030148	-3.6282915052397673	-0.15919486438578853
-0.010754619904212252	-3.6066658305796135	-0.16579375318930842
-0.010880595534249882	-3.585175090483146	-0.17235146787014674
-0.010981355395494812	-3.56386382779099	-0.17885441656322132
-0.011155205997125718	-3.5427762133494536	-0.18528912091432342
-0.011334198400235853	-3.521955954459676	-0.1916422440160639
-0.011409303146278948	-3.5014462042875953	-0.19790061805065032
-0.011422682906325397	-3.481289472422418	-0.20405127158220188
-0.011438864804645649	-3.4615275367689975	-0.21008145644202986
-0.01140478458884607	-3.442201356956757	-0.21597867415116256
-0.011269235774323249	-3.4233509894445904	-0.22173070182535382
-0.011079292243811895	-3.4050155044977393	-0.22732561750887773
-0.01087020079670428	-3.387232905208707	-0.23275182488460006
-0.010600515068410362	-3.3700400487300346	-0.23799807730911574
-0.010249563257995658	-3.353472569882236	-0.243053501123139
-0.009857285355898703	-3.337564807295193	-0.2479076181888187
-0.00943947133777919	-3.3223497322360807	-0.25255036760728083
-0.008966100277110594	-3.307858880271403	-0.2569721265713779
-0.008432632369549603	-3.2941222859047015	-0.26116373031042484
-0.007868146716095134	-3.2811684203254696	-0.2651164910855871
-0.007276558453557723	-3.2690241323982656	-0.2688222161965451
-0.006636996386553988	-3.2577145930143283	-0.27227322496211886
-0.005950432339060613	-3.24726324292107	-0.2754623646396498
-0.005233563073361937	-3.2376917441375506	-0.2783830252501538
-0.004481049745858586	-3.229019935056624	-0.2810291532785112
-0.0036745521554855795	-3.2212657893268553	-0.2833952642203029
-0.0028246166984214668	-3.2144453785993816	-0.285476453949281
-0.001988436833839705	-3.2085728392169557	-0.28726840888192073
-0.0012521021406384952	-3.203660342914219	-0.2887674149179818
-0.0006896468680665999	-3.199718071589934	-0.2899703651385444
-0.00032157806137803513	-3.1967541962034334	-0.2908747662455794
-0.00011405866940316174	-3.1947748598390504	-0.2914787437296855
-21888165600247587e-21	-3.1937841649736587	-0.29178104575529396
