#y=-1.2246467991473532e-16 
#strength 	x-position 	z-position 
0.010749438880970472	-4.149752197881707	-7561468714864758e-20
0.010418335134791316	-4.1487615030163365	-0.0003779167127572591
0.009754089191228261	-4.146782166651953	-0.0009818941968629136
0.008757921725266356	-4.143818291265445	-0.0018862953038984828
0.007482924727739817	-4.139876019941161	-0.0030892455244616733
0.00607149887200764	-4.134963523638428	-0.0045882515605219915
0.004686141612032697	-4.129090984255999	-0.0063802064931616775
0.003386602261285116	-4.1222705735285246	-0.008461396222139579
0.0021129881556143392	-4.114516427798758	-0.010827507163931094
0.000793956039037448	-4.105844618717832	-0.013473635192288747
-0.0005721420965773718	-4.09627311993431	-0.01639429580279267
-0.0019475060964555086	-4.0858217698410515	-0.01958343548032368
-0.003311361413104129	-4.074512230457113	-0.023034444245897512
-0.004659191884901606	-4.062367942529907	-0.02674016935685589
-0.005979616497972048	-4.049414076950676	-0.030692930132017925
-0.007259548107554498	-4.035677482583978	-0.034884533871064646
-0.008495859116934885	-4.021186630619302	-0.039306292835161474
-0.009686266078705492	-4.005971555560188	-0.043949042253623796
-0.01082136802177062	-3.990063792973142	-0.048803159319303804
-0.011894277910934772	-3.9734963141253465	-0.0538585831333273
-0.012906068484385734	-3.9563034576466767	-0.059104835557843335
-0.013856126476546625	-3.9385208583576405	-0.0645310429335651
-0.014737116565714818	-3.920185373410786	-0.07012595861708903
-0.015541908297660893	-3.9013350058986194	-0.07587798629128092
-0.016266723709573445	-3.882008826086378	-0.0817752040004136
-0.016907155758847093	-3.8622468904329588	-0.08780538886024107
-0.017458801109611018	-3.842090158567783	-0.09395604239179262
-0.01792107290323669	-3.8215804083957035	-0.1002144164263792
-0.018294483620622304	-3.8007601495059244	-0.1065675395281194
-0.018576330583560962	-3.7796725350643845	-0.11300224387922134
-0.018763930466104407	-3.7583612723722326	-0.11950519257229644
-0.018859876198104975	-3.736870532275767	-0.12606290725313476
-0.018871820221370253	-3.7152448576156125	-0.13266179605665446
-0.01881134929862303	-3.693529070904887	-0.1392881817781169
-0.01869530700557278	-3.67176818142769	-0.1459283302212214
-0.01854314598636429	-3.650007291950493	-0.1525684786643261
-0.0183669249753881	-3.6282915052397673	-0.15919486438578853
-0.01815792129365629	-3.6066658305796135	-0.16579375318930842
-0.017874513828089935	-3.585175090483146	-0.17235146787014674
-0.01744252406165434	-3.56386382779099	-0.17885441656322132
-0.01678428248375781	-3.5427762133494536	-0.18528912091432342
-0.015867672051546135	-3.521955954459676	-0.1916422440160639
-0.014732557371083801	-3.5014462042875953	-0.19790061805065032
-0.013467434448822478	-3.481289472422418	-0.20405127158220188
-0.012162684688604557	-3.4615275367689975	-0.21008145644202986
-0.010882768161269542	-3.442201356956757	-0.21597867415116256
-0.009663655617248605	-3.4233509894445904	-0.22173070182535382
-0.008517701060330474	-3.4050155044977393	-0.22732561750887773
-0.007440749228964986	-3.387232905208707	-0.23275182488460006
-0.006424052531310086	-3.3700400487300346	-0.23799807730911574
-0.005462989404423701	-3.353472569882236	-0.243053501123139
-0.004556628204093917	-3.337564807295193	-0.2479076181888187
-0.0037061599987379557	-3.3223497322360807	-0.25255036760728083
-0.00291661274338019	-3.307858880271403	-0.2569721265713779
-0.002194563532963142	-3.2941222859047015	-0.26116373031042484
-0.0015425288560180802	-3.2811684203254696	-0.2651164910855871
-0.0009610169391968206	-3.2690241323982656	-0.2688222161965451
-0.0004558590068598779	-3.2577145930143283	-0.27227322496211886
-3713025517181286e-20	-3.24726324292107	-0.2754623646396498
0.0002869875830644536	-3.2376917441375506	-0.2783830252501538
0.0005065389904595709	-3.229019935056624	-0.2810291532785112
0.0006044386139833702	-3.2212657893268553	-0.2833952642203029
0.0005723333269495708	-3.2144453785993816	-0.285476453949281
0.00043873851208319235	-3.2085728392169557	-0.28726840888192073
0.00026973997751303315	-3.203660342914219	-0.2887674149179818
0.00013080052843051623	-3.199718071589934	-0.2899703651385444
49045157735952184e-21	-3.1967541962034334	-0.2908747662455794
13467113663987602e-21	-3.1947748598390504	-0.2914787437296855
20948076545327785e-22	-3.1937841649736587	-0.29178104575529396
