#y=-1.9753766811902755 
#Fourier coeffs at root (0-n) 	d/dt (Fourier coeffs at root) 
0.3254277963132	0.9610370948212118
-0.8231354644899999	-2.024649564257623
-0.2463331575774498	-0.28050649367375635
-0.1155999198183193	0.9424435419427002
0.11785394631518567	0
0.07227832600287148	0
0.0046797812843583616	0
-0.027814269615361487	0
-0.009791933298547826	0
24891338153531546e-21	0
-0.025673177848496792	0
-0.020143145905789618	0
-0.0039954889004229135	0
0.021127677635891823	0
0.007752401599309436	0
-0.0025108621688761084	0
-0.006559984600810764	0
0.006343938783455634	0
0.00573241368984133	0
-0.0020060882185893793	0
-0.007142050079532058	0
0.00012677095535769598	0
0.007964642516168473	0
0.005180747454036135	0
-0.0026675733025673092	0
-0.005790426417919401	0
-0.000224507940242275	0
0.0035218247493927616	0
0.0017250942227050915	0
-0.002997205035800143	0
-0.002870726635704735	0
0.0005724114116698462	0
0.0025809261528863033	0
0.0005716204319528324	0
-0.0018726288063112724	0
-0.0014456385003148837	0
