#y=-1.4142135623730951 
#Fourier coeffs at root (0-n) 	d/dt (Fourier coeffs at root) 
0.14961152329034827	0.6164291541273367
-0.6659473102581088	-1.7362955260121253
-0.19313460004505117	-1.020671483228941
-0.05105135700368893	-0.2063365973008241
-0.0479704238073167	0
-0.03196266538368101	0
-0.01173570875615183	0
-0.003677799922534387	0
-0.012875584189019377	0
-0.008089478920172009	0
0.001161465575713275	0
-0.0027752309921682044	0
-0.0025222366760246865	0
-0.0001827539259369076	0
0.002768299961678073	0
0.00018635086058044933	0
0.0016162379579463498	0
0.0020402736271614595	0
0.002366342030561071	0
0.0011392040333580427	0
0.001421200572313437	0
0.0013956418779838364	0
0.0007594836448999812	0
0.0003230620462251106	0
0.00017496786271139833	0
0.00015605416076916847	0
-0.0002866973562891113	0
-0.00030280904205210965	0
-0.0003809375666951795	0
-0.0002938688013926039	0
-0.0003956970786545685	0
-0.0003025733307547094	0
-0.00024719783750086103	0
-0.0001656348217931573	0
-0.00011762064963432802	0
-6494208165441395e-20	0
