#y=-1.2246467991473532e-16 
#Fourier coeffs at root (0-n) 	d/dt (Fourier coeffs at root) 
0.11895850507723259	0.5219167805191494
-0.5448754586922873	-1.754330022385838
-0.21659357449887642	-0.8269321164329954
-0.019968003993100013	-0.4067398437158231
-0.07930012440053964	0
-0.02098355445920943	0
-0.021379527424408278	0
-0.013406518172747147	0
-0.014689307690750754	0
-0.003899175827460301	0
-0.001634304055139654	0
-0.00678420275760409	0
0.002248602218354009	0
-0.00011636650654377488	0
0.0023464053434073405	0
-0.00015960877625462538	0
0.004259184221276138	0
0.001125930524536069	0
0.002282008876966739	0
0.0015543301275805649	0
0.00185922973953027	0
0.0008841367862672924	0
0.000710941670159597	0
0.0006455620935717731	0
-3212647513861031e-20	0
31408893503846474e-21	0
-0.0003719126380570566	0
-0.00015451438143285277	0
-0.000556393914716607	0
-0.0002789249060915878	0
-0.0004280476550274512	0
-0.00026059445397547224	0
-0.00028636696583803165	0
-0.0001523839112537955	0
-0.0001034188740181007	0
-646124073010745e-19	0
