#y=-1.4142135623730951 
#strength 	x-position 	z-position 
0.01	-2.7912612916426793	-0.698432641321173
0.01	-2.7717926950123273	-0.7298762522455603
0.01	-2.7576930596997653	-0.7089178987451237
0.01	-2.7576283130366885	-0.6681710547710908
0.01	-2.7571941978899766	-0.6396443608522101
0.01	-2.759500350011545	-0.6215249736744042
0.01	-2.7864544543965466	-0.6826970233788814
0.01	-2.833892400694916	-0.7360303789343191
0.01	-2.846580995634069	-0.7411470537205143
0.01	-2.836843437275889	-0.7671856366089503
0.01	-2.8076546296318154	-0.7007270778697965
0.01	-2.786484174881688	-0.7332907028915224
0.01	-2.7918197541506466	-0.7403477396622865
0.01	-2.7585894681482936	-0.7809026012915616
0.01	-2.7493628356581947	-0.7583911372974953
0.01	-2.7358433149294457	-0.7621176286364847
0.01	-2.742476248603371	-0.6495519207878391
0.01	-2.9460657861818227	-0.44541132473312883
0.01	-2.9733662442072943	-0.42674656183333465
0.01	-3.0050463897274065	-0.4228447611445475
0.01	-2.9098245825029863	-0.47750275976245027
0.01	-2.7777964015976058	-0.59999129103876
0.01	-2.775634383599008	-0.6804051824999382
0.01	-2.783188813577849	-0.6612643176442912
0.01	-2.811776098421537	-0.663685481477085
0.01	-2.8350979549724125	-0.7050466319197634
0.01	-2.8617142666705044	-0.7175959353157555
0.01	-2.876397750310527	-0.7099653949870448
0.01	-2.8875705080956258	-0.702073299215876
0.01	-2.8814337433436736	-0.7464795795433863
0.01	-2.8727821022607642	-0.7838134610619376
0.01	-2.870651321847223	-0.8046303858980344
0.01	-2.8619561224885546	-0.8197419315132969
0.01	-2.851818962915602	-0.8323049085844951
0.01	-2.833550997096235	-0.809407545780734
0.01	-2.8161090586375277	-0.7850143642257481
0.01	-2.795563520208071	-0.7788227746286107
0.01	-2.7658080475362006	-0.7911290935332178
0.01	-2.710923642556515	-0.7850697418084099
0.01	-2.7242473364160693	-0.7294717510878368
0.01	-2.721204876470075	-0.6456693553632079
0.01	-2.9490877074107575	-0.41652828502219147
0.01	-3.024295244644655	-0.3705779030412979
0.01	-3.0520160659964346	-0.35975648473853095
0.01	-2.728830952602478	-0.6998996134103996
0.01	-2.9924085404740826	-0.3933200210269456
0.01	-2.802824652346286	-0.5680403556357497
0.01	-2.816644022275494	-0.5341736719033167
0.01	-2.8148886498318917	-0.5313818668006826
0.01	-2.9496166738895058	-0.4069318438082244
0.01	-2.7335283502157552	-0.6428507133796654
0.01	-3.027647882614453	-0.41357054046273733
0.01	-2.8274801295315477	-0.5420290238464909
0.01	-2.8318157636927768	-0.5465399463673206
0.01	-2.8363850062332516	-0.5636175732296599
0.01	-2.8523056176835517	-0.661860077674976
0.01	-2.878350443296635	-0.6805860957892799
0.01	-2.872767036772194	-0.6682102099288171
0.01	-2.871879958516779	-0.6632162896445876
0.01	-2.804757060502534	-0.6399069778703562
0.01	-2.793567849109977	-0.6317262815805373
0.01	-2.83348236030188	-0.6642258996483428
0.01	-2.8367819790084297	-0.6545954427664313
0.01	-2.93461413348659	-0.6745741028697688
0.01	-2.932731472567477	-0.8181842017619079
0.01	-2.9080538193122862	-0.8198753887548089
0.01	-2.914501259726842	-0.8273042248274795
0.01	-2.9244980987554214	-0.8271253982448463
0.01	-2.924053603032205	-0.8396434675193394
0.01	-2.899959550270019	-0.7736823452018629
0.01	-2.916864078426153	-0.7747326018938587
0.01	-2.9334506763509047	-0.7988489633002369
0.01	-2.9495456347017823	-0.8409472213352076
0.01	-2.8835317931940057	-0.889408041310244
0.01	-2.8771469877831266	-0.9213289287998895
0.01	-2.8824832003416483	-0.9176199014688421
0.01	-2.886040310344444	-0.910838151509741
0.01	-2.894365852449163	-0.9105509596689024
0.01	-2.86797281660381	-0.9447263876082255
0.01	-2.7967383613911236	-0.9662460583895656
0.01	-2.8143693050567866	-0.9769969970548344
0.01	-2.817892358350802	-0.9707587880758045
0.01	-2.8157732440080774	-0.9639979528214372
0.01	-2.8304487747770883	-0.963364048190279
0.01	-2.786407043803908	-1.0012730849020084
0.01	-2.762533840094886	-0.8839889949138279
0.01	-2.708662830428442	-0.957939704210961
0.01	-2.7517457590879046	-0.9315860882832229
0.01	-2.7107837977410147	-0.92351052833319
0.01	-2.7192702647613123	-0.9288572016071697
0.01	-2.72423705294986	-0.9205142051131275
0.01	-2.7374537225837043	-0.9230029205607891
0.01	-2.7147838178270685	-0.9433848074929603
0.01	-2.6977982426417584	-0.9782282558603851
0.01	-2.76515682588854	-0.8129632035282843
0.01	-2.677489671237469	-0.820887166857643
0.01	-2.6498866773957004	-0.8334615282596205
0.01	-2.659681950739106	-0.8454545772354634
0.01	-2.6651789353137425	-0.8351522254484087
0.01	-2.6776227386894966	-0.8301054617705783
0.01	-2.6627905915794567	-0.8596843696006162
0.01	-2.7419854508242927	-0.8276247316959197
0.01	-2.6816309166416246	-0.8576103959626351
0.01	-2.632643588170798	-0.7753998754532401
0.01	-2.6593764899772885	-0.733235288054627
0.01	-2.654396976002475	-0.7057456711144261
0.01	-2.647799025404721	-0.680698507577651
0.01	-2.6633797936822865	-0.6410350649966406
0.01	-2.704652807508936	-0.5908517555671023
0.01	-2.9089794025539564	-0.3568791213063497
0.01	-2.9053315240223276	-0.28817665827550176
0.01	-2.842633290506976	-0.390438132470064
0.01	-2.88669692242616	-0.42746391243196136
0.01	-2.909240439266601	-0.39252349530785025
0.01	-2.879185520901734	-0.3552704484259376
0.01	-2.856453267129761	-0.4221286692956789
0.01	-2.885324891922217	-0.4021149926880626
0.01	-2.8751889645703064	-0.3871832726196164
0.01	-2.8714751801607186	-0.3918420540090962
0.01	-2.868488909134139	-0.3977710670884128
0.01	-2.871679871033816	-0.3688509718875885
0.01	-2.900152989592186	-0.3922341125298717
0.01	-2.873655231708264	-0.43958846668784946
0.01	-2.8568179812112158	-0.4352041153082319
0.01	-2.907867113697101	-0.3089916903012972
0.01	-2.9086992571755172	-0.3221874689082546
0.01	-2.9234145550884345	-0.31232272430757074
0.01	-2.905122326282636	-0.37088826487539056
0.01	-2.9220490865384345	-0.3971857799128789
0.01	-2.9092544378506946	-0.4347853901432745
0.01	-2.8873426263484983	-0.45705162553106987
0.01	-2.8738214594722065	-0.45935131715713956
0.01	-2.8449768158475317	-0.45072161053099447
0.01	-2.8399042512623263	-0.3953799157198638
0.01	-2.897684884249352	-0.3223880024372089
0.01	-2.894419490059064	-0.2893462488935727
0.01	-2.8919571006028817	-0.2917496937327972
0.01	-2.8904426147454667	-0.2965848853766504
0.01	-2.885408617025106	-0.2959752875578031
0.01	-2.896665893539951	-0.2613801294491434
0.01	-2.9480079705049986	-0.2460966538075362
0.01	-2.985385212075208	-0.24150874235493008
0.01	-3.0144900464426434	-0.23698015882199847
0.01	-3.037418647103962	-0.23112276471008553
0.01	-3.0542884496311093	-0.22384046443729017
0.01	-3.065271779662684	-0.21601390602413395
0.01	-3.0719531664985724	-0.20861236583623047
0.01	-3.076618892552319	-0.20176635210714217
0.01	-3.08117624073993	-0.19504214056156216
0.01	-3.0871368103424004	-0.18811480660681157
0.01	-3.095690936788416	-0.1811432058170241
0.01	-3.1074788234861943	-0.17469973930674204
0.01	-3.1226647865099046	-0.1693028722721739
0.01	-3.1415768963979644	-0.16499625072164312
0.01	-3.164989703483521	-0.1602488200234746
0.01	-3.1882629752623832	-0.1487626579972079
0.01	-3.1935034950451757	-0.13348409090861496
0.01	-3.188135249416451	-0.1272010848859361
0.01	-3.182532330222516	-0.1273489414672091
0.01	-3.1781502389585037	-0.13019012284563797
0.01	-3.1738926908167686	-0.1329847126678047
0.01	-3.168413072537987	-0.13280746979362154
0.01	-3.1638903750130534	-0.12383419616116925
0.01	-3.1831015186884892	-0.10365639678376608
0.01	-3.229375382200406	-0.10479716603212363
0.01	-3.2878890824918856	-0.11296557187986937
0.01	-3.3198119353603324	-0.08819246490741771
0.01	-3.3052493322611958	-0.07849141046702006
0.01	-3.2962182503551367	-0.0814083345963722
0.01	-3.294844380306536	-0.08580455093506444
0.01	-3.295346923358688	-0.09029547447370852
0.01	-3.2918185452553685	-0.09491141799677333
0.01	-3.280060999615716	-0.09646484513579179
0.01	-3.270614977069364	-0.08084629982146989
0.01	-3.304342263238761	-0.06157438056771901
0.01	-3.3438379963277987	-0.06603051591721351
0.01	-3.365013458393703	-0.06739637228442247
0.01	-3.377239929897958	-0.06543254540873948
0.01	-3.388128276054468	-0.06293504969950091
0.01	-3.402457592594222	-0.06183472610087698
0.01	-3.420043093139712	-0.06285846741329745
0.01	-3.4362738646429336	-0.06334914239405087
0.01	-3.448889059687626	-0.06215728254243058
0.01	-3.460281393187564	-0.060582166046369366
0.01	-3.4746295874860076	-0.060462117315557035
0.01	-3.4946228257446768	-0.06386630575851479
0.01	-3.518379820112966	-0.06944874153404787
0.01	-3.5403269184105173	-0.07162216249293014
0.01	-3.5568643797831	-0.0696251245000966
0.01	-3.571127192271024	-0.06551926603943803
0.01	-3.588369356880466	-0.05796900250130593
0.01	-3.606656031896067	-0.04428438635486976
0.01	-3.6146987451160033	-0.028945466117425142
0.01	-3.6027185654421934	-0.01736159593264218
0.01	-3.585553392850467	-0.017676911661440926
0.01	-3.577903085985339	-0.02328767813022367
0.01	-3.5773664969653827	-0.0278042109252734
0.01	-3.5805517531066444	-0.030702435009318376
0.01	-3.5842398622581215	-0.03331267478069201
0.01	-3.58507202053152	-0.0372739685688578
0.01	-3.579828473360105	-0.04313607000566859
0.01	-3.5653887993301367	-0.04661658269912964
0.01	-3.550781463199477	-0.036079349955687616
0.01	-3.5581576427295403	-0.015272222014507165
0.01	-3.5924435921585665	-0.0011248130015955986
0.01	-3.632841179650019	-0.00938465021035972
0.01	-3.6607518336031064	-0.018387483958250808
0.01	-3.676153997808751	-0.018036560094713387
0.01	-3.68241296240288	-0.014696666877335342
0.01	-3.684869239938036	-0.01144268805083241
0.01	-3.6863937308659254	-0.008237072323351025
0.01	-3.688868665866438	-0.004812986894199911
0.01	-3.693769106059569	-0.0013193883109456682
0.01	-3.701773068513327	0.0013666947969790816
0.01	-3.711810456830377	0.0025592730226534893
0.01	-3.7220739961736307	0.0028911829804665855
0.01	-3.731692107811612	0.003183527897532963
0.01	-3.7405838668774885	0.003720532691441735
0.01	-3.7489451857138962	0.004483501639730994
0.01	-3.7570059283384567	0.005374594549363757
0.01	-3.764941709234037	0.006301779035358386
0.01	-3.7728534806546516	0.007202811452624452
0.01	-3.780778513780425	0.008047629972188945
0.01	-3.7887129676033107	0.008831748624967084
0.01	-3.7966337735803797	0.009566091237468983
0.01	-3.8045142589778416	0.01026723233922993
0.01	-3.8123330809495926	0.010950330747226284
0.01	-3.8200782782874585	0.011625180825440515
0.01	-3.8277482932953943	0.01229479018452169
0.01	-3.835351085703243	0.012955733074648184
0.01	-3.842901784954882	0.013599722527663375
0.01	-3.8504190365155795	0.01421600797622007
0.01	-3.8579204243667826	0.01479420214274857
0.01	-3.865417950622857	0.015327002423631254
0.01	-3.8729150221684843	0.01581212141247983
0.01	-3.880406159621138	0.016252760842473624
0.01	-3.887879637818226	0.01665631899735582
0.01	-3.8953220877968984	0.017031690231512974
0.01	-3.9027233756479895	0.01738619715514329
0.01	-3.9100800250680665	0.017723426724455656
0.01	-3.9173957583858914	0.018042781891177816
0.01	-3.924678787362717	0.018340736316120824
0.01	-3.931937654692302	0.018613022564389632
0.01	-3.9391779310981963	0.01885664711251805
0.01	-3.946400981324706	0.019070879150723242
0.01	-3.9536051190057013	0.01925695241597175
0.01	-3.9607880377358438	0.01941682637448943
0.01	-3.9679489754508146	0.019551679706811573
0.01	-3.9750902128308274	0.019660733085608183
0.01	-3.9822177853605605	0.019740815756042678
0.01	-3.9893409996016453	0.019786863894744794
0.01	-3.9964700325663634	0.0197933351416968
0.01	-4.0036127121092155	0.019755984863062466
0.01	-4.010772834926772	0.019673074366012268
0.01	-4.017951754754516	0.01954517598666443
0.01	-4.025150977514485	0.019374029771355848
0.01	-4.032373736067795	0.019161409088416608
0.01	-4.039625427538674	0.018908550882266766
0.01	-4.0469141764338765	0.01861589945480718
0.01	-4.054251656995685	0.018282976737624596
0.01	-4.061653397259931	0.017908651983465026
0.01	-4.069138890027625	0.01749183673782049
0.01	-4.0767326309767	0.01703214925335557
0.01	-4.084466257879877	0.016530382234308288
0.01	-4.0923834108175665	0.015987334270995995
0.01	-4.100545742016477	0.01540044430588978
0.01	-4.109039743133168	0.014753613489734693
0.01	-4.117975734024898	0.013990506731352144
0.01	-4.12744355848404	0.012936860935693122
0.01	-4.137263834946279	0.011104358488419345
0.01	-4.146413143520779	0.00766065615628474
