#y=-1.2246467991473532e-16 
#strength 	x-position 	z-position 
0.01	-2.902166695050593	-0.53394954297565
0.01	-2.9114062600954997	-0.5252960297840594
0.01	-2.9218856533176183	-0.5558618729201558
0.01	-2.8730488427418837	-0.5423127779990622
0.01	-3.056503677414193	-0.4194466375907888
0.01	-3.0899291992943674	-0.3774957342927074
0.01	-3.1244411489741464	-0.3570563010838181
0.01	-2.8886944133960086	-0.5232719958505465
0.01	-2.9789802520119735	-0.5617732913567366
0.01	-2.9975433784709438	-0.5527639782515551
0.01	-2.9949595103576065	-0.5457247819212919
0.01	-3.0103367706996216	-0.5378803610159153
0.01	-2.9787815591376905	-0.5942557747101734
0.01	-2.9527260184982804	-0.6310813255188271
0.01	-2.9292480930439484	-0.6863202189897829
0.01	-2.932148228084099	-0.5490557708587169
0.01	-3.00276547074075	-0.43067620120291067
0.01	-2.867218630613136	-0.5699678321544658
0.01	-2.8551289271891127	-0.6127627300978348
0.01	-2.846928392077473	-0.5805474755690392
0.01	-3.089168669096333	-0.3530151934660469
0.01	-3.055693289632845	-0.34207340734359726
0.01	-3.0575746470554233	-0.3473900566653909
0.01	-3.0219080050572837	-0.35420911478501327
0.01	-3.0404496146816555	-0.3279059265119243
0.01	-3.1049262397583517	-0.32656736458647956
0.01	-3.1282287186335807	-0.3483762684909708
0.01	-2.95903868377795	-0.46028709697532905
0.01	-2.890898607172956	-0.4922617753516288
0.01	-2.952723979368579	-0.535188103492753
0.01	-3.029474037747725	-0.5098176852443863
0.01	-3.0216941513796383	-0.4970277131198149
0.01	-3.0308911370002583	-0.49100486379043945
0.01	-3.054981599036158	-0.5285364588725693
0.01	-3.029699606218235	-0.5609075705067299
0.01	-2.9737301847002344	-0.6232924801751946
0.01	-2.955524624948627	-0.6608299331817107
0.01	-2.9454512180624692	-0.7170434985436649
0.01	-2.932849522107899	-0.8216261054275845
0.01	-2.939379903042767	-0.748773870107274
0.01	-2.9359979740510944	-0.7004662851190825
0.01	-2.926570126181286	-0.7481371128411869
0.01	-2.9179907993808087	-0.6550128259843357
0.01	-2.953115453799325	-0.5809130319238531
0.01	-2.904205808634533	-0.583402011799986
0.01	-2.946569401350852	-0.5657628715925364
0.01	-2.9132234042188103	-0.4383415667619397
0.01	-2.861862811591992	-0.5645048161551118
0.01	-2.88808565800964	-0.5622547138523444
0.01	-2.8444309583531178	-0.5991253494853758
0.01	-3.0326517474948824	-0.404036345101524
0.01	-3.0373797937695626	-0.38852161980765887
0.01	-2.9014919000173163	-0.44831584021760384
0.01	-3.027932163426165	-0.36632120433018595
0.01	-3.0089431821258343	-0.37819453166713657
0.01	-3.01388357587764	-0.3812753849632513
0.01	-3.011896696371512	-0.38816307024394353
0.01	-3.0771782799970984	-0.36751082760739423
0.01	-3.108489309306715	-0.3033497436931418
0.01	-3.1303971579389196	-0.3096118686440216
0.01	-3.129311645589685	-0.3428846176682665
0.01	-2.8818663211985145	-0.5037061166606515
0.01	-2.9800879683904045	-0.48182533955077295
0.01	-2.9877562562049085	-0.5030932415965724
0.01	-2.985308936379509	-0.4968742037289174
0.01	-2.9835489603112495	-0.48944048143011953
0.01	-2.992116359689233	-0.5081570846445411
0.01	-3.0646763147631786	-0.5097269840373568
0.01	-2.9807467834649746	-0.853829960951251
0.01	-2.948024220867405	-0.7960797719251319
0.01	-2.9470605891078505	-0.8080914531519063
0.01	-2.961107115640105	-0.8182178816383304
0.01	-2.9721218745248206	-0.8133983507091767
0.01	-2.9752273660353814	-0.8075896885760572
0.01	-2.976844550855394	-0.8045205099566382
0.01	-2.9860677388662875	-0.8080352341389012
0.01	-2.9568114416829796	-0.720613861484604
0.01	-2.9694796451067025	-0.6854144237664841
0.01	-3.02061503592291	-0.786756576624791
0.01	-2.9915721916695786	-0.77630345747873
0.01	-2.9919928474156543	-0.7792514366402186
0.01	-2.9998261010555076	-0.783134025462201
0.01	-2.97442405601345	-0.7885647394993062
0.01	-2.966460228350753	-0.7657219171960121
0.01	-3.0107375248928356	-0.7673597413801816
0.01	-2.9956593784571526	-0.8533244989217758
0.01	-2.9614612309140917	-0.9264701091149642
0.01	-2.975737494281528	-0.9144789337242422
0.01	-2.972478514463463	-0.9104262033929971
0.01	-2.967551897272854	-0.9076360364326092
0.01	-2.971980530323668	-0.8956099585064458
0.01	-2.998083074032692	-0.9038257650432684
0.01	-2.9141385668970123	-0.9420974693646803
0.01	-2.8878129972936377	-0.9858692870270199
0.01	-2.925757058746512	-0.9712088855560153
0.01	-2.910139168617585	-0.96670119103993
0.01	-2.9054291612360323	-0.972358444046129
0.01	-2.8997367624538	-0.9773846474665707
0.01	-2.8822914827337667	-0.9677694681946938
0.01	-2.9261201098734397	-0.957008845868312
0.01	-2.802687212141396	-0.9182607183038802
0.01	-2.812306953762821	-0.9618272372979116
0.01	-2.825879197137964	-0.9438407246659265
0.01	-2.8197572150740338	-0.9407416067441797
0.01	-2.813468135936955	-0.9421774268989054
0.01	-2.8099730761231063	-0.9226987709945281
0.01	-2.8484805170885403	-0.9517154886093879
0.01	-2.8478122729065714	-0.9707302203181488
0.01	-2.8123814157977725	-0.9693278206582584
0.01	-2.7810254984668887	-0.931467856889243
0.01	-2.770270007468499	-0.9231027023223232
0.01	-2.763157916472411	-0.9215690996151401
0.01	-2.7517726992820983	-0.907554800014965
0.01	-2.756214907112297	-0.8775930889219477
0.01	-2.769619478227839	-0.8516120135003401
0.01	-2.7876009681942113	-0.827597449724835
0.01	-2.8170683927409144	-0.8018789608629231
0.01	-2.8641737724753082	-0.7675619818603652
0.01	-2.911333231571877	-0.6849579205797882
0.01	-2.8192595056287244	-0.7097583527839045
0.01	-2.828275282206778	-0.7338140020928238
0.01	-2.8729326836782003	-0.6338272710942338
0.01	-2.8212482042635703	-0.6858436382381796
0.01	-2.8536769235231194	-0.6955551017272253
0.01	-2.8618808800861846	-0.6788392971290022
0.01	-2.8559591414828867	-0.6751836711729997
0.01	-2.845617856213933	-0.6803896186404623
0.01	-2.850230268186879	-0.6618168447177964
0.01	-2.871622065248021	-0.6523983781053231
0.01	-2.836650917497917	-0.7210654281579177
0.01	-2.8102652690652477	-0.6999699627827338
0.01	-2.82939413523432	-0.658653365632608
0.01	-2.867205082883326	-0.623906912088161
0.01	-2.8803650964276173	-0.620722902903268
0.01	-2.876121435010395	-0.692720392816113
0.01	-2.766135992103242	-0.6835349937877685
0.01	-2.786440088157586	-0.6335279259627881
0.01	-2.8033891362291707	-0.6017739429582426
0.01	-2.816430121298296	-0.5647941277163955
0.01	-2.85091937569499	-0.5183806975681537
0.01	-2.862285508816058	-0.4698670801946909
0.01	-2.85485320698889	-0.46739901151237245
0.01	-2.8525869768166574	-0.47250357786457026
0.01	-2.8488401328910262	-0.47695277796247987
0.01	-2.839180952898349	-0.4714923199641403
0.01	-2.843993309604693	-0.4405701381324863
0.01	-2.8670745359835927	-0.4160257330359288
0.01	-2.8878399732408546	-0.39839991079918396
0.01	-2.9045922937495483	-0.3839426241609031
0.01	-2.917470116118013	-0.3711846578912886
0.01	-2.9280002449487648	-0.3590254465047115
0.01	-2.9379780039760917	-0.3467640956229448
0.01	-2.9485654928662663	-0.33418895691154527
0.01	-2.960123967657563	-0.3214492240365037
0.01	-2.9725364802893464	-0.30880591228175086
0.01	-2.985532422916391	-0.2964805452575877
0.01	-2.998820948421528	-0.28462864131147964
0.01	-3.012100845412525	-0.273365565708505
0.01	-3.025080020619803	-0.26274830931267895
0.01	-3.037609649139361	-0.25273957177062906
0.01	-3.049775127435393	-0.24324934027303946
0.01	-3.06181097448936	-0.23419958315697048
0.01	-3.073937798206391	-0.22555078582472826
0.01	-3.086246532927054	-0.2172928066088246
0.01	-3.0986894302628896	-0.2094221736833414
0.01	-3.11117773370822	-0.20193048059306018
0.01	-3.123728531195779	-0.19481229090356597
0.01	-3.1365679958997745	-0.188080662925165
0.01	-3.15011504670248	-0.1817716475619151
0.01	-3.164804128351081	-0.17588075836556727
0.01	-3.1806016941447806	-0.1700492806286074
0.01	-3.1955067534397683	-0.1629975559562082
0.01	-3.2045861523307666	-0.15456797088184315
0.01	-3.2070931422658964	-0.14780554683573316
0.01	-3.2064705348526465	-0.14324002956618329
0.01	-3.2053671337846383	-0.1391400154748068
0.01	-3.206275384118314	-0.13329798985997554
0.01	-3.214445810016794	-0.12459992772028528
0.01	-3.2351354092925235	-0.11850849594972994
0.01	-3.262526662531377	-0.11911673697988737
0.01	-3.2911343764415135	-0.12122695227504429
0.01	-3.3117246681901498	-0.11598776581212229
0.01	-3.3173368925821247	-0.10897983814599722
0.01	-3.3167886004501046	-0.10457514382096485
0.01	-3.315722258217466	-0.10054392410096961
0.01	-3.318429018408968	-0.09438328765838283
0.01	-3.3324431426905283	-0.08742756311253767
0.01	-3.3563579715057377	-0.08757278619597884
0.01	-3.378483727544211	-0.08955548895430232
0.01	-3.396167397174323	-0.08950962824802595
0.01	-3.4108199150570226	-0.08816703379910866
0.01	-3.4255048203961067	-0.08687903434561615
0.01	-3.4428533872114913	-0.0867158947205745
0.01	-3.4631772792719975	-0.08752528599519022
0.01	-3.484091861445429	-0.08692513056760619
0.01	-3.5022230824531357	-0.08250586879690644
0.01	-3.514408003721543	-0.07409797905776469
0.01	-3.5188071697005334	-0.06470570665278187
0.01	-3.5176910332780733	-0.05799337100257732
0.01	-3.5143001761415684	-0.05478412562071181
0.01	-3.510346777978059	-0.05416356229584751
0.01	-3.506432212102684	-0.054653153413591705
0.01	-3.502635885819413	-0.05468683711037457
0.01	-3.499175167089131	-0.05253312532146
0.01	-3.4974721029309443	-0.04629727680863191
0.01	-3.502671641492591	-0.03584745156467956
0.01	-3.518812061589813	-0.02810151042513437
0.01	-3.537420454486273	-0.026109271552705676
0.01	-3.5534005088371408	-0.025648444413342165
0.01	-3.566606870214218	-0.024755585035976496
0.01	-3.577711903659378	-0.023194583357296045
0.01	-3.587452865292803	-0.021192187868293477
0.01	-3.596517498784726	-0.019004760832317984
0.01	-3.6054615929474236	-0.01683219757588024
0.01	-3.6146311054948805	-0.014815251141841523
0.01	-3.624122576644333	-0.013020571575783076
0.01	-3.633827227224463	-0.011424926745975776
0.01	-3.643546692791182	-0.009939753229084643
0.01	-3.6531063903693908	-0.008468195545599773
0.01	-3.662412264256476	-0.006949617108198548
0.01	-3.671456690942909	-0.005369449920637913
0.01	-3.6802936214912028	-0.003746403167169807
0.01	-3.689002334886691	-0.002114000753153368
0.01	-3.697654560317741	-0.0005056475870963566
0.01	-3.7062957484673267	0.0010545218195919257
0.01	-3.714942162351833	0.002555073954914001
0.01	-3.7235886267417833	0.003995877619115865
0.01	-3.7322195921894754	0.005383762596783665
0.01	-3.740818513294753	0.006727471871452178
0.01	-3.7493741676844503	0.008033409868785498
0.01	-3.7578846386462237	0.009302705806944143
0.01	-3.766359592778722	0.010529709081267952
0.01	-3.7748202713773136	0.011702171609890415
0.01	-3.78329578870169	0.012803529874324709
0.01	-3.791814926622219	0.013817475338463241
0.01	-3.800394784173077	0.014734218202839267
0.01	-3.809030523265016	0.0155564996994077
0.01	-3.8176921171454183	0.0163021226045024
0.01	-3.826332019678189	0.017000249004624865
0.01	-3.834901501075008	0.017682105541814666
0.01	-3.8433671917569576	0.01837071377150725
0.01	-3.8517195812179077	0.0190745928995309
0.01	-3.8599721924663757	0.01978695528635302
0.01	-3.868155801307202	0.02048899498941132
0.01	-3.876310635812716	0.021155530512857276
0.01	-3.8844755479678263	0.02176172390353586
0.01	-3.892675469522616	0.022289446956628475
0.01	-3.9009150056817266	0.02273118749684863
0.01	-3.9091829881925726	0.02308955300605976
0.01	-3.917463023349952	0.023372985142388412
0.01	-3.925741501398328	0.023591096782432926
0.01	-3.934008916704191	0.023752612965166415
0.01	-3.9422566699958237	0.02386592634471521
0.01	-3.9504742486575304	0.023940058246482793
0.01	-3.9586500373628795	0.023983966817081665
0.01	-3.966775513628107	0.024004013521895937
0.01	-3.974849956563475	0.024001306042890556
0.01	-3.98288181119203	0.023971072904411826
0.01	-3.9908841958750956	0.02390489554760982
0.01	-3.9988678375304625	0.023794242935402873
0.01	-4.006838660017727	0.023632421724511295
0.01	-4.014801569552987	0.023413831235661903
0.01	-4.022763630185662	0.023132762065855086
0.01	-4.0307316113150335	0.022784359047388427
0.01	-4.038707347092761	0.022367124537431515
0.01	-4.046687034704263	0.021883967599822418
0.01	-4.054666431748062	0.021339830882738168
0.01	-4.062647294059404	0.020737600074126696
0.01	-4.070639971829847	0.02007568997327457
0.01	-4.078661948570415	0.019348827627603947
0.01	-4.0867367070467635	0.018550056673437565
0.01	-4.0948959161232334	0.01767119087640283
0.01	-4.1031824336173575	0.016701996623928985
0.01	-4.111653960332721	0.015624232755880249
0.01	-4.120381166271797	0.014387866546481408
0.01	-4.129401491831608	0.012843669838907144
0.01	-4.138505049299521	0.010603028991111506
0.01	-4.146910998610215	0.007095635478776959
