#y=-1.9753766811902755 
#strength 	x-position 	z-position 
0.01	-3.7912430983927643	-0.16005274293858535
0.01	-3.7910059035471266	-0.1555142617921758
0.01	-3.7947178057790243	-0.17330972845844483
0.01	-3.8053396713448326	-0.176057541568891
0.01	-3.8104199360504083	-0.17165728096548366
0.01	-3.8140870310446062	-0.16548177792710814
0.01	-3.821153824871706	-0.16303742999195878
0.01	-3.829738465456288	-0.16660411970544484
0.01	-3.8347673991009206	-0.17545085839730074
0.01	-3.832276291256919	-0.1874174243351952
0.01	-3.8224654030104563	-0.19758528993003818
0.01	-3.810449754930565	-0.2017879565520771
0.01	-3.801035633573248	-0.19991621808264787
0.01	-3.79414351693736	-0.19442482624190546
0.01	-3.7877793459637643	-0.185823941156418
0.01	-3.7827731822938255	-0.17202260293898566
0.01	-3.7855239569478267	-0.15250801287473514
0.01	-3.8022933088241726	-0.13878109246576228
0.01	-3.8238176994107844	-0.1343958096493324
0.01	-3.8409131682164355	-0.13190922636111146
0.01	-3.853083998202179	-0.12899695303540834
0.01	-3.8618240284272036	-0.12564942883316585
0.01	-3.8686034978342394	-0.1221600243445521
0.01	-3.8744637426442265	-0.11864873302648568
0.01	-3.8800681147111553	-0.11516049965992702
0.01	-3.885783933593408	-0.11173396928464287
0.01	-3.891752499752313	-0.10840935354276897
0.01	-3.897961137601871	-0.10520765377642614
0.01	-3.904324078759054	-0.10212180396095359
0.01	-3.910747612644231	-0.0991219974477019
0.01	-3.917160350413039	-0.09617182062685622
0.01	-3.923514724242928	-0.09324466363888693
0.01	-3.9297876829880174	-0.09032754748382871
0.01	-3.9359962765271765	-0.08741328572695997
0.01	-3.9421745417036926	-0.08449367065923542
0.01	-3.94834368097837	-0.08157194753116143
0.01	-3.9545300528503238	-0.07864639122929186
0.01	-3.960739591329306	-0.0756943339159426
0.01	-3.9669343672843844	-0.07271874520451135
0.01	-3.973080255806254	-0.06970878018405864
0.01	-3.9791801054385	-0.06662780661014261
0.01	-3.9852596728043665	-0.06348035058274121
0.01	-3.9913113206145683	-0.06024599938898775
0.01	-3.9973352938004045	-0.05691301261837959
0.01	-4.003360377502696	-0.05348965239853769
0.01	-4.0093912793793685	-0.049943640539107305
0.01	-4.01543672880564	-0.04627074245886378
0.01	-4.0215312132068854	-0.04245417313900106
0.01	-4.02772948203501	-0.03846128670058055
0.01	-4.034113914313328	-0.03428793389272335
0.01	-4.040786094194498	-0.029912971230774858
0.01	-4.047866916127349	-0.025339689515787227
0.01	-4.055488531886412	-0.02056494852770596
0.01	-4.063802850002265	-0.015601242047688549
0.01	-4.072980048752477	-0.010473898696711705
0.01	-4.083222692865412	-0.005247452213970296
0.01	-4.094781043738871	-6066395003913143e-20
0.01	-4.107972037646939	0.0048106404213737654
0.01	-4.12317518316525	0.008634201193177331
0.01	-4.13948839431771	0.00889280880430724
