#y location 	alpha (def) 	h 	u 	scaled bound circ 	a0 	a03d 	tevstr 	cl 	cd 	cm 
-1.9753766811902755	17.140991408112146	0	1	-0.6344813993447784	0.3254277963132	0.5483414634129785	-0.007092573455210239	0.4219415022786445	-0.5662028042814593	0.6173588954728285
-1.902113032590307	17.140991408112146	0	1	-0.7183497167407445	0.42587659099730923	0.5639654587603489	-0.006427477827777991	-1.7380544380869114	-1.728614131953941	1.8103439064511289
-1.7820130483767358	17.140991408112146	0	1	-0.4092758115151858	0.21212967904484617	0.23778967100664383	-0.00177401596199409	-0.2807941375394523	-0.382482815209352	0.8163651870365163
-1.618033988749895	17.140991408112146	0	1	-0.3432312071800689	0.16563117068558117	0.1627080988398089	0.0005446628759729013	-0.8484520833101625	-0.4420656595422763	1.014336611505685
-1.4142135623730951	17.140991408112146	0	1	-0.3061743405786426	0.14961152329034827	0.12281220873993648	0.0017832092922454095	-1.1145530438115596	-0.4909319700957855	1.1165567736499908
-1.1755705045849463	17.140991408112146	0	1	-0.2602825764116039	0.13297052209761323	0.08278190758054621	0.0029186865567586272	-1.3040232065516641	-0.5184492851235362	1.1849354079780055
-0.9079809994790937	17.140991408112146	0	1	-0.21837398807153852	0.12352534620334671	0.0507474081883114	0.004164890100040166	-1.3171892389571453	-0.5065804986080843	1.1865383054902852
-0.6180339887498949	17.140991408112146	0	1	-0.1878779479019387	0.11787995161607275	0.02926961138020322	0.004982579958456796	-1.3657807270343996	-0.5126063302214426	1.2047778116105379
-0.31286893008046185	17.140991408112146	0	1	-0.18134020854662364	0.11890697845436414	0.026618438618607184	0.005266112468644243	-1.4028672242497302	-0.5256436872792761	1.2210174226221349
-12246467991473532e-32	17.140991408112146	0	1	-0.1785080673968881	0.11895850507723259	0.02502884312797705	0.005413900267622776	-1.398032131613591	-0.5242330199708906	1.220131671819039
