#y=-1.4142135623730951 
#strength 	x-position 	z-position 
-9703945633154909e-26	-0.10189661840622667	0.17042358414224426
-9706867254433149e-27	-0.1105789374532304	0.17162211492132604
-2203372206910359e-26	-0.11928314861494936	0.1728322377428184
-30682709845075706e-27	-0.12800980502286088	0.17405405340501437
-35454132685242e-24	-0.1367594775840081	0.17528766060482612
-4071721605714007e-26	-0.1455327556957	0.1765331563583773
-4753717385008738e-26	-0.15433024799638514	0.17779063588224137
-55722572389615976e-27	-0.16315258312307773	0.17906019217061733
-6536121470446243e-26	-0.17200041051111276	0.18034191570665273
-7682708982881259e-26	-0.18087440123566514	0.18163589418802517
-9033507622491221e-26	-0.18977524889366792	0.18294221222164497
-10634671268605622e-26	-0.19870367052833302	0.18426095099221254
-12525727503820416e-26	-0.20766040759898743	0.18559218790672205
-1475201107103974e-25	-0.21664622699885633	0.18693599621187207
-1738468674572502e-25	-0.2256619221236184	0.18829244458356204
-2049137873272322e-25	-0.23470831399367806	0.18966159668537688
-24152537608790325e-26	-0.24378625243333835	0.19104351069363792
-28473798666106553e-26	-0.2528966173103387	0.19243823878736627
-3356850058339189e-25	-0.2620403198393987	0.19384582659941324
-39583838637446966e-26	-0.2712183039536703	0.19526631262652433
-4667608625996689e-25	-0.28043154774831464	0.19669972759494553
-5503890364300101e-25	-0.28968106500070573	0.1981460937777228
-6490647654761039e-25	-0.2989679067721224	0.199605424260499
-7654157099801218e-25	-0.3082931630960824	0.20107772215071323
-9026565311182067e-25	-0.31765796475895086	0.2025629797265955
-10645526179325904e-25	-0.32706348517882305	0.2040611775211055
-12554154521504657e-25	-0.33651094238915824	0.20557228333431213
-14805932539024846e-25	-0.3460016011341742	0.207096251169742
-17461463230200591e-25	-0.3555367750835112	0.20863302008745618
-20593240671745727e-25	-0.3651178291743104	0.21018251296682905
-24287512452592086e-25	-0.3747461820895316	0.21174463517256764
-2864370794372628e-24	-0.38442330888196835	0.21331927311369914
-3378162444223065e-24	-0.3941507437543005	0.2149062926873765
-3984144255828048e-24	-0.4039300830063696	0.21650553759750005
-4698847142978191e-24	-0.41376298816171725	0.21811682753630413
-5541726508240252e-24	-0.4236511892865832	0.21973995621720796
-6535856831441089e-24	-0.4335964885157001	0.22137468924531495
-7708333507952525e-24	-0.44360076380034624	0.2230207618102065
-909108765524691e-23	-0.45366597289561433	0.22467787618409646
-10721917473657805e-24	-0.46379415760542464	0.22634569900759988
-12645334269284492e-24	-0.47398744830539463	0.22802385834219965
-14913783567480077e-24	-0.48424806876556703	0.22971194046660462
-1758918805917775e-23	-0.4945783412971314	0.23140948639217293
-20744549742920948e-24	-0.5049806922495398	0.23311598806858633
-24465957520342085e-24	-0.5154576578869058	0.23483088424799944
-28854944794654003e-24	-0.5260118906754401	0.23655355597240485
-3403126136447554e-23	-0.5366461660169011	0.23828332164416338
-4013620790235817e-23	-0.5473633894664595	0.24001943163535874
-47336341400458504e-24	-0.5581666044772936	0.24176106238561043
-55828100394353375e-24	-0.5690590007187071	0.2435073099315202
-6584327904256282e-23	-0.580043923019392	0.2452571828040806
-7765502356947562e-23	-0.5911248809930337	0.2470095942204356
-9158577496740095e-23	-0.6023055594096118	0.2487633534886631
-1080155315000969e-22	-0.6135898293827964	0.25051715653158024
-12739269286687893e-23	-0.6249817604516811	0.25226957542315487
-15024592194858022e-23	-0.636485633644113	0.2540190468164321
-17719885749521713e-23	-0.6481059556189589	0.2557638591237721
-20898687803395932e-23	-0.6598474739962251	0.2575021382908106
-24647740184263744e-23	-0.671715193997145	0.25923183198158023
-2906933250345495e-22	-0.6837143965313821	0.2609506919650884
-342841137130831e-21	-0.6958506578859304	0.2626562544615307
-4043437058232069e-22	-0.7081298711901224	0.26434581816940034
-4768791071769335e-22	-0.7205582698543754	0.2660164196502623
-5624264843191729e-22	-0.7331424532069625	0.2676648056970172
-6633198054318418e-22	-0.7458894145845579	0.2692874022490647
-7823119465930756e-22	-0.7588065721688461	0.2708802793467658
-9226493741573e-19	-0.7719018029044104	0.2724391115319111
-10881607451634911e-22	-0.7851834798840447	0.27395913299792884
-12833616413170795e-22	-0.7986605136481746	0.27543508667232675
-15135771897715339e-22	-0.8123423979169747	0.27686116626601437
-17850876408952165e-22	-0.8262392603600065	0.27823095014837235
-21052993890297023e-22	-0.8403619191126227	0.2795373256923605
-2482946877475564e-21	-0.8547219458738932	0.2807724024734191
-29283304496061785e-22	-0.8693317365740998	0.2819274123874334
-34535971821757216e-22	-0.8842045907870358	0.282992594359832
-4073071343051529e-21	-0.8993548012918559	0.28395706083184036
-4803644717254682e-21	-0.9147977554720915	0.2848086426043817
-5665235879874844e-21	-0.9305500505890779	0.2855337078600581
-6681332013118088e-21	-0.9466296254010761	0.28611695022169376
-7879627489980681e-21	-0.9630559111397121	0.2865411394802933
-9292775734632067e-21	-0.9798500055284539	0.2867868270528568
-10959275628812798e-21	-0.9970348743699274	0.2868319961923543
-1292451532323817e-20	-1.0146355862816525	0.28665164430909024
-15242000973818629e-21	-1.0326795874770827	0.2862172812547729
-1797480430965233e-20	-1.0511970251361762	0.2854963227482629
-21197264890889314e-21	-1.070221129965137	0.28445135184748616
-24996994085466073e-21	-1.0897886710994409	0.28303921285241457
-29477229911496067e-21	-1.10994049966043	0.281209890332787
-3475960625914758e-20	-1.1307222011358244	0.2789051097409723
-4098740350716966e-20	-1.1521848813988278	0.2760565732550943
-483293646234631e-19	-1.174386116620676	0.2725837119869374
-56984169264610515e-21	-1.1973911033996696	0.2683907886611832
-671856732885074e-19	-1.2212740515491347	0.26336311574212007
-7920903914352372e-20	-1.2461198666929243	0.25736205044403154
-9337789442738151e-20	-1.2720261696845128	0.2502182698673287
-0.00011007267864164907	-1.2991056871863589	0.24172258234742008
-0.0001297403527157747	-1.3274890052590687	0.23161313544914958
-0.00015290566479047966	-1.357327566406442	0.21955723076506967
-0.0001801841803626674	-1.388796519402455	0.20512485603100755
-0.0002122972969274689	-1.4220963812285388	0.18774912847683306
-0.0002500894644953816	-1.4574508836686648	0.1666654001431885
-0.0002945478260555929	-1.4950943362211708	0.1408144414318182
-0.00034682446280405455	-1.5352309235115584	0.10868353524133391
-0.00040826137322164634	-1.5779172292041856	0.06804063368686768
-0.0004804182178401936	-1.6227318487021378	0.015505599227070494
-0.0005651027109563073	-1.6679252519695966	-0.05400647382622976
-0.000664403308445409	-1.708684942748487	-0.1482184303894711
-0.0007807235109997916	-1.725056892378461	-0.2734384941736932
-0.0009168166340571531	-1.7124215741706823	-0.3932130525527679
-0.0010758192601030836	-1.6634724221044488	-0.5107598813731757
-0.0012612807442757609	-1.6121646892066066	-0.595736079659617
-0.001477185056385416	-1.53299327404619	-0.6493577638232881
-0.0017279598900345888	-1.498077618751095	-0.6821453491810406
-0.00201846635821361	-1.3291279093787574	-0.5951688452390289
-0.0023539607838459504	-1.1404091835233212	-0.3369251242655406
-0.00274001823243499	-1.451404940452308	-0.2064267099978813
-0.0031824057963424158	-1.5291412773413418	-0.4028993179540999
-0.003686892686879829	-1.5209973239161692	-0.5247924826345005
-0.004258984594311486	-1.4327559294124068	-0.42498456926828126
-0.004903572441181514	-1.5423966456397842	-0.569401482975447
-0.005624491637562227	-1.4238096574917851	-0.19488254967056987
-0.006423998272259472	-1.438058448725711	-0.26732695184368965
-0.007302183945036006	-1.304662821830964	-0.40050144902868884
-0.008256370774299759	-1.385279237322918	-0.40213266783836354
-0.00928055041679148	-1.378000801852335	-0.27082302274329045
-0.010364951338547906	-1.3929546036821014	-0.34435295334486243
-0.01149583039211237	-1.2852345268529572	-0.32275484870440874
-0.012655580070723503	-1.2901765761921729	-0.5058992844051217
-0.01382321512875604	-1.3972021242345245	-0.31828124248971695
-0.014975250402109123	-1.3521361088843984	-0.3415129276889302
-0.01608691352919405	-1.2876299166640406	-0.30112748240802906
-0.01713356966586302	-1.355019761219014	-0.3614438882878658
-0.018092193089517757	-1.4714068392153703	-0.39828546822193245
-0.018942719829916875	-1.3433037550615756	-0.31963678029564807
-0.019669155314740186	-1.3978633736163968	-0.3987652817215459
-0.02026036915209667	-1.2262328473682191	-0.396298337354803
-0.020710554229094968	-1.2807057283088457	-0.3526269092899613
-0.021019342073410975	-1.420356251116665	-0.4396216218183608
-0.021191562695408644	-1.497032698314232	-0.5032333436256916
-0.02123664517892331	-1.4553714523112598	-0.3033365456587953
-0.021167694786745374	-1.4470777987120416	-0.41162192063441994
-0.02100034252384174	-1.4780146523719038	-0.27055781147963587
-0.020751511546416974	-1.4016647585390487	-0.2684015914973614
-0.020039760975763706	-1.3700138051408304	-0.23696831891677514
-0.019406066580231626	-1.336847780295925	-0.2915836878131238
-0.01899933389886355	-1.544187031442452	-0.24976224890382545
-0.017310204404590458	-1.5445113084496345	-0.48018521430811917
-0.016839596358249345	-1.5265936897250656	-0.43625790566338196
-0.016329754225782804	-1.6030999192667919	-0.4255285811513116
-0.015819735207718306	-1.5081305730471954	-0.4882378597582695
-0.01960074662707939	-1.495668219099639	-0.3695837964801793
-0.018986446572463827	-1.5169967380339549	-0.45963707820412025
-0.018759589432030484	-1.4617461143483705	-0.4568698108864011
-0.018613426465864034	-1.4283194813963718	-0.37988281073118996
-0.018451839782351334	-1.3601815360242884	-0.4702034596769996
-0.0182900925000364	-1.354405803644412	-0.43154316460365555
-0.018130496769126113	-1.6038401456144875	-0.303713145242574
-0.017972765118303105	-1.6169927148281733	-0.3597618834323229
-0.01781865726097365	-1.4420156419767303	-0.24331340641811686
-0.01766931071789189	-1.3866903210959183	-0.5188568658807338
-0.017527766331677887	-1.4300687565877934	-0.3080983464007264
-0.017392364868332035	-1.4417411348201463	-0.5809516453041561
-0.017267903479845532	-1.4269630081714568	-0.57161118243351
-0.017150023760106443	-1.6226090895911973	-0.4848301741286314
-0.01599349081880058	-1.4295152449125694	-0.3513290813722375
-0.0159064742187486	-1.656552404819861	-0.3159492642174647
-0.01579457099810348	-1.6669878708559709	-0.2581713710829553
-0.015685766575472732	-1.3184700482221356	-0.41237985879551836
-0.015589169618135015	-1.4564655397427313	-0.48239435334921876
-0.015504115525075222	-1.2816260280936946	-0.39049704946777997
-0.015433889008831749	-1.2337468893149734	-0.42832834657039087
-0.015365819422556989	-1.4362064627131177	-0.470261668495848
-0.015311986897996448	-1.364539898952449	-0.43915117725363473
-0.015262076143926745	-1.3090724378340108	-0.3355601482908184
-0.015215924262651014	-1.2986919419537843	-0.36888983616055937
-0.015179246875655396	-1.5734789081642664	-0.15370941320685497
-0.015144681565605559	-1.564956310993181	-0.2717115775047447
-0.015114415085687765	-1.5098870916275677	-0.31064446091082687
-0.0150889848409872	-1.5189829220285636	-0.27791087572817336
-0.015067331185374108	-1.5182152532861135	-0.1381673622578233
-0.015048765819355164	-1.542601406697374	-0.2841674992366685
-0.015033607459764592	-1.3879177197334271	-0.14449657448753267
-0.01502156318760704	-1.3807118444713387	-0.15962020902460095
-0.015010592916097892	-1.3748780646202783	-0.12707669448253425
-0.015002940895235871	-1.4961654687573969	-0.21768331792715512
-0.014997071056081583	-1.150018433126983	-0.29039797227961567
-0.01499266951987786	-1.154957722073987	-0.29762308751114813
-0.01499126501903899	-1.2018195644942795	-0.2900450048123246
-0.014990228967160669	-1.1734673087940017	-0.31918356427277517
-0.014990506698877484	-1.1356071428370809	-0.3039896883551823
-0.01499326603448812	-1.112436062430584	-0.27933339156193376
-0.014996835988086606	-1.0322219447698708	-0.36702606852055414
-0.014769547412106718	-1.0843039397851821	-0.3122674891238418
-0.014787573485738281	-1.1524224156018656	-0.32659006394330325
-0.014778931655373084	-1.4561520409975204	-0.8600080122054533
-0.01476970178886041	-1.4913520108158738	-0.8839950611763281
-0.014765786411251723	-1.3796531384409472	-0.8317897104778894
-0.014764461926547259	-1.4443490547862525	-0.7606387600199077
-0.014766668912963923	-1.4579688251758112	-0.839777013132067
-0.014772098549985471	-1.4435148027640419	-0.8771936837534434
-0.014778848930159304	-1.456961782864681	-0.9147338227994187
-0.014787444027606001	-1.471500369921942	-0.9037621782096799
-0.014798599091041916	-1.4328722892793573	-0.8206117415866598
-0.014811036787199996	-1.4358221411353875	-0.9004285017424877
-0.014824417017764342	-1.4153970116565966	-0.8429786188907
-0.014839612678600666	-1.4536988852402484	-0.8116450315111965
-0.01485624014821621	-1.4311804689953864	-0.7505965395587533
-0.014873614482717682	-1.4206435735360883	-0.7672781180631357
-0.014892103706440023	-1.418895990968142	-0.8225672452850931
-0.014911817830889322	-1.4665208659120867	-0.7897523164130256
-0.014932301386961394	-1.371630365727438	-0.7828644745420593
-0.014953558860629042	-1.5663879461244192	-1.032218507481429
-0.014975759303963703	-1.6192888836249983	-1.070189880748603
-0.01499867858844853	-1.6270638353120448	-1.0285633784517703
-0.015022137476132978	-1.6299312801495378	-1.0598923499537314
-0.01504618302482897	-1.6403221540214794	-1.039563241842692
-0.015070738188381127	-1.5831868124769726	-1.0615320003842326
-0.01509560224039476	-1.6113975678155215	-1.0537178290852625
-0.015120660158414461	-1.568371005808948	-0.98300692258475
-0.015145831992267465	-1.5788361333643044	-1.021256580990552
-0.015170956855482531	-1.8762582368542806	-1.1680218689896587
-0.015195816646321872	-1.861540812350511	-1.1492441292216578
-0.015220182175823396	-1.8553320986632604	-1.1700335334062768
-0.015243799652582168	-1.8487607962279047	-1.171611834513455
-0.015266359359658026	-1.8495033906809262	-1.1145455388931407
-0.015287480526534405	-1.8817930127367857	-1.24198461778559
-0.0153067098866101	-1.8282006390016676	-1.1841462475783366
-0.015323518952170948	-1.8359936703420687	-1.2060166817936115
-0.015337290454722426	-1.837860357972797	-1.1662410671595556
-0.015347297437868994	-1.9891106591054881	-1.3843703289291969
-0.015352681651093108	-1.91294593094536	-1.2914232397269259
-0.015352433284812747	-1.9505255981612888	-1.3290370711337864
-0.01534537092474146	-1.8813681959406328	-1.3092714037464892
-0.015330117513547663	-1.8852186439323189	-1.3256909811743116
-0.015305068222184727	-1.8862008521053721	-1.3363152173030854
-0.015268351982236503	-1.9072004073860997	-1.314063860082617
-0.015217791949495341	-1.8291245697925154	-1.2818333582412753
-0.015150866572025384	-1.9298208376361559	-1.367005172032373
-0.01506466953649596	-2.006253507999048	-1.3861810116386377
-0.014955868689124772	-1.8671468618948748	-1.252107286717479
-0.014820667055974575	-1.9524889437747488	-1.3387433948214207
-0.014654769953191706	-1.9282805592939742	-1.324698927189278
-0.014453362701687653	-1.932926024295333	-1.3543540932881621
-0.014105572124839719	-1.8993105384843134	-1.387949002702406
-0.013823021024655288	-1.8891984180893462	-1.3560196878658337
-0.013478807171168625	-2.075693395238447	-1.4997205222910968
-0.013072360337995189	-2.038395260242701	-1.484822456080791
-0.012600714625866677	-2.052166385931887	-1.4938826720753329
-0.012056898987645736	-2.051137286393606	-1.476933389461037
-0.011434470579470668	-2.0789515597610397	-1.4617389367971618
-0.010728126155120098	-2.0383800154514513	-1.454039817041439
-0.00993407863636426	-2.171675772730191	-1.5202509575302063
-0.009050795756277083	-2.2424652674200414	-1.513687016607911
-0.008079811353808376	-2.2985507520414385	-1.510226908894846
-0.007026531749724646	-2.3532637482370364	-1.5031345309335682
-0.005900967107092519	-2.407119063271261	-1.4927124192357877
-0.004718264707340222	-2.460318444960279	-1.478889477914295
-0.003498894605526939	-2.5128721643126255	-1.4615438570946446
-0.002268340574425665	-2.5647123286637377	-1.4405765594534077
-0.001056187898679211	-2.6158959694395043	-1.4158415629116865
0.00010542199695046973	-2.667034122462999	-1.3868895381785853
0.0011838894129818506	-2.7208059838609513	-1.3517505330163377
0.0021486005330613655	-2.7871984070482156	-1.2946084515234448
0.002973402162773609	-2.7991093893721946	-1.203711277927276
0.003638736232657979	-2.7600168686735396	-1.2138010016778862
0.0041330918714646385	-2.769708844183216	-1.25724691205013
0.004453549061126391	-2.7768001026207405	-1.243679402440173
0.004605364933574789	-2.7741075716238703	-1.2399130323628613
0.00460073998512815	-2.7697237541167428	-1.2396192484884436
0.004457040656456333	-2.7680485994660704	-1.2336334700021716
0.004194811517078933	-2.782415175759073	-1.2187260049737354
0.003835882772854379	-2.7883054944364503	-1.2589849177651276
0.0034017915602298416	-2.7565720382790233	-1.2808223695187155
0.0029126245850953376	-2.738289485237816	-1.2435056013454668
0.002386288699770854	-2.788693127474181	-1.1622934315897884
0.0018381477706528278	-2.851018395652742	-1.1096985708094027
0.001280935899663642	-2.903837451412892	-1.0540616585740987
0.0007248602784553154	-2.950352149248098	-0.9848859237943928
0.00017782405531167867	-2.9846030983747056	-0.8952228833136254
-0.0003542837408566802	-2.9814439914717425	-0.7915307984576884
-0.0008672715748491312	-2.9777213804021354	-0.7103857036551652
-0.0013583308373528308	-2.8495630569327215	-0.6114036727372955
-0.0018257405489185575	-2.875547680074116	-0.5292168545515472
-0.0022686002170870315	-3.042227612682253	-0.43455739901371915
-0.002686596584011481	-3.0228670029527156	-0.3808562388853972
-0.0030798090642028472	-3.066741662585657	-0.38158046439938553
-0.003448555870991481	-3.017530214622085	-0.4625518470533879
-0.003793278271613458	-2.9258328011196792	-0.5983714035752103
-0.004114457555667234	-2.900251660497859	-0.5292346072647477
-0.004412559870409169	-2.965797012259033	-0.4489088777208101
-0.004688005746722866	-2.9508648382666602	-0.6418279310683506
-0.0049411611090928766	-2.9794749044096585	-0.6060552730240716
-0.00517234509493455	-2.8782923279458967	-0.6220336767807848
-0.0053818490415038014	-2.8890149751159946	-0.6330485575625234
-0.005569961480078331	-2.8912631102796427	-0.6359277192823731
-0.005736995294237314	-2.8866560738715368	-0.6366748162649929
-0.00588331460056964	-2.8786112578936227	-0.6300165798504328
-0.00600935969248124	-2.869902862965968	-0.6279444783699837
-0.006115668147091561	-2.8676121992902757	-0.6352049554291976
-0.006202890392436017	-2.893169372440044	-0.6396483060361288
-0.006271799772632246	-2.892057504177648	-0.5632356156406142
-0.00632329869681571	-2.8863059180858444	-0.5640653096430088
-0.006358421760842549	-2.8856292915238764	-0.6206668522077201
-0.006378335692637847	-2.9394274818616175	-0.6012780742531025
-0.006384336012509142	-2.920046356320246	-0.6066224840890815
-0.006377838186675823	-2.918129647740232	-0.6329617430755627
-0.006360355160824517	-2.9034286229518784	-0.5265436450025677
-0.006333447544710287	-2.974748600390487	-0.4707538765509976
-0.006298628352563136	-2.985191926212644	-0.4688995733428218
-0.006257194356844437	-2.985218181104282	-0.4710036408177229
-0.0062099379591149285	-2.9874348966471724	-0.4719301916095538
-0.006156673780832727	-2.9895838083255053	-0.47330673443647064
-0.006095512161024687	-2.9909588147861457	-0.4756658781155497
-0.006021866300293363	-2.996136812685521	-0.4771634997400366
-0.0059273620939924105	-3.00968706671089	-0.4701161404443841
-0.005799211384644347	-3.0138802168594894	-0.4532213133737368
-0.005621161929033029	-2.995466753235834	-0.4511945593531231
-0.005377477729097758	-2.9617705261454597	-0.4552294172301417
-0.005060388339235485	-2.951419287851758	-0.46237878112089625
-0.0046772049336870035	-2.951072994212559	-0.46805158857193163
-0.00424856465977793	-2.9456769356720907	-0.48059507630554377
-0.0037955017170981757	-2.9442198716649752	-0.4942586773016681
-0.003326727330021267	-2.946251698405279	-0.49481732169052645
-0.00283640740561477	-2.949972064938092	-0.48441076192187854
-0.002310439951791121	-2.9571146484733264	-0.4785160472735003
-0.0017340880304279882	-2.9672573041395642	-0.4878276414252749
-0.0010966503211023767	-3.0014438527611387	-0.44165503274122286
-0.0003922044321698732	-2.923443648424974	-0.472825571417588
0.00038250552609681476	-2.9038527167715835	-0.5119957683229913
0.0012291032748978099	-2.89663469428812	-0.535028124356732
0.002148861272672275	-2.889604597179921	-0.5522103021891954
0.003145075723546188	-2.8801949285813198	-0.5730176729835246
0.004194704602777783	-2.894505582267495	-0.6209212023863836
0.005226219516119681	-2.984548878099194	-0.615527957015128
0.00618662900490859	-2.960837399594142	-0.5937507757090147
0.00707754406493232	-2.9357956224380968	-0.5986518754493119
0.007864667262041807	-2.914489292121885	-0.6101127048585989
0.008482252879709603	-2.9569370161893804	-0.6247589576103226
0.008906679716705636	-2.9442773525688826	-0.6135487066792695
0.00914481378449005	-2.935603061407065	-0.6215394087019179
0.009210300831764186	-2.9383730931613337	-0.6274122167704674
0.009147920494994344	-2.9402895647005756	-0.632149149512419
0.009023798575274645	-2.9334877610062766	-0.6376338661000724
0.008846303770500337	-2.9229803462235213	-0.6338263952118472
0.008581782637234279	-2.9655401770751255	-0.6001187580105364
0.008206295876828616	-2.905428805687951	-0.6540853539728628
0.007702900774131213	-2.9038494713612235	-0.5262626687651923
0.007055104745939538	-3.0037969795681567	-0.4437020994566376
0.006255828223274911	-3.0184448811353985	-0.44823778075571424
0.005315595662524018	-3.005123730497791	-0.4451720170575433
0.004273961705545988	-2.964241933840469	-0.45099137045513843
0.0031951963553609147	-2.929780749435107	-0.47052447007347736
0.0021613815107097926	-2.9245715216598382	-0.4840149747903646
0.0012595005867685385	-2.926184105093253	-0.48826713357142437
0.0005422335198473158	-2.9301978865334783	-0.4878838447272039
2364944175381467e-21	-2.933901971363763	-0.4898621881818907
-0.0003971672732719766	-2.93611637583677	-0.4996705482406432
-0.0006901663962276972	-2.9431472141788806	-0.5117357896391224
-0.0009000952739851627	-2.958325628370916	-0.5144293400737717
-0.001043568123749717	-2.9738863463345266	-0.509953616526453
-0.0011336035538101873	-2.9873495069748324	-0.5047735906404829
-0.0011571848167828865	-2.999811137878003	-0.4995927230863277
-0.001170822686993948	-3.0109640691687116	-0.4937594822791547
-0.0011582107171534337	-3.0200888440761533	-0.48747585707122837
-0.00112487583593863	-3.0271929131659205	-0.48134526862106053
-0.0010750119575725133	-3.0326834827984963	-0.47567839188858396
-0.0010126012529427311	-3.03699492682976	-0.4705297793141988
-0.0009418114924579207	-3.0404821182507487	-0.4658335332745673
-0.0008667262125135865	-3.043404235002248	-0.4614759759525262
-0.0007910910968476764	-3.04593683281067	-0.4573333853731628
-0.0007181711884043963	-3.048188680863356	-0.4532906702906698
-0.0006506804122103933	-3.0502162200317064	-0.44925322740745555
-0.0005907637289146502	-3.052038722890911	-0.44515747301478314
-0.0005400259481990327	-3.053657230129226	-0.44097880076894586
-0.0004996021290308208	-3.0550736284232856	-0.436734079225463
-0.00047026866737964745	-3.0563052244268536	-0.43247874074779197
-0.00045257670808071353	-3.057394722653747	-0.42829856688565204
-0.0004469459199081885	-3.058414510231513	-0.424292604543494
-0.00045358277929278233	-3.059458232501331	-0.42054645119018524
-0.0004721195226688509	-3.0606191252434165	-0.41710938514052004
-0.0005011180308118098	-3.061970316681416	-0.41399018222172584
-0.0005378220435216744	-3.0635588655985644	-0.4111671035371977
-0.0005783896060299852	-3.065409875644429	-0.4085975272772244
-0.0006182261323490895	-3.067530861839559	-0.406219693570496
-0.0006518923545256357	-3.069909756813838	-0.4039501202025029
-0.0006729273418893678	-3.072507477963815	-0.401687110209987
-0.000674632745063972	-3.0752526662827098	-0.39932770891458036
-0.0006518972874282481	-3.078045557354864	-0.39679398492037415
-0.0006017470536777893	-3.080772608673408	-0.3940570266152613
-0.0005233664058268486	-3.0833315795314005	-0.39114790377645314
-0.00042098124880470336	-3.0856628279284686	-0.3881469956713641
-0.0003030560405458769	-3.0877710190728886	-0.385150702643159
-0.00017860287060770565	-3.08972011408001	-0.382231735910924
-56572425166561205e-21	-3.0916048559027622	-0.3794162684230342
57118061050551866e-21	-3.093519471844733	-0.3766861058508188
0.00016142912667732254	-3.095539378448118	-0.3739961645813141
0.00025640014343837787	-3.097717141786458	-0.3712937291147255
0.0003422200559681267	-3.1000860540170123	-0.3685318394207484
0.000421063376085681	-3.102664989717602	-0.36567549849590375
0.0005014848514597759	-3.105461645436174	-0.36270254186945605
0.0005931855060035511	-3.108474078462352	-0.35960147789965463
0.0006990972345899196	-3.1116917449015964	-0.35636822413758346
0.0008091362845320162	-3.115097640617232	-0.3530035366809694
0.000916251014894667	-3.118672466518004	-0.34951237876331726
0.0010192179065590928	-3.1223995626165797	-0.3459047603042058
0.001117953237374316	-3.1262675435540714	-0.3421960005601625
0.0012065343732823124	-3.130269147085797	-0.338405153868259
0.0012789587830181197	-3.134398339005949	-0.334552647466385
0.001338966971997793	-3.1386482572906074	-0.33065860047730206
0.0013956109487665495	-3.143010591958825	-0.32674207455245347
0.0014514504861144533	-3.147476356738346	-0.32282134357705256
0.0015139294205663667	-3.1520376745146206	-0.3189151320733841
0.0015629840910963682	-3.1566894575028135	-0.31504404839274924
0.0015950536532513414	-3.161428984504676	-0.31123020287651404
0.0015827186491526592	-3.166253548045539	-0.30749469731652407
0.0015480095532407463	-3.1711591582015886	-0.3038562722261441
0.001570003369662181	-3.1761413904014226	-0.30033264085784783
0.0016635943960735314	-3.181195914643801	-0.2969409676313323
0.0017407221227623776	-3.18631643291607	-0.29369333304392
0.0017832092922454095	-3.191490277070298	-0.2905873016467521
