#y=-1.2246467991473532e-16 
#strength 	x-position 	z-position 
-10172121304996562e-26	-0.1123821175578984	0.18353859591007288
-9755496757635207e-27	-0.12120189242776822	0.1848045521929845
-2323068820642149e-26	-0.13004626224147992	0.18608219198139228
-3247691525432028e-26	-0.13891585242067228	0.18737159550846258
-37476514946899186e-27	-0.14781130864251824	0.18867283954610575
-4306339312920571e-26	-0.15673329765962302	0.18998599778858807
-5023242759250035e-26	-0.16568250816406255	0.19131114063679686
-5889188268992651e-26	-0.17465965165940456	0.19264833467631212
-6911882177718098e-26	-0.18366546338169576	0.1939976422935725
-8122054417913915e-26	-0.19270070326890015	0.1953591212986092
-9552878453555902e-26	-0.20176615697734207	0.19673282450964077
-11244932415777065e-26	-0.21086263694768675	0.19811879930324452
-13240196612696042e-26	-0.21999098352365057	0.19951708713207433
-15600641785351588e-26	-0.22915206612656233	0.2009277230079179
-18380292600428394e-26	-0.23834678448900493	0.2023507349464128
-21664786631347965e-26	-0.24757606995105605	0.2037861433710541
-2553761785373254e-25	-0.256840886822864	0.20523396047329628
-3010791442548122e-25	-0.2661422338175345	0.20669418952498167
-3549492956500533e-25	-0.2754811455586427	0.2081668241398644
-4185528330175048e-25	-0.2848586941669479	0.209651847480112
-4934894402841561e-25	-0.2942759909312014	0.2111492314029109
-5819606654217102e-25	-0.30373418806836183	0.21265893554332205
-6862646614175238e-25	-0.31323448057886655	0.21418090632790854
-8093395693214989e-25	-0.3227781082030032	0.21571507591336092
-9543963310626458e-25	-0.3323663574849329	0.21726136104398042
-11255641453600251e-25	-0.3420005639514258	0.21881966182150017
-13274090281817363e-25	-0.3516821144128194	0.22038986037993963
-15654778272311543e-25	-0.3614124493943622	0.22197181945737088
-18462625230725171e-25	-0.3711930657067535	0.22356538085667074
-21773917929096553e-25	-0.3810255191653496	0.22517036378445338
-25679677325557426e-25	-0.3909114274682595	0.22678656305877054
-30285836893906293e-25	-0.4008524732443906	0.22841374717350746
-3571818970801721e-24	-0.4108504072834423	0.23005165620694754
-4212560215585692e-24	-0.4209070519607911	0.23169999956113696
-496818302990476e-23	-0.43102430487132304	0.23335845351571757
-5859443879749349e-24	-0.4412041426874362	0.23502665858062816
-6910535858828393e-24	-0.45144862525776946	0.23670421662820715
-8150196470838034e-24	-0.46175989996460376	0.23839068778393924
-9612229418670681e-24	-0.4721402063595338	0.24008558705355343
-11336570951078762e-24	-0.4825918810986857	0.24178838066057698
-13370226341000158e-24	-0.49311736320065375	0.24349848206671912
-15768739666452425e-24	-0.5037191996525376	0.24521524764376926
-18597492299626817e-24	-0.5144000513917054	0.24693797196176642
-21933727927664348e-24	-0.5251626996935379	0.248665882654624
-2586844774672692e-23	-0.5360100529982607	0.2503981348198369
-3050904070871219e-23	-0.5469451542131349	0.25213380490337783
-35982095606887365e-24	-0.5579711885298683	0.253871884015373
-42437053524024826e-24	-0.5690914918009327	0.25561127061549055
-5004988049527037e-23	-0.5803095595228994	0.2573507624982263
-590284549226161e-22	-0.5916290564798519	0.25908904800095006
-6961772457472759e-23	-0.6030538271052628	0.2608246963468875
-8210659266198739e-23	-0.614587906626865	0.2625561470230468
-9683589388687075e-23	-0.6262355330659422	0.2642816980815237
-11420748837961958e-23	-0.6380011601701829	0.26599949323520694
-13469544069173722e-23	-0.6498894713677831	0.26770750760308
-15885873622806246e-23	-0.6619053948403562	0.26940353193928757
-18735673547147502e-23	-0.674054119823339	0.2710851551563701
-2209669972136341e-22	-0.6863411142550148	0.2727497449258893
-26060663509824833e-23	-0.6987721439097292	0.2743944261076773
-3073572724283935e-22	-0.7113532931670159	0.2760160567224248
-36249441880131794e-23	-0.7240909875871298	0.2776112011376961
-4275226294942619e-22	-0.7369920184849685	0.2791761000876248
-504216081522596e-21	-0.7500635697190265	0.28070663708565563
-5946674456747125e-22	-0.7633132469405752	0.282198300720182
-7013445041184618e-22	-0.776749109581522	0.2836461422388053
-8271578384351497e-22	-0.7903797058983195	0.2850447277273067
-9755401327495722e-22	-0.804214111434403	0.28638808407296257
-11505394580391126e-22	-0.8182619713171203	0.28766963775949683
-13569302655686705e-22	-0.8325335468682606	0.2888821453728475
-16003429584212497e-22	-0.847039767082255	0.29001761449220753
-18874179058183532e-22	-0.8617922856150044	0.29106721339533703
-22259858929955106e-22	-0.876803544033508	0.2920211677061495
-26252822318464236e-22	-0.8920868422051864	0.2928686417450399
-30961978178742355e-22	-0.9076564168605454	0.29359760189267337
-3651575980046992e-21	-0.9235275295507595	0.2941946587192299
-430656228083727e-20	-0.9397165654509699	0.29464488393408794
-5079016855405807e-21	-0.9562411447385876	0.2949315973392658
-59900002958857e-19	-0.9731202486159524	0.2950361178712409
-7064346496181775e-21	-0.9903743624630644	0.29493747141576526
-8331337442758074e-21	-1.0080256391157232	0.2946120462853655
-9825499013130928e-21	-1.026098085887401	0.29403318493007685
-11587537547748036e-21	-1.0446177797111822	0.2931706974333892
-1366544371883896e-20	-1.063613115698418	0.29199027837448865
-16115792124057893e-21	-1.0831150955178304	0.29045280336609525
-19005271425636197e-21	-1.1031576633117133	0.2885134745177335
-224124849130692e-19	-1.1237780983905703	0.28612077451719264
-26430068966519157e-21	-1.1450174756562599	0.28321517594127316
-3116718392698163e-20	-1.1669212064974053	0.2797275342922006
-3675244168648874e-20	-1.189539674539981	0.2755770678514611
-4333734404312131e-20	-1.2129289816026538	0.27066879131996036
-5110031803271485e-20	-1.2371518184310144	0.26489021807703333
-60251447361964194e-21	-1.2622784700971705	0.25810706940585854
-7103801483077446e-20	-1.2883879529425404	0.25015761484562127
-8375098542592538e-20	-1.3155692495506048	0.24084509419955394
-9873257911543511e-20	-1.3439225415147553	0.22992740271143963
-0.00011638510025616458	-1.373560196176874	0.21710279665540683
-0.00013718120988795088	-1.404606954112658	0.20198969774492714
-0.00016167584571447416	-1.4371980884198885	0.1840975812901176
-0.000190520011428991	-1.4714727996193921	0.16278419046536716
-0.00022447666778638818	-1.507556659232639	0.13719168932371203
-0.0002644389638037977	-1.5455187904742678	0.10615113097465662
-0.00031145103400726133	-1.5852699661107503	0.06804428017889441
-0.00036673156281036637	-1.6263227194129983	0.02063412330548627
-0.00043170025545298356	-1.6672650366892356	-0.03899062222265775
-0.0005080072569722312	-1.7050384904088507	-0.11378706528771268
-0.0005975654004446752	-1.7356772087278622	-0.20605445761031163
-0.0007025849275539356	-1.7515534964391386	-0.32035251543445525
-0.0008256099752200364	-1.7363522316481184	-0.4478115634441924
-0.0009695556378948519	-1.687701078634849	-0.5666008003672947
-0.001137743746096969	-1.6092146616731902	-0.6613696906606951
-0.0013339346211991114	-1.5080823575841398	-0.7053057342833812
-0.001562350928124399	-1.4443939041644176	-0.7168492653022878
-0.0018276883331070307	-1.3286251995549019	-0.6217738099115078
-0.002135105991050693	-1.2066906090102079	-0.41322349975079314
-0.0024901879954191313	-1.191486566651999	-0.3530875466886557
-0.0028988649825342017	-1.2994307795841336	-0.16437359437236643
-0.0033672833805578296	-1.567136180032682	-0.26596208090719997
-0.0039016088105313295	-1.5289552208050057	-0.5485723579830454
-0.0045077505909368815	-1.5153091031292447	-0.607365078917485
-0.005190997107908389	-1.4742034635678614	-0.39292981911826463
-0.005955558089784762	-1.488423573810663	-0.26907989489170575
-0.00680402061783982	-1.3773705252024377	-0.40113517343436467
-0.007736741612748248	-1.32721045515225	-0.4084908565261601
-0.008751220097621673	-1.3895066282429085	-0.25536089629183933
-0.009841515493873325	-1.4710469781851256	-0.3697918975136642
-0.010997798896591747	-1.4375436124885295	-0.4349515652225113
-0.012206135646553323	-1.4054690668867178	-0.37283024683020943
-0.013448591342013521	-1.4700914342623814	-0.4464703349669137
-0.014703723200526216	-1.456832354429366	-0.4201074076828641
-0.015947463827878088	-1.3988980621261402	-0.4003807726063586
-0.017154334322925045	-1.4961224448328767	-0.42657806391165853
-0.018298858119933332	-1.445143137558925	-0.3926998910341512
-0.01935701052985679	-1.437643189906505	-0.27936094180028687
-0.020307548006713114	-1.414419874725325	-0.3492592258780351
-0.021133110545123356	-1.3657947813425062	-0.3154708363084092
-0.021821050954048068	-1.3549888380003379	-0.3678910864515639
-0.022363979418439393	-1.3299408036737832	-0.38745134800195963
-0.022760005767990837	-1.380668122764497	-0.43113826958539886
-0.02301263774705244	-1.4538363653761703	-0.4911349096277939
-0.023130294137427704	-1.4287140187559901	-0.5340116891315531
-0.02312544097078495	-1.4855177486156954	-0.4951854216165983
-0.023013439467843674	-1.5337728060751978	-0.49000449219410985
-0.02281126114056187	-1.5111322844682116	-0.3543486891099854
-0.023630178987729393	-1.5270606026849014	-0.4171512842171646
-0.022929157038651504	-1.467318160801552	-0.346100249178788
-0.022660494562338086	-1.4067872748010117	-0.30998877302680616
-0.022249476746957167	-1.3274882118526226	-0.30800005882952125
-0.0219165806148583	-1.2877132410741212	-0.3108869238096228
-0.021550898975740883	-1.303140093401342	-0.34180964817638976
-0.021175052709017234	-1.4177917848955797	-0.5041561191420482
-0.020704530111087846	-1.3975177245911599	-0.5194512905934294
-0.02033980282436904	-1.4432376574758163	-0.6123403530963352
-0.019977370558826466	-1.4720226762503268	-0.5508721072354394
-0.01963390711486903	-1.5065144932447785	-0.5180911981998017
-0.019314914269284087	-1.557857459190095	-0.40067743958346164
-0.019018741369481097	-1.5545312316349276	-0.35617030911588243
-0.018742307336919537	-1.5148319807965918	-0.30509317089874954
-0.018484131652488387	-1.4672986054310635	-0.24722217381581416
-0.018243251568719566	-1.458557335726753	-0.30660026427032405
-0.01801625006272619	-1.4455771379711693	-0.2208149307149919
-0.017812323544184328	-1.4026539661594162	-0.23511181098594205
-0.017609878928709112	-1.3564804554355727	-0.27974973217821736
-0.017443155287484906	-1.248098882899654	-0.4205900417083694
-0.017269916367299243	-1.2908337304157838	-0.4489575943294412
-0.01708150305524355	-1.3288617714209532	-0.459916328455641
-0.016947344212632977	-1.328720576812721	-0.49834558956388686
-0.01681592858484428	-1.3458096994558828	-0.5295220794641873
-0.01668894485687581	-1.4152318880928445	-0.5840084009811545
-0.016581577413566063	-1.3946345050295383	-0.4737774553837295
-0.01647963003560867	-1.403196889218875	-0.5909010628989704
-0.01637722593981225	-1.5679814744668918	-0.5620040130722204
-0.016298519019620143	-1.6046345830820714	-0.5222000253432939
-0.016212566709233135	-1.6189154727348047	-0.46904890471051297
-0.016141116258816417	-1.6424927287126503	-0.4200798747909748
-0.016074435165598987	-1.6458226035093626	-0.3721310929814222
-0.01600816654324185	-1.5619529955587501	-0.20464976271623406
-0.01595994794564843	-1.6074036663918514	-0.35160641666196335
-0.015905249578518514	-1.6068650457457971	-0.34286299473863635
-0.01585615255068567	-1.5922277006403396	-0.18795723891361388
-0.015817356688843726	-1.5859569496352672	-0.2020190799773786
-0.01577315686351761	-1.532976608055824	-0.1615408623429824
-0.01574144779161224	-1.4383920829857575	-0.1538624160186208
-0.0157142473110497	-1.2995441792394002	-0.11413408399990911
-0.015681870261896866	-1.3110250687351659	-0.12962849206633031
-0.015660043526515333	-1.2895831789637966	-0.13460540999476278
-0.01563725124688864	-1.4417327790026204	-0.1772257639401464
-0.015605908320339205	-1.5144525925112478	-0.2526672280890854
-0.0155881873632134	-1.123431928123546	-0.3050160025895014
-0.015583333580536613	-1.1650943423763487	-0.33282481672908226
-0.01556791619288016	-1.1122563855581833	-0.33472535496132483
-0.015550455066079688	-1.108455225628318	-0.33559402898896773
-0.015546566801439551	-1.1889693348526598	-0.3159848753263094
-0.015507739326626609	-1.1510940816128312	-0.34238574676531375
-0.015494179302944285	-1.1682985547153473	-0.306452019361431
-0.01548595410622797	-1.2875756229021007	-0.6293227372879422
-0.01548662400364495	-1.3399808264025683	-0.78799307989313
-0.015480888423626597	-1.3821899894303864	-0.8621345867778375
-0.015474979470427218	-1.2885823345444176	-0.7664121166827071
-0.015478099147964577	-1.345757910366529	-0.8054258848733251
-0.015480095361249193	-1.2999439299237199	-0.7573666350157464
-0.015478670557737526	-1.2952453440823966	-0.7807559820602347
-0.015482923208683858	-1.3252772063156413	-0.8328834257118516
-0.015489623048861829	-1.303822787532378	-0.8014174001177395
-0.01549311814812137	-1.3519157191452003	-0.7652789187527139
-0.015499122011123466	-1.3879870973883328	-0.8308060222402549
-0.01550927611630597	-1.3488431127738816	-0.8374535085957305
-0.015517650438872193	-1.331921280599787	-0.8135090202485085
-0.015525211017825334	-1.3567367223917304	-0.7620302776427084
-0.015536482640588852	-1.4036242240712866	-0.8673653058099287
-0.015549175556482482	-1.4728225919507734	-0.9990314712110245
-0.015560335336281806	-1.4556243724249671	-0.9589228076240245
-0.015572306864321022	-1.4581156810815956	-0.9683184832125625
-0.015586416932031114	-1.5003667776032412	-1.0056499504394494
-0.015600458494333903	-1.4657472271920426	-0.9926910783276109
-0.015614068120308196	-1.6418114883684105	-1.0903857876113672
-0.015629033837830743	-1.5957774571975658	-1.0890490227591332
-0.015644993228767466	-1.6156425660792528	-1.070097418838818
-0.015660188960084385	-1.5931443626063897	-1.1023539264685749
-0.015674909299957927	-1.6281029250149937	-1.0594804225178769
-0.01569044887708935	-1.6270760030689744	-1.0964137564485994
-0.01570638440481551	-1.8492876385686847	-1.210171129899858
-0.01572140956437069	-1.823717909096494	-1.1839111324120084
-0.015735351239948618	-1.8256559294786163	-1.1447699640348612
-0.01574863431465789	-1.8476566422061462	-1.1791671766966012
-0.015760921658929866	-1.8063185817094138	-1.1834415826366567
-0.015771407093427572	-1.813125985255882	-1.2000264656551962
-0.01577961827953521	-1.9091960890527013	-1.2943025839721147
-0.01578522418301139	-1.9005529331012456	-1.2760321886489512
-0.015787579662221794	-1.9034945514441264	-1.269382416004634
-0.015785835435217464	-1.7966121526853314	-1.1669682211840635
-0.015779137398723983	-1.9469043668515658	-1.4554977412244297
-0.015766495400430167	-1.9304612105664416	-1.374803201056873
-0.01574664329667564	-1.8793361782060873	-1.353662043320234
-0.015718101345503516	-1.9043559702454358	-1.3479651900598664
-0.015679223000159698	-1.9192332942881756	-1.3563271137554112
-0.015628105243938234	-1.8664623300630014	-1.3489817780378626
-0.015562495013793733	-1.848762208142408	-1.2983997130781624
-0.015479768135365151	-1.9033626205065215	-1.319536794351295
-0.015376915101557262	-1.95532524767702	-1.4481057475908432
-0.0152504942810065	-1.9516047067824926	-1.4234919278837581
-0.015096585204658047	-1.9412128977465888	-1.4114726929031662
-0.014910759729998103	-1.9363511655351926	-1.3973349563991873
-0.014688056365559943	-1.8395289619121198	-1.285677162082214
-0.014412167260096469	-1.9120889078053631	-1.3934977585584738
-0.014099743619264957	-1.9623315477370176	-1.3893581190248412
-0.01373066848534813	-1.894021576623204	-1.4788086651770782
-0.013299463119441907	-1.8978356699174235	-1.4592432390875734
-0.012799757007347935	-1.8955705325558923	-1.4309251571864607
-0.012224557008612955	-1.9632354193675086	-1.5291032427795617
-0.011567422747850598	-2.077974887639335	-1.5355771155010742
-0.010822938851147282	-2.141712978192289	-1.541067282491481
-0.00998729713404389	-2.195428678077973	-1.545720222819247
-0.0090590240477836	-2.2489039266680497	-1.546447356175108
-0.008039761938050217	-2.3024736118312497	-1.5437105986627826
-0.006935076118873691	-2.3561159370244384	-1.5377232079503256
-0.005755223690339137	-2.4099037744210796	-1.52839997206383
-0.004515741133528052	-2.463867106189177	-1.5155844882200082
-0.003237653863283314	-2.5180870251255274	-1.4990615476008342
-0.0019471321082111005	-2.572928948805731	-1.4784465142259986
-0.0006745110421251931	-2.6296472202499155	-1.452762535615332
0.0005472976874798495	-2.6924108386140566	-1.4182697340833923
0.0016848991489612185	-2.7668660901023436	-1.3510537855676485
0.0027068501266815778	-2.7743885767844474	-1.2599182971314216
0.0035861794497417995	-2.716218544913529	-1.2707903006756318
0.0043026144669793326	-2.7325912134612325	-1.3285414597077971
0.004844089246882877	-2.7416401486304376	-1.2860222133919321
0.005207250230176184	-2.7302208571411124	-1.2947670393948998
0.005396960802162703	-2.7313377495209146	-1.3004293676617564
0.005425049985648183	-2.7361833115939747	-1.3024881255869707
0.005308607648662819	-2.7362116216974384	-1.3098378920099618
0.005068061716411457	-2.7195338580882438	-1.3182786076632695
0.00472525235293397	-2.729320416665022	-1.2745899863899104
0.004301770536780908	-2.765385245321736	-1.2945348462478556
0.003817794523125486	-2.7397511519749735	-1.34257071594489
0.003291448817416224	-2.7037848482914706	-1.3492974935630864
0.0027384957744337212	-2.681876577435283	-1.316032193430306
0.0021721736140241617	-2.70100986452607	-1.2584368774701924
0.0016031710318062773	-2.7583208041700322	-1.2071097441063976
0.0010398143964475614	-2.8157299973927272	-1.1735512789123563
0.0004884259735981403	-2.8707614275253692	-1.1399839929560998
-4631998259344017e-20	-2.926136019181475	-1.098794663638752
-0.000561155409880271	-2.9802270377324285	-1.0431307299538346
-0.001054025187755863	-3.0270400582407166	-0.9666068780719186
-0.0015238241286438525	-3.0521481470356466	-0.8726593363823438
-0.001970077294180193	-3.025310817544805	-0.7489273307308401
-0.0023926918119575695	-3.0097199277661235	-0.682667191532567
-0.0027918443099351946	-3.062836465583413	-0.5512275849040782
-0.003167926135988673	-3.143919214804206	-0.5164999653451877
-0.003521446663468028	-3.1024977415459114	-0.4732138486314529
-0.0038529024597195602	-3.0772042555132444	-0.6234439314065889
-0.004162692816520613	-3.0453130060278824	-0.6184262358729645
-0.0044511160158073135	-3.076139210188244	-0.5670875982524215
-0.0047184016481784715	-3.129110230958942	-0.5950052936885989
-0.00496472052453619	-3.0877677379872304	-0.5787159820484623
-0.005190158297792489	-3.103967472373408	-0.5786854401275415
-0.005394688505512269	-3.111212937315252	-0.6009698926022227
-0.005578196968187054	-3.0956335813317355	-0.622043201240658
-0.005740564338295217	-3.0881320836598816	-0.6189874358618985
-0.005881742223587066	-3.0850467386716107	-0.6125730891986797
-0.006001772862338379	-3.0869929619164993	-0.6050948021707382
-0.0061007992900331	-3.0940584368309625	-0.6028418885164952
-0.006179116220972456	-3.097919343452303	-0.5977531255148903
-0.0062371972286824565	-3.090320730872342	-0.5900765041876197
-0.006275621255173497	-3.0837516712674344	-0.6239049087084961
-0.006294955703422407	-3.127345097488026	-0.5981492943524361
-0.006295688314702697	-3.131685592550425	-0.5618504319260827
-0.00627818748781616	-3.1403839230698183	-0.5519431631023737
-0.0062426554345084515	-3.1377551816330445	-0.552158217426362
-0.006189118872494395	-3.1369968816775318	-0.5501604287370202
-0.00611747599068585	-3.1358087511134607	-0.5477277467650011
-0.006027537497286737	-3.133767590709534	-0.543759356907854
-0.005919018159321607	-3.1283705449875128	-0.539956001228467
-0.00579146423044732	-3.119541463673054	-0.539760153203557
-0.005644054571999487	-3.110672303768214	-0.5493327288729808
-0.005475298541873209	-3.102668425464176	-0.5641182671318741
-0.005282456928588522	-3.084227228947579	-0.5688541275589213
-0.005060760611629961	-3.06121958446277	-0.5785378653598611
-0.004802277294635634	-3.0448451681225763	-0.5964372510179811
-0.004494794958244893	-3.0346898568852922	-0.6133677692073781
-0.004121367148433632	-3.033662786538257	-0.6195950770028336
-0.0036604746437072667	-3.041041637313566	-0.6099026934852564
-0.0030895447642269773	-3.055784131793417	-0.5933001987579483
-0.002391330992259159	-3.0655227851564284	-0.5874638408351023
-0.0015674145034294332	-3.0699218215086654	-0.5912584989755971
-0.0006554897953047669	-3.074012210196199	-0.5993492052918542
0.0002700875117012166	-3.0770804576483255	-0.6135287834622418
0.0011272754511995591	-3.08828011938085	-0.6303909167331712
0.001869170584425513	-3.113082145075859	-0.6342768403238201
0.0025080641696304884	-3.124417127592171	-0.622063974413786
0.0031073279371455252	-3.1300961235355	-0.5810467052568503
0.003753227123962297	-3.1450093191887323	-0.5269348723572282
0.004511619169088535	-3.118432761455757	-0.5117686849246756
0.005375294318323787	-3.129322274233889	-0.5188579785219529
0.006274038985903073	-3.1372532884629445	-0.5291386897545134
0.007096197035018296	-3.1075156867784353	-0.5449711830995447
0.0077461551709952	-3.055668894433571	-0.6635647525517212
0.008213407641955604	-3.067108721302566	-0.6447960874813642
0.00848656328727169	-3.0554290286887698	-0.6417699871271111
0.008550133898557301	-3.0441860341002656	-0.640526372336707
0.00842568695701839	-3.051518284001851	-0.6113744354751134
0.008183839831495971	-3.1005771096129977	-0.6401923752242366
0.007875538697780174	-3.1469388108630367	-0.6104083636082909
0.00745667378406518	-3.1474227256614884	-0.578638728167291
0.0068567946246223255	-3.148759978276559	-0.5178995063772941
0.006053130685630773	-3.088872912359933	-0.46512570013826954
0.00509014885845545	-2.9560300254610157	-0.49311301234960353
0.004050795878385215	-2.9394368313509474	-0.5043662806580651
0.002989511283785916	-2.9234458466624806	-0.49830516394336405
0.001933785738588371	-2.9099173492385813	-0.4759563264336324
0.0009277798946638071	-2.9017935979481693	-0.4668410679318896
19083932412670545e-21	-2.8860355337943187	-0.4862603299879221
-0.0007697810962051468	-2.9091516627162473	-0.4521934337031898
-0.0014387783077868116	-3.0146858690969434	-0.43723540344629774
-0.002002169405006112	-2.9830045286135247	-0.45821781984320403
-0.0024775037348046987	-2.9645139183289455	-0.4518940536751217
-0.002873087416736737	-2.9637479700781757	-0.44793760839947283
-0.0031870238952767535	-2.966249822782934	-0.44633330508403185
-0.0034148906925885224	-2.96929839295547	-0.4461781026245773
-0.0035555709423305566	-2.9721141550650674	-0.44661306392478545
-0.0036123071973238	-2.974531751237094	-0.4471290992989724
-0.0035915213531692207	-2.9765194381977036	-0.44752231168711354
-0.0034966542452576016	-2.9780873300756334	-0.44775411485866473
-0.0033476298795573015	-2.9792784018786285	-0.4478595164791739
-0.0031508567172736533	-2.9801640044003332	-0.44789768867402274
-0.0029181755845769115	-2.980836246793182	-0.4479270576804236
-0.002661478193181864	-2.9813992064467647	-0.44799360287484774
-0.0023922578627819917	-2.9819611291242953	-0.4481251540487815
-0.002121112122338153	-2.9826276760973913	-0.44832728320108256
-0.0018573929013869662	-2.9834943633104953	-0.448578552876398
-0.0016092404551144336	-2.9846351646753484	-0.4488247773654531
-0.0013839338535230634	-2.9860832285698757	-0.4489742920941277
-0.0011883805370737337	-2.987798475451258	-0.4488992578485069
-0.0010296591452138171	-2.9896186045573776	-0.4484498549824268
-0.0009156137550740146	-2.9912008799105725	-0.4474827244580775
-0.0008553710349177377	-2.9919774962835834	-0.445881571553819
-0.0008593651386452263	-2.9911361987241634	-0.44351090456731124
-0.0009380965065667896	-2.9875152670656737	-0.4400918310037608
-0.0010984335675324353	-2.9792578988667575	-0.4355828818432384
-0.0013363674843079338	-2.9661305353649845	-0.43362957266331686
-0.0016277446616201601	-2.954070487647463	-0.43825848472663936
-0.001924985610675379	-2.9480976512379935	-0.44876838868947316
-0.002170800744824645	-2.9550329652088605	-0.459177443132496
-0.002324762710851566	-3.0069370452347117	-0.4570548484545359
-0.0023771695202868754	-3.050829677462147	-0.4323311965317793
-0.0023374976330724356	-3.066554839642207	-0.4134141350395881
-0.0022247529965145757	-3.0788361727719136	-0.40176810787013506
-0.0020902818111613736	-3.0887144920215404	-0.3929196690390492
-0.0020254527352346775	-3.095339139687198	-0.3848793053184731
-0.0020857947850492792	-3.100733793870363	-0.3784841018714439
-0.0022421412756170826	-3.1057182377377837	-0.374208072080594
-0.0024344596423634263	-3.1105974238651695	-0.3717563678813795
-0.0026222575223477772	-3.1153055337400595	-0.37004140427808374
-0.002788514745025934	-3.1196905038231786	-0.3682684138424874
-0.0029254158208940634	-3.123684575525098	-0.3661314121755227
-0.0030201674054081964	-3.1271159211048385	-0.36345274031958297
-0.0030488897778660536	-3.1295793585642806	-0.36021141676567986
-0.0029806788430090884	-3.1307109700705236	-0.35670165895903916
-0.002783346290834884	-3.1305311873767945	-0.35333478806104823
-0.002431569382321178	-3.129487143390364	-0.3503633649427581
-0.0019307943255621237	-3.1282344006915284	-0.3478158833742787
-0.0013330041836569998	-3.1273319164683735	-0.3455530528289618
-0.0007112153360656331	-3.12703448697698	-0.3433650543655606
-0.00012263050455766158	-3.127330812800905	-0.3410610540419458
0.0004061188619701641	-3.1281308970038926	-0.3385040972420927
0.0008724818293625886	-3.129409230709725	-0.3356256433035319
0.0012834412317758604	-3.131270438801586	-0.3324496794436988
0.001610257251254616	-3.13383594939924	-0.3290841785551674
0.001816056011156266	-3.1368938411034795	-0.32564333112140337
0.0019494652908339431	-3.1399292336324125	-0.3221702431371075
0.0021499651141397777	-3.1426709510599857	-0.31867625729800814
0.0025387516554516085	-3.145306996752917	-0.3151802710089254
0.0031381697381616357	-3.14817997844849	-0.3117268088898366
0.0038905119289780197	-3.1516013819613216	-0.308430641189665
0.004584296595499922	-3.1557850286240323	-0.30536043620821357
0.0049742378023251675	-3.160664690609172	-0.3023982853028681
0.005121839223093175	-3.1660283707815995	-0.29945209337421386
0.005207435344697743	-3.171727208280245	-0.2965799621888641
0.0052941611203929945	-3.1776663777293184	-0.29388311110458515
0.0053657297764323555	-3.1837671140823627	-0.29142489551957756
0.005413900267622776	-3.189959863842433	-0.2891998150250112
