#y=-1.9753766811902755 
#strength 	x-position 	z-position 
-4516816261290746e-26	-0.013965710519746162	0.05934428064946183
-57528582592114574e-28	-0.021647330991892505	0.05988266320987342
-9976155318502933e-27	-0.02933310406247373	0.0604287838699119
-13285981689814541e-27	-0.03702315217665726	0.060982797736
-1546156952469957e-26	-0.044717602287372454	0.06154486364547489
-17809621832842737e-27	-0.05241658606312844	0.06211514454033291
-2092288321764446e-26	-0.06012024010363076	0.06269380769805713
-24497154305080926e-27	-0.06782870616124786	0.06328102478696852
-28782635996815742e-27	-0.07554213137592798	0.06387697198584928
-3381763792609238e-26	-0.0832606685234485	0.06448183012981977
-39791680367384785e-27	-0.09098447627709746	0.06509578485919928
-4683607841837745e-26	-0.09871371948366398	0.06571902677333015
-55246498348315853e-27	-0.10644856945465873	0.06635175159021581
-6501093240129929e-26	-0.11418920427371311	0.0669941603112956
-7672125955371367e-26	-0.12193580912123946	0.0676464593933981
-9040272176685793e-26	-0.1296885766174101	0.06830886092587314
-10652012084888529e-26	-0.1374477071846595	0.06898158281368785
-1256625897089192e-25	-0.14521340943105887	0.06966484896898456
-14811884704868383e-26	-0.1529859005558397	0.07035888950780189
-1746847250183592e-25	-0.1607654067786271	0.07106394095489797
-20597967949342877e-26	-0.16855216379396462	0.07178024645666344
-2429616004911983e-25	-0.17634641725280562	0.07250805600081277
-2864153133413927e-25	-0.18414842327283518	0.07324762664399735
-33787380879224393e-26	-0.19195844897964998	0.07399922274872109
-398410929247639e-24	-0.1997767730808835	0.07476311622789156
-4698817602372118e-25	-0.20760368647560562	0.07553958679814385
-5541348248316869e-25	-0.21543949290154485	0.07632892224336614
-6535954225755924e-25	-0.22328450962275642	0.07713141868679187
-770752869513891e-24	-0.23113906816067245	0.07794738087250215
-9090413786300156e-25	-0.23900351507172077	0.07877712245766513
-10721190064205688e-25	-0.24687821277487385	0.0796209663144514
-12643368765136165e-25	-0.2547635404328116	0.08047924484143269
-149127349531597e-23	-0.2626598948907806	0.08135230028764524
-1758699167200839e-24	-0.2705676916773737	0.082240485085553
-2074219953782097e-24	-0.2784873660719793	0.08314416219522501
-2446268037095689e-24	-0.28641937424403935	0.08406370546015049
-28851744084124054e-25	-0.29436419446958073	0.0849994999730102
-3402694247894855e-24	-0.30232232843108314	0.08595194245231033
-4013076482234368e-24	-0.31029430260724084	0.08692144162960204
-4733045908325573e-24	-0.3182806697597523	0.08790841864758599
-55821028095009995e-25	-0.3262820105248363	0.08891330746661161
-6583443510829734e-24	-0.3342989351179979	0.08993655528059255
-7764494857828708e-24	-0.3423320851612766	0.0909786229417143
-915742162307942e-23	-0.350382135642968	0.09203998539098028
-10800133308508375e-24	-0.3584497970208429	0.09312113209370974
-12737607033366793e-24	-0.36653581748089403	0.09422256747892559
-15022601863867724e-24	-0.374640985364682	0.09534481137846568
-17717571024894463e-24	-0.3827661317796789	0.09648839946394948
-20896043943785525e-24	-0.3909121334083109	0.09765388367801976
-24644528705958235e-24	-0.3990799155328692	0.09884183265278458
-29065567437244755e-24	-0.40727045529522976	0.10005283211223996
-34279806753606534e-24	-0.4154847852120189	0.10128748525063953
-4042928737797713e-23	-0.42372399696790053	0.10254641307676211
-4768204046184943e-23	-0.4319892455119857	0.10383025471671135
-56235779904295624e-24	-0.4402817534847064	0.1051396676598067
-6632402859731157e-23	-0.4486028160052017	0.10647532793259903
-7822205586559272e-23	-0.45695380585242934	0.10783793018467451
-9225448053748475e-23	-0.4653361790763617	0.10922818766251949
-10880413793545873e-23	-0.4737514810794062	0.11064683204535959
-1283226150183142e-22	-0.4822013532122695	0.11209461311126928
-15134261399825377e-23	-0.49068753993299574	0.11357229819621986
-17849211211840021e-23	-0.49921189658290344	0.11508067140001188
-21051181624265336e-23	-0.5077763978387797	0.11662053248507087
-2482754933655351e-22	-0.5163831469069312	0.11819269540436014
-2928134956933781e-22	-0.5250343855314914	0.11979798638048866
-3453409212796077e-22	-0.5337325048971666	0.12143724144495467
-40729089013750996e-23	-0.542480057515286	0.1231113033295153
-4803535253363606e-22	-0.5512797701915725	0.12482101757946829
-5665221092226308e-22	-0.5601345581850038	0.1265672277354412
-6681473316005881e-22	-0.5690475406793464	0.12835076940253246
-7880015851988165e-22	-0.5780220577029442	0.13017246299249052
-9293541488892415e-22	-0.5870616886480947	0.1320331048842137
-10960607105762327e-22	-0.596170272559562	0.13393345670280526
-129266804476183e-20	-0.6053519303828413	0.13587423236340387
-15245383446996913e-22	-0.614611089387057	0.13785608246361314
-17979944267557807e-22	-0.623952510006186	0.1398795755335744
-2120492873387489e-21	-0.6333813153762781	0.1419451755692441
-25008260104934094e-22	-0.6429030238869313	0.1440532151732505
-2949361462589381e-21	-0.6525235851142592	0.14620386350993247
-3478323640667552e-21	-0.6622494195625886	0.14839708814749006
-4102126175757961e-21	-0.6720874627154312	0.15063260969966913
-4837762168974358e-21	-0.6820452139873474	0.15290984799225288
-5705265838144846e-21	-0.69213079128176	0.1552278582635505
-6728253861445002e-21	-0.7023529920018041	0.15758525564720338
-7934564618167564e-21	-0.7127213615394034	0.15998012587761679
-9357008845840495e-21	-0.7232462704914928	0.16240991978911523
-1103425387701494e-20	-0.7339390021326152	0.16487132872841476
-13011862562545967e-21	-0.7448118520220507	0.1673601374502811
-15343513804189426e-21	-0.7558782420546863	0.1698710503736505
-18092436765189054e-21	-0.767152851790517	0.1723974862061828
-21333092787617983e-21	-0.7786517705266083	0.17493133482588252
-2515314723245364e-20	-0.790392674308011	0.17746266885542297
-29655778580967018e-21	-0.8023950328974921	0.17997940045908606
-34962378285850054e-21	-0.8146803525968561	0.18246687136236844
-41215702608904045e-21	-0.8272724616552561	0.18490736071860064
-4858354610128533e-20	-0.840197845672981	0.18727949092149343
-5726301161102822e-20	-0.8534860406872374	0.18955750536981336
-6748546109162229e-20	-0.8671700911729608	0.19171038396469775
-7952223807016628e-20	-0.8812870785250828	0.19370075098054587
-9369125213356914e-20	-0.8958787220351085	0.19548351477367035
-0.00011036452317040625	-0.9109920480165912	0.19700415794848994
-0.00012997676971865553	-0.9266801122699948	0.1981965676013417
-0.00015303511708157115	-0.9430027445331729	0.19898025425187169
-0.000180129969518706	-0.9600272576250215	0.19925674898236184
-0.00021194704386328506	-0.9778290225275512	0.19890488157320782
-0.0002492804925647591	-0.996491741715284	0.19777451312471672
-0.0002930469289772232	-1.0161071327271485	0.1956781016628776
-0.00034430001702885453	-1.036773513900703	0.19237918259592857
-0.0004042450623690484	-1.058592364492667	0.1875763917108815
-0.00047425274760130344	-1.0816611005357946	0.18088096486524669
-0.0005558707551125974	-1.106058610701156	0.17178462871288513
-0.0006508315132706388	-1.1318165688986461	0.15961349722859297
-0.0007610536689511751	-1.158862241541287	0.1434627001695466
-0.0008886341336309979	-1.1869040121203478	0.12210885747567347
-0.0010358267039508734	-1.2152050506745318	0.09391101955517957
-0.0012050023847107964	-1.2421467450511914	0.05675092381176098
-0.001398585773376794	-1.2643971464098	0.00817401583630202
-0.001618961418645884	-1.2753734831370327	-0.05343779240714804
-0.001868344260958249	-1.2633462166676757	-0.12605372183082225
-0.0021486095295002363	-1.2161002402285477	-0.18932065700094655
-0.002461080339038144	-1.1321305149727967	-0.21569742733541564
-0.0028062762017225483	-1.0538741164248733	-0.17417735112911534
-0.0031836331114688697	-1.0441047860389767	-0.07092967005053873
-0.0035912156551407186	-1.1625641843467582	-0.06427392937741247
-0.004025452899447652	-1.1465610002121915	-0.127826391282763
-0.00448094059331153	-1.1119693129849222	-0.07268807614721301
-0.004950359371515459	-1.1211966687175974	-0.040322592029291796
-0.005424558134432429	-1.185398790145404	-0.10745759674868907
-0.005892839948030659	-1.122560158548955	-0.11162658374023686
-0.006343462900602805	-1.1621510033784292	-0.039171422757799806
-0.006764332535501847	-1.0913666506555806	-0.13023650759720512
-0.007143822642787697	-1.110622129779281	-0.10282834038464159
-0.007471628002695043	-1.1077586176177745	-0.12781669855295194
-0.007739536989599594	-1.1072345450779757	-0.14121270267623834
-0.00794202015485363	-1.1377260632377393	-0.09356788336267528
-0.008076561307399609	-1.083526587891549	-0.13880656304847022
-0.008143701080722598	-1.1542220845386975	-0.053797840903299574
-0.008146807241366065	-1.0903636392505192	-0.05743806952637351
-0.008091621583054646	-1.1309514234310998	-0.07162570493290947
-0.007985655762962961	-1.1023336789832394	-0.07944432202705663
-0.00783751785687395	-1.1600139225362993	-0.12040441585787968
-0.007656248870731663	-1.185730144067231	-0.11761323790774497
-0.007450735433303326	-1.1537423656631338	-0.05927066306946747
-0.00714150804347172	-1.1178581274503994	-0.026073489989478667
-0.006868196681922181	-1.0513922321346993	-0.08960340798393251
-0.006633300506523853	-1.0772529774883863	-0.11222184159960516
-0.006308757106368722	-1.1184886348020404	-0.18569932251688395
-0.006078667232821282	-1.1750551229437465	-0.15681910167829738
-0.005853469124844245	-1.2000983787479444	-0.1317720235317175
-0.0056393631010077765	-1.2119062611321791	-0.05232884509155138
-0.005323360906022181	-1.1815158412843452	-0.005070256327593538
-0.005141313843212168	-1.1450139112158515	0.0193750166711142
-0.00496345859982162	-1.1058697071857382	0.025706283889492615
-0.004797732745499673	-1.0624953983010177	0.012983637699844952
-0.0046468776175355615	-1.0280730790707506	-0.014435892478136963
-0.004509868557311817	-1.0034468129779026	-0.04411356611449078
-0.00438552985334273	-0.9858832594354536	-0.07699614355567383
-0.004272819975181376	-0.9802351906001564	-0.117918482174236
-0.00417078254345515	-1.009394513173572	-0.1805952499569445
-0.004078387400104475	-0.9868177399983663	-0.25520338551928257
-0.003994940577886914	-1.0011084928543879	-0.23135809535090893
-0.003919311406721896	-1.0024227143397677	-0.2406763641658476
-0.003851267348781529	-0.998923403409636	-0.2487024016385109
-0.003789637521582339	-1.0024383687045801	-0.25454771056236447
-0.0034842706924963027	-1.002185954940106	-0.21130395077857397
-0.00343699072426051	-1.0222948461000825	-0.3107387580991647
-0.003386830620555479	-1.0987162459247228	-0.32892964206040637
-0.0033398570261459672	-1.1631293942413443	-0.3495485538315857
-0.0032986151807761852	-1.1713469120450626	-0.3736944291511498
-0.003262659367929928	-1.166465808880012	-0.3755674304603091
-0.0032309530544962052	-1.1610820460992126	-0.3739165846969306
-0.003202925526216951	-1.1557357601134994	-0.37834654388791644
-0.0031781914986494285	-1.16167391724778	-0.3970034676152643
-0.0031563283665262676	-1.1874940959526505	-0.41189854454381325
-0.003137034807915627	-1.2091006397121602	-0.4217026386745557
-0.0031201080663724994	-1.225913337147915	-0.4308568513432151
-0.003105402491252805	-1.2400734502219435	-0.4398206043951385
-0.0030925364293008647	-1.2530367500625932	-0.44864842357019763
-0.003081457890198167	-1.265611547595663	-0.45737717141164763
-0.003072100530243607	-1.2780087291280655	-0.46605197666614095
-0.003064166578856103	-1.2900707700420522	-0.47469666880934336
-0.003057698100118184	-1.3019894973899744	-0.48327720236106025
-0.0030525345537907415	-1.3155876236621504	-0.4918797764887234
-0.0030484588166452553	-1.3355560249689613	-0.5018981412074673
-0.003045557829052932	-1.3650187535722338	-0.5202450942005082
-0.003043657750136238	-1.3789169302959925	-0.5497630076106685
-0.0030426619063615937	-1.3653460207509678	-0.5654672128546254
-0.003042676082885285	-1.342986367150274	-0.5503254931035424
-0.003043568767734181	-1.343621301605922	-0.5388514039629464
-0.0030451599278596133	-1.349093372843671	-0.5393800359685049
-0.0030474855944928403	-1.3541957648693579	-0.5427170015421567
-0.003050590629890392	-1.3580077546614828	-0.5403796413410537
-0.002647829995605048	-1.3367499528595934	-0.5207442542112026
-0.0026539334605342035	-1.3485650811108199	-0.576198707875703
-0.0026525939069165904	-1.4333416164039512	-0.5765943902028676
-0.002650467621863057	-1.4748933673066587	-0.5747457078916324
-0.0026515770800229765	-1.491586622223502	-0.5834867769202028
-0.0026559873384117416	-1.4967796957372226	-0.5908503280227452
-0.0026627303305602782	-1.499402474853951	-0.5974540840930309
-0.0026710581934722448	-1.5042223246393935	-0.6048755690909168
-0.0026805412823143054	-1.513263385147613	-0.612794014385617
-0.0026910167952919894	-1.5252275945707525	-0.6200419514249942
-0.002702313630759824	-1.5376093141490865	-0.6267460478270166
-0.002714236292042616	-1.549486103902851	-0.6333570800320015
-0.0027267287895548185	-1.5608823003551464	-0.6400279140224828
-0.0027397604882696807	-1.5719959526346021	-0.6467764019529156
-0.0027532223160692286	-1.582972788169471	-0.6535938251037409
-0.002767058581112005	-1.5938882832584906	-0.6604740800584715
-0.0027812814711738135	-1.604771064727965	-0.6674165926859823
-0.0027958461168120664	-1.6156272787580863	-0.6744239796520183
-0.002810681911556456	-1.6264592966605707	-0.6815007204745153
-0.0028257786231923937	-1.637270681483621	-0.6886520337203845
-0.0028411304053439935	-1.6480622986080828	-0.695882764390037
-0.0028566838373678015	-1.6588326361368835	-0.7031975725781077
-0.0028723921972067584	-1.669581327833141	-0.7106015831410085
-0.0028882362162685627	-1.6803084369845631	-0.7181000921351577
-0.0029041762801035606	-1.69101259821127	-0.7256981847250973
-0.0029201460669635313	-1.7016925689160969	-0.7334011754994865
-0.00293608716463427	-1.712348084084343	-0.7412149259413137
-0.0029519450984392273	-1.722977514980022	-0.7491454554076173
-0.00296764056933537	-1.7335770252523444	-0.7571987464896455
-0.0029830709913848752	-1.7441429553760843	-0.7653811225385438
-0.002998126956680015	-1.7546729461356527	-0.7736994160611442
-0.0030126862679808655	-1.7651640716112835	-0.7821606555889774
-0.0030265975057856952	-1.7756114616375613	-0.7907718898559162
-0.0030396774954324244	-1.7860091592620728	-0.799540367714106
-0.003051713864191478	-1.7963510757606491	-0.8084736363964911
-0.003062457826554837	-1.806630631388324	-0.8175794001662469
-0.0030716128328481815	-1.8168400210880173	-0.8268654325811574
-0.0030788276895093707	-1.8269696358383374	-0.8363396080922157
-0.0030836900483998744	-1.8370070172186825	-0.8460096612363073
-0.003085715640987163	-1.8469366910096183	-0.8558822098215422
-0.0030843354711289845	-1.85674904497798	-0.8659613943939579
-0.0030788831593894636	-1.866478211630033	-0.8762511995601155
-0.0030685806165383824	-1.8762966546034066	-0.8867738035595355
-0.003052520773535976	-1.8866674547725286	-0.897621847085404
-0.0030296486015738656	-1.8984341153493631	-0.9090761974791974
-0.002998741466658997	-1.9121735394619828	-0.9219870505223883
-0.002958388788326196	-1.92335777604922	-0.9375594980114388
-0.0029069713965597984	-1.9237049430496955	-0.949502636327832
-0.00284264167269788	-1.9193423038527229	-0.954075944409179
-0.0027633064838323658	-1.9146962369291085	-0.9563743053378141
-0.0026666151821154067	-1.9134250470690277	-0.9680628204244945
-0.0013728224722291665	-1.9474758646689454	-0.9903706265873272
-0.001216944063015703	-1.9870287246449223	-0.9970349234125866
-0.0010864983136998178	-2.0135529494423476	-1.0034667475694465
-0.0009285784286383342	-2.033927639152245	-1.010752741772307
-0.0007320531204485156	-2.0530995946827213	-1.018263537139224
-0.0004971172873441607	-2.073259966446719	-1.025545438766601
-0.0002207913481705858	-2.095184724232576	-1.0322703213634306
9962101616169464e-20	-2.119199989462119	-1.038155878548242
0.00046573491971295747	-2.1455855483779556	-1.0428630252185618
0.0008779612192084726	-2.174681107320792	-1.0459312380645318
0.0013351766682462175	-2.2069535403373215	-1.0466895076575127
0.001834319015136544	-2.243096849141437	-1.044045064562984
0.0023700046289016063	-2.2841279229097395	-1.035923182413916
0.0029342418844418208	-2.3309906578274058	-1.0177447282021161
0.0035163208891279413	-2.3807056583754274	-0.9790097386364113
0.004102959273488386	-2.4072006106998907	-0.9093486755311586
0.004678765224774766	-2.3735435523145556	-0.8465169048061172
0.005227039357868264	-2.299940511717843	-0.8604174513910321
0.005730878004070114	-2.305572428444931	-0.930547330619019
0.006174472137749013	-2.364007925514144	-0.9034685207184314
0.0065444350642485	-2.3140420431318334	-0.8808856773687732
0.006830959078842182	-2.3342497602917964	-0.9116401630495297
0.007028612407205752	-2.341163241263052	-0.902910072872742
0.0071366465629223285	-2.334363282972063	-0.8981096001977577
0.007158777752707275	-2.325823930516639	-0.8948422942973754
0.007102507119098366	-2.326617113550143	-0.884448778416816
0.006978123976231735	-2.360021633366157	-0.906631392797993
0.00679757402891748	-2.3149402854536087	-0.9252828705033455
0.006573366406262755	-2.305430693465747	-0.892700350966763
0.006317650997226774	-2.3355857264203577	-0.8560421881874491
0.006041538302328144	-2.365690938209723	-0.8753287276615906
0.005754676751978853	-2.374675720294494	-0.9008494915526781
0.005465059698663108	-2.3636797055992425	-0.9429465837455449
0.005179011491823021	-2.326853127239712	-0.9545477597087972
0.004901296918001839	-2.301974953553493	-0.9492380185180984
0.004635304067270595	-2.275114919710648	-0.9339282837744328
0.004383260858171808	-2.2616018949331638	-0.9038587099076676
0.00414645620933273	-2.2619163125151744	-0.8755007298194345
0.003925447095686268	-2.268260887845719	-0.8507763567978479
0.003720241627910908	-2.2789573136927124	-0.8289025990244651
0.003530454262694254	-2.293101345811861	-0.8108012107680799
0.0033554331409128228	-2.3087283420025053	-0.7966190919819834
0.0031943607338722323	-2.324634773962729	-0.7855832930841471
0.003046330696172602	-2.340329103270222	-0.7769493497878293
0.00291040460224996	-2.3556281495274622	-0.770169746596108
0.002785652836425203	-2.370473242532004	-0.7648531606602612
0.002671183006930908	-2.3848578041493576	-0.760713307234339
0.002566158620933748	-2.398799384609598	-0.7575341504633463
0.0024698100876697025	-2.4123278863842446	-0.7551490030740976
0.0023814401827671385	-2.4254794467706193	-0.7534275212456893
0.00230042568909628	-2.438292785411979	-0.7522668022988311
0.002226216600166961	-2.4508070424045196	-0.7515848627160356
0.002158333856230741	-2.4630606245301347	-0.7513157322581948
0.002096366368953776	-2.475090711033447	-0.7514057374906854
0.0020399677229842126	-2.4869331657362834	-0.7518106727698456
0.001988853134903495	-2.4986226857880744	-0.7524936246565198
0.0019427970977849603	-2.510193080949833	-0.7534232664486706
0.0019016319523702755	-2.5216776203094984	-0.7545724798304936
0.0018652473403098085	-2.5331094093205526	-0.7559171910225747
0.0018335909170834816	-2.544521774203212	-0.7574353300958016
0.00180667075033354	-2.555948638854718	-0.7591058370447191
0.0017845595389410131	-2.5674248853831303	-0.7609076501470767
0.0017674003980432153	-2.5789866943542363	-0.7628186226458107
0.0017554143972204634	-2.59067186414545	-0.7648143218834067
0.0017489102087469219	-2.602520108334528	-0.7668666677369842
0.0017482960686370091	-2.614573321403327	-0.7689423597955666
0.0017540940993491568	-2.626875778948985	-0.7710010185723265
0.0017669578242304543	-2.6394741890264513	-0.7729929188403049
0.0017876942445457008	-2.652417426514972	-0.7748561243643123
0.0018172922051983304	-2.6657556648598257	-0.7765127648671427
0.0018569581945852773	-2.6795385007296115	-0.7778641796362236
0.001908157834418842	-2.6938116171904736	-0.7787847565005527
0.001972654084054391	-2.708611642557522	-0.7791145520544458
0.0020525215745466896	-2.7239591707094726	-0.778651079484545
0.0021501038792619658	-2.7398502239585993	-0.777140642323431
0.002267882691475114	-2.7562462067889038	-0.774268746883245
0.0024082834792602224	-2.7730608780674944	-0.7696470518560368
0.002573537171295442	-2.790139420673235	-0.7627909548601685
0.0027656955075379235	-2.8072179151854475	-0.7530771242553516
0.0029867071367778216	-2.823835978707349	-0.7396631427683212
0.003238386584630038	-2.8391338108687276	-0.7213412473046852
0.0035222901612143136	-2.851343802833482	-0.6962925647591752
0.0038395707668422204	-2.856350829850814	-0.6618072728528148
0.004190707325151956	-2.843274896333625	-0.6160330569702569
0.004575042422188113	-2.7963217090228314	-0.5767801061957685
0.004990365451203109	-2.744355298618707	-0.5813047455668019
0.005432737571242418	-2.72489091429555	-0.6185774503714669
0.00589643867701439	-2.7527950013590234	-0.6647999853010471
0.006373772538318313	-2.8016187545656153	-0.6560723237829194
0.006854136828951139	-2.7947953336716327	-0.6111382410086655
0.007323821046227166	-2.759169722350729	-0.61208105235874
0.007768082497234489	-2.7601254551441565	-0.6348109645100821
0.008172380339901534	-2.769969025700511	-0.6406912343721655
0.008522332909739114	-2.776145990741499	-0.638318535525631
0.008805844943573398	-2.774686941754593	-0.6303398339889321
0.009015494803495875	-2.7740219899373333	-0.6219543868170845
0.009147886260456081	-2.7838399445820476	-0.6216610392746875
0.00920298774982026	-2.7955907903922617	-0.6399599565675542
0.009184450949660136	-2.77244473157614	-0.658383986009322
0.009098868466742195	-2.742790269843783	-0.6407309975957114
0.008954256376227914	-2.7414468835368573	-0.613352537024085
0.008759928576302993	-2.7568868781829052	-0.5937483526788506
0.008525924994650392	-2.78116923538536	-0.5921119330282737
0.008261454343527926	-2.8042569956314627	-0.6023428541724055
0.007974534653058885	-2.819919767078825	-0.6252692508768188
0.007672738165499076	-2.8191629121210138	-0.6493039147214839
0.007363785266554835	-2.8076307276135353	-0.6697520312978286
0.007055369708565568	-2.779031935086222	-0.6823810051086923
0.0067542441261228174	-2.747165993904034	-0.6764343066333679
0.006465524845052381	-2.716980923470401	-0.6509253472160788
0.0061927149682857435	-2.7033805906638966	-0.615507091211032
0.005937870225619703	-2.7023413386461193	-0.5801137892882307
0.0057017547103016385	-2.7067572819511128	-0.551564017231923
0.005484427011064335	-2.710801104310996	-0.5294932370865778
0.005285658404762765	-2.7139841753010936	-0.5113273505826065
0.0051049643857296444	-2.718423812828845	-0.49292233508448663
0.004941583017257308	-2.7282910692553934	-0.46958160265197324
0.004794536912112476	-2.7484171031910742	-0.43983582824774026
-0.0028753256379940584	-2.781464793254679	-0.4159921309364594
-0.0028499395417728255	-2.8133036758084855	-0.4081334754430376
-0.0029410985721629677	-2.831124976657166	-0.4106654340894534
-0.0031454754304237244	-2.8373093323334424	-0.4151324842875673
-0.0033852590981403013	-2.839481902837124	-0.41881473132780456
-0.003605521546568826	-2.8401716276263964	-0.42208967080072507
-0.00379643025049284	-2.840370686146749	-0.42530226328570686
-0.00396245975888728	-2.8408051270963224	-0.42874638781564084
-0.004108450742927895	-2.8421541106390005	-0.43259861084916945
-0.004237786083151875	-2.845019678571136	-0.4367860675629055
-0.0043530322300449915	-2.849783855450287	-0.440914907329191
-0.004456322070713589	-2.8563491463588564	-0.44444058495900984
-0.004549469995261719	-2.864124792081767	-0.44707892503409424
-0.004633962885751339	-2.8724586840294495	-0.44892962238620376
-0.004711077368306637	-2.8809518472718683	-0.450221032476983
-0.0047818002433671234	-2.889434060766413	-0.45112467466734263
-0.004847005167199026	-2.8978525147532497	-0.4517318083148155
-0.004907549657413646	-2.9062005083321107	-0.45208154898247965
-0.004963727659951646	-2.9144848024667556	-0.4521863881335098
-0.00501582313925897	-2.922713092844066	-0.45204710656728525
-0.0050645359431883705	-2.9308910036706632	-0.451659816599722
-0.0051099769237393745	-2.939022279856299	-0.4510188200010079
-0.005151470724753553	-2.9471088569617763	-0.45011819805574804
-0.005189062219663178	-2.9551506150929283	-0.448953280678653
-0.005223978469245837	-2.9631450146638807	-0.44752201362915855
-0.0052560790471530144	-2.971086198283509	-0.4458263283992545
-0.005285669153369954	-2.9789665822050835	-0.4438712612723809
-0.005314764334092414	-2.9867813557218335	-0.44166065346017186
-0.005338500111893389	-2.994528071873835	-0.4391965138542787
-0.0053569386511595415	-3.0022037485389843	-0.4364819898906638
-0.005376871951972443	-3.009805124484308	-0.43352204935135946
-0.005396363300620001	-3.0173277455171963	-0.4303250918006757
-0.005414121118097709	-3.0247668136263544	-0.4269021622053837
-0.0054312116334839415	-3.032120152253831	-0.4232631764827317
-0.005447577532227042	-3.039387586187702	-0.4194180505027246
-0.00546807369865347	-3.0465688931705226	-0.4153803313751753
-0.0054898718571379755	-3.053662308601957	-0.4111713930143413
-0.005521682122250069	-3.0606671788103887	-0.406816179340051
-0.005569670476522658	-3.0675881231828863	-0.4023299415062059
-0.00561570739341764	-3.0744323603422217	-0.397719650889846
-0.005645016389770864	-3.081206338016329	-0.3929990790898965
-0.005714520806289328	-3.0879170050170854	-0.3881890971517341
-0.005816232992479811	-3.094570771094279	-0.3833150250286585
-0.005918671444369518	-3.1011739358805985	-0.3784027285876794
-0.006022261246941928	-3.107734649661641	-0.37346735569683903
-0.006156634513747061	-3.1142601583675638	-0.368511782572001
-0.006318971891397688	-3.120753522011414	-0.3635256407432442
-0.006463108139368501	-3.1272127506428364	-0.3584806199444338
-0.006563860797479903	-3.133629902896064	-0.353332051736246
-0.006654262748893524	-3.1399912933635026	-0.3480365558734816
-0.006693038111347705	-3.1462858299459846	-0.3425871846826708
-0.0068376516450821545	-3.152515935637277	-0.3370241037422818
-0.007069074894173422	-3.1587028823187926	-0.33141941907905037
-0.00759397890238829	-3.164863807682936	-0.3258176576450437
-0.00827214744482424	-3.1709644853623384	-0.320170668201713
-0.008414786892171814	-3.176903923277771	-0.3143680954799398
-0.007840266332321311	-3.1825465876431243	-0.30832641688327195
-0.007321780623159894	-3.187780989179345	-0.30205570873594073
-0.007092573455210239	-3.1925909071253473	-0.2956649353688074
