0.019596628019624862
0.03918239609252757
0.05874642465438225
0.07827784360138973
0.09776579714337731
0.11719944868577711
0.13656798574740833
0.15586062492494646
0.17506661691514103
0.19417525158777957
0.21317586314128234
0.2320578353211773
0.2508106067384049
0.2694236762494796
0.28788660845258285
0.3061890392699043
0.3243206816302178
0.34227133126600257
0.36003087252816357
0.3775892845607648
0.3949366471572872
0.4120631471148337
0.4289590844953134
0.4456148789147884
0.46202107656400127
0.4781683541092122
0.4940475312934877
0.509649570411717
0.5249655872721639
0.5399868571289479
0.5547048213364469
0.5691110934871585
0.5831974667715776
0.5969559203706454
0.6103786257040469
0.623457953051214
0.6361864785299086
0.6485569891964352
0.6605624901342622
0.6721962097331032
0.683451607550453
0.694322375747537
0.7048024489886621
0.714886006887488
0.7245674803372243
0.7338415570639057
0.7427031789264905
0.7511475621965752
0.7591701864811237
0.7667668021708989
0.7739334401390672
0.7806664094446911
0.7869622996247986
0.7928179961678385
0.7982306615562579
0.8031977593080948
0.8077170382505376
0.8117865614909034
0.8154046717868872
0.8185700197977895
0.8212815727837208
0.8235385802040349
0.8253406176124454
0.8266875621276195
0.8275796003148996
0.8280172381961513
0.8280012918905401
0.8275329027002056
0.8266135351392291
0.8252449872049148
0.8234293980494277
0.8211692875918567
0.8184674726316878
0.8153273331811741
0.8117524428032616
0.8077466480771892
0.8033159313251917
0.7984586618446008
0.7931756228578721
0.7874780822204637
0.781371519485551
0.7748619273729318
0.7679547197799571
0.7606567472962822
0.7529744203532595
0.7449146842097638
0.7364847407627226
0.7276923088081074
0.7185448930078728
0.7090511927514938
0.6992195117932307
0.689058795662032
0.6785782619210244
0.6677874595769522
0.6566962625061804
0.6453148671392368
0.633653789624233
0.6217238624527757
0.6095362304817287
0.5971023463806651
0.5844339653702862
0.5715431393137764
0.5584422099861162
0.5451438015831266
0.5316608123439244
0.5180064052645856
0.504193997883043
0.49023725101449217
0.4761500565009205
0.46194652383751383
0.4476409657185488
0.4332478824395965
0.41878194514930367
0.4042579779482029
0.389690938816992
0.37509589940452587
0.36048802367355803
0.34588254544971986
0.33129474490721433
0.31673992404232754
0.30223338121080223
0.28779038478513336
0.2734261460464296
0.2591557913837213
0.2449943339368554
0.2309566447807071
0.217057423803364
0.20331117040004734
0.18973215413580183
0.17633438553244907
0.16313158712377396
0.15013716494621443
0.1373641806165366
0.12482532415389418
0.1125328876952071
0.10049874025380351
0.08873430365327677
0.07725052977114638
0.06605787920412283
0.05516630146444179
0.044585216794675725
0.03432349968032868
0.024389464118224655
0.014790850688385152
0.005534815456115866
-0.0033720792817586854
-0.011923872409480661
-0.020115209581543374
-0.027941347020297127
-0.03539815356710703
-0.042482111043114
-0.04919031298860641
-0.05552046185521064
-0.06147086473705174
-0.06704042772986307
-0.07222864901334747
-0.07703561075540163
-0.08146196994043005
-0.08550894822548509
-0.08917832093041463
-0.0924724052411203
-0.09539404766366907
-0.097946610800573
-0.10013395964396322
-0.10196044759163322
-0.10343090222501874
-0.10455061134785393
-0.1053253075737066
-0.10576115295559654
-0.10586472377285809
-0.10564300015525352
-0.10510334474094456
-0.10425348901405328
-0.10310151878533007
-0.10165585946801944
-0.09992526139523655
-0.09791878526071955
-0.09564578771756883
-0.09311590715341297
-0.09033904965430589
-0.08732537516333652
-0.08408528383722698
-0.08062940260323889
-0.07696857191335943
-0.07311383269401808
-0.06907641348545841
-0.06486771776515743
-0.06049931144730641
-0.05598291054990783
-0.051330369020015316
-0.04655366670678177
-0.04166489747147944
-0.03667625742319852
-0.03160003326857533
-0.026448590763067752
-0.02123436325192539
-0.015969840288104335
-0.010667556314493341
-0.0053400793975578965
