#strength 	x-position 	z-position 
0.005414638954401516	-2.0037905788182746	0.021766355238652432
0.005407278083931666	-2.0027587309424124	0.02167608024703121
0.005392576351700441	-2.000697173852981	0.021495717372494477
0.005370566451695996	-1.9976101804418616	0.021225640444642306
0.005341302744188247	-1.9935041489743026	0.02086640923915018
0.005304866447245873	-1.9883875898275387	0.020418768317548446
0.005261347745374339	-1.9822711078517332	0.019883645484004814
0.005210844258470941	-1.975167380389808	0.019262149862308568
0.005153486607183641	-1.9670911310017134	0.018555569597042118
0.005089433757679201	-1.9580590989476025	0.017765369183704666
0.0050188399704043825	-1.9480900044931584	0.01689318643332162
0.004941866368341051	-1.9372045101089832	0.01594082907783117
0.004858719063317274	-1.9254251776444744	0.01491027102328377
0.004769627960747559	-1.912776421564946	0.013803648258620429
0.004674803792655869	-1.899284458348921	0.012623254428509449
0.0045744686883109256	-1.8849772521504753	0.011371536079417599
0.004468900513003513	-1.869884456839259	0.010051087588768954
0.004358390204590026	-1.8540373545383235	0.008664645787701514
0.004243196225555988	-1.837468790787144	0.007215084288566727
0.0041235979402889575	-1.8202131064642226	0.005705407528929078
0.0039999380014814285	-1.8023060666103743	0.004138744544410435
0.003872555683364695	-1.783784786300219	0.002518342483285911
0.0037417475830791775	-1.7646876537155196	0.0008475598762731839
0.003607844948313839	-1.7450542505798152	-0.0008701403245352823
0.0034712447908930664	-1.7249252701192541	-0.002631197923169239
0.0033323195523257214	-1.7043424327196672	-0.0044319628588305
0.0031913936539244283	-1.6833483994546998	-0.006268702771201312
0.003048842856864184	-1.6619866836642194	-0.008137610736331083
0.0029051043945463465	-1.6403015607662756	-0.010034813157067607
0.002760566488346633	-1.618337976489535	-0.011956377791678675
0.0026155703079138973	-1.5961414537163936	-0.013898321904023563
0.002470526150339355	-1.5737579981298533	-0.01585662051838186
0.0023258933209653943	-1.5512340028597174	-0.0178272147618303
0.002182056356083517	-1.5286161523257449	-0.01980602027687669
0.002039361082193801	-1.505951325477061	-0.02178893568691454
0.001898239017585313	-1.483286498628377	-0.023771851096952387
0.0017591490106502862	-1.4606686480944044	-0.025750656611998775
0.0016224504189539947	-1.4381446528242683	-0.02772125085544721
0.0014884802696217712	-1.4157611972377282	-0.029679549469805507
0.0013576738938499726	-1.3935646744645869	-0.0316214935821504
0.001230462444403682	-1.3716010901878457	-0.03354305821676147
0.001107156745029078	-1.3499159672899022	-0.035440260637498
0.000988070099250964	-1.3285542514994217	-0.03730916860262777
0.0008736196918741458	-1.3075602182344543	-0.039145908514998565
0.0007641770725017206	-1.2869773808348675	-0.04094667345065983
0.0006599802042459398	-1.2668484003743061	-0.04270773104929379
0.0005613032469350002	-1.247214997238602	-0.04442543125010226
0.00046851927620237865	-1.2281178646539028	-0.04609621385711499
0.00038190483623495153	-1.2095965843437473	-0.04771661591823951
0.00030160279113306145	-1.1916895444898992	-0.04928327890275815
0.0002278361827012228	-1.1744338601669775	-0.050792955662395806
0.00016090705601827567	-1.1578652964157978	-0.05224251716153059
0.00010096228269587619	-1.1420181941148626	-0.05362895896259803
480390723919552e-19	-1.1269253988036465	-0.05494940745324668
23137892395584694e-22	-1.1126181926052006	-0.05620112580233853
-3599911790246983e-20	-1.0991262293891753	-0.0573815196324495
-668984595657462e-19	-1.086477473309647	-0.05848814239711284
-9041016387847893e-20	-1.0746981408451384	-0.059518700451660245
-0.00010632383160116863	-1.063812646460963	-0.0604710578071507
-0.00011445349601779293	-1.0538435520065188	-0.06134324055753374
-0.00011483038823068969	-1.044811519952408	-0.0621334409708712
-0.00010730644774587622	-1.0367352705643136	-0.06284002123613765
-9180010067176932e-20	-1.0296315431023884	-0.0634615168578339
-7001494111800218e-20	-1.023515061126583	-0.06399663969137753
-4645440849572386e-20	-1.018398501979819	-0.06444428061297926
-26376290722362108e-21	-1.01429247051226	-0.06480351181847138
-12526405786624155e-21	-1.0112054771011405	-0.06507358874632355
-4501692968269278e-21	-1.0091439200117094	-0.06525395162086028
-8721241313000214e-22	-1.0081120721358472	-0.06534422661248152
