#Fourier coeffs (0-n) 	d/dt (Fourier coeffs) 
0.05948211895271364	0.01001483460154375
-0.017322927629271567	0.013459107495541791
0.006987473839939666	-0.006672873019232528
-0.00343162608328004	0.003386190466900252
0.0018693673569907755	0
-0.001045051807654024	0
0.0005614095937276753	0
-0.00026341311379348147	0
779238715475059e-19	0
3500792079287787e-20	0
-996091079284079e-19	0
0.00013167427454254774	0
-0.00014201196388842206	0
0.00013824369487830057	0
-0.00012582409591485336	0
0.00010866340534479878	0
-8953379669753102e-20	0
703513039440638e-19	0
-5238196400078902e-20	0
3639890524743119e-20	0
-22805576198057498e-21	0
11734069143401248e-21	0
-31240657115453407e-22	0
-32139649921960675e-22	0
7548735713059817e-21	0
-10189282124588018e-21	0
11455611531334531e-21	0
-11657395653165355e-21	0
11079382158928834e-21	0
-9972313052650197e-21	0
854824581986859e-20	0
-6979283725065574e-21	0
5398836818812646e-21	0
-39046537340686784e-22	0
2562983255095066e-21	0
-1413340507205399e-21	0
