#strength 	x-position 	z-position 
-0.04186538040205421	-0.0454254625229349	-0.03447296188468795
-0.0016018121059206483	-0.00896564248192651	-0.04294648550417696
-0.0071234882568686365	-0.07490536585447333	-0.06280213604644111
-0.00529475302904338	-0.07502924646210656	-0.008621796994088488
-0.004775374303329943	-0.023345140360336334	0.001999808631824013
-0.004271399771480682	0.0036410002056970567	-0.04334609698871024
-0.0038921308728170753	-0.01824921527413317	-0.08907899296955524
-0.003587736053715967	-0.05354817408811611	-0.10847355396477139
-0.003337901077009915	-0.0845070012421714	-0.11642880646202743
-0.0031279548098067725	-0.11090340785514592	-0.1197003146329194
-0.002948232968388911	-0.13393889229280861	-0.12096694676574803
-0.0027920525767365168	-0.15473343917184915	-0.12132711120136493
-0.002654648462229286	-0.1740403062742869	-0.12121583537894776
-0.0025325185630453387	-0.19232815064756206	-0.120823076827441
-0.0024230218607840144	-0.20989237416008322	-0.12024569066091093
-0.002324121377731931	-0.22692624998792396	-0.11954061948757602
-0.0022342140326152672	-0.24356128981765582	-0.11874487199867632
-0.0021520149788250374	-0.2598901259870259	-0.11788401846324975
-0.0020764779258331603	-0.2759799130383344	-0.11697634171801204
-0.0020067398871035664	-0.2918804990579242	-0.11603514596874838
-0.0019420823663454222	-0.3076296041540042	-0.11507018966083524
-0.0018819032627475432	-0.32325621949890004	-0.11408865194794904
-0.001825695586065327	-0.3387829115186843	-0.1130958200990826
-0.0017730305509084127	-0.35422743108709775	-0.11209559084385125
-0.0017235436933335704	-0.36960386757271596	-0.11109083778939616
-0.0016769233080133703	-0.38492349500658307	-0.11008367894744146
-0.0016329008407294648	-0.40019540324658964	-0.10907566950178263
-0.0015912430047866823	-0.4154269746947859	-0.1080679394628145
-0.00155174542957392	-0.43062424755544626	-0.10706129167438831
-0.00151422764967535	-0.44579219439336015	-0.10605627213693093
-0.0014785292327368794	-0.460934936796944	-0.10505322163063896
-0.0014445068343920883	-0.47605591155792876	-0.10405231510082585
-0.0014120319644727198	-0.49115799998495374	-0.10305359315778363
-0.001380989258914436	-0.5062436292010632	-0.1020569883356008
-0.001351275079765183	-0.5213148521793524	-0.1010623474744336
-0.0013227963083767575	-0.5363734116333224	-0.10006945075599373
-0.0012954692456601212	-0.5514207915817768	-0.09907802750165036
-0.0012692185802289386	-0.5664582593916834	-0.09808776874928252
-0.0012439764155728478	-0.5814869003356907	-0.09709833672290097
-0.0012196813649100208	-0.5965076461519835	-0.096109371464158
-0.001196277724816435	-0.6115212987184699	-0.09512049501859958
-0.0011737147378274235	-0.6265285497014828	-0.0941313136250226
-0.0011519459435080058	-0.6415299968696466	-0.09314141833886831
-0.0011309286162538047	-0.6565261576412228	-0.09215038445666889
-0.0011106232830223467	-0.6715174803361106	-0.0911577700284192
-0.001090993312422404	-0.6865043535238805	-0.09016311365986705
-0.0010720045687562067	-0.7014871137901254	-0.08916593173212085
-0.0010536251241377963	-0.7164660521838285	-0.08816571510217706
-0.0010358250226286617	-0.7314414195583766	-0.08716192528780875
-0.0010185760913569378	-0.7464134309762783	-0.0861539900798682
-0.0010018517917416581	-0.7613822693114892	-0.08514129845573049
-0.000985627104863421	-0.776348088151255	-0.08412319458283425
-0.0009698784428335445	-0.7913110140692612	-0.08309897059327506
-0.0009545835794493359	-0.8062711483111622	-0.08206785766731946
-0.000939721591883512	-0.8212285678992227	-0.08102901476545672
-0.0009252728080438657	-0.8361833261204918	-0.07998151406031477
-0.0009112187541808134	-0.8511354523054271	-0.07892432167811236
-0.0008975421001916322	-0.8660849507182629	-0.07785627164701363
-0.000884226600592829	-0.881031798241231	-0.07677602974705998
-0.0008712570315553038	-0.8959759402902432	-0.07568204182851263
-0.0008586191243836923	-0.9109172839370484	-0.07457245720356825
-0.0008462994968902841	-0.9258556862676981	-0.07344500989182538
-0.0008342855842555421	-0.9407909339025164	-0.07229682394512543
-0.0008225655710011933	-0.9557227044351355	-0.0711240712341684
-0.0008111283255634785	-0.9706504865902802	-0.06992131746217718
-0.0007999633390587003	-0.9855733990508158	-0.06868018042467716
-0.0007890606686518954	-1.0004898626854402	-0.06738725126726022
