#strength 	x-position 	z-position 
0.007236273808697024	-8.003790578818206	0.021766355238652432
0.00722858660633398	-8.002758730942343	0.02167608024703121
0.007213228898676342	-8.000697173852913	0.021495717372494477
0.007190233446305586	-7.997610180441793	0.021225640444642306
0.007159649740740962	-7.993504148974234	0.02086640923915018
0.0071215443273951445	-7.98838758982747	0.020418768317548446
0.007075999205230198	-7.982271107851664	0.019883645484004814
0.007023111533532845	-7.97516738038974	0.019262149862308568
0.006962995523640986	-7.967091131001645	0.018555569597042118
0.006895781822556263	-7.958059098947535	0.017765369183704666
0.006821614541381019	-7.948090004493091	0.01689318643332162
0.006740651907661547	-7.9372045101089155	0.01594082907783117
0.00665306905875588	-7.9254251776444065	0.01491027102328377
0.006559055946200095	-7.912776421564878	0.013803648258620429
0.006458813433194312	-7.899284458348854	0.012623254428509449
0.006352555387471233	-7.884977252150408	0.011371536079417599
0.006240511867825594	-7.869884456839192	0.010051087588768954
0.006122925159176711	-7.8540373545382565	0.008664645787701514
0.006000045555826755	-7.837468790787078	0.007215084288566727
0.00587213522241942	-7.8202131064641565	0.005705407528929078
0.0057394711210283274	-7.802306066610309	0.004138744544410435
0.005602338988181598	-7.783784786300154	0.002518342483285911
0.0054610295481156545	-7.764687653715454	0.0008475598762731839
0.0053158442557538965	-7.74505425057975	-0.0008701403245352823
0.005167097221727708	-7.724925270119189	-0.002631197923169239
0.005015107183004874	-7.704342432719603	-0.0044319628588305
0.004860194958013814	-7.683348399454636	-0.006268702771201312
0.004702690938713489	-7.661986683664156	-0.008137610736331083
0.004542935243592473	-7.640301560766213	-0.010034813157067607
0.004381267999117385	-7.618337976489472	-0.011956377791678675
0.00421802884947795	-7.596141453716331	-0.013898321904023563
0.004053565798130669	-7.573757998129791	-0.01585662051838186
0.0038882328585895113	-7.551234002859656	-0.0178272147618303
0.003722379241496574	-7.528616152325683	-0.01980602027687669
0.003556351662981404	-7.505951325477	-0.02178893568691454
0.003390503860783582	-7.483286498628316	-0.023771851096952387
0.00322519111998491	-7.460668648094344	-0.025750656611998775
0.0030607592407520517	-7.438144652824208	-0.02772125085544721
0.0028975502514840563	-7.415761197237668	-0.029679549469805507
0.002735911645927481	-7.393564674464527	-0.0316214935821504
0.0025761873338973544	-7.371601090187786	-0.03354305821676147
0.002418707547629201	-7.349915967289842	-0.035440260637498
0.002263798360969585	-7.328554251499362	-0.03730916860262777
0.002111789403788108	-7.307560218234396	-0.039145908514998565
0.0019630010259684516	-7.286977380834809	-0.04094667345065983
0.0018177366068208216	-7.266848400374249	-0.04270773104929379
0.001676296007581015	-7.247214997238545	-0.04442543125010226
0.0015389801812195109	-7.2281178646538455	-0.04609621385711499
0.0014060746566274714	-7.20959658434369	-0.04771661591823951
0.0012778461194015232	-7.191689544489842	-0.04928327890275815
0.0011545595614657535	-7.174433860166921	-0.050792955662395806
0.001036477714103763	-7.157865296415742	-0.05224251716153059
0.0009238414456829349	-7.142018194114807	-0.05362895896259803
0.0008168732272380809	-7.126925398803591	-0.05494940745324668
0.000715797214257636	-7.1126181926051455	-0.05620112580233853
0.0006208305313018473	-7.099126229389119	-0.0573815196324495
0.0005321623563132967	-7.086477473309592	-0.05848814239711284
0.00044996903565363465	-7.074698140845083	-0.059518700451660245
0.00037443542413970605	-7.063812646460908	-0.0604710578071507
0.00030573314851019127	-7.053843552006464	-0.06134324055753374
0.00024400473238923002	-7.044811519952353	-0.0621334409708712
0.00018939628924422784	-7.036735270564259	-0.06284002123613765
0.00014203737793379572	-7.029631543102335	-0.0634615168578339
0.00010190014435217297	-7.023515061126529	-0.06399663969137753
6871685467498814e-20	-7.018398501979764	-0.06444428061297926
4214811186500121e-20	-7.014292470512206	-0.06480351181847138
22048667199273148e-21	-7.011205477101086	-0.06507358874632355
8514852443712996e-21	-7.009143920011655	-0.06525395162086028
17062789477702067e-22	-7.008112072135793	-0.06534422661248152
