#Fourier coeffs (0-n) 	d/dt (Fourier coeffs) 
0.07948763992334061	0.0010591284303335113
-0.0015603426116098233	0.00039371169068959204
0.0004808660235303565	-0.00012795475730834554
-0.0002404547245748825	6279868556345429e-20
0.00013481360333172655	0
-7620672283556485e-20	0
40700089090139366e-21	0
-18447441883800816e-21	0
448592661539011e-20	0
4023926009564518e-21	0
-885726993143437e-20	0
11195873873782263e-21	0
-11860837205414539e-21	0
11437791701791684e-21	0
-10349487762937732e-21	0
890091146286724e-20	0
-7309235128926167e-21	0
5724933165568324e-21	0
-42474532023984e-19	0
2937317600944173e-21	0
-18257244889044851e-22	0
9222797798195632e-22	0
-22125140501754524e-23	0
-2933950250462418e-22	0
6439920937598251e-22	0
-8560502849264958e-22	0
9558956073737646e-22	0
-9689521887694068e-22	0
918565924890032e-21	0
-8252730442213498e-22	0
7064252414648219e-22	0
-5760913950217015e-22	0
4451648288261221e-22	0
-3216144742432022e-22	0
2108278060845237e-22	0
-11600277607013208e-23	0
