#strength 	x-position 	z-position 
-0.04186538040205421	-0.14222832731858506	0.00589470026367116
-0.0016018121059206483	-0.21169163625941095	0.002042827019184107
-0.0071234882568686365	-0.12659063486951352	0.06742460529348365
-0.00529475302904338	-0.08771531762898253	0.03857371372749376
-0.004775374303329943	-0.2065282779278606	-0.04254254540974213
-0.004271399771480682	-0.2404598499354734	0.04995244515119678
-0.0038921308728170753	-0.2139620653372744	0.029471417258054182
-0.003587736053715967	-0.24365347362967005	-0.03316015246744039
-0.003337901077009915	-0.23375836042516335	0.007143196964891536
-0.0031279548098067725	-0.17739047676564465	0.055355421884863025
-0.002948232968388911	-0.13379863683184284	-0.09546549867794293
-0.0027920525767365168	-0.18606571948258824	-0.0772005986659753
-0.002654648462229286	-0.20581226376199568	-0.06400187337939559
-0.0025325185630453387	-0.284023861577415	0.0333071162895624
-0.0024230218607840144	-0.20855714984987722	0.13713898804893593
-0.002324121377731931	-0.1281543966373479	0.1456300096470715
-0.0022342140326152672	-0.069445314640921	0.12380576462559735
-0.0021520149788250374	-0.025141797874911602	0.0847058456659448
-0.0020764779258331603	0.002948761091523094	0.031098717631661058
-0.0020067398871035664	0.009600998865486671	-0.029303493671959408
-0.0019420823663454222	-0.0034116798863102578	-0.08557879950236419
-0.0018819032627475432	-0.02891818220751162	-0.1323644518239893
-0.001825695586065327	-0.06067758648974039	-0.16955711063729845
-0.0017730305509084127	-0.09511217331238085	-0.1987364421204025
-0.0017235436933335704	-0.13023965693723505	-0.2213648115892057
-0.0016769233080133703	-0.1647891281189206	-0.23876278094983083
-0.0016329008407294648	-0.19805651104912664	-0.25215159954367955
-0.0015912430047866823	-0.2297634591459422	-0.2625362647681413
-0.00155174542957392	-0.2598757215994089	-0.2706796714768839
-0.00151422764967535	-0.2884775954326953	-0.27714115689336877
-0.0014785292327368794	-0.31570245418870785	-0.2823258765942485
-0.0014445068343920883	-0.3416974944113659	-0.2865266696569969
-0.0014120319644727198	-0.3666066954069845	-0.28995580942435384
-0.001380989258914436	-0.3905629364297468	-0.29276826460210137
-0.001351275079765183	-0.4136846914521442	-0.29507855735670174
-0.0013227963083767575	-0.43607517031118365	-0.29697285156238995
-0.0012954692456601212	-0.4578229074336585	-0.2985174489598741
-0.0012692185802289386	-0.4790032071118199	-0.2997646031674432
-0.0012439764155728478	-0.4996799858350876	-0.3007564087795502
-0.0012196813649100208	-0.5199076537800601	-0.30152738761630615
-0.001196277724816435	-0.5397328062741377	-0.3021062439298277
-0.0011737147378274235	-0.5591956258590345	-0.30251710871522053
-0.0011519459435080058	-0.5783309960467592	-0.3027804640482568
-0.0011309286162538047	-0.5971693782507441	-0.3029138506772707
-0.0011106232830223467	-0.6157375111086303	-0.30293241502919416
-0.001090993312422404	-0.634058981864869	-0.3028493297157105
-0.0010720045687562067	-0.6521547040202974	-0.3026761133812794
-0.0010536251241377963	-0.6700433207974238	-0.3024228734201438
-0.0010358250226286617	-0.6877415451570866	-0.3020984929864057
-0.0010185760913569378	-0.7052644428087377	-0.3017107805403705
-0.0010018517917416581	-0.7226256635187934	-0.3012665960088031
-0.000985627104863421	-0.7398376266532736	-0.30077196306546794
-0.0009698784428335445	-0.7569116678450334	-0.30023217286664927
-0.0009545835794493359	-0.7738581544507707	-0.2996518811729192
-0.000939721591883512	-0.7906865778280018	-0.2990351983715439
-0.0009252728080438657	-0.8074056297750535	-0.2983857708561848
-0.0009112187541808134	-0.8240232687930608	-0.29770685239391126
-0.0008975421001916322	-0.8405467800365828	-0.2970013648363381
-0.000884226600592829	-0.8569828312026698	-0.29627194839998827
-0.0008712570315553038	-0.8733375252533765	-0.2955210025236081
-0.0008586191243836923	-0.8896164500957956	-0.29475071871326985
-0.0008462994968902841	-0.9058247251976472	-0.2939631067617138
-0.0008342855842555421	-0.9219670451002421	-0.2931600155673578
-0.0008225655710011933	-0.9380477197951618	-0.2923431496173887
-0.0008111283255634785	-0.9540707119596785	-0.291514082043924
-0.0007999633390587003	-0.9700396710945534	-0.29067426500818627
-0.0007890606686518954	-0.9859579646683762	-0.2898250380505759
-0.0007784108872843643	-1.0018287062645057	-0.28896763501869543
-0.0007680050391356153	-1.0176547807695675	-0.28810319009263635
-0.000757834601404328	-1.0334388667408287	-0.28723274330401594
-0.0007478914524797278	-1.0491834560415305	-0.28635724587544403
-0.0007381678446891551	-1.0648908709713047	-0.28547756558704857
-0.0007286563828325186	-1.080563279043784	-0.2845944923309636
-0.0007193500057878898	-1.0962027056538628	-0.28370874388839
-0.0007102419709997861	-1.1118110450521188	-0.2828209718280747
-0.000701325841610069	-1.1273900698155004	-0.2819317674835234
-0.0006925954738621759	-1.1429414390768486	-0.281041667911242
-0.000684045005627458	-1.1584667058382734	-0.28015116165895704
-0.0006756688444211224	-1.1739673236080934	-0.27926069419378075
-0.0006674616550031709	-1.189444652572656	-0.27837067287971456
-0.0006594183467327104	-1.2048999653624062	-0.2774814714729238
-0.0006515340601383705	-1.2203344525198094	-0.27659343407935594
-0.0006438041525125195	-1.2357492278260351	-0.27570687850821507
-0.0006362241845469623	-1.251145333434754	-0.27482209906615807
-0.0006287899052146509	-1.2665237448335882	-0.2739393688322725
-0.0006214972389427739	-1.2818853756250188	-0.2730589414626846
-0.0006143422714913332	-1.297231082104494	-0.2721810525880178
-0.0006073212383051179	-1.3125616676265697	-0.2713059208725713
-0.0006004305127518331	-1.3278778866939331	-0.2704337488279479
-0.0005936665963919615	-1.343180448776321	-0.26956472344119364
-0.0005870261098204627	-1.3584700218422903	-0.2686990166829118
-0.0005805057854716949	-1.373747235571328	-0.2678367859671884
-0.0005741024611217692	-1.3890126842554231	-0.2669781745998647
-0.0005678130745106254	-1.4042669294434513	-0.2661233122275422
-0.0005616346594449571	-1.4195105022861954	-0.26527231534097606
-0.0005555643420774581	-1.43474390560347	-0.2644252878485355
-0.0005495993382153147	-1.449967615737805	-0.26358232169899015
-0.00054373695082237	-1.465182084204804	-0.26274349755657955
-0.0005379745681176624	-1.4803877391528821	-0.26190888552840275
-0.0005323096614048162	-1.4955849866789208	-0.26107854591895
-0.0005267397832290129	-1.5107742120292567	-0.260252529992583
-0.000521262565470677	-1.525955780690529	-0.2594308807342868
-0.0005158757169334369	-1.54113003941967	-0.25861363357798617
-0.0005105770213484767	-1.556297317213227	-0.25780081709628255
-0.0005053643348801127	-1.5714579262167725	-0.2569924536456976
-0.000500235583374524	-1.5866121626177125	-0.2561885599414812
-0.0004951887601432302	-1.601760307503039	-0.2553891475674252
-0.0004902219228500523	-1.61690262769497	-0.2545942234183592
-0.00048533319134471883	-1.6320393765577268	-0.25380379008429244
-0.0004805207450340604	-1.6471707947585872	-0.25301784618862116
-0.0004757828203440246	-1.6622971110179277	-0.2522363866692015
-0.0004711177088820937	-1.6774185428166977	-0.25145940302691944
-0.00046652375520923883	-1.6925352970532868	-0.25068688355769264
-0.0004619993552304174	-1.7076475706631888	-0.24991881356885765
-0.0004575429545048623	-1.7227555511889587	-0.24915517559405911
-0.00045315304698898516	-1.7378594172981487	-0.24839594961397674
-0.00044882817350060805	-1.7529593392659983	-0.247641113276201
-0.00044456692061874137	-1.7680554794253742	-0.24689064211650702
-0.0004403679195613651	-1.7831479925686475	-0.24614450979361172
-0.0004362298449812063	-1.798237026317463	-0.24540268832893775
-0.0004321514137778735	-1.8133227214725756	-0.24466514834279068
-0.00042813138401514086	-1.8284052123361176	-0.24393185929101593
-0.00042416855359562675	-1.8434846270108114	-0.2432027896992457
-0.00042026175903983956	-1.8585610876839198	-0.24247790738825553
-0.0004164098740106169	-1.8736347108956757	-0.24175717968960406
-0.0004126118080769615	-1.8887056077872297	-0.24104057365259754
-0.00040886650491464213	-1.903773884341219	-0.24032805623166145
-0.000405172940823699	-1.918839641618617	-0.23961959444961925
-0.00040153012306365886	-1.9339029759800974	-0.23891515554182796
-0.0003979370879136062	-1.9489639793067812	-0.2382147070704988
-0.0003943928990738973	-1.9640227392182656	-0.23751821700760292
-0.0003908966456139043	-1.9790793392882466	-0.2368256537859776
-0.0003874474403946608	-1.9941338592561266	-0.23613698631977548
-0.00038404441820013603	-2.009186375235206	-0.2354521839932196
-0.00038068673395553164	-2.0242369599289054	-0.23477121661274716
-0.00037737356153244583	-2.0392856828342807	-0.23409405433942124
-0.0003741040921222197	-2.0543326104366137	-0.2334206676034288
-0.0003708775331686589	-2.0693778064045505	-0.2327510269983579
-0.00036769310746288635	-2.084421331770888	-0.23208510316993589
-0.00036455005229711623	-2.0994632451009343	-0.23142286670463785
-0.0003614476190798091	-2.114503602645912	-0.23076428802442267
-0.0003583850728127169	-2.129542458482649	-0.23010933729068775
-0.0003553616920417054	-2.1445798646411696	-0.22945798432013756
-0.0003523767686783707	-2.1596158712181	-0.22881019851712023
-0.00034942960823617676	-2.174650526476577	-0.2281659488245032
-0.0003465195297728263	-2.1896838769364737	-0.22752520369232845
-0.00034364586640960905	-2.204715967452819	-0.22688793106702423
-0.0003408079652679908	-2.2197468412843495	-0.22625409840139027
-0.0003380051882230003	-2.234776540148268	-0.2256236726879771
-0.0003352369116566209	-2.2498051042696514	-0.2249966205082991
-0.0003325025270456538	-2.264832572428461	-0.22437290809453087
-0.0003298014409517918	-2.27985898199426	-0.22375250140878525
-0.0003271330750860852	-2.2948843689618155	-0.22313536622766503
-0.00032449686620101593	-2.3099087679887957	-0.22252146822760302
-0.0003218922660504168	-2.324932212431791	-0.22191077307178106
-0.00031931874107483417	-2.33995473438296	-0.2213032464953907
-0.0003167757721665044	-2.354976364708581	-0.22069885438647577
-0.00031426285430172056	-2.369997133086714	-0.22009756286370363
-0.000311779496147236	-2.3850170680436413	-0.21949933835063706
-0.0003093252195867837	-2.4000361969886796	-0.2189041476455309
-0.00030689955916742007	-2.4150545462494906	-0.2183119579832896
-0.00030450206140377606	-2.4300721411094997	-0.2177227370870843
-0.0003021322843003559	-2.445089005841842	-0.2171364532128526
-0.000299789796430628	-2.4601051637449056	-0.21655307518049616
-0.000297474176158382	-2.475120637185179	-0.2159725723857021
-0.00029518501105338726	-2.490135447638232	-0.21539491479930764
-0.0002929218968157274	-2.5051496157327953	-0.21482007295088174
-0.0002906844369770824	-2.520163161295193	-0.2142480178989382
-0.00028847224168893765	-2.5351761033970246	-0.21367872118695
-0.00028628492783149863	-2.5501884603993417	-0.21311215479319026
-0.00028412211791443813	-2.565200249994592	-0.21254829107530002
-0.0002819834401659241	-2.5802114892508015	-0.21198710270823365
-0.0002798685279584972	-2.595222194648094	-0.21142856262708853
-0.0002777770200663894	-2.6102323821084714	-0.21087264397609512
-0.0002757085599074307	-2.6252420670285397	-0.2103193200557482
-0.00027366279614154596	-2.640251264308439	-0.2097685642759272
-0.0002716393823781211	-2.65525998837129	-0.20922035012169682
-0.0002696379771476298	-2.6702682531867756	-0.20867465111994427
-0.00026765824441255665	-2.6852760722866993	-0.20813144081793988
-0.0002656998531163201	-2.700283458781091	-0.20759069276601994
-0.00026376247771014646	-2.7152904253753394	-0.20705238050413488
-0.00026184579823891087	-2.7302969843788043	-0.20651647756119473
-0.0002599495001962913	-2.745303147718097	-0.20598295745434514
-0.00025807327495322614	-2.7603089269485204	-0.20545179369381614
-0.0002562168197872555	-2.7753143332602948	-0.20492295979660313
-0.0002543798377073591	-2.7903193774902886	-0.20439642929756913
-0.0002525620379495025	-2.805324070130136	-0.20387217576666278
-0.0002507631357120954	-2.8203284213317614	-0.2033501728309563
-0.00024898285217721597	-2.835332440917935	-0.2028303941925967
-0.0002472209147298312	-2.8503361383891517	-0.20231281365131354
-0.0002454770566421051	-2.865339522930603	-0.20179740512721725
-0.00024375101722903803	-2.8803426034212087	-0.20128414268093756
-0.0002420425415721912	-2.895345388442214	-0.2007730005336466
-0.00024035138069607685	-2.91034788628395	-0.20026395308824319
-0.00023867729115296422	-2.925350104954009	-0.19975697494754466
-0.00023702003501207755	-2.9403520521877367	-0.1992520409283263
-0.00023537937990109926	-2.955353735454116	-0.19874912607884543
-0.00023375509844840783	-2.970355161965173	-0.1982482056904828
-0.00023214696846779806	-2.9853563386863327	-0.19774925530637996
-0.00023055477272532557	-3.0003572723422387	-0.19725225073366776
-0.00022897829861689457	-3.015357969425477	-0.19675716805063978
-0.00022741733819453894	-3.0303584362051614	-0.1962639836118841
-0.000225871687815243	-3.0453586787344578	-0.19577267405273585
-0.00022434114811860882	-3.06035870285859	-0.19528321629155193
-0.00022282552366331178	-3.075358514222532	-0.19479558753050757
-0.00022132462306391834	-3.0903581182771434	-0.1943097652566278
-0.00021983825832820603	-3.1053575202874537	-0.19382572723827332
-0.00021836624523042213	-3.120356725339764	-0.1933434515214085
-0.00021690840271571497	-3.1353557383470445	-0.19286291642642314
-0.00021546455294240395	-3.150354564057027	-0.19238410053984023
-0.00021403452104518453	-3.1653532070585992	-0.19190698270676268
-0.0002126181351048556	-3.1803516717869234	-0.19143154202369167
-0.00021121522581215614	-3.1953499625300985	-0.19095775782806598
-0.0002098256264519479	-3.2103480834360925	-0.19048560968611886
-0.0002084491729021018	-3.2253460385168395	-0.19001507738402987
-0.00020708570323100563	-3.240343831654106	-0.18954614091586974
-0.00020573505790086148	-3.2553414666052456	-0.1890787804711508
-0.00020439707953908565	-3.2703389470068127	-0.18861297642504976
-0.0002030716128683767	-3.2853362763798617	-0.18814870932601951
-0.00020175850461887947	-3.3003334581351957	-0.1876859598835234
-0.00020045760372408745	-3.3153304955755996	-0.18722470896056656
-0.00019916876092909187	-3.3303273918994005	-0.18676493756441032
-0.00019789182892928844	-3.3453241502057742	-0.18630662683479268
-0.0001966266624510299	-3.36032077349692	-0.18584975803730033
-0.00019537311798517587	-3.3753172646810485	-0.1853943125562683
-0.00019413105403889158	-3.3903136265751983	-0.18494027188834125
-0.00019290033091169147	-3.4053098619074813	-0.1844876176371882
-0.0001916808107354246	-3.42030597332065	-0.18403633150656568
-0.0001904723575535984	-3.435301963374111	-0.18358639529633966
-0.00018927483723585672	-3.4502978345454736	-0.18313779089970192
-0.0001880881174508263	-3.4652935892333265	-0.1826905002987138
-0.00018691206766591716	-3.4802892297596943	-0.18224450556058763
-0.00018574655929095608	-3.4952847583710454	-0.18179978883667466
-0.00018459146531571262	-3.510280177241129	-0.1813563323587328
-0.0001834466607157463	-3.525275488472884	-0.1809141184368915
-0.00018231202221501153	-3.5402706940989233	-0.18047312946030133
-0.00018118742815340962	-3.5552657960847434	-0.1800333478931774
-0.00018007275885201235	-3.5702607963300204	-0.17959475627412486
-0.0001789678961569719	-3.5852556966699347	-0.1791573372157059
-0.00017787272383396405	-3.600250498876955	-0.1787210734032754
-0.0001767871271864726	-3.6152452046622474	-0.17828594759434122
-0.00017571099334376568	-3.6302398156773594	-0.17785194261743767
-0.00017464421100067164	-3.6452343335155417	-0.1774190413715949
-0.00017358667055855648	-3.6602287597133767	-0.1769872268251119
-0.0001725382640363083	-3.675223095751964	-0.17655648201513063
-0.00017149888500605712	-3.6902173430585923	-0.17612679004617726
-0.00017046842873295193	-3.7052115030076096	-0.17569813409006763
-0.00016944679191451678	-3.7202055769219506	-0.1752704973843959
-0.0001684338728129304	-3.735199566074956	-0.17484386323021398
-0.0001674295713105598	-3.7501934716906176	-0.174418214992883
-0.00016643378861864143	-3.76518729494518	-0.17399353609989635
-0.00016544642746000628	-3.7801810369691147	-0.17356981003774904
-0.0001644673921064356	-3.795174698847221	-0.17314702035277918
-0.0001634965881308209	-3.8101682816197795	-0.17272515064960242
-0.00016253392254405447	-3.8251617862844123	-0.17230418458798633
-0.00016157930377993374	-3.8401552137966095	-0.1718841058824603
-0.00016063264166301001	-3.855148565070424	-0.17146489830164802
-0.0001596938472464178	-3.8701418409801045	-0.1710465456655554
-0.00015876283315648977	-3.885135042360434	-0.1706290318456437
-0.00015783951311220193	-3.9001281700076516	-0.17021234076360217
-0.0001569238022869658	-3.915121224680832	-0.16979645638921773
-0.0001560156171573051	-3.930114207101877	-0.16938136274135293
-0.00015511487540872428	-3.9451071179566237	-0.16896704388639877
-0.00015422149602999265	-3.96009995789577	-0.1685534839370954
-0.00015333539932435754	-3.9750927275350034	-0.16814066705304234
-0.00015245650661975356	-3.990085427456341	-0.1677285774383946
-0.00015158474068388723	-4.005078058208561	-0.16731719934158962
-0.0001507200252794938	-4.020070620307384	-0.166906517055614
-0.0001498622854224016	-4.035063114236446	-0.16649651491596576
-0.00014901144709763767	-4.050055540448108	-0.1660871772987809
-0.0001481674375478706	-4.065047899363793	-0.16567848861986195
-0.00014733018485456502	-4.08004019137457	-0.16527043333260313
-0.00014649961828645808	-4.095032416841997	-0.16486299592539846
-0.00014567566791641624	-4.110024576098588	-0.16445616091909168
-0.00014485826489113972	-4.125016669448539	-0.16404991286411516
-0.00014404734122657782	-4.140008697167771	-0.16364423633891395
-0.0001432428298442142	-4.155000659504585	-0.1632391159463298
-0.00014244466437235252	-4.1699925566808815	-0.16283453630799766
-0.00014165277942481888	-4.184984388892467	-0.16243048206142668
-0.00014086711049473254	-4.199976156308636	-0.16202693785932717
-0.0001400875936181968	-4.214967859073311	-0.16162388836390196
-0.00013931416589662085	-4.229959497305556	-0.16122131824308966
-0.00013854676498583317	-4.244951071099701	-0.1608192121680408
-0.0001377853294867691	-4.259942580525694	-0.16041755480983586
-0.0001370297987000734	-4.274934025629216	-0.16001633083748334
-0.00013628011264163117	-4.289925406432231	-0.15961552491385866
-0.00013553621217158793	-4.304916722933255	-0.1592151216933457
-0.00013479803885739494	-4.319907975107328	-0.15881510581997915
-0.00013406553502649451	-4.334899162906427	-0.1584154619247688
-0.0001333386437737897	-4.349890286259491	-0.15801617462397047
-0.0001326173089409577	-4.364881345072463	-0.1576172285172701
-0.00013190147501151127	-4.379872339228817	-0.1572186081845827
-0.00013119108727451846	-4.394863268589658	-0.1568202981838973
-0.00013048609169746123	-4.4098541329935905	-0.15642228305018413
-0.00012978643497670896	-4.424844932256788	-0.1560245472933057
-0.00012909206437364956	-4.43983566617348	-0.1556270753943993
-0.00012840292787061162	-4.454826334516058	-0.1552298518030973
-0.00012771897418506657	-4.469816937034747	-0.15483286093648224
-0.00012704015239884368	-4.484807473458179	-0.15443608717452348
-0.00012636641247939888	-4.499797943493437	-0.15403951485720987
-0.00012569770480699329	-4.514788346825739	-0.15364312828276622
-0.00012503398041607654	-4.529778683118827	-0.1532469117032103
-0.0001243751907714103	-4.544768952015153	-0.15285084932022008
-0.00012372128809009023	-4.559759153135667	-0.15245492528267682
-0.00012307222491569382	-4.574749286079813	-0.15205912368329338
-0.0001224279544855024	-4.589739350425606	-0.15166342855446993
-0.00012178843038336724	-4.604729345729699	-0.1512678238643394
-0.0001211536068209014	-4.619719271527366	-0.1508722935128226
-0.00012052343849097008	-4.63470912733224	-0.15047682132909643
-0.00011989788057594798	-4.649698912636282	-0.1500813910674555
-0.00011927688864982015	-4.664688626910013	-0.14968598640233524
-0.00011866041897691179	-4.679678269602115	-0.14929059092575095
-0.00011804842814345726	-4.6946678401392345	-0.14889518814412545
-0.00011744087329614711	-4.709657337926084	-0.148499761473432
-0.00011683771199613203	-4.724646762345301	-0.1481042942353985
-0.0001162389024115286	-4.739636112757122	-0.14770876965455926
-0.00011564440307622499	-4.754625388499222	-0.14731317085459078
-0.00011505417307733704	-4.7696145888866255	-0.14691748085401954
-0.00011446817194388052	-4.784603713211474	-0.1465216825626778
-0.00011388635973098513	-4.799592760742751	-0.1461257587779973
-0.00011330869692283488	-4.814581730726152	-0.14572969218098988
-0.00011273514453147282	-4.8295706223837795	-0.1453334653325577
-0.00011216566409551036	-4.844559434913744	-0.14493706067035314
-0.00011160021748350853	-4.859548167490136	-0.14454046050369007
-0.00011103876717908322	-4.87453681926271	-0.14414364700956595
-0.00011048127617140774	-4.889525389356294	-0.14374660223002506
-0.00010992770771329	-4.9045138768707925	-0.14334930806647928
-0.00010937802580092068	-4.9195022808807725	-0.14295174627582188
-0.00010883219467136031	-4.934490600434978	-0.1425538984666004
-0.00010829017914260747	-4.949478834556151	-0.14215574609360535
-0.00010775194441268489	-4.964466982240581	-0.14175727045360903
-0.00010721745621594496	-4.979455042457644	-0.14135845268079472
-0.00010668668056430276	-4.994443014149473	-0.14095927374123976
-0.00010615958410222295	-5.009430896230512	-0.1405597144282451
-0.00010563613369973107	-5.02441868758695	-0.14015975535703226
-0.00010511629670803893	-5.039406387076457	-0.1397593769581031
-0.00010460004084769312	-5.05439399352761	-0.13935855947191386
-0.00010408733428986586	-5.069381505739316	-0.13895728294345172
-0.0001035781454581837	-5.084368922480289	-0.13855552721560496
-0.00010307244325591207	-5.0993562424885726	-0.13815327192271817
-0.0001025701968382798	-5.1143434644708385	-0.13775049648392632
-0.00010207137568668187	-5.129330587101971	-0.1373471800956114
-0.00010157594975816926	-5.144317609024228	-0.1369433017251201
-0.00010108388904158695	-5.159304528846713	-0.13653884010254871
-0.00010059516418741386	-5.174291345144637	-0.13613377371375063
-0.00010010974585965803	-5.18927805645854	-0.1357280807927533
-9962760505191452e-20	-5.204264661293742	-0.13532173931191488
-9914871323813898e-20	-5.21925115811939	-0.13491472697529489
-9867304192198723e-20	-5.234237545367624	-0.134507021209869
-9820056300893082e-20	-5.249223821432928	-0.13409859915573136
-9773124870514002e-20	-5.26420998467105	-0.13368943765815441
-9726507137114947e-20	-5.279196033398218	-0.13327951325780538
-9680200371696597e-20	-5.294181965890154	-0.13286880218082256
-9634201869791921e-20	-5.309167780381098	-0.13245728032954346
-9588508953899295e-20	-5.32415347506277	-0.13204492327239473
-9543118971412634e-20	-5.339139048083352	-0.13163170623339632
-949802930000302e-19	-5.3541244975463345	-0.1312176040817456
-9453237343677937e-20	-5.369109821509409	-0.13080259132114463
-9408740531066141e-20	-5.384095017983251	-0.13038664207829134
-9364536319209776e-20	-5.399080084930376	-0.12996973009111717
-932062219270273e-19	-5.414065020263761	-0.1295518286972241
-927699567416073e-19	-5.429049821845555	-0.1291329108221446
-9233654286368125e-20	-5.444034487485753	-0.1287129489656507
-9190595622375966e-20	-5.4590190149407025	-0.12829191518964428
-9147817262488735e-20	-5.4740034019116095	-0.12786978110476177
-9105316840046611e-20	-5.488987646043103	-0.12744651785533218
-9063092005555384e-20	-5.503971744921552	-0.12702209610565512
-9021140441319193e-20	-5.518955696073445	-0.12659648602489298
-8979459859140108e-20	-5.533939496963612	-0.12616965727185073
-8938047995061572e-20	-5.548923144993485	-0.12574157897864363
-8896902605203677e-20	-5.563906637499227	-0.12531221973324608
-8856021487253091e-20	-5.578889971749799	-0.12488154756269845
-8815402455259955e-20	-5.593873144944904	-0.12444952991536903
-8775043346395152e-20	-5.608856154212921	-0.12401613364147418
-8734942036097912e-20	-5.623838996608709	-0.12358132497390488
-8695096400711255e-20	-5.638821669111355	-0.1231450695073336
-8655504367246353e-20	-5.653804168621792	-0.1227073321773255
-8616163870905046e-20	-5.668786491960279	-0.12226807723889324
-8577072866244352e-20	-5.68376863586394	-0.12182726824243902
-853822934006182e-19	-5.698750596983993	-0.12138486801020407
-8499631300151224e-20	-5.713732371882973	-0.12094083861204233
-846127676433165e-19	-5.728713957031823	-0.12049514133873522
-842316377926769e-19	-5.743695348806874	-0.12004773667466227
-8385290408465147e-20	-5.758676543486644	-0.11959858427011537
-8347654741613572e-20	-5.773657537248512	-0.11914764291196966
-8310254862544698e-20	-5.788638326165284	-0.11869487049204004
-8273088909037732e-20	-5.803618906201576	-0.11824022397562807
-823615500290132e-19	-5.818599273209987	-0.11778365936820177
-8199451301073302e-20	-5.833579422927207	-0.11732513167964582
-8162975970650403e-20	-5.848559350969841	-0.11686459488810355
-812672719078273e-19	-5.863539052830099	-0.11640200190139946
-8090703165026733e-20	-5.878518523871264	-0.1159373045171467
-8054902099796125e-20	-5.89349775932293	-0.11547045338066458
-8019322224330806e-20	-5.908476754276098	-0.11500139794079642
-7983961776633804e-20	-5.92345550367788	-0.11453008640414362
-7948819023057344e-20	-5.938434002326107	-0.11405646568722562
-7913892220438173e-20	-5.953412244863569	-0.1135804813653437
-7879179662266013e-20	-5.968390225772035	-0.11310207761936816
-7844679644219109e-20	-5.983367939365904	-0.11262119718046369
-7810390483719253e-20	-5.998345379785617	-0.11213778127136587
-7776310510545885e-20	-6.013322540990668	-0.11165176954493412
-7742438073853573e-20	-6.0282994167522945	-0.1111631000194169
-7708771532139412e-20	-6.043276000645744	-0.1106717090100433
-7675309265797042e-20	-6.058252286042199	-0.11017753105719344
-7642049677164357e-20	-6.073228266100205	-0.1096804988511472
-7608991177803989e-20	-6.088203933756641	-0.10918054315195341
-7576132195898609e-20	-6.103179281717271	-0.10867759270460864
-7543471190408872e-20	-6.118154302446657	-0.1081715741502485
-7511006620883331e-20	-6.1331289881575906	-0.1076624119316113
-7478736980429113e-20	-6.148103330799883	-0.10715002819281268
-7446660762379896e-20	-6.163077322048508	-0.1066343426732631
-7414776500402377e-20	-6.1780509532910575	-0.10611527259538305
-7383082722149832e-20	-6.1930242156144475	-0.1055927325449677
-7351577982958601e-20	-6.207997099790816	-0.10506663434378774
-7320260863420344e-20	-6.222969596262533	-0.10453688691492827
-7289129931613292e-20	-6.237941695126334	-0.10400339613819916
-725818380742007e-19	-6.252913386116382	-0.10346606469670241
-7227421090527653e-20	-6.267884658586278	-0.10292479191287611
-7196840415505355e-20	-6.282855501489868	-0.10237947357289673
-7166440430792648e-20	-6.297825903360794	-0.1018300017396384
-7136219773325528e-20	-6.312795852290634	-0.10127626455111914
-7106177128324807e-20	-6.32776533590554	-0.10071814600524344
-7076311160791882e-20	-6.342734341341251	-0.10015552572828651
-7046620552899306e-20	-6.357702855216254	-0.09958827872516458
-7017104022898069e-20	-6.372670863603065	-0.09901627511185908
-6987760254661274e-20	-6.38763835199728	-0.09843937982542345
-6958587984316755e-20	-6.402605305284314	-0.09785745231081117
-6929585922147569e-20	-6.417571707703532	-0.09727034618224245
-6900752817073225e-20	-6.432537542809514	-0.0966779088555672
-6872087400271176e-20	-6.447502793430152	-0.09607998114892928
-6843588438934338e-20	-6.462467441621268	-0.0954763968479343
-6815254682533516e-20	-6.477431468617295	-0.09486698223100606
-6787084900315536e-20	-6.492394854777632	-0.09425155555013391
-6759077881503261e-20	-6.507357579528187	-0.0936299264623968
-6731232394484137e-20	-6.522319621297425	-0.093001895404473
-6703547257233371e-20	-6.537280957446324	-0.09236725290388921
-6676021253196156e-20	-6.5522415641914336	-0.09172577881764113
-6648653199724588e-20	-6.567201416520069	-0.09107724148813642
-6621441924413961e-20	-6.582160488096639	-0.09042139680559974
-6594386254489375e-20	-6.597118751158738	-0.08975798716127006
-6567485022279662e-20	-6.612076176401565	-0.08908674027499273
-65407370784476e-18	-6.627032732848819	-0.08840736787778644
-6514141289534585e-20	-6.641988387707922	-0.08771956422464545
-6487696507277707e-20	-6.656943106206922	-0.08702300440727648
-6461401617403884e-20	-6.671896851409872	-0.08631734243150627
-6435255504956897e-20	-6.686849584006766	-0.08560220901466278
-6409257060728188e-20	-6.7018012620731335	-0.08487720904671929
-6383405191078516e-20	-6.716751840793131	-0.08414191864612659
-6357698821076417e-20	-6.731701272138474	-0.08339588172168338
-6332136856934678e-20	-6.746649504493188	-0.08263860592623719
-6306718248887469e-20	-6.761596482211424	-0.08186955785534357
-6281441940906435e-20	-6.776542145091411	-0.08108815729620106
-6256306884183313e-20	-6.791486427743004	-0.08029377026624863
-6231312046232375e-20	-6.806429258818335	-0.07948570048848608
-6206456396457873e-20	-6.821370560063283	-0.0786631788135283
-618173893058363e-19	-6.836310245130151	-0.07782534989522001
-6157158638638374e-20	-6.851248218065228	-0.07697125511483867
-613271452175549e-19	-6.866184371342894	-0.0760998102566918
-6108405607301026e-20	-6.881118583249245	-0.07520977563207204
-6084230899277253e-20	-6.896050714301096	-0.07429971497314085
-606018945430338e-19	-6.910980602177132	-0.07336793695906725
-6036280295863665e-20	-6.9259080542424565	-0.07241240857775152
-60125024929198745e-21	-6.94083283594762	-0.07143062009381781
-5988855090003145e-20	-6.955754651634856	-0.07041936077372976
-5965337173521011e-20	-6.970673110169903	-0.06937431600284139
-5941947813539045e-20	-6.985587658450801	-0.06828928563208339
-59186860927828294e-21	-7.000497471828163	-0.06715488935359118
