#y=-1.4142135623730951 
#strength 	x-position 	z-position 
0.017042604934988142	-5.499740918411703	-3859689723458018e-30
0.01684491310913085	-5.498705129044586	-19290746474464292e-30
0.016443268999102707	-5.496635697141985	-5012204342302007e-29
0.015832086402083202	-5.493536911917535	-9628534121516967e-29
0.0150315282106653	-5.4894151960768225	-1576936281414039e-28
0.014115644384708616	-5.484279092505339	-2342091437858352e-28
0.01318664652303866	-5.478139246562048	-32568126184004326e-29
0.01228200157795525	-5.471008384015264	-43191668130856563e-29
0.011320259390211753	-5.462901284666549	-5526890162642837e-28
0.010177819852160177	-5.453834751717302	-6877571721484294e-28
0.008799811479011198	-5.443827576941585	-8368244593925759e-28
0.007191797581702548	-5.432900501737285	-999651447044999e-27
0.00534238322471278	-5.421076174136397	-1175813033604293e-27
0.003237423752990559	-5.408379101863519	-13649576603647154e-28
0.0009488134770554742	-5.394835601539864	-15667430212361713e-28
-0.00134548343965192	-5.380473744138041	-1780733785036817e-27
-0.0034254968375882658	-5.365323296800662	-20064080308327015e-28
-0.005103959027369843	-5.349415661143402	-22433026161079815e-28
-0.006306886395225654	-5.332783808170362	-24911343976169628e-28
-0.007122737687783112	-5.315462209936626	-2749245737868804e-27
-0.00771336909384628	-5.297486768099658	-30169901507896074e-28
-0.008168176423427142	-5.278894739507619	-32939308801822962e-28
-0.008531837598622158	-5.2597246589789	-35794906560149643e-28
-0.008930101191813752	-5.240016259432799	-387315118202384e-26
-0.009482745587076602	-5.219810389536965	-41742714692917605e-28
-0.010112009876363508	-5.199148929042331	-4482090653838657e-27
-0.010670628918941927	-5.178074701980911	-47959331865448035e-28
-0.011236785352192377	-5.156631387906462	-5115336723994011e-27
-0.011975221356680325	-5.134863431361939	-54395522550602866e-28
-0.012725129594430106	-5.112815949761389	-5767899769089241e-27
-0.01314968541097889	-5.090534639877228	-6100183877726968e-27
-0.013350621723157895	-5.06806568312669	-6435022323429443e-27
-0.013815474389027771	-5.045455649853793	-6771887823417532e-27
-0.014559066739016482	-5.022751402805203	-7110227538017011e-27
-0.014858063338470734	-5.000000000000012	-7448918878924831e-27
-0.014199581128263201	-4.9772485971948175	-7787747291344393e-27
-0.013054846738672486	-4.954544350146223	-8126047618035465e-27
-0.012289854077252608	-4.931934316873329	-8463127169177337e-27
-0.012152203373656146	-4.909465360122786	-8797994227789987e-27
-0.012270048993986876	-4.887184050238619	-9129717370886711e-27
-0.012358845180654401	-4.865136568638075	-9458190246201773e-27
-0.0124476513072662	-4.843368612093557	-97826493855411e-25
-0.012568314779430807	-4.821925298019109	-10101892651470005e-27
-0.012662370240530636	-4.8008510709576875	-10415807393160119e-27
-0.012751362908607958	-4.780189610463051	-1072411793240635e-26
-0.012884565716081958	-4.7599837405672165	-11025234102217424e-27
-0.012955942083558707	-4.7402753410211105	-11318240725990824e-27
-0.012810566157503651	-4.721105260492395	-1160380578729965e-26
-0.012482794478655912	-4.7025132319003635	-118813517577203e-25
-0.012137993302302284	-4.6845377900633896	-12148708599748378e-27
-0.011835268684640542	-4.667216191829651	-12406614834808606e-27
-0.01150415238140934	-4.650584338856618	-12654143359663869e-27
-0.011093351512676463	-4.63467670319936	-12890814239674697e-27
-0.01060586105056676	-4.619526255861979	-1311676247590441e-26
-0.010037222851908903	-4.605164398460155	-13330951288902413e-27
-0.009386167286497937	-4.591620898136499	-1353290692227771e-26
-0.008688898810476365	-4.5789238258636225	-13721799272936051e-27
-0.00797510517500027	-4.567099498262733	-1389784424402848e-26
-0.007229203713898111	-4.556172423058434	-14060593041127634e-27
-0.006430622435561918	-4.546165248282723	-14209780535192753e-27
-0.005581684281830761	-4.537098715333475	-14344496884854299e-27
-0.0046759143065296365	-4.528991615984757	-14465503207302872e-27
-0.003700917069416611	-4.521860753437976	-14571916269460097e-27
-0.0026989581871573014	-4.515720907494686	-14663413887183205e-27
-0.001777373316051597	-4.510584803923198	-14740708457605046e-27
-0.00103653599222639	-4.506463088082486	-14801526146013578e-27
-0.0005123800944395146	-4.503364302858042	-14847128577491012e-27
-0.00018888155411399415	-4.501294870955442	-14878377286571642e-27
-3670433596383406e-20	-4.500259081588322	-14893635160601757e-27
