#y=-1.2246467991473532e-16 
#strength 	x-position 	z-position 
0.0022737130818520864	-5.499740918411703	-3859689723458018e-30
0.0022744857904850643	-5.498705129044586	-19290746474464292e-30
0.0022760096450877023	-5.496635697141985	-5012204342302007e-29
0.002278268812321727	-5.493536911917535	-9628534121516967e-29
0.0022812214890797853	-5.4894151960768225	-1576936281414039e-28
0.0022847776342462276	-5.484279092505339	-2342091437858352e-28
0.0022888619766196503	-5.478139246562048	-32568126184004326e-29
0.002293426761380866	-5.471008384015264	-43191668130856563e-29
0.0022983591037148924	-5.462901284666549	-5526890162642837e-28
0.002303483017869451	-5.453834751717302	-6877571721484294e-28
0.0023086805911032545	-5.443827576941585	-8368244593925759e-28
0.0023138715294727303	-5.432900501737285	-999651447044999e-27
0.0023188667443074093	-5.421076174136397	-1175813033604293e-27
0.002323412469078149	-5.408379101863519	-13649576603647154e-28
0.0023273602493306027	-5.394835601539864	-15667430212361713e-28
0.0023305966739067263	-5.380473744138041	-1780733785036817e-27
0.0023328546008822876	-5.365323296800662	-20064080308327015e-28
0.0023338146100683587	-5.349415661143402	-22433026161079815e-28
0.0023333105912654722	-5.332783808170362	-24911343976169628e-28
0.002331196033838887	-5.315462209936626	-2749245737868804e-27
0.002327127738927152	-5.297486768099658	-30169901507896074e-28
0.0023207364846299307	-5.278894739507619	-32939308801822962e-28
0.0023118520265996653	-5.2597246589789	-35794906560149643e-28
0.002300295987694505	-5.240016259432799	-387315118202384e-26
0.0022856553596144018	-5.219810389536965	-41742714692917605e-28
0.0022675304012028307	-5.199148929042331	-4482090653838657e-27
0.002245761001344072	-5.178074701980911	-47959331865448035e-28
0.0022201402518885836	-5.156631387906462	-5115336723994011e-27
0.0021901964624432397	-5.134863431361939	-54395522550602866e-28
0.002155522455509784	-5.112815949761389	-5767899769089241e-27
0.002115984657712035	-5.090534639877228	-6100183877726968e-27
0.002071355567721882	-5.06806568312669	-6435022323429443e-27
0.0020211235918343416	-5.045455649853793	-6771887823417532e-27
0.001964904761998791	-5.022751402805203	-7110227538017011e-27
0.0019026168384303657	-5.000000000000012	-7448918878924831e-27
0.0018340329557985108	-4.9772485971948175	-7787747291344393e-27
0.001758638967542812	-4.954544350146223	-8126047618035465e-27
0.0016761273212985855	-4.931934316873329	-8463127169177337e-27
0.0015865212442659283	-4.909465360122786	-8797994227789987e-27
0.0014896559799527256	-4.887184050238619	-9129717370886711e-27
0.0013851047928381038	-4.865136568638075	-9458190246201773e-27
0.0012727569777057153	-4.843368612093557	-97826493855411e-25
0.001152882213560728	-4.821925298019109	-10101892651470005e-27
0.001025550017035174	-4.8008510709576875	-10415807393160119e-27
0.0008906497452262861	-4.780189610463051	-1072411793240635e-26
0.0007485619457164072	-4.7599837405672165	-11025234102217424e-27
0.0006001584026611425	-4.7402753410211105	-11318240725990824e-27
0.00044617141665597744	-4.721105260492395	-1160380578729965e-26
0.00028733815137733487	-4.7025132319003635	-118813517577203e-25
0.0001251815059969474	-4.6845377900633896	-12148708599748378e-27
-3806875916664856e-20	-4.667216191829651	-12406614834808606e-27
-0.00020017122716484476	-4.650584338856618	-12654143359663869e-27
-0.00035859389957728835	-4.63467670319936	-12890814239674697e-27
-0.0005096432366386805	-4.619526255861979	-1311676247590441e-26
-0.0006487405985081201	-4.605164398460155	-13330951288902413e-27
-0.0007713465759924699	-4.591620898136499	-1353290692227771e-26
-0.000872664759563547	-4.5789238258636225	-13721799272936051e-27
-0.0009468628428616946	-4.567099498262733	-1389784424402848e-26
-0.00098795850844605	-4.556172423058434	-14060593041127634e-27
-0.000991333913104074	-4.546165248282723	-14209780535192753e-27
-0.0009533145037988994	-4.537098715333475	-14344496884854299e-27
-0.0008706459537122078	-4.528991615984757	-14465503207302872e-27
-0.0007442385710280402	-4.521860753437976	-14571916269460097e-27
-0.0005853699865980249	-4.515720907494686	-14663413887183205e-27
-0.0004161597511810644	-4.510584803923198	-14740708457605046e-27
-0.0002611479584441181	-4.506463088082486	-14801526146013578e-27
-0.0001376091843667078	-4.503364302858042	-14847128577491012e-27
-5330922784314988e-20	-4.501294870955442	-14878377286571642e-27
-10715707127658405e-21	-4.500259081588322	-14893635160601757e-27
