#y=-1.9753766811902755 
#strength 	x-position 	z-position 
0.023157811343863514	-5.499740918411703	-3859689723458018e-30
0.022964555023191217	-5.498705129044586	-19290746474464292e-30
0.02257483911246046	-5.496635697141985	-5012204342302007e-29
0.021982095355191685	-5.493536911917535	-9628534121516967e-29
0.021206937864691532	-5.4894151960768225	-1576936281414039e-28
0.020325985195968368	-5.484279092505339	-2342091437858352e-28
0.019428749744321183	-5.478139246562048	-32568126184004326e-29
0.01852708383626646	-5.471008384015264	-43191668130856563e-29
0.01752888427956592	-5.462901284666549	-5526890162642837e-28
0.016310665774017	-5.453834751717302	-6877571721484294e-28
0.014793777292369973	-5.443827576941585	-8368244593925759e-28
0.012944456072039454	-5.432900501737285	-999651447044999e-27
0.010741530711679595	-5.421076174136397	-1175813033604293e-27
0.008198015803963376	-5.408379101863519	-13649576603647154e-28
0.00543729568189244	-5.394835601539864	-15667430212361713e-28
0.002733137515906299	-5.380473744138041	-1780733785036817e-27
0.0004294129125587628	-5.365323296800662	-20064080308327015e-28
-0.0012398367821457987	-5.349415661143402	-22433026161079815e-28
-0.0022917634715899186	-5.332783808170362	-24911343976169628e-28
-0.0029603220887445816	-5.315462209936626	-2749245737868804e-27
-0.0035110609211658843	-5.297486768099658	-30169901507896074e-28
-0.0040855646213147235	-5.278894739507619	-32939308801822962e-28
-0.00470257468080217	-5.2597246589789	-35794906560149643e-28
-0.005349093712509448	-5.240016259432799	-387315118202384e-26
-0.006024938422483407	-5.219810389536965	-41742714692917605e-28
-0.006722056800432898	-5.199148929042331	-4482090653838657e-27
-0.007414484205955508	-5.178074701980911	-47959331865448035e-28
-0.008081808726451999	-5.156631387906462	-5115336723994011e-27
-0.008720339890632074	-5.134863431361939	-54395522550602866e-28
-0.009327881233115492	-5.112815949761389	-5767899769089241e-27
-0.009895503175182844	-5.090534639877228	-6100183877726968e-27
-0.010415118043782748	-5.06806568312669	-6435022323429443e-27
-0.010880487559310955	-5.045455649853793	-6771887823417532e-27
-0.011283059030269953	-5.022751402805203	-7110227538017011e-27
-0.011620901080384835	-5.000000000000012	-7448918878924831e-27
-0.01190826897920023	-4.9772485971948175	-7787747291344393e-27
-0.012163623905826421	-4.954544350146223	-8126047618035465e-27
-0.012394605456868773	-4.931934316873329	-8463127169177337e-27
-0.012608879003682169	-4.909465360122786	-8797994227789987e-27
-0.012830148294789059	-4.887184050238619	-9129717370886711e-27
-0.013080166840451362	-4.865136568638075	-9458190246201773e-27
-0.013342459367209727	-4.843368612093557	-97826493855411e-25
-0.01355935578569901	-4.821925298019109	-10101892651470005e-27
-0.013669077296361113	-4.8008510709576875	-10415807393160119e-27
-0.0136393620825828	-4.780189610463051	-1072411793240635e-26
-0.013471639313332801	-4.7599837405672165	-11025234102217424e-27
-0.013189732287244448	-4.7402753410211105	-11318240725990824e-27
-0.012827419037132949	-4.721105260492395	-1160380578729965e-26
-0.012414085151292767	-4.7025132319003635	-118813517577203e-25
-0.011964564485406691	-4.6845377900633896	-12148708599748378e-27
-0.011483553627985886	-4.667216191829651	-12406614834808606e-27
-0.010975835875770503	-4.650584338856618	-12654143359663869e-27
-0.010445710088691721	-4.63467670319936	-12890814239674697e-27
-0.009890733959408215	-4.619526255861979	-1311676247590441e-26
-0.009305349173581756	-4.605164398460155	-13330951288902413e-27
-0.00868889675312758	-4.591620898136499	-1353290692227771e-26
-0.00804242454447897	-4.5789238258636225	-13721799272936051e-27
-0.007360936231416962	-4.567099498262733	-1389784424402848e-26
-0.006637747471949688	-4.556172423058434	-14060593041127634e-27
-0.0058725386041634615	-4.546165248282723	-14209780535192753e-27
-0.005064227335579876	-4.537098715333475	-14344496884854299e-27
-0.004202193682807644	-4.528991615984757	-14465503207302872e-27
-0.00328644643636202	-4.521860753437976	-14571916269460097e-27
-0.0023642725022491196	-4.515720907494686	-14663413887183205e-27
-0.0015301078713858775	-4.510584803923198	-14740708457605046e-27
-0.0008724258944878913	-4.506463088082486	-14801526146013578e-27
-0.00042172968168830365	-4.503364302858042	-14847128577491012e-27
-0.00015340537739495054	-4.501294870955442	-14878377286571642e-27
-29729064344759622e-21	-4.500259081588322	-14893635160601757e-27
