#y=-1.4142135623730951 
#Fourier coeffs at root (0-n) 	d/dt (Fourier coeffs at root) 
0.18769482015998878	0.8495610641638656
-0.585352329284173	-1.2957315670414804
-0.046739754490804655	-0.733066823416199
-0.1184725740716129	0.053430924799221145
0.03760927582495929	0
-0.007582260474314405	0
0.015624790123511662	0
0.006100232842057946	0
-0.0002636287270608229	0
-0.0176276203532391	0
-0.01971688001622202	0
-0.0009602113717469115	0
-0.0021427654981404794	0
0.003221762615196387	0
0.0011786214609829234	0
0.008549598159954165	0
0.00022130887739278132	0
0.000612702394811136	0
-0.0007998265759043824	0
0.0031576672001696537	0
0.0008604752653836935	0
-0.001449651692185498	0
0.0012016062724345754	0
0.0027237689537894976	0
-0.0004568773386655777	0
-0.0021408869108215465	0
0.000651603658853766	0
0.0006417735780916243	0
-0.000761849357605994	0
-0.0019612494514833823	0
47352851980052205e-21	0
0.0012420549052040387	0
6195402803082282e-20	0
-0.0013113128285836722	0
-963757696314072e-19	0
0.0008182865993962342	0
