#y=-1.9753766811902755 
#Fourier coeffs at root (0-n) 	d/dt (Fourier coeffs at root) 
0.25484381919409665	0.7054373539245281
-0.6146873825159496	-1.284996922151797
-0.04424513495913102	-0.5589754300708119
-0.10609287380631634	-0.11207434270094445
0.022893133766094927	0
0.009520279582791641	0
0.029601436582016687	0
0.005962289664298524	0
-0.00254740416771537	0
-0.01190351558588042	0
-0.022028886692160753	0
-0.007829020863491139	0
-0.006924670353715419	0
0.004674377337046762	0
0.0030480538401666496	0
0.008551251020830484	0
0.0016074065191576431	0
0.002356049504374529	0
-0.0009301894433780177	0
1633132734065559e-20	0
-0.0003783867193481945	0
0.0009955543499060244	0
0.0012343149457088793	0
0.0007273218058149245	0
0.0007378453839410997	0
-0.00032846942577761744	0
-0.0003418907053112049	0
-0.0008976375455437905	0
-0.0002631995160674718	0
-0.00045859908680663953	0
-4169197617625071e-20	0
-0.0001726238996989948	0
-3027733161782031e-20	0
-0.00014085308306196893	0
-0.00010170864850366557	0
-1785613540637716e-20	0
