#y=-1.2246467991473532e-16 
#Fourier coeffs at root (0-n) 	d/dt (Fourier coeffs at root) 
0.024967063183234092	0.0022334195588761636
0.004005910301974627	0.13209624584099428
0.020422217532322953	-0.20727390237953633
-0.019785767623366732	0.2022220059215101
0.014524855471043001	0
-0.009462061590951497	0
0.005665222746093006	0
-0.0031111549965489177	0
0.0015024770311838072	0
-0.000540751725891444	0
-23698195421668906e-22	0
0.0002838570280860349	0
-0.0004061287228531963	0
0.00043429530868267866	0
-0.00040927536816816074	0
0.00035668086562024476	0
-0.00029249379766638163	0
0.00022658575727564113	0
-0.0001648794152480725	0
0.0001106889088803287	0
-6557513002079836e-20	0
29915642824868064e-21	0
-33032240293732343e-22	0
-15163896319186612e-21	0
26665679305536538e-21	0
-3249866712293055e-20	0
3395765019169817e-20	0
-32252764863473876e-21	0
28455808913191565e-21	0
-23470330711719532e-21	0
18020517536642167e-21	0
-12654333041941846e-21	0
7756824321755806e-21	0
-357004794471914e-20	0
21663201103333754e-23	0
2275431498253673e-21	0
