#y=-1.4142135623730951 
#strength 	x-position 	z-position 
0.01	-3.078770730296326	-0.9800188752491882
0.01	-3.154372734437747	-1.110553427809426
0.01	-3.1417656066657864	-1.1248743969392294
0.01	-3.144871863531033	-1.1084504956945151
0.01	-3.0274397201899856	-1.0829453243525038
0.01	-2.992486063961394	-1.0459469170264275
0.01	-3.123095854261941	-1.04129594452494
0.01	-3.2138074821125233	-1.0745347521673507
0.01	-3.2052252221396405	-1.0713407833611353
0.01	-3.1281114614184973	-1.2548172922546157
0.01	-3.080846447834793	-0.9886313360612057
0.01	-3.1396451095928084	-1.0250400369154349
0.01	-3.1039659597741913	-1.0022946890818638
0.01	-3.1021153372073393	-1.1359245944994365
0.01	-2.961242973282164	-1.0538071558398756
0.01	-3.032266179932794	-1.1055254775794756
0.01	-3.0378059544939724	-1.0641948467237552
0.01	-2.8384145943813994	-0.5542502185549578
0.01	-2.8914219813990836	-0.35809085775751925
0.01	-2.7964306372378083	-0.37521745947534524
0.01	-2.550247826154223	-1.0269627834508868
0.01	-3.021066321241839	-0.9745063570173603
0.01	-3.126747750280696	-1.0553050368324728
0.01	-3.0231799067492537	-1.0462242217633047
0.01	-3.054582112479446	-1.0299763874558687
0.01	-3.119536009746507	-0.9721000365348471
0.01	-3.2108197747416094	-1.172873696224427
0.01	-3.2328977544806476	-1.3687189390740158
0.01	-3.243195355971676	-1.246158704188509
0.01	-3.2315310188063715	-1.317106099516448
0.01	-3.162738973545951	-1.2412558967182958
0.01	-2.702230776415994	-1.0356414062246453
0.01	-2.716654206801331	-1.0082818939608293
0.01	-2.6927671740126318	-1.1537154939845051
0.01	-2.7092518462300017	-1.067185206215802
0.01	-3.1253503187980765	-1.2845893825953862
0.01	-3.100759954086553	-1.0944497422717339
0.01	-3.096770219959859	-1.1441273021603344
0.01	-2.876290984950891	-0.9482959772279755
0.01	-2.9437286444943824	-1.0570046754963596
0.01	-3.0813324765018733	-1.0470468564617004
0.01	-2.5377528891561223	-0.8736155535193617
0.01	-2.822640806202154	-0.3665795477240329
0.01	-2.7611832808741097	-0.39514874696280544
0.01	-3.067951412501788	-1.075960304465171
0.01	-3.0130150955208883	-0.506233954445592
0.01	-3.0209787022655687	-1.0219175464571735
0.01	-3.223088448975369	-1.2016584443300626
0.01	-3.1940614129577924	-1.086261672654752
0.01	-2.8331815057119343	-1.0669887683300192
0.01	-3.0848840752510918	-1.0592298309573571
0.01	-2.784901390239777	-0.3503587071805733
0.01	-3.1914249923978693	-1.1612406916823936
0.01	-3.178636685636206	-1.1117533570313298
0.01	-3.1835289988371813	-1.255433019078173
0.01	-3.0180583386299777	-1.0068862675437742
0.01	-3.18711064047518	-1.0651255526744743
0.01	-3.040574475534725	-0.9634982372999736
0.01	-3.0622024811458926	-1.0030520807757832
0.01	-2.977110784849632	-0.917089736880426
0.01	-2.9790466384717122	-1.02237601868429
0.01	-3.09567879962477	-1.018977961084378
0.01	-2.9745483999597053	-1.0031141383775122
0.01	-2.642371007666096	-1.1814212498316081
0.01	-2.7026624627398785	-0.9942062593759697
0.01	-2.7823962892667273	-1.1568583796790974
0.01	-2.7265687724879553	-1.1530970417376338
0.01	-2.760493596463068	-1.1809043565239328
0.01	-2.765156654966919	-0.9692370539927258
0.01	-3.1545020789296974	-1.2199372324309141
0.01	-3.1790947624029644	-1.1396204933232752
0.01	-3.1779643959115274	-1.189137299557026
0.01	-2.762858649324788	-0.942980561770045
0.01	-2.6341369427824546	-0.9379192784174386
0.01	-2.6535353634493237	-0.9728046329652688
0.01	-2.6635058273427523	-0.9560455413262801
0.01	-2.653647627223955	-0.9516900327541981
0.01	-2.6368841489330896	-0.9183483523957523
0.01	-2.672497995657654	-1.0121554538781117
0.01	-2.7539766652244677	-0.903480736161456
0.01	-2.7448131707832366	-0.9541125303109186
0.01	-2.7427272863953323	-0.9395475246483048
0.01	-2.736941093183729	-0.9201855915887751
0.01	-2.7699892919238773	-0.891333737818681
0.01	-2.7370708656455927	-0.855062842307572
0.01	-2.8604959024560594	-0.9845686387916638
0.01	-2.8368842233124187	-0.8724137414584888
0.01	-2.8949735512833428	-0.952644087339979
0.01	-2.8112765290446515	-0.8555561544474801
0.01	-2.9275366716351066	-0.9576557306155703
0.01	-2.9077422500127805	-0.9444581760416504
0.01	-2.7953849284213255	-0.8668901672540763
0.01	-2.8231519200373407	-0.8527711280284272
0.01	-2.8535583758196656	-0.8868572760278846
0.01	-3.0998133351786477	-1.1172841604781463
0.01	-2.9279158471735434	-0.8942465660967894
0.01	-2.956551039011893	-0.9104101934954612
0.01	-2.9319975289742213	-0.8477848610880728
0.01	-2.989566240730825	-0.8309356722023633
0.01	-2.9252420835091346	-0.9036158582535319
0.01	-2.9245338721551604	-0.8687383464671568
0.01	-3.0480878217497143	-1.1063254461163363
0.01	-2.9433922080972925	-0.9207262966133556
0.01	-3.064798602993578	-0.9001939920070097
0.01	-2.992086378392749	-0.8873462868069933
0.01	-3.0239559063349213	-0.9214116886358404
0.01	-3.1012993106600217	-0.9322216247590579
0.01	-3.16509451847137	-0.9796584035907319
0.01	-3.21756808813394	-1.0535348731601695
0.01	-2.8045638351163666	-1.1040229829025128
0.01	-2.868463597308226	-1.0704122057148728
0.01	-2.8399277293035046	-1.1308902119673752
0.01	-2.763731806578659	-1.0597555215123926
0.01	-2.8018755888625226	-1.1199091455092345
0.01	-2.6512721472391	-1.087185927953898
0.01	-2.9203423883494652	-1.1010306526444131
0.01	-2.850401430014421	-1.077684516938134
0.01	-2.890810321069748	-1.131257231553992
0.01	-2.8990169251116886	-1.1462360948924735
0.01	-2.905566764367313	-1.1552097943395276
0.01	-2.8779283038452745	-1.1023206728515786
0.01	-2.7528233197664687	-1.0985056078675737
0.01	-2.8369403144459198	-1.052724855805878
0.01	-2.890197408266526	-1.07500216293517
0.01	-2.787622201952723	-1.0838987577510661
0.01	-2.7153190340610363	-1.1295299795365843
0.01	-2.7710813773302823	-1.1242852483178065
0.01	-2.7382254990416617	-1.0929662821536952
0.01	-2.749771152689815	-1.0241764078641233
0.01	-2.7606085321318217	-1.0142645154814902
0.01	-2.8235882306971902	-1.008541592526002
0.01	-2.8667436680060185	-1.0418430397477711
0.01	-2.6749801726103426	-1.179359133731708
0.01	-2.8254162335142166	-1.114318647666558
0.01	-2.7995803051455566	-1.0909652182583576
0.01	-2.7692362549933986	-1.080659639103513
0.01	-2.7942563201474777	-1.0516340017264862
0.01	-2.8043613019711966	-1.034199117933336
0.01	-2.8153305501408425	-1.0238676485554536
0.01	-2.7756043761314766	-1.1495754316305695
0.01	-2.9631717883363256	-1.0918667765226164
0.01	-2.605381070703677	-1.1875557127076122
0.01	-2.6338573688952276	-0.7035447540915407
0.01	-2.776325743342237	-0.4538808433927558
0.01	-2.865059097321533	-0.45199670024586336
0.01	-2.974879269356287	-0.3650941687420016
0.01	-2.9157546174273565	-0.38045939763610565
0.01	-2.9191237221313786	-0.3670081384104113
0.01	-2.9422462146595882	-0.36790822424431435
0.01	-2.9339883758160252	-0.38111802788293964
0.01	-2.9731685377234722	-0.3616268793247742
0.01	-2.949278602549092	-0.3849562984278519
0.01	-2.844357418227065	-0.4479405362996428
0.01	-2.857252307890099	-0.4267678980986194
0.01	-2.827286942227569	-0.4598501653232302
0.01	-2.7760666831307566	-0.49191357764792837
0.01	-2.900556564653236	-0.42674085574369464
0.01	-2.8610928661842947	-0.4060418074809832
0.01	-2.895962364277205	-0.44872888325898697
0.01	-2.887793030339108	-0.41855335689162926
0.01	-2.880033141626708	-0.40134539435061645
0.01	-2.810939525057232	-0.4832084342571017
0.01	-2.8046046177686312	-0.4278103705805103
0.01	-2.8727799585016194	-0.41948422905920923
0.01	-2.814534324306995	-0.4422980172702417
0.01	-2.902344336320108	-0.1442873622771118
0.01	-2.9212862205354067	-0.11540604036024668
0.01	-2.8991115267852674	-0.07047747128282847
0.01	-2.9234063000072803	-0.09436280526209474
0.01	-2.936109804980907	-0.08930128720405046
0.01	-2.9558548835017353	-0.07997774477025674
0.01	-2.9369316393680447	-0.10874505946904517
0.01	-2.900626923725252	-0.1441354715427371
0.01	-2.8901807490725306	-0.09694338906443667
0.01	-2.9454572217058446	-0.14021051127548745
0.01	-2.939454914074878	-0.1254880752966472
0.01	-3.032414691600655	0.14324512675589107
0.01	-3.0533015335874123	0.1406540142078175
0.01	-3.052195561080051	0.14521562017631645
0.01	-3.0231999834565455	0.14521441616983827
0.01	-3.4461739813021355	-0.05438114739748873
0.01	-3.5321344892941555	0.23808299525495058
0.01	-3.53439518887977	0.24561708568538207
0.01	-3.540110774089977	0.2495237950851366
0.01	-3.3391846438973825	0.18504962460938398
0.01	-3.284723311561128	0.2124103605078786
0.01	-3.193225180665124	0.10918861033397384
0.01	-3.4511506632242255	-0.21168995145648517
0.01	-3.2159156001243225	0.022953860784971056
0.01	-3.2611387994246632	-0.05012837441583221
0.01	-3.2670950923414894	-0.029656575848495986
0.01	-3.273751573609226	0.0013860018236049152
0.01	-3.3068746381557843	0.20261890053536744
0.01	-3.3838904287321165	0.20222315205051655
0.01	-3.5381880156503316	0.2684687290226138
0.01	-3.349443453223822	0.2250028432337892
0.01	-3.320960753592325	0.21323158623469196
0.01	-3.372004868036853	0.21054191098679517
0.01	-3.5200279064877686	0.2171248315258126
0.01	-3.522856697953866	0.21545305730956243
0.01	-3.321501813091738	0.20623283390239827
0.01	-3.5334202270731354	0.18804314920151927
0.01	-3.527789708051937	0.25809459169947185
0.01	-3.2956504322635864	0.13669478786331107
0.01	-3.354918955591687	0.19050145262891383
0.01	-3.2601126018468376	-0.021957971756358614
0.01	-3.2684224175281753	-0.1226705656349492
0.01	-3.3125491946386627	0.1489996690825836
0.01	-3.456829216740072	0.11414724397898725
0.01	-3.2232083349420413	0.056443072510316654
0.01	-3.217998810888619	0.04933415882302606
0.01	-3.351013948567776	0.16128191813101386
0.01	-3.281088064832074	0.11426504082333366
0.01	-3.2443151032373687	0.0969626530201162
0.01	-3.4468913996818085	-0.19007316018852113
0.01	-3.3588105022655568	0.15754777969541728
0.01	-3.548162895949448	0.08804139951071341
0.01	-3.5607896699350357	0.2771332003060683
0.01	-3.254726698600204	0.11914856212089842
0.01	-3.2639038192630756	-0.09941803428131582
0.01	-3.271553526670719	-0.08479527330621059
0.01	-3.252176827196179	-0.12817078796152415
0.01	-3.274451003254476	-0.10318895057941496
0.01	-3.263970756585041	-0.12688262424718466
0.01	-3.2702422446317407	-0.1445113857745157
0.01	-3.8894867216187947	-0.17443500660427472
0.01	-3.2231449591212207	-0.004778972536532349
0.01	-3.398253308249056	-0.20134241762902833
0.01	-3.39423629003763	-0.17000109547395073
0.01	-3.3727098719936905	-0.18517520754625602
0.01	-3.4188723655385984	-0.22553091079552312
0.01	-3.402013500677254	-0.20834336195484968
0.01	-3.407890143903247	-0.194488260239867
0.01	-3.370737884522862	-0.21023827471892143
0.01	-3.8693096279756873	-0.17611362507826495
0.01	-3.918347765397151	-0.2215104156833922
0.01	-3.382461204794291	-0.21284727860512023
0.01	-3.8764793983715227	-0.2702554142273166
0.01	-3.8310732827474516	-0.2801204949827711
0.01	-3.8516249045087516	-0.14155101444180188
0.01	-3.933096502468754	-0.1420297874395354
0.01	-3.5196104174047504	-0.2697002632695751
0.01	-3.871628417306106	-0.2536561910327978
0.01	-3.8736483862275817	-0.26459055631521494
0.01	-3.8352142090517574	-0.32669967361526436
0.01	-3.3972115022901757	-0.17966421391790205
0.01	-3.7010518488632314	-0.3965252023940341
0.01	-3.7183881080944103	-0.39872296975762206
0.01	-3.7748326785236084	-0.376119988896375
0.01	-3.7111424346866526	-0.40052111339042396
0.01	-3.7550819328796723	-0.3830369509302743
0.01	-3.776339514948096	-0.36826266471409325
0.01	-3.6111307197211024	-0.36758701000130545
0.01	-3.7086595777964493	-0.40998907712453536
0.01	-3.855745909597553	-0.13057106067852015
0.01	-3.9537910839389894	-0.15125242312589463
0.01	-3.4419767334662983	-0.2207553233751183
0.01	-3.523435160098663	-0.24757443212422134
0.01	-3.5719679782497002	-0.34360768350138127
0.01	-3.8353266404318167	-0.3005899950405306
0.01	-3.582379357593755	-0.3358490492746156
0.01	-3.957843665919717	-0.1221477453684801
0.01	-3.7948790540356696	-0.3348019949037616
0.01	-3.7422027626645282	-0.3663082165610791
0.01	-3.8058261623404652	-0.3203359578759519
0.01	-3.796159993503168	-0.3154617291803282
0.01	-3.7954849556545085	-0.30983234406622007
0.01	-3.754628852472644	-0.29832129082135517
0.01	-3.6702627065712354	-0.3883522371244404
0.01	-3.4340948239189757	-0.2339700681249693
0.01	-3.339268960878425	-0.1914302777547101
0.01	-3.57484935673774	-0.3454121666313608
0.01	-3.8502214821469	-0.2411113823736851
0.01	-3.623462120932636	-0.35627437888273344
0.01	-3.7463072515687394	-0.37648604375962835
0.01	-3.5775906505126716	-0.3573904225997605
0.01	-3.841868838085847	-0.23197807170050214
0.01	-3.7940589365826733	-0.23152985698538645
0.01	-3.8278456996124905	-0.22363007722289482
0.01	-3.820111871023898	-0.22392885842059812
0.01	-3.8688240631751007	-0.22628419482430565
0.01	-3.5955714060252992	-0.35826214938121276
0.01	-3.8432548865098157	-0.2761568661893759
0.01	-3.8472747114915133	-0.2044502290090488
0.01	-3.7869299506705096	-0.273931638539589
0.01	-3.7693380427121554	-0.3073750567729377
0.01	-3.7941212854340964	-0.2699421907992251
0.01	-3.8618929934460646	-0.1996238493734307
0.01	-3.7869945967533467	-0.3529598151078326
0.01	-3.832017670170589	-0.3107999479971762
0.01	-3.802874100965701	-0.34268166921447824
0.01	-3.8350589629397613	-0.2544700927725267
0.01	-3.775025062302319	-0.21790539405066828
0.01	-3.898066722355115	-0.19879616354614343
0.01	-3.8959970613694144	-0.11610833190827259
0.01	-3.810472305978469	-0.24032451407348382
0.01	-3.8022208297699787	-0.28495874197799875
0.01	-3.765900915491077	-0.2625508441301891
0.01	-3.7653305092331397	-0.27645051724042946
0.01	-3.764507985005767	-0.33833885922456397
0.01	-3.7661653315928136	-0.3343038243062481
0.01	-3.7636102645251195	-0.32902972963802896
0.01	-3.782753706017693	-0.3205580004295459
0.01	-3.7175501128940924	-0.36882898384292806
0.01	-3.8305307812407787	-0.17273328579626443
0.01	-3.8003673464348617	-0.20651824709517305
0.01	-3.7019558482597934	-0.3844549108488796
0.01	-3.5530294899669643	-0.34341848681080006
0.01	-3.806470745740699	-0.27725984255960334
0.01	-3.8466400508331215	-0.17162196245609598
0.01	-3.7774820655142225	-0.17571777483456522
0.01	-4.157853447420569	-0.20274560225594276
0.01	-4.214157189910731	-0.22187357355808884
0.01	-4.172938203872436	-0.1811010063805186
0.01	-4.222410509543618	-0.19024122574918154
0.01	-4.218520318023629	-0.18399923120898184
0.01	-4.206224534136012	-0.18530509380469184
0.01	-4.196932568849947	-0.19032017196960158
0.01	-4.189563151427652	-0.17979791635694548
0.01	-4.207198989522599	-0.22384007983438078
0.01	-4.167172547083347	-0.20206351084177454
0.01	-4.163861980755371	-0.17362831167769538
0.01	-4.291213772885098	-0.16555121270762385
0.01	-4.266476414271413	-0.18043865653538768
0.01	-4.2452510443374925	-0.19514208319504503
0.01	-4.184280550680073	-0.21327546838181344
0.01	-4.330133284769069	-0.11596943101543239
0.01	-4.338086234942459	-0.11580463760387946
0.01	-4.351276007272274	-0.10760848197938383
0.01	-4.353853898938467	-0.10933610989146378
0.01	-4.270987907244209	-0.10117418017304228
0.01	-4.2470864599902685	-0.12460564182815594
0.01	-4.257011851320845	-0.16045820920170253
0.01	-4.318903973834772	-0.13202993001711033
0.01	-4.322739351784635	-0.12358997735515104
0.01	-4.2857324384083695	-0.12249276492078325
0.01	-4.281171932514511	-0.13188954657979107
0.01	-4.289995240710964	-0.133109416681881
0.01	-4.28645086110344	-0.14129857000663862
0.01	-4.268252037292441	-0.14830071066393113
0.01	-4.374547040253079	-0.1330812537877635
0.01	-4.290471731349602	-0.1519311967399015
0.01	-4.23925987798864	-0.12235292076616987
0.01	-4.507968290851718	-0.1362826489987358
0.01	-4.498502708335329	-0.134245527995628
0.01	-4.497780419409607	-0.14079376607233707
0.01	-4.49073540802231	-0.1413976912858019
0.01	-4.542776202043278	-0.09548502891621612
0.01	-4.480158398865174	-0.10498732011038195
0.01	-4.480106707588212	-0.12365163962685806
0.01	-4.491976733284248	-0.11528356542082341
0.01	-4.497084195772916	-0.10681339943324689
0.01	-4.503176489359668	-0.09966453169589422
0.01	-4.519196420756691	-0.09919984390559737
0.01	-4.463759237613584	-0.13939498686892446
0.01	-4.509402134222259	-0.08446584402619164
0.01	-4.649160271235041	-0.08150765217876638
0.01	-4.609397998299438	-0.09838376838125319
0.01	-4.622870932169565	-0.10026660040093056
0.01	-4.625999837700562	-0.09601024507682471
0.01	-4.624874306701008	-0.09058532031418652
0.01	-4.634664871811301	-0.08874690636642982
0.01	-4.651836326795909	-0.09850999236359621
0.01	-4.60895871042202	-0.11229001839693926
0.01	-4.579924383473211	-0.09811766332753431
0.01	-4.592925199525742	-0.07881647559959166
0.01	-4.664586685865586	-0.07849328212931778
0.01	-4.715734350201232	-0.09648917358877852
0.01	-4.7237129345189945	-0.08884307223595718
0.01	-4.721387259136487	-0.08502274499834944
0.01	-4.718072534206892	-0.08176739651746348
0.01	-4.7173084671051715	-0.0765242510251998
0.01	-4.72504417196526	-0.06938941801628382
0.01	-4.744093935403824	-0.06784291303952693
0.01	-4.763427321572925	-0.071031780322762
0.01	-4.779405866574176	-0.07305251176087729
0.01	-4.793111542061773	-0.07359609484356669
0.01	-4.8058528672817875	-0.07338689449418256
0.01	-4.818202161961817	-0.0727520254900818
0.01	-4.829768665721731	-0.07157326576587038
0.01	-4.840152432127542	-0.06985573128736507
0.01	-4.850005971924416	-0.06803457336823741
0.01	-4.860902483715015	-0.06686314721366175
0.01	-4.874237192206404	-0.06724674984007735
0.01	-4.889612246994409	-0.06905206790389642
0.01	-4.903954217645924	-0.06975475425959193
0.01	-4.914174478325054	-0.0680793048321177
0.01	-4.921337881098586	-0.06549373616712306
0.01	-4.929251188058456	-0.06334239575739815
0.01	-4.942683670442153	-0.06393844025429074
0.01	-4.964869420038489	-0.07036831351032148
0.01	-4.98908832874903	-0.07140702026056477
0.01	-4.997144621190461	-0.06401679698114197
0.01	-4.996134269802722	-0.05972889130376651
0.01	-4.992763799242716	-0.057585137083397034
0.01	-4.9892728439924445	-0.0554410442440914
0.01	-4.987643366682757	-0.05153188073416162
0.01	-4.991648300068043	-0.04512396143656824
0.01	-5.006214650140437	-0.040888517959338455
0.01	-5.025008268204288	-0.04343980491921832
0.01	-5.040250226931591	-0.04587743388286806
0.01	-5.051696282698018	-0.04600280974970105
0.01	-5.060549291948416	-0.04468231182613271
0.01	-5.068221129395768	-0.04278536551787029
0.01	-5.07587651007666	-0.040801831383045294
0.01	-5.084225075776283	-0.03905417932384534
0.01	-5.093402235031351	-0.037707302405013694
0.01	-5.103060965216312	-0.03667722243916984
0.01	-5.112716797555023	-0.03571773176404225
0.01	-5.122074221825535	-0.03464523852763493
0.01	-5.131140928477729	-0.03344095504198112
0.01	-5.1401454213388735	-0.03219685980556694
0.01	-5.149348505712916	-0.031025416506785797
0.01	-5.158852651997824	-0.029985359263762976
0.01	-5.168531209976892	-0.02903004757297135
0.01	-5.178130776373856	-0.028040135156029558
0.01	-5.187461896932535	-0.026921233515303487
0.01	-5.196519250370955	-0.02567002152081532
0.01	-5.205457543440682	-0.024354248509991034
0.01	-5.2144670711956005	-0.023059177513619262
0.01	-5.223644193018656	-0.021842392488425295
0.01	-5.232954084016799	-0.02070319728958036
0.01	-5.242272488742023	-0.019587557360601016
0.01	-5.251465788383654	-0.01843403107939576
0.01	-5.260468064545316	-0.017201532236034454
0.01	-5.269282899881932	-0.01589563500290647
0.01	-5.277968108386394	-0.014534489042067878
0.01	-5.286565468446939	-0.013150811762062571
0.01	-5.295115643292915	-0.011765144526336892
0.01	-5.303620122424996	-0.010380232173869092
0.01	-5.3120742970701995	-0.00900249223775175
0.01	-5.320447922750987	-0.007600440297375093
0.01	-5.328709429359594	-0.006175799331747416
0.01	-5.336843032060861	-0.004692855474105919
0.01	-5.34484991864738	-0.003163608642520836
0.01	-5.3527569740419	-0.001575063208080078
0.01	-5.360605216849106	5291769903450062e-20
0.01	-5.368448188440003	0.0017119038705153376
0.01	-5.376343622124082	0.003382062115359307
0.01	-5.384350246427062	0.005046444922053989
0.01	-5.392528165474341	0.006684856848836126
0.01	-5.4009385624676	0.008276335582332808
0.01	-5.409644335468081	0.009793611876013951
0.01	-5.418708081155949	0.0112059028619707
0.01	-5.428190932709708	0.012474319453720795
0.01	-5.438153506961216	0.01355034511570336
0.01	-5.448660454717666	0.014364447270556044
0.01	-5.459782600810973	0.014798819079191568
0.01	-5.471566323965591	0.014606826103874473
0.01	-5.4837832104181405	0.013180272006089528
0.01	-5.495003277758701	0.009383653660656029
