#y=-1.2246467991473532e-16 
#strength 	x-position 	z-position 
0.01	-3.1637643107762035	-0.8123473853317115
0.01	-3.120900235280679	-0.85178098580308
0.01	-3.3019668384273504	-0.9808454351217004
0.01	-3.1715254014341543	-0.8326369391736448
0.01	-3.1103119287443435	-0.33355694269334896
0.01	-3.1144229053987162	-0.36316567579610953
0.01	-2.910835047112005	-0.180300426364524
0.01	-3.202283888913402	-0.8564086652162579
0.01	-3.2249139435315817	-1.0437073554912275
0.01	-2.93578066322915	-1.1022188778386626
0.01	-2.7018414509225526	-0.7733117430638328
0.01	-2.93976731086721	-1.105473165446683
0.01	-3.1802842424129887	-1.009860209451382
0.01	-3.371467130152042	-1.0859403314702605
0.01	-3.1448177884469346	-0.8517809393082357
0.01	-3.2923613619926897	-0.9437067732625842
0.01	-2.810802640137093	-0.9635490869313389
0.01	-3.048062296148972	-1.018928042435903
0.01	-3.09845555140134	-0.982810234415748
0.01	-3.0761339166871444	-1.0241984439517091
0.01	-3.138976938598125	-0.38968927228806227
0.01	-2.847533621769187	-1.0085597885644126
0.01	-2.833153770201227	-1.0146286190841085
0.01	-2.883249752334826	-1.0689092290775397
0.01	-2.825278079320238	-1.0275618603746195
0.01	-3.0948721050104098	-0.3050883735340198
0.01	-2.9270488449650247	-0.15635945725269593
0.01	-3.323128198424332	-1.1561439085460397
0.01	-3.0395398332944383	-0.9117008614134559
0.01	-3.251682663648955	-0.8784118244575748
0.01	-3.0679566085656007	-0.4651575421435414
0.01	-2.7036276651794005	-0.7946616725675086
0.01	-3.02495249002489	-1.0929979785796187
0.01	-3.083626169612735	-0.16453549223586933
0.01	-3.0859771497399735	-0.18221266685772033
0.01	-3.1558703829615053	-1.1839541914998548
0.01	-3.2510686864074456	-1.0110879684014096
0.01	-3.0294698226479375	-0.8605187179293405
0.01	-2.81343024641427	-0.804712540643481
0.01	-2.993913169257786	-1.0874036823974702
0.01	-3.06587399448742	-0.8554484511838961
0.01	-3.035633712668022	-1.064586412990199
0.01	-3.0278917347498906	-0.8878059224917627
0.01	-3.299443612339622	-1.1100109519667904
0.01	-3.3235096208626427	-0.994378280056233
0.01	-3.295902666753486	-1.2008125420766795
0.01	-3.224689050592028	-0.8503523221104371
0.01	-3.1174770655157933	-0.9915969013152651
0.01	-3.2500431957435505	-0.9134394075883707
0.01	-3.1003790063641055	-1.0340550755227602
0.01	-2.947139992507379	-1.0915297032123223
0.01	-2.886229423459004	-1.0367133033139841
0.01	-3.2219522963273652	-0.8017069890319278
0.01	-2.869864770627955	-1.0662518173669158
0.01	-3.0028282505547197	-1.105901005555653
0.01	-3.009329045208741	-1.0846762491407207
0.01	-2.905766244206433	-1.0931547332573817
0.01	-3.1255242600268365	-0.3371967212712247
0.01	-3.073555517635204	-0.3512228523056059
0.01	-3.089326215137377	-0.2786245504346351
0.01	-3.0165857276097134	-0.24285668853997613
0.01	-3.006749402236337	-0.8447787805021237
0.01	-3.306851874066568	-0.9639786850301926
0.01	-3.3410857024859286	-1.178225223073486
0.01	-3.2570470204685384	-0.889094964518835
0.01	-3.274322768820733	-0.9940975766413477
0.01	-3.2668244577497827	-1.2015500309029323
0.01	-3.0522492154517984	-0.16767930875791684
0.01	-3.211610162666761	-1.062136582960446
0.01	-3.116905357748381	-1.0724078152537881
0.01	-3.1195181298630184	-1.0411995870004978
0.01	-3.133708733918363	-0.8883493898146592
0.01	-3.1724828560409946	-1.0439740757821345
0.01	-3.18536241092486	-1.0554960525263972
0.01	-3.198299918507773	-1.0676662949086901
0.01	-3.1619074192074232	-0.9554915321491212
0.01	-3.051430947450192	-0.9445803162041222
0.01	-3.3470439632262043	-1.0009272576002506
0.01	-3.217934798937088	-0.986743090349647
0.01	-3.150872900967694	-0.9595799292003903
0.01	-3.139898305973766	-0.9562076398545952
0.01	-3.114808044939828	-0.9019093612015755
0.01	-3.166282862108252	-0.9027431011283792
0.01	-3.115858069611463	-0.9407945554592565
0.01	-3.196415536314791	-0.9014705966105089
0.01	-3.090265135200553	-0.8938153113863091
0.01	-2.795861373127492	-0.7968089565556875
0.01	-2.9035443583197873	-0.9274387236627
0.01	-2.8611514355949477	-0.9009545573879822
0.01	-2.8806693144079554	-0.9162570167755544
0.01	-2.8478239579822815	-0.8961042109464045
0.01	-3.155624083857882	-1.0761086412332936
0.01	-2.9039638903504996	-0.8155281845552634
0.01	-2.9416217794889077	-0.9780409407310456
0.01	-2.897293835101416	-0.8210079151186548
0.01	-2.9080933438285337	-0.7480964366600047
0.01	-2.913641193419226	-0.7383929207901547
0.01	-2.9190723997053714	-0.7328682246564449
0.01	-2.9643592543155193	-0.9927620201599354
0.01	-2.91925854555179	-0.8466643966647688
0.01	-3.2243462296989334	-0.7743205058903019
0.01	-2.999523808652966	-0.7266322027563458
0.01	-3.1121438333273286	-0.7691451814847889
0.01	-3.119406482860931	-0.7794594673412598
0.01	-3.321620365293293	-0.7879080230959675
0.01	-3.2249579194186286	-0.7637048831530328
0.01	-3.315587640190075	-0.7736026144470279
0.01	-2.9910078128743782	-0.7351777694550654
0.01	-2.985217417601277	-0.7040504349972818
0.01	-3.300362471607871	-0.7780166654279908
0.01	-3.1056073496653624	-0.8058830284223758
0.01	-3.1073603279081747	-0.7600105435702119
0.01	-3.4327651027746695	-0.8818035451302942
0.01	-3.454425768344518	-1.0286632109117306
0.01	-3.463907532332583	-1.126117227512078
0.01	-3.4176800602733004	-0.9957990121847647
0.01	-2.982533338075501	-0.9158696007530412
0.01	-3.0723464084213448	-1.0571530541307443
0.01	-3.2281151411938303	-0.9251390305308695
0.01	-3.1050814337255153	-0.9509833580121727
0.01	-3.086129400567968	-0.9279493433145123
0.01	-3.011743288220077	-1.0294627490809292
0.01	-2.98135209371171	-1.0657955721417693
0.01	-3.0114693836039184	-0.9731804679459938
0.01	-3.0675090763617248	-0.9473143449166348
0.01	-3.0665371673590376	-0.9556265782026541
0.01	-3.0803149702584363	-0.978511566351817
0.01	-3.128402816244708	-0.9845097820791151
0.01	-2.952816311235513	-0.9570608287777815
0.01	-3.0667266347501054	-0.8764605940030675
0.01	-3.1480456943340243	-1.0044990605080992
0.01	-2.9106768068561895	-0.9019939459224824
0.01	-3.0344142061796764	-0.9982118826636304
0.01	-3.017803528911432	-1.0192398521772903
0.01	-3.000259246295505	-1.0036633113111013
0.01	-3.354234112167994	-0.7922060507656458
0.01	-2.9796601589739016	-0.8961630974728684
0.01	-2.974815952530801	-0.8903826559864924
0.01	-2.97862804510853	-0.843009080918074
0.01	-3.0654668193516024	-1.0027184308018742
0.01	-3.0347265019663783	-0.8845277505445454
0.01	-2.996130261583111	-0.8048051947350556
0.01	-3.0253441853940166	-0.7890482530561355
0.01	-3.0350107479824984	-0.9072451689653306
0.01	-2.9967635211018173	-0.832460722731493
0.01	-2.993723288386455	-0.9531931204907216
0.01	-3.117502793392711	-0.8241409880877981
0.01	-3.1534007278233447	-0.8009768681828406
0.01	-3.2510648983696004	-0.8320597365736806
0.01	-3.283306313174369	-0.9660204871679637
0.01	-3.3070920580249257	-1.0914080254941332
0.01	-3.279776080480331	-1.0489687344591971
0.01	-3.290500186968497	-1.039507672158461
0.01	-3.295927549906935	-1.0231617943018465
0.01	-3.3166364429210993	-1.0454294073809702
0.01	-3.285755847163746	-1.0597954394002898
0.01	-3.343003228221755	-1.0503098216809321
0.01	-3.2791477261047044	-1.1047946470962224
0.01	-3.244422223467455	-1.1012091741221608
0.01	-3.1951654951409285	-1.1553713175651432
0.01	-3.1798795861799687	-1.1505317057409452
0.01	-3.1765747652004794	-1.155447188604203
0.01	-3.2072814676251324	-1.13772640121648
0.01	-3.1103762939409965	-1.1983402605164244
0.01	-3.0717600238980753	-1.123191956055996
0.01	-3.0626101994242987	-1.1601616363058314
0.01	-3.0813585763568425	-1.1419325723234612
0.01	-3.009691935311205	-1.1557116956012727
0.01	-2.7141957562329404	-0.6721245148309146
0.01	-2.7681435174877227	-0.5734631267755301
0.01	-2.7421584588613808	-0.8525468528416184
0.01	-2.742835190856192	-0.8640334247180884
0.01	-2.7479996139263294	-0.8272015931128941
0.01	-2.7551155118399264	-0.8082704991719188
0.01	-2.738834436062656	-0.8130439037666657
0.01	-2.739299840556001	-0.8236719038800402
0.01	-2.7824384280846917	-0.8498743178122181
0.01	-2.7291861943554645	-0.854515660381803
0.01	-2.780793627745108	-0.8778112783185638
0.01	-2.6744595989024447	-0.7380660131931156
0.01	-2.98721271001598	-0.37658030922943353
0.01	-3.0490574573583498	-0.20509449934641846
0.01	-2.9998485592988446	-0.3813536633740292
0.01	-3.0085671976663635	-0.3809731352949255
0.01	-2.998880015117397	-0.3688088143877144
0.01	-2.9928736107233256	-0.34968568519825677
0.01	-3.016654559547578	-0.33536072922702853
0.01	-2.9811550395043898	-0.406025198254137
0.01	-2.9125686297608775	-0.43348789554809347
0.01	-2.9631152066331117	-0.13088099154576913
0.01	-2.9908586781742303	-0.14019413643240847
0.01	-2.930636128411651	-0.26088089166508815
0.01	-3.56922535025649	-0.09338347334656574
0.01	-3.589513242997748	-0.05794056160025884
0.01	-3.548053652803302	-0.08838410676256951
0.01	-3.8236263575452134	0.05345449639216727
0.01	-3.5361449539321512	-0.06438189192139693
0.01	-3.823536287401733	0.08219108545428794
0.01	-3.8197393551678713	0.07341347629712527
0.01	-3.866310016054215	-0.028446900094107327
0.01	-3.7338295445193346	0.06704343288386434
0.01	-3.7322340455919076	0.07299885779211016
0.01	-3.765194207830677	0.08622711933633533
0.01	-3.7185270350264057	0.044229362919891754
0.01	-3.8410808814190927	0.032487237362673504
0.01	-3.556072111927312	-0.059145162660126885
0.01	-3.747720847980694	-0.057633971966159867
0.01	-3.45428713478998	-0.04058541815720809
0.01	-3.433505177749518	-0.06875326789280094
0.01	-3.557257643828903	-0.08364682787058328
0.01	-3.829262656991676	-0.09843998413659547
0.01	-3.8393361871325697	-0.07684330083823099
0.01	-3.8409132281622558	-0.06561742700578514
0.01	-3.816390349877452	-0.08374737505522803
0.01	-3.821957039462273	-0.09976078053478363
0.01	-3.5519417996175933	-0.08766273829775711
0.01	-3.4114539882894803	-0.05931324570237175
0.01	-3.702102037746499	0.03191312445389716
0.01	-4.32969286028542	0.05686174149872586
0.01	-3.8365688042206356	-0.052610941383694564
0.01	-4.000662770373938	0.043711146705841315
0.01	-4.003129083898602	0.026747748029255697
0.01	-4.092222717412007	0.05383676132457256
0.01	-4.161967734702263	-0.047569144396114635
0.01	-4.1586492078274055	-0.04925983575463367
0.01	-4.123017832695794	0.056580414651528375
0.01	-4.377334434011409	0.00708782542745126
0.01	-4.090954572390122	0.057924254395681184
0.01	-3.8510879077685125	-0.030640111545991642
0.01	-4.0106405679042245	0.03328261064439475
0.01	-3.9944901673164113	0.0042670557933568365
0.01	-4.037724815355465	0.028496710342979247
0.01	-4.022342525107389	0.037272015354111586
0.01	-4.029245482782203	0.04443912241042476
0.01	-3.997299244607636	0.002160238145024489
0.01	-4.164837799842914	0.024527781120438335
0.01	-4.192641003943817	-0.02474185898305206
0.01	-4.225408515800098	0.12374428963840395
0.01	-4.463522495304846	0.1045113796041774
0.01	-4.266184083816965	0.13810622057950564
0.01	-4.298141391076145	0.11021990851216848
0.01	-4.35726607927621	0.1915314927822835
0.01	-4.289882069048718	0.1448562982949081
0.01	-4.34128535241321	0.16921677249625053
0.01	-4.307505846003319	0.16489740073791975
0.01	-4.3150933612269355	0.1717382790828658
0.01	-4.267977331138573	0.10206358838046982
0.01	-4.433185997290686	0.12297350457470363
0.01	-4.271140660330408	0.08382036324506019
0.01	-4.361950277525612	0.17350822856479803
0.01	-4.422279469302888	-0.008386695776285053
0.01	-4.421336225123076	0.022041954926763245
0.01	-4.314555609905035	0.21428440171695215
0.01	-4.401631365502673	0.14391900208173253
0.01	-4.399131282312227	0.1040338298112864
0.01	-4.243825574917274	0.06360901655206963
0.01	-4.319538715019216	0.15148048663065797
0.01	-4.304679054902344	0.12576025370634789
0.01	-4.3440805789545305	0.1345148691395615
0.01	-4.306598491954421	0.13334573496224228
0.01	-4.33897385340492	0.14101208255215764
0.01	-4.250044047546909	0.06697940714380249
0.01	-4.385820297151513	0.10736422329573882
0.01	-4.175926368042911	0.14052657731600324
0.01	-4.306841683538118	0.061893370318983953
0.01	-4.2894711770590925	0.03628019081089203
0.01	-4.426865652339272	0.09385918120939671
0.01	-4.38524070449381	0.173083382973286
0.01	-4.201213499234632	0.21768436977521613
0.01	-4.186463242513393	0.2055224530829078
0.01	-4.188055507508916	0.17997506674690295
0.01	-4.2105366416723955	0.10590533813061849
0.01	-4.2863478432238855	0.06597727088138064
0.01	-4.369411033074585	0.09280916800945888
0.01	-4.295280911250698	0.08525223338559246
0.01	-4.4560016100277196	0.09848653520012475
0.01	-4.331495554410662	0.1065953706234833
0.01	-4.3024921518851915	0.12019470544991637
0.01	-4.266555260635667	0.10959472278048007
0.01	-4.2539184941919945	0.11953920204464355
0.01	-4.19560856887387	0.1290038676305022
0.01	-4.342157863369049	0.10252484507929445
0.01	-4.372164217173037	0.1010929860170188
