#y=-1.9753766811902755 
#strength 	x-position 	z-position 
0.01	-3.5035630904735027	-0.6567817275566626
0.01	-3.472567483565453	-0.6574136697709123
0.01	-3.491666003149356	-0.6332301714449332
0.01	-3.481275144165954	-0.6271001575151532
0.01	-3.427772332147622	-0.6061031879305134
0.01	-3.443881727559771	-0.6290936224202219
0.01	-3.4562260344010856	-0.617029188463174
0.01	-3.7032037373680002	-0.6166162202620111
0.01	-3.5979971168977523	-0.6530000982820413
0.01	-3.5502201960855544	-0.6063518943749074
0.01	-3.699070730798066	-0.6516593393413056
0.01	-3.6720364400382817	-0.6365975287216338
0.01	-3.6455401583763685	-0.6446524859944777
0.01	-3.615227327089415	-0.6532412878368753
0.01	-3.522126105507704	-0.6386888963888161
0.01	-3.4726491926464442	-0.6796774013461185
0.01	-3.637241108277572	-0.5666158509840548
0.01	-3.5748671687220863	-0.6361960241319017
0.01	-3.636660907681487	-0.5901011853558509
0.01	-3.641954033561998	-0.613879275981038
0.01	-3.5977393079830575	-0.6259284447104888
0.01	-3.4594049878674635	-0.6052017915074424
0.01	-3.6583907931459505	-0.6151359794984698
0.01	-3.577449151988007	-0.6085199321790494
0.01	-3.5879215803549087	-0.6076488082559247
0.01	-3.626828792057583	-0.6232506176782425
0.01	-3.550538272987064	-0.6120327348172266
0.01	-3.701089270594851	-0.6227338018906041
0.01	-3.6794661872428547	-0.6876585316553926
0.01	-3.667463117782564	-0.6805690891471744
0.01	-3.650106424898258	-0.6751218955911844
0.01	-3.6243734410626125	-0.6748563557672561
0.01	-3.526910957541867	-0.6532804871102202
0.01	-3.4814667700900013	-0.6913529329659871
0.01	-3.3947343559892844	-0.6659514700544831
0.01	-3.449423473642785	-0.6561132773077908
0.01	-3.4924516392148868	-0.5862078557059266
0.01	-3.528652259492653	-0.6107745058449097
0.01	-3.5251156003073576	-0.5807197798590467
0.01	-3.5785914642315673	-0.5787609565951509
0.01	-3.624913975516603	-0.5704095092073193
0.01	-3.6844984701145744	-0.580802934190334
0.01	-3.735196142706233	-0.622690000414798
0.01	-3.6999034131660915	-0.7138202137874143
0.01	-3.609511086254428	-0.7374157072727645
0.01	-3.603229089522225	-0.7571023017623475
0.01	-3.568577806321463	-0.7462787331392958
0.01	-3.5646154730712762	-0.7675706076319234
0.01	-3.5286364115746274	-0.7557100580912307
0.01	-3.3107526865666115	-0.5550465043495841
0.01	-3.5288035201358965	-0.6778204668808853
0.01	-3.515591366788128	-0.6788920998121962
0.01	-3.432284389701192	-0.6882518358211187
0.01	-3.5061167612188866	-0.7003123071020739
0.01	-3.418955497971067	-0.6833187056839567
0.01	-3.4111684447675517	-0.6913915630431073
0.01	-3.5447822468449175	-0.6499600995717347
0.01	-3.5345485079210124	-0.6774733038440214
0.01	-3.3399669454161725	-0.6074507487942999
0.01	-3.838817883530239	-0.4384619679484448
0.01	-3.8421247215256575	-0.46850776529200105
0.01	-3.8191332576047197	-0.5370202949807433
0.01	-3.863983558465267	-0.48080553072685733
0.01	-3.869901563947006	-0.5021466955732334
0.01	-3.873833449439236	-0.5026538998247436
0.01	-3.8196165564596036	-0.5332173465790608
0.01	-3.8531454406517827	-0.48267602825656764
0.01	-3.872015515831979	-0.4723570136622809
0.01	-3.846745304056558	-0.4320317761665826
0.01	-3.834303146551776	-0.39880877879276405
0.01	-3.871272332540078	-0.399183054237491
0.01	-3.8584722074274223	-0.4192385559970607
0.01	-3.8938854321661287	-0.40982891756218404
0.01	-3.8943279825694366	-0.4045605568742497
0.01	-3.8701227700277503	-0.44390620498986794
0.01	-3.790637815693505	-0.3946460991596916
0.01	-3.7995374254744987	-0.4950746276670687
0.01	-3.84549307836739	-0.500390871014103
0.01	-3.787004833424324	-0.47447928150516294
0.01	-3.802081589764126	-0.46930301331006874
0.01	-3.794477498033544	-0.4187304033619019
0.01	-3.788616065005898	-0.4329531341657119
0.01	-3.793187558638142	-0.44265249956322195
0.01	-3.782723114353272	-0.44369405103049275
0.01	-3.825694198537192	-0.4840683278975835
0.01	-3.8038141656045528	-0.4620783769039133
0.01	-3.801010996701853	-0.38689418814082777
0.01	-3.8325920625096233	-0.47753423314905225
0.01	-4.184047100528989	-0.3507240413439926
0.01	-4.11335335874075	-0.42489519332691555
0.01	-4.19973063152868	-0.3623036120225815
0.01	-4.10606384233464	-0.39837999024552667
0.01	-4.1590241521837115	-0.38724129210444114
0.01	-4.161376728744306	-0.37702793124951217
0.01	-4.147700223261763	-0.3884253678731115
0.01	-4.149402603420676	-0.3785187475771596
0.01	-4.214155268505345	-0.36674720690783397
0.01	-4.141521035647777	-0.4051036570571492
0.01	-4.096487106374658	-0.4045958451623116
0.01	-4.1283648174349565	-0.379421506428437
0.01	-4.19766614839466	-0.34265388886965126
0.01	-4.207562954543789	-0.3417786005377198
0.01	-4.232143807202711	-0.361387740975145
0.01	-4.183901063578787	-0.39883701909420716
0.01	-4.146967147799061	-0.4222537991046426
0.01	-4.133436642190073	-0.422455739473965
0.01	-4.068741188465204	-0.38647956238441544
0.01	-4.272828657631107	-0.3054465634923449
0.01	-4.185458182778062	-0.33456529318351885
0.01	-4.20112402522414	-0.319848051180859
0.01	-4.199592068928632	-0.31677443518250564
0.01	-4.202359638191574	-0.3108272388244662
0.01	-4.2317643302509405	-0.30503034521571015
0.01	-4.147171549759666	-0.35483266012390147
0.01	-4.3785019136395835	-0.2667514887653495
0.01	-4.331414151887847	-0.23956061374523643
0.01	-4.322393155687161	-0.2896294225015549
0.01	-4.349187276825515	-0.26565243490569734
0.01	-4.335731046824806	-0.2657059421684261
0.01	-4.326714648040245	-0.27334929227905214
0.01	-4.319344213851383	-0.2810156028334074
0.01	-4.306987518004272	-0.2803469207075619
0.01	-4.323125118816683	-0.25757766244222063
0.01	-4.349696999097689	-0.25169590177183504
0.01	-4.348797588630461	-0.28865171411318746
0.01	-4.2880530710015625	-0.297202737302126
0.01	-4.262865853908558	-0.2831087718882254
0.01	-4.32650843044087	-0.23577337266052734
0.01	-4.485638195684072	-0.28540318472408854
0.01	-4.580494788829362	-0.24144217682246374
0.01	-4.524823021501783	-0.22005234876130456
0.01	-4.521339023666992	-0.24871897365156084
0.01	-4.535269132780228	-0.2464179106222049
0.01	-4.536110152035253	-0.24111274141623856
0.01	-4.533501019199978	-0.23542361860457228
0.01	-4.537912273812482	-0.22949381833790664
0.01	-4.55677174671679	-0.23245360028282053
0.01	-4.5669616475582195	-0.2524005788983165
0.01	-4.5516435585667105	-0.2623793061297556
0.01	-4.5331195333275005	-0.26477824984865495
0.01	-4.51162214768979	-0.2615920460137959
0.01	-4.494642842505585	-0.2504204570645447
0.01	-4.489228475784934	-0.23090902052123427
0.01	-4.505419931552008	-0.21029328242091483
0.01	-4.545738479747447	-0.19616289567920397
0.01	-4.596962077459015	-0.2054328624544813
0.01	-4.652493856133415	-0.22312282530816235
0.01	-4.701165588041947	-0.20776547291052852
0.01	-4.693679536074997	-0.1919902307196527
0.01	-4.683827015214492	-0.19233338246837453
0.01	-4.680527279245768	-0.19647657676552047
0.01	-4.679571726291807	-0.20118683524618772
0.01	-4.6757871474870765	-0.20513982799924388
0.01	-4.665479150389639	-0.20544745430116493
0.01	-4.655673849338154	-0.19498278001271294
0.01	-4.674946883671985	-0.17766473299097454
0.01	-4.712970696946391	-0.17652764473741167
0.01	-4.732357602705235	-0.17414634606604987
0.01	-4.738129956304807	-0.16994143769051082
0.01	-4.740202302833603	-0.1662138981131605
0.01	-4.7433591396253645	-0.1621485166848629
0.01	-4.752941764124616	-0.15800552419915084
0.01	-4.7745389938866385	-0.15745454291291014
0.01	-4.798810101130698	-0.15299032386264502
0.01	-4.80487500828586	-0.14288136547488328
0.01	-4.801959967203738	-0.13823381723100525
0.01	-4.797278052867873	-0.13750786205967647
0.01	-4.792405488646047	-0.13781782555213096
0.01	-4.787957726257406	-0.1364176791700071
0.01	-4.7869374878514375	-0.1296096481898668
0.01	-4.802711859556349	-0.11790895741503103
0.01	-4.834819476681679	-0.12206106331818677
0.01	-4.861206386053388	-0.13027340601136334
0.01	-4.881970140435452	-0.13434946283988422
0.01	-4.897160783115759	-0.13388928810908263
0.01	-4.907011944994538	-0.130718911006231
0.01	-4.913307324964457	-0.12673868928953397
0.01	-4.918144585006306	-0.12268032195403691
0.01	-4.923217168355988	-0.11865267350445192
0.01	-4.929856771372788	-0.11482095731965812
0.01	-4.938799654560219	-0.11163525651336037
0.01	-4.949745017488619	-0.10945275739463897
0.01	-4.961556713877132	-0.10796841194943557
0.01	-4.973079787349156	-0.10650269564631386
0.01	-4.983627141756172	-0.10461921705105007
0.01	-4.993067063926107	-0.10227176915374928
0.01	-5.001687939743523	-0.09961394681035707
0.01	-5.009951701482002	-0.09682154065866985
0.01	-5.018277695194573	-0.09403734937657345
0.01	-5.026916711921837	-0.09136446070156533
0.01	-5.035920904013312	-0.08885304378540677
0.01	-5.045198605401163	-0.0864934164492869
0.01	-5.054608225519417	-0.08423634096182234
0.01	-5.064032419886335	-0.08202704966866428
0.01	-5.073406295757059	-0.07982752428089873
0.01	-5.082710064889063	-0.07762023920228686
0.01	-5.09194836596151	-0.07540181815163469
0.01	-5.101133175877752	-0.07317567688169889
0.01	-5.1102766479718245	-0.07094773520041228
0.01	-5.119391865843868	-0.06872460682276438
0.01	-5.128493385003849	-0.06651224334808804
0.01	-5.137592000700113	-0.06431415616285312
0.01	-5.146687285454491	-0.06213027905158661
0.01	-5.155768225792454	-0.059957473658181236
0.01	-5.164822664946275	-0.057792062850087283
0.01	-5.173846704907745	-0.05563276596310925
0.01	-5.182846898949037	-0.053481542926225686
0.01	-5.191834383103458	-0.05134174336451511
0.01	-5.200815635626971	-0.049215102431588255
0.01	-5.209785810062679	-0.04709980548835168
0.01	-5.218730324063643	-0.044990537913892764
0.01	-5.22763159452571	-0.042880643345992175
0.01	-5.236475803494769	-0.040764936685227356
0.01	-5.245257654524962	-0.03864124606696142
0.01	-5.253979811105697	-0.03651028151515856
0.01	-5.262648816436046	-0.034374437539441666
0.01	-5.271270975519138	-0.032236098877048605
0.01	-5.279850306667277	-0.030096601990980444
0.01	-5.288388636953897	-0.027955582489968427
0.01	-5.296885645101132	-0.02581092632826395
0.01	-5.305339090669708	-0.023658976582813813
0.01	-5.313746357841912	-0.021494427558848804
0.01	-5.322104490256359	-0.01931040088435642
0.01	-5.330412474006528	-0.017098982286619876
0.01	-5.338670522361969	-0.01484925596917153
0.01	-5.346885919469438	-0.012552191617998592
0.01	-5.355076201450801	-0.010193757805028777
0.01	-5.36327292667393	-0.007768371350242135
0.01	-5.3715270964686095	-0.005266588343471182
0.01	-5.379908218890461	-0.0026953633659312975
0.01	-5.388507763127766	-6437640990321087e-20
0.01	-5.397436095909646	0.00259567807121274
0.01	-5.406818535658585	0.005240245905484994
0.01	-5.416788551980045	0.007806718032342794
0.01	-5.427475522646905	0.010213822977748206
0.01	-5.4389995176990205	0.012353381431928311
0.01	-5.451476051834843	0.014065585457337255
0.01	-5.465017099189476	0.01505561340789715
0.01	-5.479544242988633	0.014594322790344285
0.01	-5.493344390588305	0.010966895894577873
