#y=-1.4142135623730951 
#strength 	x-position 	z-position 
-9703945633154909e-26	-0.20358098411453093	0.2578538262989273
-9706867254433149e-27	-0.213364354913008	0.25920913939714235
-2203372206910359e-26	-0.2231866822378545	0.26056965850618563
-30682709845075706e-27	-0.2330488694656394	0.26193519019165773
-35454132685242e-24	-0.24295184706801573	0.2633055265937526
-4071721605714007e-26	-0.2528965735999686	0.26468044571834265
-4753717385008738e-26	-0.2628840368119616	0.26605971059859285
-55722572389615976e-27	-0.2729152547634808	0.26744306820659236
-6536121470446243e-26	-0.2829912769898886	0.26883024852668247
-7682708982881259e-26	-0.2931131857304702	0.2702209636008759
-9033507622491221e-26	-0.3032820972162185	0.2716149064989856
-10634671268605622e-26	-0.31349916301991326	0.273011750221463
-12525727503820416e-26	-0.32376557147247004	0.2744111465346416
-1475201107103974e-25	-0.3340825491496569	0.27581272473126056
-1738468674572502e-25	-0.3444513624333612	0.2772160903126503
-2049137873272322e-25	-0.3548733191519072	0.2786208235856593
-24152537608790325e-26	-0.36534977030423826	0.28002647816808235
-28473798666106553e-26	-0.37588211187321413	0.2814325793967519
-3356850058339189e-25	-0.3864717867336564	0.28283862262940496
-39583838637446966e-26	-0.3971202866610031	0.28424407143373653
-4667608625996689e-25	-0.4078291544470467	0.28564835565466684
-5503890364300101e-25	-0.41859998612973176	0.28705086934957164
-6490647654761039e-25	-0.4294344333444454	0.2884509685820535
-7654157099801218e-25	-0.44033420580479854	0.2898479690618194
-9026565311182067e-25	-0.45130107392156005	0.29124114361954206
-10645526179325904e-25	-0.4623368715690218	0.2926297195033594
-12554154521504657e-25	-0.4734434990089692	0.29401287548065325
-14805932539024846e-25	-0.4846229259830786	0.2953897387307676
-17461463230200591e-25	-0.4958771949855096	0.29675938151000064
-20593240671745727e-25	-0.5072084247284417	0.29812081756938535
-24287512452592086e-25	-0.5186188138143125	0.29947299830544855
-2864370794372628e-24	-0.5301106446297686	0.3008148086180236
-3378162444223065e-24	-0.5416862874775521	0.3021450624505154
-3984144255828048e-24	-0.5533482049640184	0.3034624979840262
-4698847142978191e-24	-0.5650989566612935	0.30476577245344305
-5541726508240252e-24	-0.5769412040650285	0.3060534565509982
-6535856831441089e-24	-0.5888777158705943	0.30732402837803624
-7708333507952525e-24	-0.6009113735923071	0.3085758669022248
-909108765524691e-23	-0.613045177552814	0.3098072448719545
-10721917473657805e-24	-0.6252822532723188	0.31101632113492084
-12645334269284492e-24	-0.6376258582899328	0.31220113230133784
-14913783567480077e-24	-0.650079389452445	0.31335958368592537
-1758918805917775e-23	-0.6626463907094778	0.31448943945458574
-20744549742920948e-24	-0.6753305614577159	0.3155883118919556
-24465957520342085e-24	-0.688135765480957	0.3166536496967301
-28854944794654003e-24	-0.7010660405375392	0.31768272519989266
-3403126136447554e-23	-0.7141256086521034	0.3186726203869235
-4013620790235817e-23	-0.7273188871742706	0.319620211590867
-47336341400458504e-24	-0.7406505006733503	0.320522152705553
-55828100394353375e-24	-0.7541252937457431	0.3213748567472856
-6584327904256282e-23	-0.7677483448198249	0.3221744755706033
-7765502356947562e-23	-0.7815249810524014	0.32291687751594883
-9158577496740095e-23	-0.795460794421172	0.32359762273718196
-1080155315000969e-22	-0.8095616591294653	0.3242119359196704
-12739269286687893e-23	-0.8238337504526675	0.3247546760579127
-15024592194858022e-23	-0.8382835651708934	0.3252203029122105
-17719885749521713e-23	-0.8529179437493458	0.3256028397058883
-20898687803395932e-23	-0.8677440944470333	0.32589583155723467
-24647740184263744e-23	-0.8827696195565486	0.32609229905973564
-2906933250345495e-22	-0.8980025440023102	0.3261846863302086
-342841137130831e-21	-0.9134513465533071	0.32616480273201093
-4043437058232069e-22	-0.9291249939384171	0.3260237573479284
-4768791071769335e-22	-0.9450329781894992	0.32575188511856845
-5624264843191729e-22	-0.9611853575794251	0.32533866337169803
-6633198054318418e-22	-0.9775928015708655	0.32477261723901973
-7823119465930756e-22	-0.9942666402467759	0.3240412121802667
-9226493741573e-19	-1.0112189187562162	0.3231307315030885
-10881607451634911e-22	-1.0284624573814198	0.3220261363608395
-12833616413170795e-22	-1.0460109179151953	0.32071090521001044
-15135771897715339e-22	-1.0638788771311953	0.3191668491056217
-17850876408952165e-22	-1.0820819082369308	0.3173738984614176
-21052993890297023e-22	-1.1006366713225857	0.31530985597072614
-2482946877475564e-21	-1.119561013957127	0.3129501092330651
-29283304496061785e-22	-1.138874083242982	0.3102672951858576
-34535971821757216e-22	-1.15859645082442	0.30723090662240593
-4073071343051529e-21	-1.1787502525595355	0.3038068287837191
-4803644717254682e-21	-1.1993593448249917	0.2999567910872879
-5665235879874844e-21	-1.2204494797501573	0.2956377153112709
-6681332013118088e-21	-1.2420485021207712	0.2908009367100149
-7879627489980681e-21	-1.2641865713409135	0.28539126819886695
-9292775734632067e-21	-1.28689641286112	0.27934586936598604
-10959275628812798e-21	-1.3102136051831073	0.2725928707411585
-1292451532323817e-20	-1.3341769114905924	0.2650496880827016
-15242000973818629e-21	-1.3588286700856287	0.2566209390755514
-1797480430965233e-20	-1.384215266674982	0.24719584155220198
-21197264890889314e-21	-1.4103877263672786	0.23664492061678244
-24996994085466073e-21	-1.4374024864678745	0.22481576789586202
-29477229911496067e-21	-1.4653224433816863	0.21152745415531668
-3475960625914758e-20	-1.494218400506486	0.19656295196836157
-4098740350716966e-20	-1.524171047922809	0.1796585044548137
-483293646234631e-19	-1.5552734954701914	0.16048817047943964
-56984169264610515e-21	-1.587633978096079	0.13864064508807228
-671856732885074e-19	-1.6213773206278084	0.11358372443160748
-7920903914352372e-20	-1.6566414560792129	0.08460917922479845
-9337789442738151e-20	-1.6935601070120267	0.05074671966584677
-0.00011007267864164907	-1.7322088500647839	0.010629799619255758
-0.0001297403527157747	-1.77244740597694	-0.03770216281595855
-0.00015290566479047966	-1.8134588296866478	-0.09696943006005075
-0.0001801841803626674	-1.8528872471724005	-0.1699740384195104
-0.0002122972969274689	-1.887982556829073	-0.25834042412541725
-0.0002500894644953816	-1.9152584006489004	-0.3654236476624896
-0.0002945478260555929	-1.9266361155434277	-0.49240592469449057
-0.00034682446280405455	-1.9139766177469641	-0.6303763759078126
-0.00040826137322164634	-1.884169080358768	-0.7617941258849507
-0.0004804182178401936	-1.8459739984482486	-0.8967504271276333
-0.0005651027109563073	-1.7703767743602343	-1.0311708404574422
-0.000664403308445409	-1.611609386433821	-1.1045066987495504
-0.0007807235109997916	-1.4009247668334417	-1.047520464136746
-0.0009168166340571531	-1.2716344241736037	-0.839015612173732
-0.0010758192601030836	-1.1946847696727816	-0.763497408245267
-0.0012612807442757609	-1.1627899912534794	-0.7435534602281243
-0.001477185056385416	-1.120762198916582	-0.7180278731337492
-0.0017279598900345888	-1.100367943227193	-0.7198693784984482
-0.00201846635821361	-1.722272904097691	-0.32953559154708084
-0.0023539607838459504	-1.70143284727193	-0.6816898126465099
-0.00274001823243499	-1.2613013812432354	-0.6490972254306187
-0.0031824057963424158	-1.621314930840118	-0.49612816865024606
-0.003686892686879829	-1.7463656491159691	-0.5961609936761917
-0.004258984594311486	-1.5141805868395872	-0.8417723981163662
-0.004903572441181514	-1.602564223244472	-0.5567099259618283
-0.005624491637562227	-1.3563603880551391	-0.6375209326303581
-0.006423998272259472	-1.5763893887500025	-0.6253323856358688
-0.007302183945036006	-1.4295854439250615	-0.8278863445373014
-0.008256370774299759	-1.537549231336911	-0.6828045014295673
-0.00928055041679148	-1.5325536041168302	-0.6446140011137695
-0.010364951338547906	-1.511262437800549	-0.7542702529098545
-0.01149583039211237	-1.4409316899229814	-0.6891761714037096
-0.012655580070723503	-1.7298128194963276	-0.2839947001071919
-0.01382321512875604	-1.5820563612461243	-0.6662593151656471
-0.014975250402109123	-1.3750582329461098	-0.7112415439921131
-0.01608691352919405	-1.4447461032341884	-0.6769755681507307
-0.01713356966586302	-1.3213860637784516	-0.7223323621167279
-0.018092193089517757	-1.7745366005177032	-0.5356364028454507
-0.018942719829916875	-1.4463385737139658	-0.7361354508380532
-0.019669155314740186	-1.5590862382799036	-0.7865722499889649
-0.02026036915209667	-1.8069404714519635	-0.46855366405115534
-0.020710554229094968	-1.3574251887749544	-0.6697900519323328
-0.021019342073410975	-1.5112240399842913	-0.723132089049535
-0.021191562695408644	-1.7050910916190147	-0.5923188561882675
-0.02123664517892331	-1.5804101843436011	-0.7716096316728892
-0.021167694786745374	-1.6026923808912006	-0.8502259962494154
-0.02100034252384174	-1.5952692971188045	-0.6864673297348335
-0.020751511546416974	-1.4956688396412658	-0.6813443380455028
-0.020039760975763706	-1.2857783553888191	-0.6717990017441293
-0.019406066580231626	-1.4012012239948775	-0.6804950933231699
-0.01899933389886355	-1.4368647835927566	-0.6450640124153713
-0.017310204404590458	-1.7303762114480825	-0.4794262023916896
-0.016839596358249345	-1.6557688073047903	-0.4421945709423147
-0.016329754225782804	-1.6021241350409543	-0.6172980080116424
-0.015819735207718306	-1.7550956864158753	-0.6037632685221639
-0.01960074662707939	-1.6734137223474936	-0.4230915256376574
-0.018986446572463827	-1.7078792177771014	-0.4432960504354475
-0.018759589432030484	-1.4932654041420528	-0.8665828411680281
-0.018613426465864034	-1.6901561847998416	-0.5498771474606019
-0.018451839782351334	-1.573356179486879	-0.8634012233246012
-0.0182900925000364	-1.5018144592872276	-0.7874453177316083
-0.018130496769126113	-1.5453722697605132	-0.586665992883399
-0.017972765118303105	-1.6080604845851976	-0.7182684377067803
-0.01781865726097365	-1.3923260546952725	-0.6162729635083359
-0.01766931071789189	-1.7417278031386614	-0.6503928269482969
-0.017527766331677887	-1.6106826066951523	-0.7716221484185469
-0.017392364868332035	-1.753757726794312	-0.556694318095375
-0.017267903479845532	-1.648434904212436	-0.7226462027925196
-0.017150023760106443	-1.3282478609141988	-0.5916507015880422
-0.01599349081880058	-1.66946625973529	-0.5917125722805969
-0.0159064742187486	-1.2816037759017886	-0.6147334821003622
-0.01579457099810348	-1.3256460808658947	-0.8882536166879585
-0.015685766575472732	-1.4304045354663049	-0.8105749424587265
-0.015589169618135015	-1.4667053077730132	-0.843470922386578
-0.015504115525075222	-1.4373061371029023	-0.7805222308352735
-0.015433889008831749	-1.7850140929839209	-0.35297772391228
-0.015365819422556989	-1.5240900020608878	-0.8240468435996795
-0.015311986897996448	-1.48152880899804	-0.920468975364942
-0.015262076143926745	-1.3980510002596587	-0.7237675501670715
-0.015215924262651014	-1.4732944658718954	-0.8204368832689581
-0.015179246875655396	-1.368704246496843	-0.9106304653471192
-0.015144681565605559	-1.5556617834310604	-0.7350166871751702
-0.015114415085687765	-1.7154287245978401	-0.5535732762627726
-0.0150889848409872	-1.5460776700704357	-0.7095956169694024
-0.015067331185374108	-1.424696717879535	-0.9691202588950912
-0.015048765819355164	-1.5627445447354615	-0.6879052154515194
-0.015033607459764592	-1.511636134644564	-0.9948810309318479
-0.01502156318760704	-1.4547561033091754	-0.9159976502028196
-0.015010592916097892	-1.5095866412302699	-1.0210618904475317
-0.015002940895235871	-1.2560786715126422	-0.6263031284479099
-0.014997071056081583	-1.698438086690482	-0.687783331368464
-0.01499266951987786	-1.7018245572517436	-0.7134270494985565
-0.01499126501903899	-1.4026435985939174	-0.7583057608191504
-0.014990228967160669	-1.72462139644568	-0.6911821467447669
-0.014990506698877484	-1.7882627150515937	-0.6546903648784291
-0.01499326603448812	-1.5765617317518803	-0.8385641465643111
-0.014996835988086606	-1.4237869495878868	-0.09842123944180935
-0.014769547412106718	-1.744899633348269	-0.22536427800094117
-0.014787573485738281	-1.6983216365888103	-0.6545076613653502
-0.014778931655373084	-1.1632223850153578	-0.5710859716784807
-0.01476970178886041	-1.31367073848101	-0.534178716162249
-0.014765786411251723	-1.5968802495151206	-0.4778152060662352
-0.014764461926547259	-1.2532399992359253	-0.570367267386007
-0.014766668912963923	-1.4190873157048747	-0.5960179129958523
-0.014772098549985471	-1.1431895511641972	-0.5910041995021524
-0.014778848930159304	-1.142988814511366	-0.5510300007697114
-0.014787444027606001	-1.4328198024490628	-0.5625096742378642
-0.014798599091041916	-1.3355306938972962	-0.5137437817707734
-0.014811036787199996	-1.1929355102114798	-0.5822050033275377
-0.014824417017764342	-1.2414261689458006	-0.5546376628167071
-0.014839612678600666	-1.4290921387401274	-0.5905924571982273
-0.01485624014821621	-1.3490793993707002	-0.5443639359351425
-0.014873614482717682	-1.1864754654505691	-0.5561952522463672
-0.014892103706440023	-1.393699384079295	-0.5355950878492929
-0.014911817830889322	-1.4461239878107102	-0.5722170144792409
-0.014932301386961394	-1.5601064285321826	-0.5347062713599989
-0.014953558860629042	-1.288667874858656	-1.1269124885296558
-0.014975759303963703	-1.24407985112131	-1.1192314569713415
-0.01499867858844853	-1.2898841654779734	-1.1536867808376057
-0.015022137476132978	-1.2232466532326227	-1.1750815307903353
-0.01504618302482897	-1.2778039673625379	-1.1798895658764614
-0.015070738188381127	-1.2699884144070384	-1.0977010188166765
-0.01509560224039476	-1.2485194435374114	-1.186007500766348
-0.015120660158414461	-1.2935495443668534	-1.215834002581222
-0.015145831992267465	-1.2551026644487464	-1.19874422620495
-0.015170956855482531	-1.8439254304057564	-1.644916965950127
-0.015195816646321872	-1.7615180090068288	-1.660289271176443
-0.015220182175823396	-1.8645007017340742	-1.6635326222945912
-0.015243799652582168	-1.864921443583531	-1.6773820978851244
-0.015266359359658026	-1.8087265887426096	-1.6867053451940919
-0.015287480526534405	-1.7458010557886188	-1.5270141307468568
-0.0153067098866101	-1.8933966421018757	-1.6840322614580883
-0.015323518952170948	-1.7662904449852668	-1.7363662074672206
-0.015337290454722426	-1.8018328228154976	-1.6514950727372448
-0.015347297437868994	-1.7109500492052838	-1.564732454737558
-0.015352681651093108	-1.8349672138071083	-1.56649046618988
-0.015352433284812747	-1.8409431218467185	-1.758333393122315
-0.01534537092474146	-1.8421311304962498	-1.7827604751285744
-0.015330117513547663	-1.8488414058837164	-1.6959061227196843
-0.015305068222184727	-1.8548723824881121	-1.7081179954110126
-0.015268351982236503	-1.8025934487934037	-1.8066922159597585
-0.015217791949495341	-1.7674308284415605	-1.8117023889528585
-0.015150866572025384	-1.780185683269993	-1.7746572815791124
-0.01506466953649596	-1.662844603789977	-1.6621136817013435
-0.014955868689124772	-1.7743321632387532	-1.6348693786429034
-0.014820667055974575	-1.8916355460073664	-1.709556511293161
-0.014654769953191706	-1.8152523500310145	-1.7458409899369516
-0.014453362701687653	-1.7870605356846783	-1.7650021906806554
-0.014105572124839719	-1.7893109538894958	-1.706463418928261
-0.013823021024655288	-1.7176188792541796	-1.6679811931641202
-0.013478807171168625	-1.710908925579375	-1.6325925114244695
-0.013072360337995189	-1.6516506062164724	-1.8584175264975715
-0.012600714625866677	-1.68242830032657	-1.7846386870720512
-0.012056898987645736	-1.6546188836455402	-1.8378524011074382
-0.011434470579470668	-1.6790153924648228	-1.8218207361342684
-0.010728126155120098	-1.6367490200402626	-1.844879245640431
-0.00993407863636426	-1.9838778199933869	-2.0204590682976438
-0.009050795756277083	-2.1802886900840854	-2.018067369888169
-0.008079811353808376	-2.2984597366291357	-2.0185877859362864
-0.007026531749724646	-2.4104645570153918	-2.00848398306749
-0.005900967107092519	-2.5178645410119636	-1.9908199350830178
-0.004718264707340222	-2.623170318035995	-1.9652230722609563
-0.003498894605526939	-2.727709393998635	-1.9309865893982678
-0.002268340574425665	-2.8324032906535446	-1.8870480843028619
-0.001056187898679211	-2.9385478698952836	-1.831489731738089
0.00010542199695046973	-3.049410106386093	-1.7599555787056145
0.0011838894129818506	-3.178394642728416	-1.6569850710373608
0.0021486005330613655	-3.3078151345557805	-1.2546666669119348
0.002973402162773609	-3.3017127694025117	-1.1579787393428116
0.003638736232657979	-3.317025341231266	-1.351231476305891
0.0041330918714646385	-3.3247793135030776	-1.364533611147413
0.004453549061126391	-3.30269119509625	-1.3789462950181932
0.004605364933574789	-3.320469253419204	-1.3877091313392487
0.00460073998512815	-3.325197960956297	-1.3781045777344538
0.004457040656456333	-3.3308776290298234	-1.3794772310820336
0.004194811517078933	-3.353770096506548	-1.3920186838402195
0.003835882772854379	-3.3170019534496147	-1.3660681773353958
0.0034017915602298416	-3.311460734536486	-1.301895713148144
0.0029126245850953376	-3.362712413606053	-1.4028844341500888
0.002386288699770854	-3.2598120774021515	-1.0226563638296953
0.0018381477706528278	-2.988739807272479	-0.797329879615264
0.001280935899663642	-2.826754770621851	-0.7757794929092775
0.0007248602784553154	-2.7509917061713365	-0.779324926362856
0.00017782405531167867	-2.652658579749728	-1.0363278453091587
-0.0003542837408566802	-2.7366687003188908	-1.1506319861197292
-0.0008672715748491312	-2.577567654176011	-1.0258060564105618
-0.0013583308373528308	-3.216571308277562	-1.2590739881526403
-0.0018257405489185575	-2.8940865978832586	-1.1657828230343137
-0.0022686002170870315	-2.7925053553599666	-0.3147022402984623
-0.002686596584011481	-2.8063366970137937	-0.34458234855242864
-0.0030798090642028472	-2.8886778908328425	-0.28690143365443604
-0.003448555870991481	-2.8914847339671264	-0.5398572522739635
-0.003793278271613458	-3.0919047015163494	-1.2731977975876918
-0.004114457555667234	-2.5742166750001254	-1.0791440958218432
-0.004412559870409169	-2.9431139271299416	-0.5616336545689384
-0.004688005746722866	-2.8196541969172966	-1.162500883842612
-0.0049411611090928766	-2.5589039891247016	-1.092558495414692
-0.00517234509493455	-3.1910277708479295	-1.3550817642123787
-0.0053818490415038014	-3.2120585580649643	-1.0875254276585942
-0.005569961480078331	-3.208960499130557	-1.0942482986647684
-0.005736995294237314	-3.2121360168718445	-1.0918115468436407
-0.00588331460056964	-3.2028841538516004	-1.3789674599620574
-0.00600935969248124	-3.205678056149766	-1.3755093000141332
-0.006115668147091561	-3.1904833502092016	-1.1478439829175904
-0.006202890392436017	-3.20293885884288	-1.0934646933021746
-0.006271799772632246	-2.776210096059208	-0.9826601675052982
-0.00632329869681571	-2.785803446873595	-0.9814981666189316
-0.006358421760842549	-3.1781316434119318	-1.3854316575628214
-0.006378335692637847	-2.7543101980689007	-0.979890794328149
-0.006384336012509142	-3.0932819576504413	-1.2630492761802086
-0.006377838186675823	-3.1175374934420637	-1.237203098786603
-0.006360355160824517	-2.5609292664626224	-1.016944553784013
-0.006333447544710287	-2.9331949648555447	-0.5275284703738814
-0.006298628352563136	-2.885313602996121	-0.5505061423750082
-0.006257194356844437	-2.8938598469000945	-0.5528509120299546
-0.0062099379591149285	-2.893973251307783	-0.5569019184271575
-0.006156673780832727	-2.887902906571041	-0.5639938729220536
-0.006095512161024687	-2.9027518820552536	-0.5685248643542355
-0.006021866300293363	-2.9144055868772045	-0.5519559686016199
-0.0059273620939924105	-2.855951415583616	-0.5422831177967322
-0.005799211384644347	-2.939516337918651	-0.5558113617559003
-0.005621161929033029	-2.865424533018411	-0.5717261243658223
-0.005377477729097758	-2.9327675331394305	-0.5688165201504348
-0.005060388339235485	-2.8334271294615383	-0.5635167070262965
-0.0046772049336870035	-2.8637078848527437	-0.5362509635726005
-0.00424856465977793	-2.934769872156593	-0.5227059764632235
-0.0037955017170981757	-2.940925593854969	-0.5832613676134792
-0.003326727330021267	-2.875861840830378	-0.5910645197353137
-0.00283640740561477	-2.8628076224711503	-0.5388008750809569
-0.002310439951791121	-2.940834842025191	-0.5491337001528332
-0.0017340880304279882	-2.88606551649331	-0.5767115163928341
-0.0010966503211023767	-3.0107373932852117	-0.38046064125024615
-0.0003922044321698732	-2.5620668692664457	-0.7998744925837564
0.00038250552609681476	-2.522058795985309	-1.0070117492086506
0.0012291032748978099	-2.8509329308986895	-1.1695955815582844
0.002148861272672275	-2.788781327092289	-0.9423624315426357
0.003145075723546188	-2.791689978721437	-0.9643487244309286
0.004194704602777783	-3.2064915900478588	-1.1559123678962067
0.005226219516119681	-2.548281621751396	-1.0089844002169939
0.00618662900490859	-2.7924593682856256	-1.1706767081937888
0.00707754406493232	-3.1304999047101174	-1.1423041744832751
0.007864667262041807	-3.15539576368874	-1.2899344407162532
0.008482252879709603	-2.7991898871141294	-1.1782683443919493
0.008906679716705636	-2.858462873847142	-1.1401756849463407
0.00914481378449005	-2.6707850755674993	-1.1319421166483152
0.009210300831764186	-2.6778425818780005	-1.1385110656210542
0.009147920494994344	-2.6379424458013565	-1.122559729253983
0.009023798575274645	-2.6317101968750722	-1.124182455677388
0.008846303770500337	-2.8672412492152306	-1.1358631693748622
0.008581782637234279	-2.8232762877773716	-1.162102475869724
0.008206295876828616	-3.226457909522638	-1.1664755924847174
0.007702900774131213	-2.5591896289784164	-1.016406988137673
0.007055104745939538	-3.0122574376513587	-0.3817772619135487
0.006255828223274911	-2.889871810295634	-0.38311580857353605
0.005315595662524018	-3.0238223229477494	-0.39080876665531494
0.004273961705545988	-2.9468885706526255	-0.5598476142998108
0.0031951963553609147	-2.858274741023852	-0.5591357691066235
0.0021613815107097926	-2.64566723719654	-0.6997453023022598
0.0012595005867685385	-2.631216801379379	-0.6769525235202166
0.0005422335198473158	-2.7253006957596133	-0.6142437497243586
2364944175381467e-21	-2.91037690469744	-0.5022873613820583
-0.0003971672732719766	-2.679847459672627	-0.6415527256569092
-0.0006901663962276972	-2.5930427255825417	-0.781234511447699
-0.0009000952739851627	-2.610390948212496	-0.7700977315898273
-0.001043568123749717	-2.6751344857886536	-0.6457612830192263
-0.0011336035538101873	-2.9566075385202684	-0.5172508851282006
-0.0011571848167828865	-2.849280610237602	-0.5601072802375789
-0.001170822686993948	-2.8506765751010663	-0.5494968986587518
-0.0011582107171534337	-2.8528157309788718	-0.5537281779093548
-0.00112487583593863	-2.972958767433398	-0.5589137190231357
-0.0010750119575725133	-2.863714541572467	-0.5594459836831925
-0.0010126012529427311	-2.885524488614466	-0.5938728380477691
-0.0009418114924579207	-2.9389157232686127	-0.5755217785949015
-0.0008667262125135865	-2.911502169981623	-0.5123356527758915
-0.0007910910968476764	-2.874570696497443	-0.39080481503593906
-0.0007181711884043963	-2.8279018543112	-0.34881282293084565
-0.0006506804122103933	-2.8259429718412807	-0.3336050671843293
-0.0005907637289146502	-2.790225677433112	-0.3259410819379005
-0.0005400259481990327	-2.7851238705811756	-0.39272344864497327
-0.0004996021290308208	-2.778921727793282	-0.3903960000006624
-0.00047026866737964745	-2.770261531454239	-0.3678935055634038
-0.00045257670808071353	-2.787157024794846	-0.3199929719033168
-0.0004469459199081885	-2.8303356848132113	-0.2938355412276277
-0.00045358277929278233	-2.8480431922130003	-0.29100109822646597
-0.0004721195226688509	-2.8555371822536832	-0.29111417357206837
-0.0005011180308118098	-2.859410570518901	-0.29115832733508057
-0.0005378220435216744	-2.860006417147439	-0.29171533831866364
-0.0005783896060299852	-2.857637167581646	-0.29287239777167995
-0.0006182261323490895	-2.852896149102101	-0.29422270577241577
-0.0006518923545256357	-2.846448297188436	-0.29522254309825635
-0.0006729273418893678	-2.8387068503932347	-0.2960878185718134
-0.000674632745063972	-2.830172116521457	-0.29820175862694437
-0.0006518972874282481	-2.823974935589087	-0.3010404281029421
-0.0006017470536777893	-2.825019960121732	-0.30186509632302544
-0.0005233664058268486	-2.834181384569271	-0.30235151041339436
-0.00042098124880470336	-2.849765223582109	-0.30478121861259283
-0.0003030560405458769	-2.8699717756631893	-0.3019153777159006
-0.00017860287060770565	-2.8919390284726654	-0.2957812170126925
-56572425166561205e-21	-2.916697067061158	-0.283780114311487
57118061050551866e-21	-2.937554266116497	-0.27087118739086863
0.00016142912667732254	-2.95472626359333	-0.25957182771382803
0.00025640014343837787	-2.9691796969505724	-0.24895569725199948
0.0003422200559681267	-2.9814320601076556	-0.23850869115322054
0.000421063376085681	-2.9918547260198824	-0.2279691184295407
0.0005014848514597759	-3.0007408405430267	-0.21717914901673324
0.0005931855060035511	-3.0082930007309168	-0.20601828372764577
0.0006990972345899196	-3.0145676698531645	-0.19443171894140626
0.0008091362845320162	-3.019406273820447	-0.1825665293580885
0.000916251014894667	-3.022455739523115	-0.17095005026555748
0.0010192179065590928	-3.023452220214172	-0.16048176564964542
0.001117953237374316	-3.022660501956502	-0.15196397452607402
0.0012065343732823124	-3.020800122006452	-0.1455287638052769
0.0012789587830181197	-3.018494048745925	-0.14071344464608185
0.001338966971997793	-3.016047001485033	-0.13686256583687023
0.0013956109487665495	-3.013541026246799	-0.1332927788281388
0.0014514504861144533	-3.010933675616566	-0.1292091896773616
0.0015139294205663667	-3.0081200292207284	-0.12344153923655594
0.0015629840910963682	-3.0051464590495516	-0.11401997455403354
0.0015950536532513414	-3.0025738090164413	-0.09879246752304521
0.0015827186491526592	-3.0003738077453836	-0.08012023516029185
0.0015480095532407463	-3.0004128306945548	-0.06376932040905213
0.001570003369662181	-3.0054705869639404	-0.04871146810616677
0.0016635943960735314	-3.0123881593233928	-0.03291923474036096
0.0017407221227623776	-3.0162930481073973	-0.017547996773442768
0.0017832092922454095	-3.015042793574563	-0.0060834010997608415
0.0018081435662418107	-3.011025888568192	-4775226209962052e-21
0.001838493961570704	-3.006522757096963	0.0022423758987146557
0.0018725859614032695	-3.0020049373436315	0.0022863962922762106
0.0019105097605399868	-2.99729116850148	0.001521073783634838
0.001954932370456259	-2.9928492729853486	0.0020946336427014353
0.0016089783090272476	-2.990193360625172	0.006170530448536846
0.0018704497555181222	-2.9914621098725287	0.016925031618409015
0.0017511597417101806	-2.9972629337189423	0.03571688839124281
0.001529863183003925	-2.997682107038397	0.04801471459608465
0.001915498576327794	-2.994868987622862	0.05222643453131201
0.0016591253031611637	-2.9910313318537503	0.0509459676777965
0.0017123473251045135	-2.987555329208182	0.04511951896187526
0.0017468715972780366	-2.9853517807252796	0.03763335285284176
0.0017655188853061387	-2.983212245738247	0.03185235995890323
0.0005663660375603094	-2.981097974376527	0.02919524298397317
0.0018172103564002213	-2.9796126102346956	0.03664463541554495
0.0005902179471476357	-3.0046439296392844	0.07514751331164514
0.0005919460426149187	-3.0729756329330264	0.1390328303590324
0.0005893505500091255	-3.07707173780205	0.16635953124778377
0.0005843120972468871	-3.093910600480008	0.17724898283753948
0.0005762119716126914	-3.105038355423177	0.18689908260139415
0.000581834488401855	-3.108970527609978	0.19412397053026575
0.0006015117825668119	-3.1088382084992157	0.19864375141251206
0.0006111843596492784	-3.1091936474476323	0.2021716962514506
0.0006422531424903738	-3.112089395728072	0.2061630178848937
0.0006799417243911808	-3.117294603043146	0.21103879619241034
0.0006969740037233827	-3.1245026209257625	0.2166109698642748
0.0006749057445124165	-3.134209837171715	0.22263866699660106
0.0005565201808346953	-3.147452576443481	0.22899413833666618
0.00038020730662291925	-3.1653080478458	0.23533215252542178
0.00019006816840407578	-3.18812453302813	0.24114888238624396
-39311749875982805e-21	-3.215231336982363	0.24609350405297012
-0.00033314545145732635	-3.24529246281058	0.2508585758959846
-0.0006793342269992985	-3.2884075147470337	0.255656667054924
-0.0010951434366947138	-3.333985962336892	0.24811376706695107
-0.0015922679656240675	-3.4171183027469723	0.2248608337927969
-0.0021821534877662398	-3.509309723893828	0.17904899737901375
-0.0028831067017444324	-3.4254103713905684	-0.03366324969340438
-0.003711565530133752	-3.4530543426076603	-0.05984935464541227
-0.004663994523249554	-3.4084809759941015	-0.056135397487557886
-0.005752624592983481	-3.308941788775712	0.04042923660397853
-0.0070902657421605675	-3.2748253443888142	0.022807839301771465
-0.008532181560586154	-3.4775930323591626	0.056962281189860894
-0.00992437189736099	-3.4179101243559025	-0.00781053388223234
-0.010985811657502207	-3.4792413893713805	0.01440165921499649
-0.011662103737127002	-3.380533848119606	0.23411824315174787
-0.012127296257977684	-3.246238766861756	-0.0001965030877076378
-0.012748449221445544	-3.379531901890795	0.009280539835357772
-0.013445200804569818	-3.3562182228057558	0.08785226925941499
-0.014100723357537584	-3.401337952327339	0.07526918821969628
-0.01508823222608289	-3.3868453076612144	0.05991957083071066
-0.016000516245560006	-3.371143416788399	0.04674347307023682
-0.016575955539596406	-3.244916306773105	-0.05180677873241142
-0.01745266131274627	-3.34972889512991	0.05661894485156091
-0.01798623976081426	-3.3491624180567623	0.06727664465814734
-0.018814624140369673	-3.563703023401998	0.23857205613063548
-0.01970409195051629	-3.5577204168081678	0.15418794633446722
-0.020471358506368505	-3.3937904635463223	0.0008652469040675897
-0.021497553328629283	-3.422517280700125	0.03880202916928945
-0.022230194504565724	-3.4533796743198946	0.05400865071850084
-0.022183329094711775	-3.2515985392742865	0.022629939262395673
-0.022260041918863382	-3.4321450872389567	0.07212008649983895
-0.02279771180156822	-3.5821544131809144	0.22384613424926098
-0.024220991655883737	-3.2888224300238145	0.23026467240099197
-0.02372152814315258	-3.304189911226094	0.1844348961201467
-0.02319726038409703	-3.3569642784315614	0.02424159579347447
-0.02190814862581387	-3.5442735795990563	0.0648299094824516
-0.021218481963481292	-3.4636519485515924	0.01533817773999524
-0.020764718087698718	-3.543849238548216	0.07390112514821903
-0.02025549698268058	-3.57789260381798	0.22942146786598674
-0.019709062288463378	-3.4930046936285715	0.033472025523827914
-0.01918370976733048	-3.220592682408224	0.12940679647160602
-0.018991054525540334	-3.425716846819424	0.12354745382340847
-0.01876522613191458	-3.366355410526988	0.17438423160376237
-0.0185682615856618	-3.4347014373873033	0.10928037360291157
-0.018240525517307354	-3.3782073833590096	0.16186319475282815
-0.018199210045196743	-3.453476285316853	0.033483447390790996
-0.01834454076493171	-3.472034736367876	0.09677256155091589
-0.01838659347764969	-3.26311301878963	0.06284862338159798
-0.01810614049667489	-3.3747072377652736	0.10627608074060524
-0.017616095164299118	-3.2920729327572023	0.07103479845306816
-0.017395706539849565	-3.367067388838513	0.13640201047826933
-0.017762419825757037	-3.332189360660898	0.1286119227817891
-0.01860718651847923	-3.3654998535512584	0.12478916387177091
-0.019387429152298914	-3.2277299508009665	-0.01249592807708914
-0.019418494721904156	-3.3061220354915974	0.10098650631941586
-0.01895885724020186	-3.3561213910045313	0.10750636081775775
-0.018351475938953418	-3.3655264381395873	-0.12541837454982363
-0.0174479068482879	-3.391600284332043	-0.07778723289333098
-0.016757686743908234	-3.3622481100822257	-0.09544017729076451
-0.01637621804897322	-3.3687042856485654	-0.08988560555818122
-0.01609400920710643	-3.357712718503872	-0.07873820043802988
-0.01583649739370581	-3.4167228963916947	-0.14010646892571593
-0.015589332306071214	-3.3980311584830627	-0.12348664066490697
-0.01540393936953573	-3.3923542115163148	-0.09804183729455793
-0.015291916971608319	-3.3471756298287203	-0.0636844377124361
-0.015215135479594941	-3.4225232535024976	-0.15181108747080024
-0.015129040427399973	-3.5595644643904927	-0.13984493276549123
-0.015009894445506967	-3.6254633816300457	-0.16222954599974893
-0.014870854532829256	-3.666509341789084	-0.2035917766204299
-0.01473873981770621	-3.6769685131110346	-0.2572071594133128
-0.014630994145202202	-3.6620779768323986	-0.2975224700396853
-0.014564431228862142	-3.620290016619622	-0.3082264844559142
-0.014571275642549326	-3.5828177612072025	-0.2984611446925094
-0.014687137075245708	-3.572942598912113	-0.24547409938924022
-0.01492255203193306	-3.5902659038019338	-0.21174828808039298
-0.015261934100797903	-3.635160327827913	-0.2402192283491009
-0.015702443797375305	-3.6205743446627494	-0.275732390389531
-0.016255058959379048	-3.5960337416071355	-0.25640015961723944
-0.016899548957166305	-3.6044861525746708	-0.24652108674100814
-0.017611671926546228	-3.6162619949482626	-0.2507736138332369
-0.01837673280321149	-3.613770875858798	-0.22796717052883345
-0.0191093713087835	-3.575671364666558	-0.2588060882126607
-0.019637240175177914	-3.618531855018099	-0.28971708215725245
-0.019862088738362312	-3.650534125251651	-0.257468428549752
-0.019834824656996118	-3.6217390126990163	-0.20069653885982203
-0.019647564744237962	-3.5573048491642423	-0.20608737225577894
-0.01940176693123203	-3.529687631656686	-0.23314554279078356
-0.01924856537672345	-3.5518949792836194	-0.2870201299021779
-0.019191530940208396	-3.6366106280148904	-0.34701425033032895
-0.018728780998931764	-3.6969709207852794	-0.3343754334914693
-0.017211896680404678	-3.72981086258328	-0.2782405926954109
-0.015186619680076051	-3.7529216700708705	-0.2210499729282936
-0.013538925154898513	-3.7720824427044883	-0.16877215333472065
-0.012495032171399629	-3.8019216969614456	-0.11245572440554313
-0.011817045809011967	-3.834490164338597	-0.07743007952792179
-0.011334419240097121	-3.864386804620772	-0.05546810517572185
-0.010943012863371694	-3.892240994458698	-0.03995331640019439
-0.010581872354959991	-3.9191515916791277	-0.02731756045783322
-0.010220448832993676	-3.9444917189672704	-0.017615750113772623
-0.009830927340249174	-3.9669777827965538	-0.011477684773318888
-0.009460904937277807	-3.9864759370252494	-0.008122663052661377
-0.009183565717840684	-4.003672971492413	-0.006513849358852872
-0.009014708656364497	-4.019286078507706	-0.005966035479077916
-0.00893827807186678	-4.0339408742199305	-0.006020204625414831
-0.008934366684857354	-4.048263812832467	-0.006395782681177979
-0.009003556630690683	-4.062687608954784	-0.007232198830429303
-0.009134612589117599	-4.076512485737703	-0.009547960027183304
-0.009339598268802724	-4.086981017201027	-0.01420615551835902
-0.009604956390123634	-4.092440135559412	-0.019586849396927657
-0.009868842442818025	-4.094511955444793	-0.024264861320735062
-0.01003978142786023	-4.095587827413448	-0.028582561630133556
-0.010149056798839035	-4.097937031538512	-0.033312001015449615
-0.010261388329261914	-4.103636193778398	-0.03852457863894967
-0.010415229426811414	-4.113144623654282	-0.04307436620418667
-0.010646110912993957	-4.123411546554156	-0.04671264112872916
-0.010927933268339135	-4.131425769463515	-0.05037127233004548
-0.011166170768208352	-4.137389730554196	-0.05417835474848723
-0.011263152734981963	-4.143183946482843	-0.05797059476111755
-0.011269321000044161	-4.15084572615058	-0.061245769313561994
-0.011222836988606594	-4.161481306658341	-0.06278266862106435
-0.011163018324029519	-4.174230171299373	-0.06181071985377066
-0.011209610990656895	-4.1871816082955045	-0.05949856590457174
-0.011359934875820751	-4.198992274576466	-0.05764219562012793
-0.011564565135512295	-4.209214161597604	-0.05697916599033368
-0.011782030114319789	-4.218174179752931	-0.05723594603625702
-0.011992295974782168	-4.226643140153402	-0.05778949872981145
-0.01218625076019016	-4.2355026875749315	-0.057950318342319736
-0.012322297846801198	-4.245518605823219	-0.056988660607598475
-0.01238856835925541	-4.25708441066653	-0.05431508083231972
-0.01241766951012243	-4.270035216995657	-0.04995565922641843
-0.012404870521766519	-4.283804806108506	-0.0447281049247979
-0.012294238452267441	-4.297791876078561	-0.039610584036583706
-0.012086128830535453	-4.311588489157431	-0.03515337792238571
-0.011851503363040375	-4.324986264449753	-0.03150745914094264
-0.011641859936892523	-4.33790381495464	-0.02863616338203124
-0.011473548059902144	-4.350342163684676	-0.02642348631761709
-0.01135263175157298	-4.3623524881073	-0.024721164606326434
-0.011279871184633788	-4.374001088485896	-0.023380979249349967
-0.011254014225668418	-4.385350349237206	-0.02226921065481298
-0.011270126158919647	-4.3964585222547985	-0.021265651156004844
-0.011316731901140272	-4.407384156878298	-0.020258987936236816
-0.011377514282176777	-4.418185098666127	-0.019147303760343383
-0.011439726157881254	-4.42891186812984	-0.017845870865106587
-0.011498740488815787	-4.4396008841634	-0.01629711010240671
-0.011551288096511061	-4.450271065800749	-0.014474381338627166
-0.011587238115215084	-4.460921887659609	-0.012375330272766098
-0.011592824506517673	-4.471528646310576	-0.01000723826226553
-0.011561191662561005	-4.482033669145184	-0.007371406180563714
-0.011499178402396098	-4.492351557074108	-0.004479009656862038
