#y=-1.2246467991473532e-16 
#strength 	x-position 	z-position 
-10172121304996562e-26	-0.22800777181832974	0.26735985692002817
-9755496757635207e-27	-0.23805916720639472	0.26867653480958525
-2323068820642149e-26	-0.2481538099145585	0.2699955615077629
-3247691525432028e-26	-0.2582926923317063	0.2713166319711139
-37476514946899186e-27	-0.26847683624909763	0.2726394221769241
-4306339312920571e-26	-0.2787072939126164	0.27396358927007247
-5023242759250035e-26	-0.2889851492232042	0.27528877046161426
-5889188268992651e-26	-0.2993115189355705	0.27661458170503717
-6911882177718098e-26	-0.3096875539132751	0.2779406165297779
-8122054417913915e-26	-0.320114440450147	0.2792664448285199
-9552878453555902e-26	-0.33059340165641277	0.2805916115543911
-11244932415777065e-26	-0.3411256989123108	0.2819156353344197
-13240196612696042e-26	-0.35171263339358194	0.28323800699814955
-15600641785351588e-26	-0.3623555476733234	0.28455818801533117
-18380292600428394e-26	-0.3730558274049079	0.28587560883471447
-21664786631347965e-26	-0.38381490309100286	0.28718966711752025
-2553761785373254e-25	-0.3946342519441018	0.2884997258577391
-3010791442548122e-25	-0.4055153998443811	0.2898051113804588
-3549492956500533e-25	-0.416459923401183	0.29110511120947385
-4185528330175048e-25	-0.4274694521248628	0.29239897179413366
-4934894402841561e-25	-0.4385456707162972	0.293685896083914
-5819606654217102e-25	-0.4496903214818883	0.2949650409399418
-6862646614175238e-25	-0.4609052068825666	0.2962355143701462
-8093395693214989e-25	-0.47219219222587	0.2974963725739934
-9543963310626458e-25	-0.4835532085110944	0.2987466167810083
-11255641453600251e-25	-0.49499025543830016	0.2999851898661936
-13274090281817363e-25	-0.5065054045926477	0.3012109727243297
-15654778272311543e-25	-0.5181008028167248	0.30242278038253206
-18462625230725171e-25	-0.5297786757844991	0.30361935782963734
-21773917929096553e-25	-0.5415413317919195	0.30479937553608594
-25679677325557426e-25	-0.5533911657801426	0.3059614246389225
-30285836893906293e-25	-0.5653306636090409	0.307104011761349
-3571818970801721e-24	-0.5773624066002334	0.3082255534338625
-4212560215585692e-24	-0.5894890763704649	0.30932437008124797
-496818302990476e-23	-0.6017134599783057	0.3103986795339278
-5859443879749349e-24	-0.6140384554089992	0.3114465900204818
-6910535858828393e-24	-0.626467077424921	0.31246609259068825
-8150196470838034e-24	-0.6390024638115692	0.31345505291366255
-9612229418670681e-24	-0.6516478820520574	0.31441120238981546
-11336570951078762e-24	-0.6644067364662144	0.31533212850751235
-13370226341000158e-24	-0.6772825758538971	0.316215264368331
-15768739666452425e-24	-0.6902791016864462	0.3170578772944724
-18597492299626817e-24	-0.7034001768945138	0.31785705642138645
-21933727927664348e-24	-0.7166498353056241	0.3186096991669926
-2586844774672692e-23	-0.7300322917904437	0.31931249645537435
-3050904070871219e-23	-0.7435519531830549	0.31996191655684153
-35982095606887365e-24	-0.75721343004784	0.32055418738816993
-42437053524024826e-24	-0.7710215493734198	0.3210852770965682
-5004988049527037e-23	-0.7849813682833271	0.32155087272615984
-590284549226161e-22	-0.7990981888636112	0.32194635673811567
-6961772457472759e-23	-0.8133775742189119	0.32226678112428864
-8210659266198739e-23	-0.8278253658819431	0.32250683881657
-9683589388687075e-23	-0.8424477027166623	0.3226608320502249
-11420748837961958e-23	-0.8572510414727819	0.3227226372882079
-13469544069173722e-23	-0.8722421791686955	0.3226856662555023
-15885873622806246e-23	-0.887428277502977	0.32254282256131855
-18735673547147502e-23	-0.902816889520837	0.32228645330429373
-2209669972136341e-22	-0.9184159887920059	0.32190829495822065
-26060663509824833e-23	-0.9342340013916486	0.3213994127196803
-3073572724283935e-22	-0.9502798410161978	0.3207501323613008
-36249441880131794e-23	-0.9665629476134329	0.31994996346846766
-4275226294942619e-22	-0.9830933299613474	0.3189875127372394
-504216081522596e-21	-0.999881612694604	0.3178503857734237
-5946674456747125e-22	-1.0169390883528975	0.3165250755420262
-7013445041184618e-22	-1.034277775114697	0.31499683526267336
-8271578384351497e-22	-1.0519104809852713	0.3132495331138489
-9755401327495722e-22	-1.0698508753317084	0.31126548557753764
-11505394580391126e-22	-1.088113568804958	0.3090252656033161
-13569302655686705e-22	-1.1067142028648203	0.3065074809485448
-16003429584212497e-22	-1.1256695503324043	0.3036885170348884
-18874179058183532e-22	-1.1449976286427215	0.30054223737794905
-22259858929955106e-22	-1.1647178277678187	0.2970396330172492
-26252822318464236e-22	-1.1848510551354952	0.29314841029439054
-30961978178742355e-22	-1.2054199002889912	0.28883250365928975
-3651575980046992e-21	-1.2264488225322674	0.2840514967232812
-430656228083727e-20	-1.2479643653949786	0.27875993023641665
-5079016855405807e-21	-1.2699954024333757	0.272906469690059
-59900002958857e-19	-1.2925734196584977	0.2664328972735344
-7064346496181775e-21	-1.3157328407333768	0.2592728821662424
-8331337442758074e-21	-1.3395114019500833	0.25135046850260806
-9825499013130928e-21	-1.3639505847574616	0.2425782001375059
-11587537547748036e-21	-1.3890961139919262	0.23285477310270608
-1366544371883896e-20	-1.4149985294364054	0.2220620665909724
-16115792124057893e-21	-1.441713835836524	0.21006134560705783
-19005271425636197e-21	-1.469304229937051	0.19668834393210446
-224124849130692e-19	-1.4978388882637528	0.18174680999632412
-26430068966519157e-21	-1.5273947676739283	0.1649999064354466
-3116718392698163e-20	-1.55805730404331	0.14615855586802579
-3675244168648874e-20	-1.5899207532998627	0.12486535102344626
-4333734404312131e-20	-1.6230876126680869	0.10067187499323088
-5110031803271485e-20	-1.6576658679899539	0.07300599366996348
-60251447361964194e-21	-1.6937611605502725	0.04112352811058119
-7103801483077446e-20	-1.7314567282753361	0.004035205073731807
-8375098542592538e-20	-1.7707621354638088	-0.03960488291978177
-9873257911543511e-20	-1.8114758815396206	-0.09166138064145833
-0.00011638510025616458	-1.8527989739060209	-0.1546728029258467
-0.00013718120988795088	-1.8923615265769638	-0.2314557123817756
-0.00016167584571447416	-1.9255570280175882	-0.32200212947815876
-0.000190520011428991	-1.9528273609917324	-0.42259950341690916
-0.00022447666778638818	-1.976196969876401	-0.5424108151802692
-0.0002644389638037977	-1.980755102332829	-0.6880273498180055
-0.00031145103400726133	-1.9499667424001703	-0.8449355886390207
-0.00036673156281036637	-1.8708010134108255	-0.9803995699366871
-0.00043170025545298356	-1.7943418921346335	-1.0650583578791077
-0.0005080072569722312	-1.6968423167266165	-1.1365487000916856
-0.0005975654004446752	-1.4973558430988432	-1.1234808415912958
-0.0007025849275539356	-1.3621794668409493	-1.0303744494246359
-0.0008256099752200364	-1.2827380172597327	-0.9123893767809638
-0.0009695556378948519	-1.225026633011504	-0.7997443005692715
-0.001137743746096969	-1.2402771453182246	-0.5984112067746047
-0.0013339346211991114	-1.2153547024258395	-0.5139772759509965
-0.001562350928124399	-1.1686516442203743	-0.4966123252897663
-0.0018276883331070307	-1.8305557681499454	-0.6094935114853671
-0.002135105991050693	-1.7660561324338169	-0.27048807848796247
-0.0024901879954191313	-1.768314197772895	-0.41011519893628146
-0.0028988649825342017	-1.8286352549606055	-0.9375450410386412
-0.0033672833805578296	-1.411397876715732	-0.5630553753945654
-0.0039016088105313295	-1.788713816189816	-0.7365608944764219
-0.0045077505909368815	-1.5348506568118878	-0.4975219179688414
-0.005190997107908389	-1.609699863929177	-0.7861311748740328
-0.005955558089784762	-1.5844053637658604	-0.7065165246015351
-0.00680402061783982	-1.5021996828458564	-0.7805141769012853
-0.007736741612748248	-1.4596217389092718	-1.0124510945646712
-0.008751220097621673	-1.421776760842373	-0.624356812232877
-0.009841515493873325	-1.55809253952629	-0.757311632185212
-0.010997798896591747	-1.5220587388187814	-0.7076327084241938
-0.012206135646553323	-1.4909443395310413	-0.6819079425622081
-0.013448591342013521	-1.5660405417050032	-0.7872765494870997
-0.014703723200526216	-1.5237453816177433	-0.7354226103819141
-0.015947463827878088	-1.4695400126877713	-0.786842151183295
-0.017154334322925045	-1.5776134951858338	-0.8114419094635954
-0.018298858119933332	-1.6012427715093158	-0.7573916672766928
-0.01935701052985679	-1.5452978851214152	-0.6163383725665096
-0.020307548006713114	-1.567697803406134	-0.7268848862900512
-0.021133110545123356	-1.4630821741968798	-0.7464927534548442
-0.021821050954048068	-1.3939837852857935	-0.7310799118809485
-0.022363979418439393	-1.3794327357681773	-0.8811608031505437
-0.022760005767990837	-1.3836035832134663	-0.923345475670938
-0.02301263774705244	-1.5982852255751974	-0.8551487582160616
-0.023130294137427704	-1.4484746008569345	-0.8340677490785612
-0.02312544097078495	-1.7574901350607566	-0.800794594063135
-0.023013439467843674	-1.7455221056837524	-0.7575321728121687
-0.02281126114056187	-1.6515696216615392	-0.7747315183362147
-0.023630178987729393	-1.663566197909092	-0.8123579482744904
-0.022929157038651504	-1.6560342529644203	-0.7301117819458097
-0.022660494562338086	-1.5245459969674615	-0.6710883735225478
-0.022249476746957167	-1.3810838274282726	-0.6449312845229352
-0.0219165806148583	-1.3965170717956774	-0.6893261900355736
-0.021550898975740883	-1.4063462551965602	-0.8410650564884515
-0.021175052709017234	-1.5268725370649994	-0.8455596333727443
-0.020704530111087846	-1.427464113786066	-0.7690172402906923
-0.02033980282436904	-1.7053662371075096	-0.8492259161781589
-0.019977370558826466	-1.5072616043669504	-0.8715973137691946
-0.01963390711486903	-1.6498486819931313	-0.8297843028656625
-0.019314914269284087	-1.7006716600205598	-0.7434127048057669
-0.019018741369481097	-1.6117126648931652	-0.6762820865476178
-0.018742307336919537	-1.6091638183891108	-0.6261981331893852
-0.018484131652488387	-1.5622599389828378	-0.5537839407878835
-0.018243251568719566	-1.5760003958875448	-0.6682509549335904
-0.01801625006272619	-1.4905951166322482	-0.6207125655223971
-0.017812323544184328	-1.449725390695615	-0.6751258978959845
-0.017609878928709112	-1.4251338642984988	-0.7005620302350734
-0.017443155287484906	-1.7007211497302719	-0.8867481878979543
-0.017269916367299243	-1.4447601793190554	-0.9075233605738124
-0.01708150305524355	-1.432892295866511	-0.9455666862366252
-0.016947344212632977	-1.4893286429884325	-0.9097025078748692
-0.01681592858484428	-1.755604931552814	-0.8837506607592419
-0.01668894485687581	-1.5819678716904242	-0.8760211230795133
-0.016581577413566063	-1.5231857010456227	-0.7950449466199521
-0.01647963003560867	-1.488481790735497	-0.8287300432214546
-0.01637722593981225	-1.5218443222937101	-0.47895661238984244
-0.016298519019620143	-1.4611856033408739	-0.4756191993244582
-0.016212566709233135	-1.4326644592659792	-0.4495477626215144
-0.016141116258816417	-1.428354976285002	-0.5217898404987321
-0.016074435165598987	-1.3863795269624786	-0.5167213896457133
-0.01600816654324185	-1.4399191244853553	-0.635914105579056
-0.01595994794564843	-1.321486216683405	-0.5783568784855754
-0.015905249578518514	-1.3388234310771912	-0.5754214525447934
-0.01585615255068567	-1.5193248190543727	-0.5911510977165352
-0.015817356688843726	-1.327571236477428	-0.6220610958891989
-0.01577315686351761	-1.3332434112666627	-0.7648229464822514
-0.01574144779161224	-1.3788462192408588	-0.8338237395197
-0.0157142473110497	-1.6904592787207329	-0.9674039188808929
-0.015681870261896866	-1.6413533894501435	-0.9389382563674659
-0.015660043526515333	-1.7132717512237972	-0.9778784217736098
-0.01563725124688864	-1.341995225415018	-0.9063911206491276
-0.015605908320339205	-1.57832736078954	-0.5954837032285818
-0.0155881873632134	-1.827756472546587	-0.8046998684416219
-0.015583333580536613	-1.7772479636900973	-0.4058521376022552
-0.01556791619288016	-1.8059369725912255	-0.35926584625364544
-0.015550455066079688	-1.804558794445939	-0.3665427236308755
-0.015546566801439551	-1.8512677378607258	-0.6693423109223605
-0.015507739326626609	-1.7584040756901187	-0.3999057859072538
-0.015494179302944285	-1.6270070226536906	-0.9066310590394235
-0.01548595410622797	-1.8148317378873182	-0.6476598175534123
-0.01548662400364495	-1.4790652373051294	-0.4252937134777789
-0.015480888423626597	-1.4561907217177827	-0.38063642997122976
-0.015474979470427218	-1.6498261127843243	-0.6112438928949304
-0.015478099147964577	-1.6016263779131563	-0.5007401617158868
-0.015480095361249193	-1.6408696808952035	-0.6108639846042058
-0.015478670557737526	-1.4756330444487875	-0.3932181357293129
-0.015482923208683858	-1.6353183276175662	-0.5519775850348418
-0.015489623048861829	-1.6327966169761632	-0.5350810168720039
-0.01549311814812137	-1.2359225817611974	-0.4383836505568619
-0.015499122011123466	-1.1348228284263548	-0.45669796016890146
-0.01550927611630597	-1.6296338401901942	-0.4935754428857306
-0.015517650438872193	-1.6523752618159835	-0.6739196947508203
-0.015525211017825334	-1.2326969308441533	-0.4363177067771926
-0.015536482640588852	-1.256505073137321	-0.468820484024905
-0.015549175556482482	-1.1215278477776445	-0.8085479781025772
-0.015560335336281806	-1.0789320095245207	-0.8399713324085321
-0.015572306864321022	-1.1176018531105931	-0.8427170474637359
-0.015586416932031114	-1.1093257776589875	-0.7962271575628064
-0.015600458494333903	-1.1447446156338343	-0.8155644991702566
-0.015614068120308196	-1.287908230442006	-1.2523713641683973
-0.015629033837830743	-1.3310912032516806	-1.252427356167945
-0.015644993228767466	-1.2935917000280353	-1.2729233456370355
-0.015660188960084385	-1.306295157617529	-1.2169422579151652
-0.015674909299957927	-1.2965579264303666	-1.1820819537645324
-0.01569044887708935	-1.324973989698021	-1.2137147348663453
-0.01570638440481551	-1.704144638445966	-1.6954139907574033
-0.01572140956437069	-1.75168160287691	-1.8172408669262918
-0.015735351239948618	-1.595155666344849	-1.6098546560147906
-0.01574863431465789	-1.6798869129829592	-1.702176615179678
-0.015760921658929866	-1.7242678509199887	-1.7549416591226512
-0.015771407093427572	-1.734274505149808	-1.726366822050064
-0.01577961827953521	-1.6528489454409545	-1.6061911290758062
-0.01578522418301139	-1.813096244390674	-1.6969868045006347
-0.015787579662221794	-1.6736894631819625	-1.6291986413361261
-0.015785835435217464	-1.710201052209033	-1.771472465780211
-0.015779137398723983	-1.7187932414795797	-1.6769966318762701
-0.015766495400430167	-1.7569498760709612	-1.7688647908045427
-0.01574664329667564	-1.6039407263518997	-1.6021957069066903
-0.015718101345503516	-1.6767718996766137	-1.607245657051964
-0.015679223000159698	-1.8039928364523625	-1.740044640362891
-0.015628105243938234	-1.7751863727973718	-1.6858898773666493
-0.015562495013793733	-1.9013805136801885	-1.8704583964518393
-0.015479768135365151	-1.6518487907221173	-1.6296069721191468
-0.015376915101557262	-1.7962354253091022	-1.8051731877416237
-0.0152504942810065	-1.7887935244765274	-1.8394205280930684
-0.015096585204658047	-1.787676059312561	-1.72696378678866
-0.014910759729998103	-1.824449059724506	-1.7531699471422864
-0.014688056365559943	-1.8977067508100312	-1.8508401731148838
-0.014412167260096469	-1.7667069874660706	-1.7062051733460293
-0.014099743619264957	-1.808235226405666	-1.834040268368769
-0.01373066848534813	-1.7056132162959081	-1.7347321951092132
-0.013299463119441907	-1.5793252157035276	-1.6475166693834833
-0.012799757007347935	-1.667889639499818	-1.6538610824944895
-0.012224557008612955	-1.691642190619083	-1.5771377592758178
-0.011567422747850598	-1.7138557058977542	-1.9446786415023196
-0.010822938851147282	-1.925129443553174	-2.026364808440121
-0.00998729713404389	-2.0609335251865626	-2.0533690619476346
-0.0090590240477836	-2.1820221643530853	-2.0629006817646856
-0.008039761938050217	-2.2938234381125144	-2.0634015398198797
-0.006935076118873691	-2.4007357499480295	-2.056897700115404
-0.005755223690339137	-2.505786667295542	-2.043447721253269
-0.004515741133528052	-2.610783874507282	-2.022730019909867
-0.003237653863283314	-2.7174406706342484	-1.9940520827124133
-0.0019471321082111005	-2.8287296026616287	-1.955939075603119
-0.0006745110421251931	-2.9531560665909	-1.9042234459341387
0.0005472976874798495	-3.1435923943484636	-1.8089491788442444
0.0016848991489612185	-3.1867951568718227	-1.560866021595066
0.0027068501266815778	-3.1726648367638934	-1.6804688368815588
0.0035861794497417995	-3.2151360006852836	-1.660018854927892
0.0043026144669793326	-3.1896632195770884	-1.7193353203666557
0.004844089246882877	-3.199884848259106	-1.6571405532085808
0.005207250230176184	-3.2067759981027213	-1.6402714442205424
0.005396960802162703	-3.18442559567182	-1.627071263391592
0.005425049985648183	-3.1895534359548363	-1.6473662809031877
0.005308607648662819	-3.179969712177473	-1.6424574394646685
0.005068061716411457	-3.1557399150757206	-1.6203821776490048
0.00472525235293397	-3.210432882949594	-1.651369771447993
0.004301770536780908	-3.2150087399705902	-1.6942248545156393
0.003817794523125486	-3.1752626362930654	-1.6681681460724267
0.003291448817416224	-3.165356948216239	-1.6264429243668432
0.0027384957744337212	-3.2365543121817675	-1.6692532599275722
0.0021721736140241617	-3.196918938525267	-1.746239544122316
0.0016031710318062773	-3.1474586728049485	-1.6319576308950905
0.0010398143964475614	-3.4642353286429897	-1.2527508412470552
0.0004884259735981403	-3.3924413569045884	-0.7914884556438789
-4631998259344017e-20	-3.1402961361794848	-0.6971819930065793
-0.000561155409880271	-2.893286647276041	-0.8357733283727602
-0.001054025187755863	-2.835805815788866	-0.7010185766369476
-0.0015238241286438525	-2.842094412986193	-0.9544646952372536
-0.001970077294180193	-3.2358810954986557	-1.0157977892082974
-0.0023926918119575695	-2.9088492317450783	-1.0455468046266456
-0.0027918443099351946	-2.972696037966385	-0.44172873142077795
-0.003167926135988673	-2.9617239009547047	-0.48638971967818573
-0.003521446663468028	-3.0543372134765767	-0.11651472300844436
-0.0038529024597195602	-3.052521116183946	-0.4595013028561528
-0.004162692816520613	-3.045077305702096	-0.4281314103114617
-0.0044511160158073135	-3.0197550629951992	-0.4660053336475783
-0.0047184016481784715	-2.698848379859204	-0.7062633995611173
-0.00496472052453619	-2.977782388695743	-0.4464719354812661
-0.005190158297792489	-3.0614747753161935	-0.4237656698927451
-0.005394688505512269	-3.0736904892772947	-0.4157530166032952
-0.005578196968187054	-3.0743723187311542	-0.41869633773337456
-0.005740564338295217	-3.038552141554826	-0.467469123550413
-0.005881742223587066	-3.030541908765332	-0.45107640210606886
-0.006001772862338379	-3.0410026048234453	-0.44538117726572546
-0.0061007992900331	-3.097301998892446	-0.4131202531304043
-0.006179116220972456	-3.0904446563883137	-0.367341309221847
-0.0062371972286824565	-3.049586774450651	-0.4376714483179848
-0.006275621255173497	-3.0954813556307457	-0.4161128190309464
-0.006294955703422407	-2.770914300327124	-0.5839294502148746
-0.006295688314702697	-3.07034770904212	-0.4736139838379938
-0.00627818748781616	-3.035768694632282	-0.47831585731001486
-0.0062426554345084515	-3.0270426087714775	-0.43986900002629853
-0.006189118872494395	-3.0380588339053536	-0.4036078425395984
-0.00611747599068585	-2.9753384949117643	-0.44482591099428004
-0.006027537497286737	-3.098981499224778	-0.4633403296701364
-0.005919018159321607	-3.0459492553037038	-0.3741599099738988
-0.00579146423044732	-3.016913042928395	-0.422012122342512
-0.005644054571999487	-2.9293132204082006	-0.5067569520866813
-0.005475298541873209	-3.033664775487906	-0.408204334594654
-0.005282456928588522	-3.022943322064453	-0.4375600187788927
-0.005060760611629961	-3.0507390115999113	-0.39498289921341245
-0.004802277294635634	-3.0365657177093257	-0.14657838613834395
-0.004494794958244893	-3.0908893898543157	-0.4000556595500927
-0.004121367148433632	-2.903338371682342	-1.100206658106967
-0.0036604746437072667	-3.0530999943039183	-0.3689601085947732
-0.0030895447642269773	-3.123994956908668	-0.24966576480186187
-0.002391330992259159	-3.02387967665164	-0.39360241241432126
-0.0015674145034294332	-2.9530030877053295	-0.4647424815525704
-0.0006554897953047669	-3.1218710055105516	-0.3170398802112575
0.0002700875117012166	-3.1585661614487073	-0.3743458788813767
0.0011272754511995591	-2.79664198327706	-0.5647016840248252
0.001869170584425513	-2.730167845113738	-0.6414594240121589
0.0025080641696304884	-3.0382843851001904	-0.43825863587118963
0.0031073279371455252	-2.7502060751249724	-0.6299299395111805
0.003753227123962297	-3.0447993919347476	-0.48481299528708993
0.004511619169088535	-2.9336785865894437	-0.5053094819355133
0.005375294318323787	-2.970377439587747	-0.45859926691120756
0.006274038985903073	-3.146663970907776	-0.3316639724047446
0.007096197035018296	-2.9807643007589872	-0.44721519466526904
0.0077461551709952	-2.843471938598969	-1.055026987631932
0.008213407641955604	-2.7005734735282236	-0.7360313033969141
0.00848656328727169	-2.7240120441494944	-0.8001889091989639
0.008550133898557301	-2.803236465416949	-0.8496894024792939
0.00842568695701839	-3.1477674634918964	-0.3414031631713018
0.008183839831495971	-2.9288346217468932	-1.1221720950041616
0.007875538697780174	-2.8457864910127255	-0.5263801229022474
0.00745667378406518	-2.7404146612606937	-0.616444029650084
0.0068567946246223255	-2.960822946649045	-0.48430087088940976
0.006053130685630773	-3.0800675160170954	-0.3041994966899145
0.00509014885845545	-3.298949972147076	-0.9602014290008365
0.004050795878385215	-3.224945169140166	-0.8859728716024912
0.002989511283785916	-3.108406268639809	-0.852734961608295
0.001933785738588371	-3.1269569427226998	-0.8314192023234583
0.0009277798946638071	-3.0519439551017147	-0.8386305532928875
19083932412670545e-21	-3.0502646417344805	-0.8927960633191501
-0.0007697810962051468	-3.2093332480834253	-0.8245786163458189
-0.0014387783077868116	-3.0414192310123163	-1.0858286697960209
-0.002002169405006112	-3.3325279547929623	-1.0976606694047648
-0.0024775037348046987	-3.300549004178092	-1.1769985441135133
-0.002873087416736737	-3.300250636993511	-1.1346880772976753
-0.0031870238952767535	-3.296914967250519	-1.1729725793711212
-0.0034148906925885224	-3.3169507578479123	-1.0981219243626816
-0.0035555709423305566	-3.3404900093680796	-1.0900231471563868
-0.0036123071973238	-3.3101013144097595	-1.134075733536126
-0.0035915213531692207	-3.316834827932717	-1.1200010201414168
-0.0034966542452576016	-3.321970990042681	-1.1187863588896312
-0.0033476298795573015	-3.3248345979336658	-1.1172073560888396
-0.0031508567172736533	-3.3259046865029287	-1.1156833205096952
-0.0029181755845769115	-3.325985575701099	-1.1145752134506108
-0.002661478193181864	-3.3257121960288067	-1.113721600748354
-0.0023922578627819917	-3.325287917912879	-1.1129152436490732
-0.002121112122338153	-3.3244582998207335	-1.111940820120161
-0.0018573929013869662	-3.3222953411697014	-1.1107015119203583
-0.0016092404551144336	-3.31495281658474	-1.1150334296999795
-0.0013839338535230634	-3.306976148796907	-1.1388799438844328
-0.0011883805370737337	-3.310731887621816	-1.1398814087277334
-0.0010296591452138171	-3.3573882830072574	-1.1227396306546378
-0.0009156137550740146	-3.291481885054933	-1.2195912275159806
-0.0008553710349177377	-3.3076808462834784	-1.2201838293854008
-0.0008593651386452263	-3.311888551752403	-1.2148155528667515
-0.0009380965065667896	-3.296549265256087	-1.230654490492035
-0.0010984335675324353	-3.2943369795326065	-1.2267360990368148
-0.0013363674843079338	-3.303459483577126	-1.1475528896893676
-0.0016277446616201601	-3.312929063890331	-1.1872662917427854
-0.001924985610675379	-3.322557920068678	-1.0257197660568318
-0.002170800744824645	-3.2901617735055964	-1.2205642420181653
-0.002324762710851566	-3.355040084070058	-1.1209101618925972
-0.0023771695202868754	-3.0920986120865517	-0.3163661743328006
-0.0023374976330724356	-3.1286311495008072	-0.3625521126941968
-0.0022247529965145757	-3.074679838305933	-0.32467143313359825
-0.0020902818111613736	-2.9617877403893136	-0.06415741874943126
-0.0020254527352346775	-2.9161412750121003	-0.10731907171358337
-0.0020857947850492792	-2.964437619820888	-0.24946029419234542
-0.0022421412756170826	-3.0017927931443316	-0.19708522838296072
-0.0024344596423634263	-3.0081229432492687	-0.28259712877994364
-0.0026222575223477772	-2.911694839020733	-0.31133980963781555
-0.002788514745025934	-2.916438944272668	-0.31313685284966275
-0.0029254158208940634	-2.9465948918499376	-0.31025674074441323
-0.0030201674054081964	-2.9180387931450955	-0.18704352883534336
-0.0030488897778660536	-2.901109010897807	-0.1604396662102834
-0.0029806788430090884	-2.940626977113158	-0.25213698194431927
-0.002783346290834884	-2.9259317119715145	-0.3079416580290464
-0.002431569382321178	-2.9328656407249496	-0.156179465648741
-0.0019307943255621237	-2.927730546333447	-0.1717162158224973
-0.0013330041836569998	-2.938170427224606	-0.21228039652825437
-0.0007112153360656331	-2.9425616676848536	-0.21650696883568993
-0.00012263050455766158	-2.9424357217969965	-0.20331589804450223
0.0004061188619701641	-2.994293595943285	-0.25560558994897675
0.0008724818293625886	-3.005215732529489	-0.2558900164135024
0.0012834412317758604	-3.005365996019471	-0.25468684458216884
0.001610257251254616	-3.004056598225786	-0.25664385703667125
0.001816056011156266	-3.0004684685406624	-0.2566283972793198
0.0019494652908339431	-2.983093265057401	-0.25398392160124783
0.0021499651141397777	-2.9428113589903457	-0.19379864013113524
0.0025387516554516085	-2.936917054813142	-0.1955470166943578
0.0031381697381616357	-2.936214574668004	-0.19320910509522926
0.0038905119289780197	-2.950643157246614	-0.1768219153818761
0.004584296595499922	-2.9999162746077968	-0.22204672087873387
0.0049742378023251675	-2.9250659699108827	-0.32736411982853286
0.005121839223093175	-2.972543005137951	-0.28178013932341595
0.005207435344697743	-2.9619110283986463	-0.2328176446638883
0.0052941611203929945	-2.911212718714854	-0.14647748206780525
0.0053657297764323555	-2.9388407191817634	-0.07585892374533755
0.005413900267622776	-2.983392878656328	-0.08443637441077663
0.005445056170310686	-3.0238742826411853	-0.07646600118530089
0.005468255756501273	-3.0529831288323876	-0.08029532346777167
0.005488497146257545	-3.0117326782294493	-0.08423631187937439
0.005510719660967646	-2.971957163316958	-0.2746949020303454
0.005540502915211626	-2.925228048965631	-0.14765345347511177
0.006682701073770604	-2.9357168383513947	-0.09580055172653418
0.005141254003363781	-2.950968973195869	-0.23120299296789285
0.006869185591168339	-2.956176163827388	-0.19348498064264374
0.0066033939084262985	-2.953649421126528	-0.19572098401964225
0.007009071366782872	-2.9538489549946716	-0.20493564131911132
0.006878004172999453	-2.9488833385031685	-0.20239474785392914
0.007064825881724391	-3.013199784877148	-0.257363833480212
0.007210728699420197	-2.987250123237535	-0.2894455394810197
0.0073100629475147385	-2.960642878665028	-0.22535916819534957
0.007262103944522199	-2.997029312431169	-0.2111321862021667
0.007410383027347515	-2.9709856966967148	-0.31898454479156835
0.007290108285823877	-2.945094936496971	-0.16905191248885876
0.007289318688898011	-2.9860638255682996	-0.24027631911811712
0.007297751809446614	-2.9913313401216888	-0.1974769450465801
0.00733812616458136	-2.9887184587428615	-0.18364138218271633
0.007429668844745772	-2.9928214334683654	-0.17637697041486516
0.007572411691470181	-3.01615136491471	-0.226450348289049
0.0077456079580896404	-2.9228645361923187	-0.3373120542657211
0.007914786632214087	-2.9882305958271913	-0.24831021516729762
0.008051010655503722	-2.9410493720097017	-0.12037366982392123
0.008127101508480738	-2.9726510442123715	-0.15710159164300813
0.00812535411344223	-2.984217258670094	-0.2010985858677848
0.008038381140445265	-2.910359777377191	-0.18635611488935525
0.007860294175890988	-2.8854019343307136	-0.08505353298283858
0.0076010015124800085	-2.8916792708206884	-0.08880064555335751
0.007274882142229777	-2.894348477896375	-0.08530686441454645
0.006887623391658753	-2.9009535833021203	-0.11853439385352535
0.006436215088891699	-2.878416156018818	-0.05100174640815696
0.0059141691634759476	-2.9317048689158947	0.016637363287252575
0.00531454923651252	-2.9554108407324966	0.05056439768013712
0.004647145005894824	-2.9938599663342393	0.08430152218934434
0.003933726812344924	-3.0419729615472404	0.11365713028694747
0.0031618654022205037	-3.0892211046357856	0.13751584329175354
0.0022519119969443453	-3.1343531055404146	0.15701884221067858
0.0011142479795315692	-3.179536095341156	0.172309486675154
-0.0002827978008693756	-3.226377531293473	0.1825928802646548
-0.001932580237373846	-3.2746939592533604	0.18656474924328537
-0.003777733694457216	-3.322144846225016	0.1822649575544592
-0.005746552417816679	-3.364266314779806	0.16752999755147832
-0.007704244940724213	-3.4308100324526887	0.14660045353578727
-0.009486299560679316	-3.4713192446238286	-0.0008766046889857997
-0.011009411195746006	-3.555864606480486	-0.11461813196264273
-0.012323305763211645	-3.456274293309433	-0.023848369476251213
-0.013498405712475233	-3.3937411293606377	-0.018053518376092512
-0.01456101790902384	-3.4675599279056484	-0.0432703911633817
-0.015459265903664959	-3.486606998995549	-0.03431526126901699
-0.016110339764703677	-3.5037557283431	-0.043718354303986164
-0.0164830245346562	-3.531833404829635	0.019876177652632117
-0.016649755288602946	-3.4229970046952563	0.00525803205002571
-0.016696848968948293	-3.4539131823854192	0.003648556746228889
-0.016639553656942613	-3.4903650102179773	0.01403969504188176
-0.01645232534524134	-3.495362420218364	-0.013713181276627786
-0.01613508209910089	-3.4720031173843977	0.014716691943544255
-0.015709660306409384	-3.454288168655262	-0.04008299266575734
-0.015167038919353934	-3.5497707813053676	0.019839833530091867
-0.014445963298637295	-3.8292421198395017	-0.01053020801181185
-0.01346253316750242	-3.817558531707709	-0.108096078868894
-0.01225476617983002	-3.7874315252200654	-0.03341912648915214
-0.011123335623960675	-3.7776289847299185	-0.00022747363266835212
-0.010210851931558377	-3.7848665864880666	-0.0017391013782674723
-0.009482489534490806	-3.7932549879661344	-0.01590274275711276
-0.008818739296987649	-3.7976243772000133	0.006067681283503398
-0.008228027961596534	-3.7770030671800745	0.012913655251863942
-0.0077191865365978905	-3.8471865603439577	0.013000794107809178
-0.007293218692125125	-3.8425159451170865	0.04141007616200645
-0.006944777637136208	-3.783149992006877	-0.03964473998323198
-0.006657480903200574	-3.8368959240249683	-0.07975026497633989
-0.0064237419652929	-3.753494969080987	-0.07910538284245408
-0.006223112034221574	-3.7421988167480547	-0.04204740856796937
-0.0060328460217269324	-3.7508195858116973	-0.027178855078161417
-0.005841335409362206	-3.758741589304486	-0.021795804013677592
-0.005672788061504018	-3.7606804805237797	-0.032203550972290294
-0.0055300576976208965	-3.7610928279472677	-0.0428732393516877
-0.005403968605819264	-3.7644638500123517	-0.04521129474740495
-0.005290309256476288	-3.770616296927411	-0.050488659554450414
-0.005193080996419536	-3.7816975581858436	-0.05636598067677101
-0.005122903574717879	-3.8117226339538703	-0.033335205669742046
-0.005086088790834091	-3.8277807165362607	0.05904933096041172
-0.005082650179473166	-3.819733461277948	0.050386636508597545
-0.0051076460622026445	-3.8376231599974373	0.03820065551437148
-0.0051523483632643875	-3.8279332861192326	-0.000156843954619412
-0.005220914486002729	-3.8073472907744357	-0.003658893286315505
-0.005314512252710532	-3.738578370937893	-0.060377143477099354
-0.005424022370934968	-3.845917222533819	-0.06658690039799511
-0.005553119088032388	-3.8720323732520225	-0.025263400889090626
-0.005698586220877366	-3.906382706886571	-0.025249716299171093
-0.005853154921451364	-3.9101749119761893	-0.03377140609429984
-0.0060126566885943256	-3.9087499231575666	-0.0401440177387805
-0.0061746891154665015	-3.9180838926528545	-0.05245843574093397
-0.006337535529997696	-3.9551726890753494	-0.05525519077270795
-0.006491886798486821	-4.013549389471068	-0.0269453880886282
-0.006617522121648624	-4.069786172952917	0.04414701834561532
-0.006691527399131094	-4.153984520583693	0.019649952705408997
-0.006704880202814236	-4.127282769113454	-0.0528303818631071
-0.006662036892582996	-4.094144567412285	-0.032672492742070874
-0.006564143245097101	-4.123454257257058	0.007187343738483601
-0.006402886685944278	-4.132302146238196	-0.01322127127432808
-0.006172031241736182	-4.126579158673166	-0.021883318332004503
-0.005893907255058624	-4.122255638971046	-0.023865558555404256
-0.005621310433573596	-4.119648307351048	-0.022101600732155287
-0.005382873720170668	-4.1187406871857775	-0.017805881687877726
-0.005170198398044454	-4.118537457181221	-0.01244619601292004
-0.004975902375328669	-4.117026026543623	-0.00815106471961786
-0.004803230222579297	-4.113258320037387	-0.007140332684999639
-0.004655345915888626	-4.108372381459066	-0.010680539620021778
-0.004535506705667252	-4.103784676105132	-0.019970888023001784
-0.004446705047483878	-4.1071077011097765	-0.03619317194798356
-0.004385275540449828	-4.124748813024718	-0.04488703298351325
-0.004339793493269106	-4.138907198853758	-0.03572022248438306
-0.004305280003873316	-4.147398215032199	-0.018142718507605737
-0.0042844859932708555	-4.147635586063412	-0.003356496715345083
-0.004278905119202187	-4.142793227524532	0.007404749919097845
-0.004290998864654225	-4.132920645364729	0.01570162360809315
-0.00432422645382869	-4.115824635732823	0.018378340104500148
-0.004376455898616272	-4.0971836729924505	0.008826002048111438
-0.004439889362848091	-4.088999729846364	-0.012510119336504016
-0.004501158974609647	-4.096089172208125	-0.049248927061148064
-0.004562591486691513	-4.137579056586927	-0.06804387032473347
-0.004629016432656128	-4.174001655070647	-0.04920658192536939
-0.00468908094930977	-4.191348768439508	-0.034770054293087445
-0.00473120293213832	-4.204288661456749	-0.027509802922460632
-0.0047552556143790874	-4.215554413480975	-0.02489141786076012
-0.004764157701294872	-4.228229439537172	-0.023386324749522378
-0.0047630959923786265	-4.2454382132700355	-0.017720479950644914
-0.004759951811123502	-4.2671734441348	-0.0055458891043351525
-0.004761606644474878	-4.293035488157689	0.014819342038602374
-0.004778734624506701	-4.3189974613160524	0.039725826287276
-0.004819763231824663	-4.339656256190211	0.05577745699151832
-0.004881154915906688	-4.359102096040664	0.056884583309820214
-0.004953000699964639	-4.373779610452485	0.047334314698596315
-0.005031686350757283	-4.378033315007118	0.034611461473285136
-0.005119847379045538	-4.376080498260246	0.026152393266379297
-0.005210529557716007	-4.373748554205565	0.02184488896138933
-0.005296747819772573	-4.371833898597358	0.020083102068663643
-0.0053780373925209676	-4.370206295855016	0.019942724353859225
-0.005449572616338091	-4.368741166303709	0.02083621130034607
-0.005502421785443237	-4.3673126447767014	0.022320565593633043
-0.005540312638743085	-4.365782948263385	0.024002202454562565
-0.0055634060611822545	-4.364014735913168	0.02549159740832166
-0.005574687073449072	-4.361903158484992	0.026398872995790815
-0.005584157843441254	-4.359424603099506	0.026369618736378157
-0.005585617065537595	-4.356684712542115	0.025134661441268136
-0.005565051319834553	-4.353964650300117	0.022533725903243804
-0.005518133102828242	-4.3517756522471025	0.018540399924798924
-0.00545627962899383	-4.350820063151386	0.013377858012671155
-0.005386898059794613	-4.35165677263283	0.007642333508333675
-0.005319351399237872	-4.354250029270787	0.0021156460613283366
-0.005271747854419457	-4.357980808410656	-0.0026659769921108956
-0.005247824966720887	-4.3621227332479755	-0.0065937764254178875
-0.005237181198957638	-4.366225446249427	-0.009826893328759431
-0.0052204568675348045	-4.370175565961726	-0.01258382944988649
-0.005191109976702071	-4.37411424590529	-0.015037877459400585
-0.005163873797876872	-4.378371809821039	-0.017270273334799097
-0.005133599591867807	-4.383420317692854	-0.019201591426781153
-0.0050560810233159425	-4.389716898714919	-0.020477916906831654
-0.004884045308878732	-4.39729003010215	-0.020465896633024495
-0.004635482180610712	-4.405347143857993	-0.018655885783414133
-0.004383578185995772	-4.412763888153085	-0.015358299959042506
-0.004156536898508379	-4.419206731751853	-0.011677869947552736
-0.00391657476819569	-4.424877688107023	-0.00828353878441126
-0.003619426004919284	-4.429905880403228	-0.0053820399249469445
-0.0032743696490939826	-4.434345043009155	-0.0032529399263998113
-0.0029580182462361805	-4.438316097494174	-0.0021248475701120483
-0.002723011643022775	-4.442077237255066	-0.0018124960558795118
-0.00254663608601363	-4.445911982672342	-0.0018838784184864639
-0.002387774652090547	-4.449994579065479	-0.0019985305220014916
-0.0022234461577127886	-4.454381084884552	-0.00199727964762669
-0.0020479015259346773	-4.459060738045384	-0.0018485714697825191
-0.0018694740379167005	-4.464000647799236	-0.0015832478170124836
-0.0017037362779391378	-4.469170416289937	-0.0012529568224082818
-0.0015582074077994269	-4.474550350151811	-0.0009086669658635986
-0.0014282944339033023	-4.480130145871687	-0.000591109998147866
-0.0013072920722201273	-4.485904354460333	-0.0003280647444034709
-0.0011928220526273535	-4.4918683340901016	-0.00013651638860478756
-0.0010860293753785551	-4.49801594071536	-27899552274096462e-21
