#y=-1.9753766811902755 
#strength 	x-position 	z-position 
-4516816261290746e-26	-0.024725512004229722	0.11668640422062268
-57528582592114574e-28	-0.03262845583635124	0.1176206832632852
-9976155318502933e-27	-0.04054073276045614	0.11856692436757228
-13285981689814541e-27	-0.048462617849388046	0.11952533585153
-1546156952469957e-26	-0.056394396239455885	0.12049612992954976
-17809621832842737e-27	-0.06433636358520625	0.12147952317020823
-2092288321764446e-26	-0.07228882653407846	0.12247573670806469
-24497154305080926e-27	-0.08025210321465233	0.1234849962107096
-28782635996815742e-27	-0.08822652375326258	0.1245075319330205
-3381763792609238e-26	-0.09621243081923006	0.125543578798901
-39791680367384785e-27	-0.10421018019901976	0.12659337647779376
-4683607841837745e-26	-0.11222014140111207	0.12765716945865216
-55246498348315853e-27	-0.12024269829350252	0.12873520712178735
-6501093240129929e-26	-0.12827824977580687	0.12982774380666004
-7672125955371367e-26	-0.13632721048819024	0.1309350388777881
-9040272176685793e-26	-0.14439001155930853	0.13205735678486585
-10652012084888529e-26	-0.15246710139574754	0.1331949671170788
-1256625897089192e-25	-0.16055894651567496	0.1343481446542277
-14811884704868383e-26	-0.1686660324293599	0.13551716940843325
-1746847250183592e-25	-0.1767888645696754	0.13670232665949808
-20597967949342877e-26	-0.18492796927580848	0.13790390698220628
-2429616004911983e-25	-0.19308389483353564	0.13912220626217464
-2864153133413927e-25	-0.20125721257580148	0.1403575257000036
-33787380879224393e-26	-0.2094485180476271	0.14161017180383234
-398410929247639e-24	-0.21765843223949174	0.1428804563657208
-4698817602372118e-25	-0.2258876028937829	0.14416869642116012
-5541348248316869e-25	-0.23413670588929117	0.14547521419118273
-6535954225755924e-25	-0.24240644670887673	0.14680033700190073
-770752869513891e-24	-0.25069756199598575	0.14814439717964725
-9090413786300156e-25	-0.25901082120614055	0.14950773192013328
-10721190064205688e-25	-0.2673470283598191	0.15089068312652654
-12643368765136165e-25	-0.27570702390373025	0.15229359721178773
-149127349531597e-23	-0.2840916866881158	0.15371682486577967
-1758699167200839e-24	-0.2925019360679881	0.15516072077633178
-2074219953782097e-24	-0.3009387341370839	0.15662564330243053
-2446268037095689e-24	-0.3094030881039207	0.15811195409390874
-28851744084124054e-25	-0.3178960528198905	0.1596200176486704
-3402694247894855e-24	-0.3264187334702264	0.16115020080160677
-4013076482234368e-24	-0.3349722884395274	0.16270287213625417
-4733045908325573e-24	-0.34355793236429577	0.16427840131108984
-55821028095009995e-25	-0.3521769393858273	0.16587715828683222
-6583443510829734e-24	-0.3608306466179973	0.16749951244529168
-7764494857828708e-24	-0.3695204578454762	0.16914583158660446
-915742162307942e-23	-0.3782478474689	0.17081648078740866
-10800133308508375e-24	-0.38701436471494216	0.17251182110373822
-12737607033366793e-24	-0.39582163813053417	0.17423220810052528
-15022601863867724e-24	-0.40467138038172673	0.17597799018332064
-17717571024894463e-24	-0.41356539337927917	0.17774950670945996
-20896043943785525e-24	-0.42250557375449926	0.17954708585120532
-24644528705958235e-24	-0.4314939187105286	0.1813710421751541
-29065567437244755e-24	-0.44053253227605793	0.18322167390563265
-34279806753606534e-24	-0.44962363198999233	0.1850992598299878
-4042928737797713e-23	-0.45876955604745334	0.18700405579701745
-4768204046184943e-23	-0.4679727709394972	0.18893629076007423
-56235779904295624e-24	-0.47723587962064346	0.19089616230001094
-6632402859731157e-23	-0.48656163024004206	0.19288383156012767
-7822205586559272e-23	-0.49595292547411335	0.19489941751794085
-9225448053748475e-23	-0.5054128324999841	0.19694299050212805
-10880413793545873e-23	-0.5149445936506498	0.1990145648539193
-1283226150183142e-22	-0.5245516377942062	0.20111409061670812
-15134261399825377e-23	-0.5342375924803605	0.203241444123345
-17849211211840021e-23	-0.5440062968979643	0.20539641733011899
-21051181624265336e-23	-0.5538618156876699	0.20757870572588816
-2482754933655351e-22	-0.5638084536532797	0.20978789462197828
-2928134956933781e-22	-0.5738507714137887	0.21202344359942277
-3453409212796077e-22	-0.5839936020359596	0.21428466886140132
-40729089013750996e-23	-0.59424206868415	0.21657072320352025
-4803535253363606e-22	-0.6046016033193293	0.2188805732727959
-5665221092226308e-22	-0.6150779664732544	0.2212129737435696
-6681473316005881e-22	-0.6256772681163733	0.2235664379887723
-7880015851988165e-22	-0.6364059896291832	0.22593920476924845
-9293541488892415e-22	-0.6472710068764935	0.22832920039906282
-10960607105762327e-22	-0.6582796143730578	0.2307339957754297
-129266804476183e-20	-0.6694395505181252	0.23315075758224965
-15245383446996913e-22	-0.6807590238661002	0.23557619288989215
-17979944267557807e-22	-0.6922467403941339	0.23800648627300114
-2120492873387489e-21	-0.7039119317274108	0.2404372284592904
-25008260104934094e-22	-0.7157643842934197	0.24286333539521543
-2949361462589381e-21	-0.7278144694046209	0.24527895646774875
-3478323640667552e-21	-0.7400731743241659	0.24767737045182597
-4102126175757961e-21	-0.7525521344622966	0.25005086754424166
-4837762168974358e-21	-0.7652636669983087	0.2523906155862557
-5705265838144846e-21	-0.7782208064444328	0.2546865082458152
-6728253861445002e-21	-0.7914373429861974	0.25692699248430584
-7934564618167564e-21	-0.8049278648749745	0.25909887202598
-9357008845840495e-21	-0.8187078067384247	0.26118708270135804
-1103425387701494e-20	-0.8327935064329426	0.2631744343370088
-13011862562545967e-21	-0.8472022739912994	0.2650413121732035
-15343513804189426e-21	-0.8619524772920818	0.2667653283921764
-18092436765189054e-21	-0.8770636502148477	0.26832091097752453
-21333092787617983e-21	-0.8925566300804737	0.26967881246471614
-2515314723245364e-20	-0.9084537318252371	0.2708055147853706
-29655778580967018e-21	-0.9247789661797632	0.27166249787488844
-34962378285850054e-21	-0.9415583074735271	0.27220532846494516
-41215702608904045e-21	-0.9588200126860709	0.2723825108874934
-4858354610128533e-20	-0.9765949858700499	0.27213402297732786
-5726301161102822e-20	-0.9949171695800434	0.271389436172566
-6748546109162229e-20	-1.0138239254340924	0.27006548791292934
-7952223807016628e-20	-1.0333563364138474	0.26806293347196947
-9369125213356914e-20	-1.0535593190017143	0.26526244855485903
-0.00011036452317040625	-1.0744813648838494	0.26151927542801867
-0.00012997676971865553	-1.0961736231988408	0.256656191959987
-0.00015303511708157115	-1.1186878540417047	0.25045421736049894
-0.000180129969518706	-1.142072472908632	0.24264022770488833
-0.00021194704386328506	-1.1663653501882378	0.2328703149993568
-0.0002492804925647591	-1.1915810107486893	0.22070728514214422
-0.0002930469289772232	-1.2176879875950566	0.2055902618105833
-0.00034430001702885453	-1.2445686429214686	0.18679442053524462
-0.0004042450623690484	-1.2719480571471111	0.16338083475558307
-0.00047425274760130344	-1.2992713812494823	0.13414288427892146
-0.0005558707551125974	-1.325504559380512	0.09756507171611364
-0.0006508315132706388	-1.3488149536341123	0.05180545693145643
-0.0007610536689511751	-1.365957611755041	-0.005246217050211852
-0.0008886341336309979	-1.3709828077248831	-0.07520493904907083
-0.0010358267039508734	-1.3535680758577642	-0.15648093647875977
-0.0012050023847107964	-1.3026435136715127	-0.2323116837232625
-0.001398585773376794	-1.2266367525176085	-0.27885655950177085
-0.001618961418645884	-1.142568062538168	-0.28311383300082366
-0.001868344260958249	-1.0666680136066038	-0.23971738317135682
-0.0021486095295002363	-1.0307031658418737	-0.09264332859618805
-0.002461080339038144	-1.0940969794159137	0.0006735266562717257
-0.0028062762017225483	-1.2349299167450147	-0.09319892095154819
-0.0031836331114688697	-1.1007771712336074	-0.14822525650255905
-0.0035912156551407186	-1.171353183774616	-0.127144835495872
-0.004025452899447652	-1.2335905312085562	-0.1831427184569271
-0.00448094059331153	-1.1508508302606528	-0.07202617578844984
-0.004950359371515459	-1.1548350075477452	-0.0495953164984901
-0.005424558134432429	-1.1732311334975305	-0.030170232996650576
-0.005892839948030659	-1.1756213671110671	-0.19074248277786449
-0.006343462900602805	-1.1435656648056558	-0.022008624694803608
-0.006764332535501847	-1.149265129648946	-0.1373801972423776
-0.007143822642787697	-1.15536558679834	-0.11702020752136433
-0.007471628002695043	-1.147299450979623	-0.16752220120288402
-0.007739536989599594	-1.1423684444879014	-0.15932784174018685
-0.00794202015485363	-1.1979180625849624	-0.17604394925121417
-0.008076561307399609	-1.1415888561005483	-0.10140493599153846
-0.008143701080722598	-1.1734028544022244	-0.14718509764675372
-0.008146807241366065	-1.064315492995657	-0.14020829559933704
-0.008091621583054646	-1.1781830837944995	-0.09349105684407877
-0.007985655762962961	-1.0898717887634697	-0.1325354156525882
-0.00783751785687395	-1.2373214381478883	-0.15939394632886164
-0.007656248870731663	-1.1754736881066128	-0.05439526069320691
-0.007450735433303326	-1.180145964257638	-0.1386803920260201
-0.00714150804347172	-1.1160487236065457	-0.06698484507459515
-0.006868196681922181	-1.1001465849847825	-0.15038493935085426
-0.006633300506523853	-1.1411043118529498	-0.0822157643298913
-0.006308757106368722	-1.2320492989080563	-0.07375259834313339
-0.006078667232821282	-1.2079879616819644	-0.11137166234556183
-0.005853469124844245	-1.2006615667395077	-0.08873384389356467
-0.0056393631010077765	-1.0831170660506078	-0.06127028064529303
-0.005323360906022181	-1.091160986663595	-0.11024314538014716
-0.005141313843212168	-1.1441087306046336	-0.2322178278909986
-0.00496345859982162	-1.1879992303019562	-0.22573525932306593
-0.004797732745499673	-1.2356314063170184	-0.21111985443704062
-0.0046468776175355615	-1.2883513842989847	-0.1595769638710285
-0.004509868557311817	-1.2926526641367206	-0.07711079228156378
-0.00438552985334273	-1.265751288840469	-0.01815114156192416
-0.004272819975181376	-1.232007142074719	0.020170861278111026
-0.00417078254345515	-1.208789516031361	0.010468841089393641
-0.004078387400104475	-0.9993383932959403	0.02207608814246335
-0.003994940577886914	-1.0123264556958147	0.0254759228021803
-0.003919311406721896	-1.0181495456051557	0.0024949192708330803
-0.003851267348781529	-1.0082168606239121	0.010338132691822542
-0.003789637521582339	-1.0082726612659143	0.0011320753577011976
-0.0034842706924963027	-1.1426696452201375	0.01452605286251104
-0.00343699072426051	-0.9192408277663114	-0.09051379619265727
-0.003386830620555479	-0.9623148514068218	-0.14878232549319273
-0.0033398570261459672	-0.9896878187360952	-0.30556893943196556
-0.0032986151807761852	-1.0264200065762665	-0.29976634735880925
-0.003262659367929928	-1.014723186543857	-0.30404222535393416
-0.0032309530544962052	-1.0078359493283182	-0.30134124255133277
-0.003202925526216951	-0.995751312978615	-0.3085396430773595
-0.0031781914986494285	-1.0304946694546986	-0.30529223184623555
-0.0031563283665262676	-1.0059863528855881	-0.27530980245583603
-0.003137034807915627	-1.0358976856583066	-0.381524297889275
-0.0031201080663724994	-1.0906022354171914	-0.4111728999981191
-0.003105402491252805	-1.1165552094507378	-0.4343568696695524
-0.0030925364293008647	-1.131181530368207	-0.45331286291464074
-0.003081457890198167	-1.1505045416025335	-0.47274455544135613
-0.003072100530243607	-1.1788862429460256	-0.49424641155641885
-0.003064166578856103	-1.2107266458780315	-0.5229142776039629
-0.003057698100118184	-1.2309607869399464	-0.5769730064634937
-0.0030525345537907415	-1.2244182263150862	-0.6153377854995836
-0.0030484588166452553	-1.1711977966610307	-0.60679788257119
-0.003045557829052932	-1.1818583005889456	-0.5528494910561115
-0.003043657750136238	-1.1908874362033208	-0.5402327300267706
-0.0030426619063615937	-1.2197325542663788	-0.5615317237264027
-0.003042676082885285	-1.1753388090409858	-0.5966346276146888
-0.003043568767734181	-1.1898815569664445	-0.5781764801218916
-0.0030451599278596133	-1.1909467771093571	-0.5861311091455491
-0.0030474855944928403	-1.1903498934096552	-0.5918385394649832
-0.003050590629890392	-1.2014892978900373	-0.5896847780372994
-0.002647829995605048	-1.1850659536962624	-0.5675737912691803
-0.0026539334605342035	-1.2191303212262476	-0.5737379335318398
-0.0026525939069165904	-1.2997407096151894	-0.6572510326323872
-0.002650467621863057	-1.461040835241241	-0.7138397905468093
-0.0026515770800229765	-1.4305162630042954	-0.6810487791390354
-0.0026559873384117416	-1.4411133537222613	-0.6843016552273151
-0.0026627303305602782	-1.4424508408816419	-0.6898202067139053
-0.0026710581934722448	-1.4477460809975573	-0.6973921194208099
-0.0026805412823143054	-1.4617718137843394	-0.6970706469411948
-0.0026910167952919894	-1.4437878006396594	-0.66727723512575
-0.002702313630759824	-1.4122573792431357	-0.6758084951831246
-0.002714236292042616	-1.4311285681944756	-0.7165705772563661
-0.0027267287895548185	-1.4688651236253332	-0.7389347321731168
-0.0027397604882696807	-1.486456427924942	-0.7518836376443468
-0.0027532223160692286	-1.495130580930148	-0.7621585306076567
-0.002767058581112005	-1.5029312926118554	-0.7724426551866025
-0.0027812814711738135	-1.512981582168331	-0.7833003581461249
-0.0027958461168120664	-1.5246058218150602	-0.7941890412174998
-0.002810681911556456	-1.5362917988478957	-0.8049252712681091
-0.0028257786231923937	-1.5475681878756493	-0.8156221917167922
-0.0028411304053439935	-1.55851541455807	-0.8263690584447281
-0.0028566838373678015	-1.5692285766307392	-0.8371934595433085
-0.0028723921972067584	-1.579764216419103	-0.8481114412409883
-0.0028882362162685627	-1.5901644507682497	-0.8591409631496512
-0.0029041762801035606	-1.600444502959173	-0.8702869110378387
-0.0029201460669635313	-1.6106413140289753	-0.8815593100837531
-0.00293608716463427	-1.6208260023577115	-0.8929873500008136
-0.0029519450984392273	-1.6310054122692454	-0.9045862131283181
-0.00296764056933537	-1.6410917174079425	-0.9163390789226953
-0.0029830709913848752	-1.6510316044312363	-0.9282363652879326
-0.002998126956680015	-1.6608844586403702	-0.9403048816979679
-0.0030126862679808655	-1.670723854637582	-0.9525767148595157
-0.0030265975057856952	-1.6805334873773858	-0.965054000852507
-0.0030396774954324244	-1.6902516098640394	-0.9777234307667194
-0.003051713864191478	-1.6998928418986676	-0.9905917738868663
-0.003062457826554837	-1.7096395603034469	-1.0037135082508402
-0.0030716128328481815	-1.719890782522512	-1.0172303643564187
-0.0030788276895093707	-1.7311075261132507	-1.0314145949012121
-0.0030836900483998744	-1.7426781234782693	-1.0465471507324433
-0.003085715640987163	-1.750610139681556	-1.0614791155740457
-0.0030843354711289845	-1.752970829834316	-1.0730817951904499
-0.0030788831593894636	-1.755468747381785	-1.0841740464348972
-0.0030685806165383824	-1.7702135407715762	-1.1054956986406876
-0.003052520773535976	-1.8003580888444957	-1.1563660270536174
-0.0030296486015738656	-1.780877528436754	-1.182868249623387
-0.002998741466658997	-1.7624111944897725	-1.1728777687801133
-0.002958388788326196	-1.759312880544715	-1.1258267355690232
-0.0029069713965597984	-1.7777274204559	-1.1424751834580809
-0.00284264167269788	-1.7726841782768574	-1.144257990628992
-0.0027633064838323658	-1.7671386071316333	-1.143305319753625
-0.0026666151821154067	-1.7793561669208504	-1.1585300112732775
-0.0013728224722291665	-1.7588484324485492	-1.1958948248838366
-0.001216944063015703	-1.8953776176424817	-1.2377972665948496
-0.0010864983136998178	-1.9489682938455501	-1.2481614040241478
-0.0009285784286383342	-1.9834922881680477	-1.2593573050372011
-0.0007320531204485156	-2.016167983314482	-1.2692147485176555
-0.0004971172873441607	-2.052833077426828	-1.2768922329571748
-0.0002207913481705858	-2.0947090272300812	-1.281770261358077
9962101616169464e-20	-2.142524355854053	-1.2828405408185488
0.00046573491971295747	-2.1975415263166593	-1.278085003654252
0.0008779612192084726	-2.261501656905515	-1.26339317783634
0.0013351766682462175	-2.3355306042344743	-1.229718549469861
0.001834319015136544	-2.4126547706510717	-1.1567556552534393
0.0023700046289016063	-2.4430734862627514	-1.02622973113165
0.0029342418844418208	-2.3828816918425804	-0.9218452503683
0.0035163208891279413	-2.2649849836958187	-0.9431084613084229
0.004102959273488386	-2.304989119237663	-1.0817647569532027
0.004678765224774766	-2.3055439175965797	-1.0257469272567106
0.005227039357868264	-2.3115729027835346	-0.9749775661669473
0.005730878004070114	-2.363402124957689	-1.0716064166407933
0.006174472137749013	-2.3308360286930587	-1.0110205539933483
0.0065444350642485	-2.291028542603461	-1.0476834840812077
0.006830959078842182	-2.3754111228767254	-1.0158165087603168
0.007028612407205752	-2.2649658804756267	-1.0337400912325936
0.0071366465629223285	-2.2751570961886407	-1.071621801958517
0.007158777752707275	-2.2836092267005936	-1.0670287055151082
0.007102507119098366	-2.3033785063557106	-1.0465842461752404
0.006978123976231735	-2.325375047833983	-1.0156136144446721
0.00679757402891748	-2.3526723719156566	-1.038304239011178
0.006573366406262755	-2.278159547578319	-1.027581711893678
0.006317650997226774	-2.3432734062757636	-0.9593567727689046
0.006041538302328144	-2.260656477125919	-1.034742012368399
0.005754676751978853	-2.3348791277719942	-1.0259528607688797
0.005465059698663108	-2.370275228263426	-1.0396192014755807
0.005179011491823021	-2.3668380098874087	-1.0492441769482193
0.004901296918001839	-2.3230514332834344	-1.0463793260686698
0.004635304067270595	-2.2813831145134613	-0.9664028283084337
0.004383260858171808	-2.296208405591358	-0.9680877989192728
0.00414645620933273	-2.3413125665628436	-0.9495863122533331
0.003925447095686268	-2.3699192721839717	-0.9886965779993726
0.003720241627910908	-2.3884847212694678	-1.0101292833957154
0.003530454262694254	-2.3984230266372553	-1.0784702443224081
0.0033554331409128228	-2.3549186280619274	-1.1287867256845825
0.0031943607338722323	-2.3085152353878735	-1.1405361762962092
0.003046330696172602	-2.275230499033248	-1.13470989404888
0.00291040460224996	-2.250629739188987	-1.122601013119867
0.002785652836425203	-2.2292344286036694	-1.106826521588276
0.002671183006930908	-2.2094400307348203	-1.0850261651965427
0.002566158620933748	-2.194720154235574	-1.0555441424665055
0.0024698100876697025	-2.18883018601532	-1.0211097408153267
0.0023814401827671385	-2.1925125979843165	-0.985967135640921
0.00230042568909628	-2.2040525784822114	-0.9531781791916744
0.002226216600166961	-2.2210041315599875	-0.9233812111940506
0.002158333856230741	-2.2429806757411304	-0.895441943797065
0.002096366368953776	-2.271027180701858	-0.8703894429581684
0.0020399677229842126	-2.303463605340584	-0.8496327343784049
0.001988853134903495	-2.3382915440120806	-0.8327326648796114
0.0019427970977849603	-2.374127444311966	-0.8187198665904921
0.0019016319523702755	-2.4097706882860277	-0.806588809230479
0.0018652473403098085	-2.4441146525798447	-0.7953663590340518
0.0018335909170834816	-2.4762906975498837	-0.7842600020686844
0.00180667075033354	-2.505755788920284	-0.7727799454386056
0.0017845595389410131	-2.532279804091522	-0.7606901212293838
0.0017674003980432153	-2.55584984033268	-0.7478864595218978
0.0017554143972204634	-2.5765639095888426	-0.734317834454782
0.0017489102087469219	-2.594562393531347	-0.7199424014486961
0.0017482960686370091	-2.609980667788058	-0.7046961818268827
0.0017540940993491568	-2.622913974897311	-0.6884798633709921
0.0017669578242304543	-2.633400758374832	-0.6711606768592844
0.0017876942445457008	-2.6414228227102736	-0.6525731207339817
0.0018172922051983304	-2.6469092887020267	-0.6325035025531098
0.0018569581945852773	-2.6497248842222585	-0.6106515546251529
0.001908157834418842	-2.6496207478682408	-0.586570953940603
0.001972654084054391	-2.6461187185496526	-0.5595982431220087
0.0020525215745466896	-2.638261477143789	-0.5288069411388265
0.0021501038792619658	-2.6240336167049017	-0.493196832219954
0.002267882691475114	-2.5993800313325384	-0.45348682960135644
0.0024082834792602224	-2.562261405254109	-0.41533212433533195
0.002573537171295442	-2.51092515879613	-0.3848320715463008
0.0027656955075379235	-2.4555024764161795	-0.37738015002495096
0.0029867071367778216	-2.4021118082230495	-0.40247798576214355
0.003238386584630038	-2.3666177506933654	-0.5051245597722289
0.0035222901612143136	-2.4418095883560937	-0.6095273338303103
0.0038395707668422204	-2.5470114071662358	-0.572058954796432
0.004190707325151956	-2.458839303406654	-0.4867065194931925
0.004575042422188113	-2.4211282662881493	-0.5485032736795218
0.004990365451203109	-2.480719635442038	-0.5912738508474972
0.005432737571242418	-2.4976838987695076	-0.5164118449617182
0.00589643867701439	-2.4777996564163036	-0.4603320036269055
0.006373772538318313	-2.4543872386231933	-0.543539798294359
0.006854136828951139	-2.507604243718551	-0.5503870593106661
0.007323821046227166	-2.509735258586668	-0.4891079242755073
0.007768082497234489	-2.4144986331637495	-0.47185831353836877
0.008172380339901534	-2.504635075981026	-0.5735884796877729
0.008522332909739114	-2.451618341855603	-0.509028505074789
0.008805844943573398	-2.451217809736485	-0.5165860447758897
0.009015494803495875	-2.4450856914412658	-0.5377573356378529
0.009147886260456081	-2.5189240491330622	-0.4744531974413648
0.00920298774982026	-2.518964178111397	-0.5528350793175896
0.009184450949660136	-2.4200117088725928	-0.4844164632465003
0.009098868466742195	-2.458162685249987	-0.46154779268996277
0.008954256376227914	-2.5044706520047324	-0.47191538018907936
0.008759928576302993	-2.4812708208426595	-0.5393815859262263
0.008525924994650392	-2.4978991406402558	-0.5436913738437942
0.008261454343527926	-2.45208790252943	-0.5783202706705065
0.007974534653058885	-2.471925250678538	-0.5571801195523669
0.007672738165499076	-2.4189624758142894	-0.5449869242925205
0.007363785266554835	-2.465260612747253	-0.47858411863769595
0.007055369708565568	-2.462917522826435	-0.46929108052027485
0.0067542441261228174	-2.529320563957766	-0.5233197064255865
0.006465524845052381	-2.529897099223174	-0.5480415187999929
0.0061927149682857435	-2.4032372251892538	-0.5616754438432118
0.005937870225619703	-2.3983463745396643	-0.48777941772321
0.0057017547103016385	-2.462626940961948	-0.42417821657518573
0.005484427011064335	-2.5543359897349807	-0.4694537445675416
0.005285658404762765	-2.559262981409156	-0.6049301976174892
0.0051049643857296444	-2.471644779748994	-0.6618849751607683
0.004941583017257308	-2.360099277880044	-0.5968686382485823
0.004794536912112476	-2.361345947598571	-0.2986729970745674
-0.0028753256379940584	-2.8125762519744724	-0.10560686942951157
-0.0028499395417728255	-2.729761360947738	-0.11876039581892402
-0.0029410985721629677	-2.658274743716187	-0.1347193082294494
-0.0031454754304237244	-2.7104530120204617	-0.12212891772022078
-0.0033852590981403013	-2.697608800019622	-0.13997948127200457
-0.003605521546568826	-2.6827886664637766	-0.14527272955901563
-0.00379643025049284	-2.6793368519477143	-0.14444835072959836
-0.00396245975888728	-2.6818840639714394	-0.1412980360986776
-0.004108450742927895	-2.6789904918356635	-0.13906546043705298
-0.004237786083151875	-2.6595586950320196	-0.14223847220726865
-0.0043530322300449915	-2.6913654174461605	-0.16198410379438288
-0.004456322070713589	-2.7188874214351566	-0.13216616963514302
-0.004549469995261719	-2.6975833923954715	-0.10410742345015261
-0.004633962885751339	-2.68080435113034	-0.1044034393464331
-0.004711077368306637	-2.6663988707622144	-0.10601045660719895
-0.0047818002433671234	-2.659861618648756	-0.11320151386187774
-0.004847005167199026	-2.6589714621990015	-0.12229130161049287
-0.004907549657413646	-2.6474391402485487	-0.13416007297922003
-0.004963727659951646	-2.65347308973056	-0.16814043861330394
-0.00501582313925897	-2.6801341395240623	-0.17515850814929543
-0.0050645359431883705	-2.703609730456541	-0.17490720792732906
-0.0051099769237393745	-2.7236870810992126	-0.17104935832171658
-0.005151470724753553	-2.743570080278128	-0.1655799792800229
-0.005189062219663178	-2.766268473184706	-0.15430004463103034
-0.005223978469245837	-2.785110264407237	-0.14142235204565448
-0.0052560790471530144	-2.777941106401723	-0.13941760246959092
-0.005285669153369954	-2.7317568753428825	-0.1533818522285935
-0.005314764334092414	-2.7197301028253595	-0.1453996507698335
-0.005338500111893389	-2.7298604992810067	-0.1393088024668104
-0.0053569386511595415	-2.7377179868430654	-0.13225918845786933
-0.005376871951972443	-2.7386107953424177	-0.11774644858426855
-0.005396363300620001	-2.7151901462194377	-0.09928788810077946
-0.005414121118097709	-2.6607641495700576	-0.08781954950746551
-0.0054312116334839415	-2.608176469400778	-0.11491638104867
-0.005447577532227042	-2.591258125923722	-0.14088298500563054
-0.00546807369865347	-2.5968596478717445	-0.16277731049407465
-0.0054898718571379755	-2.6118358485984805	-0.18387754381284846
-0.005521682122250069	-2.621979296953475	-0.20535790535549284
-0.005569670476522658	-2.641367285256714	-0.2263169647959895
-0.00561570739341764	-2.7110927465463868	-0.22543615641849368
-0.005645016389770864	-2.972776887649104	-0.16048348913892052
-0.005714520806289328	-2.962711776569289	-0.3145807577918297
-0.005816232992479811	-2.9477486177355003	-0.33010488557438755
-0.005918671444369518	-2.881727090371052	-0.3249833535332261
-0.006022261246941928	-2.9870659445112047	-0.2208559099205298
-0.006156634513747061	-2.976608355332931	-0.21865093539889432
-0.006318971891397688	-2.992916449177613	-0.21540527481202343
-0.006463108139368501	-2.98740965340124	-0.18738049895820036
-0.006563860797479903	-2.9786118983463457	-0.2623066105052413
-0.006654262748893524	-2.9332629608162772	-0.16306729109841048
-0.006693038111347705	-2.9929093447276056	-0.23884419559323966
-0.0068376516450821545	-2.9655938831114366	-0.20875247162429333
-0.007069074894173422	-2.968936412354253	-0.1910479364242918
-0.00759397890238829	-2.9777450569208805	-0.2107618255493821
-0.00827214744482424	-2.959770734513467	-0.28198963860630444
-0.008414786892171814	-2.9729045126520197	-0.26499223258930155
-0.007840266332321311	-2.949264061637877	-0.2861337688775944
-0.007321780623159894	-2.985826690062025	-0.27696615911707395
-0.007092573455210239	-2.907728580726917	-0.3187802223517966
-0.007073620793881548	-2.901074095120537	-0.3331380662553286
-0.007081124076679966	-2.944998381866914	-0.28826105254798207
-0.0071148429338045265	-2.8502046432013146	-0.1937249802193875
-0.007163022896823046	-2.949552398523019	-0.25179907975044263
-0.0072045336742365615	-2.9135910548313952	-0.30042521589901844
-0.007328309907769783	-2.912885050137436	-0.2728232694363242
-0.007314335680536153	-2.9100992453262715	-0.27721998112432444
-0.007365357001991622	-2.9061022173710387	-0.2816619848506927
-0.007390402897800299	-2.849365102784874	-0.2792330015395413
-0.0073017171118774345	-2.8741825900264644	-0.3370559247849086
-0.0073279360219620756	-2.888889792772653	-0.3662208798211596
-0.007358398813701861	-2.8820030517814543	-0.27891119929342123
-0.007419453399386575	-2.8839763304954875	-0.29688523359194313
-0.007432619770331925	-2.8916712048541937	-0.26755964450084396
-0.007420282748142841	-2.8969831276140114	-0.2718003710570265
-0.0071596015688067775	-2.9049213464168298	-0.2656263456612173
-0.007071658908376722	-2.9181494080550605	-0.21535115092215473
-0.006979789036917368	-2.8984556916523405	-0.24546728756903763
-0.0069526372749198805	-3.2009306386299285	-0.19909785106965772
-0.00699310429209281	-3.116368658690142	-0.2033005314000757
-0.00719162705382476	-3.176830751434076	-0.19823126268449776
-0.007467185802934243	-3.232505295163131	-0.17677509941209402
-0.007782690428855049	-3.128654414274371	-0.20883281183515584
-0.008251203998551873	-3.141566058040861	-0.21493206283667415
-0.008459397520294176	-3.13542116887842	-0.21839010375078446
-0.00836322108733457	-3.1464994959550867	-0.2240027942308596
-0.008062675264223077	-3.1538743996680116	-0.19056530886211812
-0.007655828912370596	-3.115092391547238	-0.20642498657560832
-0.007661936127011353	-3.241558023281673	-0.17649999912282197
-0.007805985707711681	-3.1944530134804436	-0.1833200334682453
-0.007733914936402205	-3.1567000948795623	-0.18405273284046286
-0.0076731495935446065	-3.387332745877197	-0.09789316351468567
-0.007812731571586354	-3.514143213864234	-0.09257342090476023
-0.008018772846500998	-3.5643640121159756	-0.1280263210232198
-0.008272843238390063	-3.5854426588232116	-0.1795276463823839
-0.008579918799667356	-3.5609839626805297	-0.2518172379361649
-0.008923090056031686	-3.394864700100309	-0.3097532601720532
-0.009295257739484822	-3.336950902328687	-0.26560338395954064
-0.009727967679205266	-3.3461871462727553	-0.19220055287615795
-0.010201235951955536	-3.3955798052954544	-0.1607460554491401
-0.010640219303640777	-3.496051982356296	-0.1748368215774117
-0.01114375325667252	-3.504585201256377	-0.22067386455597138
-0.0116043406191956	-3.4461580939790606	-0.24660201966487455
-0.012069410610960955	-3.385367073582222	-0.2655228492801269
-0.012503973010809062	-3.402471504163874	-0.20364042391873824
-0.012934861658415188	-3.472138136244656	-0.20382875347994253
-0.013335576483546182	-3.4706490049011407	-0.2522067036661844
-0.013725765293510763	-3.411328065248054	-0.22738825340998978
-0.014057385852088305	-3.4410369778554584	-0.21166806227309598
-0.014364029624557559	-3.4339197414934937	-0.2286458852093337
-0.0146172636315971	-3.4711504231495933	-0.19241762442615995
-0.01480196544909623	-3.392296543985402	-0.23168856839708882
-0.01491718588700254	-3.4586931040820232	-0.2642759478371848
-0.014946753258963785	-3.4755420624072806	-0.21361996999067467
-0.01493679440381115	-3.445892646314628	-0.1747698419529914
-0.014884744952088077	-3.4178751356912493	-0.1834029303994706
-0.014817069590470414	-3.3834719252731973	-0.1872459299057902
-0.014738942017672972	-3.373428331670038	-0.20880053986069796
-0.014651218824113455	-3.3660962350080834	-0.23484701956427967
-0.014556605344795984	-3.35720162043954	-0.2608828274640405
-0.014441787724737223	-3.380253003173209	-0.2811777070736715
-0.014329386748691574	-3.4116531527499228	-0.2884738308225789
-0.014224023540999994	-3.4331159312138495	-0.27281174167106687
-0.014119478100892325	-3.439157374175802	-0.2886721256563768
-0.013976148181013493	-3.4975325441554057	-0.2625085468896451
-0.01382401502502596	-3.5137031584559995	-0.23143813325289983
-0.013616235044686427	-3.5182754804538954	-0.18572926079109778
-0.013428826966979718	-3.493826690105266	-0.14446723495338393
-0.01324858689844707	-3.4519061147726586	-0.14205110120763723
-0.013050280473043631	-3.4141625035553402	-0.1428613904026617
-0.012856536147313299	-3.379612553403656	-0.14039842648497622
-0.012657123857048279	-3.348683781204832	-0.15086276316504255
-0.012491713985147432	-3.324038427543558	-0.17608904949879428
-0.012389576153236978	-3.300789220753811	-0.2037717273096826
-0.012270803527618416	-3.2821645232038295	-0.21754838024549095
-0.012103035529597758	-3.2647690344330766	-0.22803845602041647
-0.011986576459195137	-3.248087784938669	-0.24769241417560595
-0.011912975559044317	-3.2589289890828947	-0.26602777148227824
-0.0118465834956178	-3.2951687296713326	-0.26744907093221054
-0.011781537135191917	-3.3110406006547755	-0.28382858446066506
-0.011718214023699164	-3.3064953645384945	-0.30319886008691627
-0.011660540201615548	-3.3012658344969266	-0.31407779351174714
-0.011603762791095169	-3.2976762254101306	-0.3274782167193302
-0.011543267726627181	-3.3074927015658386	-0.3510020112667921
-0.011479896743345064	-3.332557687684008	-0.36572924135524837
-0.01140855758021472	-3.3596277960443244	-0.37063245691396784
-0.01133749685540131	-3.3879436174473363	-0.3702758904555873
-0.011273160021196865	-3.4203106595784503	-0.36498656173749605
-0.011211635074028354	-3.459666821449698	-0.35012038489795405
-0.01116289038287471	-3.5090221459960547	-0.3179275651663782
-0.0111269474068599	-3.5748259790883345	-0.30114475533534946
-0.011097201844267822	-3.5697887328616664	-0.3111635426501199
-0.011065144373359679	-3.5636570477889955	-0.3101953848837697
-0.011028858223187422	-3.557155773839922	-0.3101306862350424
-0.011000197756635636	-3.5534073147130965	-0.32130935332788035
-0.010983083930742554	-3.6054063030331505	-0.30585693823383353
-0.010973416791623091	-3.669891293360216	-0.26310622141225193
-0.010967936182128922	-3.6746979534671973	-0.27965542680582933
-0.010964991406677668	-3.6675068607262737	-0.2827038996182422
-0.010964524514876109	-3.661546109028541	-0.2804308934811719
-0.010966438618367762	-3.6550815823250655	-0.27942232133073514
-0.010970362821023535	-3.648201128490949	-0.28659025039711206
-0.010977667080630924	-3.6700025784027313	-0.2992844809351794
-0.010990709755101588	-3.7568614221591656	-0.22860411996378294
-0.011012496926465352	-3.8000581061715137	-0.2400140575205621
-0.011049749546289333	-3.770223013581677	-0.2700641544187931
-0.011110335823231452	-3.7520177133674824	-0.2606929062447985
-0.011191565174568	-3.7556349763686057	-0.2537410239794553
-0.01125658774911214	-3.7635744060136336	-0.2543852615355629
-0.011251834084759625	-3.772107976082585	-0.25429272180275336
-0.01119399334112935	-3.775733702262286	-0.2475790206152691
-0.011131038015768105	-3.753260029354385	-0.2377858573358555
-0.011075269019508529	-3.725551280625076	-0.26425147707582614
-0.011006762326692439	-3.742723198935084	-0.27947008618034064
-0.010929094610882841	-3.7994533450047805	-0.2650032725975292
-0.010852307716370382	-3.8327101063752256	-0.22931553888282905
-0.010783266520933784	-3.853314388698689	-0.20936044524094338
-0.010724046796686575	-3.868656578875766	-0.20198603414286484
-0.010664084680938532	-3.8781884465741787	-0.2015130469594429
-0.010597116042049102	-3.8847539027668168	-0.20311000591024958
-0.01052834860441769	-3.8921069405688202	-0.20419752467417165
-0.01045099596836878	-3.903036732095352	-0.2021725879583952
-0.010373138380654045	-3.917289354440179	-0.19457811743281778
-0.010310959547769024	-3.9321979222352548	-0.18340075177219253
-0.010266971524164593	-3.946530676361848	-0.17276431007734577
-0.010237166897864672	-3.959747545344214	-0.164962277539067
-0.01021989806402838	-3.971335044834053	-0.1603805516580219
-0.010211948379009373	-3.9812504360768903	-0.15818907655438305
-0.010210640523781992	-3.9900272032899506	-0.1572659489546638
-0.010214610883415109	-3.9984005129155085	-0.15674513682976463
-0.010220970170698179	-4.006961441450111	-0.15604749932900505
-0.010228963591751971	-4.015997560953715	-0.1548326315548771
-0.010239302666162136	-4.0254936885123165	-0.1530115586055827
-0.010251411890038762	-4.035273256918345	-0.15070613536051192
-0.010264447416852488	-4.045168468718165	-0.14810919492511979
-0.010277968445309687	-4.055095767256228	-0.14536260187330735
-0.010292208744251937	-4.065034077370176	-0.14253949050954764
-0.010306342269606677	-4.0749700040482555	-0.13968982244873634
-0.010321435383252609	-4.084868310825626	-0.13687040132907255
-0.010338035688934183	-4.094695071490865	-0.13412177536692763
-0.010354014294468642	-4.104465911639597	-0.1314258627359767
-0.010364868409183442	-4.1142481323629045	-0.1287117487404907
-0.010373385304594583	-4.1240992293640035	-0.12591972235743004
-0.010382586324019555	-4.13400948488968	-0.12306185515607054
-0.010391712086309436	-4.14391222371884	-0.12021401960295687
-0.010399606012519368	-4.15374948441185	-0.11744213498765364
-0.010403556387969172	-4.163525181337937	-0.1147361521715152
-0.010399760707133932	-4.173309615288905	-0.11200364935695384
-0.010383902774277753	-4.183195682682792	-0.10911854473780043
-0.010360811631795006	-4.193242226831015	-0.10598769860900899
-0.010334159022078128	-4.203446443456968	-0.1025967701171082
-0.010307006803883896	-4.2137550153093155	-0.09901297129025304
-0.0102870820369758	-4.2240993596937795	-0.09534533688193285
-0.010274298801638887	-4.234425815966394	-0.09169405484398481
-0.010266937170764242	-4.244710214902426	-0.08811831162204362
-0.010263508619907555	-4.254954193657236	-0.08463494931434234
-0.010263192771607395	-4.265169068980791	-0.08123785827606578
-0.010265575684186973	-4.2753658427937165	-0.07791389505791083
-0.010267591181735102	-4.285553340736744	-0.07464911176483938
-0.010268116756175059	-4.295737058486619	-0.07143208179778417
-0.010269067134078864	-4.305917229865492	-0.06825664293157344
-0.010270939653128726	-4.31609016336954	-0.06512043703373246
-0.010271013138527454	-4.326252100483017	-0.06202031766434072
-0.010269505015022209	-4.33640048600821	-0.058950418854378406
-0.010267822247211717	-4.346532715398603	-0.055903282163973445
-0.010265339725436258	-4.356646496303855	-0.052869371665566794
-0.010258397608859543	-4.366741437978919	-0.049835166963467424
-0.010245403526754262	-4.376818222502798	-0.046784638522736045
-0.01022821717155388	-4.386875843210339	-0.04370434789956356
-0.010211540228844605	-4.396910418601172	-0.040587044591090166
-0.010198115562498247	-4.406916676557414	-0.03743036543692175
-0.010188068311477219	-4.416889775874581	-0.03423285083125201
-0.010180686806672066	-4.426825501265559	-0.03099102140357319
-0.010175758680764193	-4.436718951993823	-0.027698745051775314
-0.010173693252772752	-4.446562768337629	-0.024347255694517487
-0.010174737964629213	-4.456344958790903	-0.020924124128658173
-0.010178351062984575	-4.466045129917742	-0.017410659376645234
-0.010183435242125019	-4.475627231673509	-0.013778200150548989
-0.01018908525636092	-4.485029395805796	-0.009987498119744602
-0.010194787136892994	-4.494175718456512	-0.006023144290414098
