#time 	alpha (rad) 	h/c 	u/uref 	A0 	Cl 	Cd 	Cm 
0.15	0.0026081874396957647	0	1	-6216684452565948e-22	0.11186064406366768	0.00029175418598156015	0.008683644988176425	0.016227069648876033	-0.004063064811861735	0.09101337471349116	0.11186102453868188	2428273029538296e-27
0.3	0.005157800612414454	0	1	-13213116164457267e-22	0.08007219363718013	0.00041300006075016424	0.011057306681298944	0.026310964543793586	-0.004103106057699344	0.04680809355810299	0.08007325872549617	1096958946946665e-26
0.44999999999999996	0.007591580702936674	0	1	-20052967185410248e-22	0.08835487772512111	0.0006707660454163125	0.013239046458898505	0.035221746714305724	-0.0040509169954759325	0.04394754764680829	0.0883574238245366	25266038561363254e-27
0.6	0.009854870257347851	0	1	-2657764936486219e-21	0.0954411759865228	0.0009405908119491808	0.015179632534534375	0.043382154313182535	-0.003907788718320324	0.04079181259462597	0.09544581072402256	4438262689420233e-26
0.75	0.01189684067161868	0	1	-3263738750617901e-21	0.10081260539477065	0.0011994080236750412	0.016837334463763044	0.05076260475992418	-0.003676937399820038	0.0368967382377348	0.10081974006160199	6692843103298707e-26
0.9	0.013671633692471654	0	1	-38089960802964573e-22	0.10423749300831008	0.0014251855268794342	0.018174033692089166	0.05724061099472579	-0.003363547481241764	0.03219613826109767	0.10424723546667086	9115928703098252e-26
1.05	0.015139391294885143	0	1	-42805861240423646e-22	0.10558964652455949	0.0015986850023134544	0.019157431428251586	0.0626784571164147	-0.002974654616110026	0.0267405143851816	0.10560174831373786	11512942802388598e-26
1.2	0.016267150807406577	0	1	-4667210978500278e-21	0.10481119805693882	0.001705129834808824	0.01976264302585394	0.06694878725091465	-0.002518984240869235	0.020632621127849273	0.10482506716374863	1368657353309862e-25
1.3499999999999999	0.017029585182689985	0	1	-49595132334131375e-22	0.10190071724256765	0.0017354945615412351	0.01997314881654853	0.06994546717752208	-0.002006753920996555	0.014003632901551183	0.10191549497462524	15454607337076533e-26
1.4999999999999998	0.01740957178837748	0	1	-5150296454076596e-21	0.0969084259617753	0.0016873045056197474	0.019781325147600205	0.0715891501811593	-0.0014494441858162383	0.0070020828128287745	0.09692311395577204	16666496842362116e-26
1.6499999999999997	0.017398576944507842	0	1	-5234687988174618e-21	0.08993317711755552	0.0015648670335003314	0.019188676360899694	0.07183042540444133	-0.0008595428606530448	-0.00021276821546912757	0.08994679068921886	1721715819892434e-25
1.7999999999999996	0.016996847571570904	0	1	-5210246267828628e-21	0.08111945005699216	0.0013789075451898676	0.018205823970431228	0.07065154246152841	-0.00025026826778020664	-0.0074759292858314124	0.08113116887834802	17056753402718875e-26
1.9499999999999995	0.01621340564520569	0	1	-5077012565930975e-21	0.07065378893977907	0.0011456387666624879	0.016852280491005064	0.06806709473180285	0.0003647231071444787	-0.014621021835006836	0.07066307649494556	16195574007235232e-26
2.0999999999999996	0.015065845582077781	0	1	-48375070178965736e-22	0.0587605210530269	0.0008853437755020466	0.015156023806020236	0.06412382827006242	0.0009716387265072256	-0.021484300398215125	0.05876719040437477	14703579853430437e-26
2.2499999999999996	0.013579939107212328	0	1	-44966693738031645e-22	0.04569674266290002	0.0006205970052587543	0.013152884090717869	0.05889966340275025	0.001556855972854813	-0.027908446904755833	0.0457009565615671	1270462296959535e-25
2.3999999999999995	0.011789056476610516	0	1	-4061745892232226e-21	0.03174662088842985	0.00037427994246816	0.01088575514486302	0.05250198731641602	0.002107225876789863	-0.03374614122100796	0.031748827117060945	10365860696855404e-26
2.5499999999999994	0.009733417053241796	0	1	-35421248389450067e-22	0.017215091866765002	0.00016756688167738644	0.00840364396212014	0.04506526881620096	0.00261036829418302	-0.03886337370051255	0.017215907371991565	7883291672208265e-26
2.6999999999999993	0.007459186066859376	0	1	-29491241261937693e-22	0.002421059671126668	18059414858360695e-21	0.005760575760323146	0.036748049835548684	0.0030549520580151926	-0.043142450628384024	0.0024211270255029976	5464695561906841e-26
2.849999999999999	0.005017437842466312	0	1	-22957356731791496e-22	-0.012309776281359734	-6176408875941975e-20	0.0030143760099257512	0.027729377446564077	0.003430953565083061	-0.04648463825207889	-0.012309931230506	3311491417557931e-26
2.999999999999999	0.0024630087810856337	0	1	-15963320617252593e-22	-0.026652314665582804	-656450338122276e-19	0.00022535568981775394	0.01820475243795832	0.003729887373348353	-0.04881239100891518	-0.02665239550779075	16011290644115613e-27
3.149999999999999	-0.00014673414758635244	0	1	-86634196646025e-20	-0.040289495345106785	5911840082742942e-21	-0.002545069535287017	0.008381684042992027	0.003945002750255503	-0.050071113036801354	-0.04028949577884084	4715834697115563e-27
3.299999999999999	-0.0027531817436436015	0	1	-12190161430605514e-23	-0.0529196058530817	0.00014569766075223195	-0.00523579190364004	-0.0015250466472816705	0.004071440769549675	-0.050230408637906065	-0.0529198064192781	9336815609831312e-29
3.449999999999999	-0.0052977988132462805	0	1	6205098457812677e-22	-0.06426325819911144	0.0003404569957742836	-0.007787419371513785	-0.011298301286602724	0.004106347511605497	-0.049284786891037394	-0.06426416003754841	2419230350195134e-27
3.5999999999999988	-0.00772343874288002	0	1	13444427506683463e-22	-0.07406984648059713	0.0005720852859251453	-0.010143641651652787	-0.02072355639752671	0.004048940146785731	-0.04725379782197235	-0.07407205572436612	11357022752230898e-27
3.7499999999999987	-0.009975626889094657	0	1	20338485785872112e-22	-0.08212331026595285	0.00081925865196446	-0.012252518911599833	-0.02959380986536618	0.003900524101593271	-0.04418159193365642	-0.08212739660902917	25990647605791296e-27
3.8999999999999986	-0.012003783961555763	0	1	2673442327780423e-21	-0.08824705322980879	0.001059349398638947	-0.014067660785246182	-0.03771430096310275	0.0036644610240305917	-0.040135910682227875	-0.08825341140654622	44907771892709566e-27
4.049999999999999	-0.013762361924863084	0	1	3249047333518969e-21	-0.09230789869542624	0.0012704548542068145	-0.015549267981299691	-0.04490693018845132	0.0033460887655706604	-0.035206531658531895	-0.09231664106271226	6632724293930071e-26
4.199999999999999	-0.015211866909229871	0	1	37479146909276915e-22	-0.094219000195053	0.0014333573647899675	-0.01666501428102631	-0.051014276409455626	0.002952595975342293	-0.0295032077102083	-0.09422990242534794	8825905282980131e-26
4.35	-0.016319746157654576	0	1	4159010103564114e-21	-0.09394166210220217	0.0015332400909130303	-0.017390752498011607	-0.055903122999313236	0.00249285507194449	-0.023153152998160075	-0.09395417342354043	1086825498819786e-25
4.5	-0.01706111909066353	0	1	44732617895873015e-22	-0.09148605929719854	0.0015610058901379305	-0.017711033457788794	-0.05946742046147717	0.001977218268017937	-0.016298140221593708	-0.09149937587284174	12572698434272358e-26
4.65	-0.017419336070486555	0	1	4683764024428641e-21	-0.0869108730612129	0.0015140827123077424	-0.017619431817815286	-0.06163062919820817	0.0014172819602672382	-0.009091281495520206	-0.08692406055127642	13783829148093303e-26
4.800000000000001	-0.017386352316026817	0	1	47859319354757535e-22	-0.08032188162889731	0.001396645120002739	-0.017118676370705438	-0.06234740150438378	0.0008256251888839252	-0.0016935705293527343	-0.08033402321555803	14391726732471868e-26
4.950000000000001	-0.016962908571300724	0	1	4777604267720713e-21	-0.07186955821495702	0.001219233544741632	-0.016220585373520547	-0.061604575929003653	0.00021552807017568909	0.005729733897070367	-0.07187989933527815	1434168621816781e-25
5.100000000000001	-0.01615851446992428	0	1	4659091975341905e-21	-0.06174573835408706	0.0009978061133568677	-0.014945809654504334	-0.05942146967922643	-0.0003993238153022196	0.013012803088378981	-0.061753800060654	1363899707605169e-25
5.250000000000002	-0.014991234969243606	0	1	4433171649854706e-21	-0.05017942448919132	0.000752307777657719	-0.013323388146185208	-0.05584946604207907	-0.0010051430707842329	0.019992933653840462	-0.05018506360520805	12348350918468136e-26
5.400000000000002	-0.013487284650338705	0	1	4105023954250871e-21	-0.037431801710039854	0.0005048838730715737	-0.011390122516063842	-0.0509709044984521	-0.0015883461330768842	0.026514166630397948	-0.03743520651719488	10587934837338754e-26
5.5500000000000025	-0.011680438995047667	0	1	36821183812212454e-22	-0.023790546909080324	0.00027789658481225133	-0.009189780100575168	-0.044897292079448516	-0.002135854838662096	0.03243075711459755	-0.02379216990408823	8518739983777342e-26
5.700000000000003	-0.009611275861460225	0	1	3174046790713213e-21	-0.009563526054456081	9192045426742469e-20	-0.006772137639960995	-0.03776686627030615	-0.0026353877527527225	0.03761042386904581	-0.00956396779397406	6330040923592197e-26
5.850000000000003	-0.007326264192705711	0	1	25923092878332895e-22	0.004928008807347897	-3610458265362196e-20	-0.004191882399178206	-0.02974155282899971	-0.003075735061758119	0.04193731135388572	0.004928141063949676	42223429026056706e-27
6.0000000000000036	-0.004876720424671483	0	1	1950057066631549e-21	0.019356590814266137	-9439745400316793e-20	-0.0015073919503626214	-0.021003376258668747	-0.003447010865996315	0.04531460006480425	0.019356820989776563	23893210535873634e-27
6.150000000000004	-0.0023176560294845606	0	1	12617978413588453e-22	0.03339592420873432	-774004136925138e-19	0.0012205812141993027	-0.011750395875321838	-0.0037408768976098968	0.04766670546128623	0.0333960139025538	10003671651835224e-27
6.300000000000004	0.0002934579235546493	0	1	5430703875835751e-22	0.04672831162789815	13712791842103675e-21	0.003930289513827247	-0.0021922555226708785	-0.003950732090317803	0.04894101173912304	0.046728313639961605	18530712282048687e-28
6.450000000000005	0.002897981444288567	0	1	-18990450852964694e-23	0.05905193512709471	0.0001711318910934434	0.006560400197137175	0.007454551224527768	-0.004071863082531651	0.04910909475665708	0.05905218309579038	22659505045384436e-29
6.600000000000005	0.005437422549461061	0	1	-9205887831816675e-22	0.0700877972873049	0.0003811007199137663	0.009051398793147397	0.016971587389872898	-0.004101551650308487	0.04816739885995542	0.07008883339266722	5324897180419775e-27
6.750000000000005	0.007854750866560145	0	1	-16324991786282937e-22	0.07958613308494622	0.0006251420876097957	0.011346949143273454	0.02614343019320261	-0.004039136211175644	0.04613734513988038	0.0795885882651808	16745025422699336e-27
6.900000000000006	0.010095678413034413	0	1	-23095781400595343e-22	0.08733211844312799	0.000881706904941134	0.013395174574080314	0.034762557070065175	-0.003886025849211561	0.04306486340051109	0.08733656919544502	335154603521233e-25
7.050000000000006	0.01210987878734319	0	1	-29365550078121262e-22	0.09315072653159691	0.0011280990985362612	0.015149828054246037	0.042634039731394104	-0.0036456666962569203	0.03901935609703333	0.09315755718641655	54182139406926185e-27
7.200000000000006	0.013852117391437864	0	1	-34992892385477197e-22	0.09691061550637156	0.0013425030136391368	0.016571323857389225	0.049579933169810866	-0.003323461863800598	0.03409211874579367	0.09691991390919316	7693776226570391e-26
7.350000000000007	0.01528326730231404	0	1	-398508785426393e-20	0.0985269680546484	0.0015059311422299358	0.017627608782874803	0.05544325787144919	-0.0029266473611362807	0.028394256758793337	0.09853847605198106	9978279592002567e-26
7.500000000000007	0.016371187978349577	0	1	-4382989977194093e-21	0.0979632400364842	0.0016039177912244176	0.01829485676172121	0.06009148775635329	-0.0024641274854049974	0.022054152315897548	0.09797636934856704	12070376682609075e-26
7.6500000000000075	0.017091447066578537	0	1	-46840121321729674e-22	0.09523180919994355	0.0016278077949712104	0.018557976132029183	0.0634194722037218	-0.001946273988029016	0.015214545985066861	0.09524572033278882	13785289497213737e-26
7.800000000000008	0.017427869100665756	0	1	-4881348947256749e-21	0.09039354281576574	0.0015755261970982785	0.018410923590030333	0.06535173662279599	-0.0013846939065421053	0.008029305887845258	0.09040727219412947	14971302230384794e-26
7.950000000000008	0.017372898767008507	0	1	-4970524926019526e-21	0.08355632388798728	0.00145176145967279	0.017856822602913852	0.06584412136966669	-0.0007919713317870806	0.0006599622154677255	0.08356893485626118	1552331178675124e-25
8.100000000000009	0.016927770580791725	0	1	-4949494069023076e-21	0.07487258958077145	0.0012675469392084563	0.016907886937301417	0.06488473276648984	-0.00018138861352998576	-0.006727912882707573	0.0748833182075537	1539222789024521e-25
8.250000000000009	0.01610248116143841	0	1	-4818685260234698e-21	0.06453594421844071	0.001039278506472192	0.015585152152766494	0.062494192419960515	0.0004333673408436116	-0.013968400034213612	0.06454431187935701	14589385152678654e-26
8.40000000000001	0.014915564730088813	0	1	-458099248880907e-20	0.0527769151408072	0.0007872557443725759	0.013918019817777938	0.058725182279542175	0.0010385078883606402	-0.020898923554998537	0.052782786430682224	1318557361451739e-25
8.55000000000001	0.013393676870951048	0	1	-4241710136040671e-21	0.03985792563870971	0.0005338759881897079	0.011943621260405043	0.05366129356769904	0.0016204486537638471	-0.0273638625092292	0.03986150097263873	11304772901587861e-26
8.70000000000001	0.011570995904345797	0	1	-3808414705054694e-21	0.026067567655555922	0.00030164108960068853	0.009706010248686274	0.04741519863232596	0.002166112587524538	-0.03321800865013052	0.026069312818406257	9113146147966183e-26
8.85000000000001	0.009488455315315999	0	1	-3290795507803742e-21	0.011714269536528587	0.0001111535907735177	0.007255197339893596	0.04012617660801678	0.0026632237525430606	-0.03832980082235165	0.011714796878101792	6804271902462043e-26
9.00000000000001	0.007192824475800142	0	1	-2700437927300965e-21	-0.002880528820951358	-20719541347891765e-21	0.004646042768763368	0.031957036932973505	0.0031005853534210957	-0.04258426839260745	-0.0028806033374494805	4581928061759887e-26
9.150000000000011	0.00473565830536731	0	1	-2050563936067936e-21	-0.017389560584008167	-8235165904569909e-20	0.001937029456602468	0.023090499227677228	0.003468335473421579	-0.04588561973679548	-0.017389755579094206	2641961584237183e-26
9.300000000000011	0.0021721394588694706	0	1	-13557355429895763e-22	-0.031487121978533344	-6839453921060422e-20	-0.0008110573936705533	0.013725103291440931	0.003758174124281197	-0.04815941628186536	-0.03148719625981379	11548613111337532e-27
9.450000000000012	-0.0004401609570197544	0	1	-6315277392078084e-22	-0.044856493795339805	19744076006685046e-21	-0.003536513142191304	0.004070738068221452	0.00396355560931722	-0.049354278675972384	-0.04485649814062502	2505905739658017e-27
9.600000000000012	-0.0030425763067450356	0	1	10582172317273317e-23	-0.05719720655019675	0.0001740274023978522	-0.006178124469038347	-0.005656107868695253	0.004079840890925742	-0.04944307984941865	-0.05719747129622651	7036059878316668e-29
9.750000000000012	-0.005576661952026148	0	1	8397777768004579e-22	-0.06823195589818298	0.00038051049246551696	-0.008676571429169125	-0.015237260793819441	0.004104405642789096	-0.04842359030991366	-0.06823301689011313	44310701301983755e-28
9.900000000000013	-0.007985507792434579	0	1	1553880362221681e-21	-0.07771297974901203	0.0006205907815908274	-0.010975783911121782	-0.024457820694509816	0.004036700917155603	-0.04631855393990416	-0.07771545762838014	1517102851592888e-26
10.050000000000013	-0.01021501634355826	0	1	22321150810461673e-22	-0.08542772425703156	0.0008726759219607219	-0.013024217234447931	-0.03311104163738405	0.0038782647934127953	-0.0431751874166134	-0.0854321814950326	31304951252170404e-27
10.200000000000014	-0.0122151176498742	0	1	28592736701336845e-22	-0.09120365138416403	0.001114118693153301	-0.0147760150025929	-0.04100301349299026	0.0036326848942884143	-0.03906411241262155	-0.09121045601391631	51367841688707625e-27
10.350000000000014	-0.013940893748005116	0	1	34212960469592017e-22	-0.0949120735656797	0.001323244784098412	-0.016192032073210485	-0.047957032417392055	0.003305513148002799	-0.03407774597942193	-0.09492129732202167	7354635937496514e-26
10.500000000000014	-0.015353587427339499	0	1	3905586155579106e-21	-0.09647093769448103	0.0014812912783118725	-0.017240696067395356	-0.05381755904460869	0.0029041355330830616	-0.028328189905790495	-0.09648230948471148	9584121562497632e-26
10.650000000000015	-0.01642147263342637	0	1	4301294512855829e-21	-0.09584651738823205	0.0015740823401065118	-0.01789869160509856	-0.058453677742208	0.0024376006850301427	-0.02194467339048176	-0.09585944205275818	11624605637062237e-26
10.800000000000015	-0.01712056696676092	0	1	45995611845367984e-22	-0.09305400586729157	0.001593292881135737	-0.018151456870085642	-0.06176198617633165	0.0019164121231804137	-0.015070614314810344	-0.09306764523804721	13292683644819125e-26
10.950000000000015	-0.017435170275774414	0	1	4793713878410105e-21	-0.08815702924521601	0.0015371884354859473	-0.017993486767755487	-0.0636688605322866	0.0013522894643322931	-0.007860372318781695	-0.0881704301544915	14438566783812224e-26
11.100000000000016	-0.0173582172483909	0	1	4879416888744292e-21	-0.0812661204570498	0.0014107765196839117	-0.017428440651185213	-0.06413205702490446	0.000757904356646017	-0.00047577172641723197	-0.08127836504586088	14959453166601293e-26
11.250000000000016	-0.01689143608370453	0	1	4854767734089227e-21	-0.07253620773616663	0.0012253571107332386	-0.01646905539837571	-0.06314162421609681	0.00014659705031184973	0.006917525562514166	-0.0725465570016465	14808694781377507e-26
11.400000000000016	-0.016045309680353673	0	1	4720339468890756e-21	-0.062163180116614314	0.000997512941038693	-0.015136866778486345	-0.06072011302884292	-0.00046792040877935876	0.0141537172268959	-0.06217118298921272	1399994512812748e-25
11.550000000000017	-0.0148388402132173	0	1	4479167808056252e-21	-0.050379598389355545	0.0007476295590587392	-0.013461743938109309	-0.056922082547957706	-0.0010718683518914115	0.0210705493699702	-0.050385145467988224	12605919654750023e-26
11.700000000000017	-0.013299122385533447	0	1	4136683359144842e-21	-0.03744962607810194	0.0004980764176995942	-0.01148124390559604	-0.05183291038567966	-0.0016517049877544515	0.027512921163209098	-0.03745293811582105	1075188045145753e-25
11.850000000000017	-0.011460734940277212	0	1	3700590408761329e-21	-0.023663263778780263	0.0002712101823935742	-0.009239795627492322	-0.04556692734330097	-0.0021944271370464524	0.03333633217853448	-0.023664817929305262	8604426043813967e-26
12.000000000000018	-0.009364964096140876	0	1	31806948399495073e-22	-0.009329983170880265	8737744826946114e-20	-0.006787726440538019	-0.03826490800009888	-0.002687860039571559	0.038410102163302644	-0.009330392316905814	6356585267376846e-26
12.150000000000018	-0.007058876348069884	0	1	25886848643039493e-22	0.005228125588299219	-36905347137768895e-21	-0.004180148057542221	-0.0300909620923097	-0.0031209300322644897	0.04262029602624612	0.005228255844129705	4210544263653226e-26
12.300000000000018	-0.0045942614552557095	0	1	19378693057572755e-22	0.019683558689170905	-9043207484149932e-20	-0.0014757238875223481	-0.021228886057369195	-0.003483913946005866	0.04587229031478579	0.01968376642388838	23595481065441176e-27
12.450000000000019	-0.0020264693547965102	0	1	12428791664549192e-22	0.03371079974078921	-6831400581863107e-20	0.001264655600244844	-0.011878049377867187	-0.0037686592785120604	0.04809292201507678	0.033710868958942375	9705941847597807e-27
12.60000000000002	0.0005868328785627061	0	1	5193390868406837e-22	0.04699374184337629	2757747427136813e-20	0.003979258273194558	-0.0022489054000039916	-0.003968769629263215	0.04923216669113298	0.04699374993506033	16946573061496686e-28
12.75000000000002	0.003186956110606025	0	1	-21648392166388465e-23	0.059232941852210036	0.00018877342479537926	0.006606921799312003	0.007441770129444089	-0.004079750566969993	0.0492643012969879	0.059233242658774	2944632911081822e-28
12.90000000000002	0.005715507179074846	0	1	-9480465070331109e-22	0.07015251308292825	0.00040096155259114686	0.009088454475597136	0.016975798794276242	-0.00409911204316828	0.048188517708642485	0.07015365893534758	5647277816427756e-27
13.05000000000002	0.008115700278204022	0	1	-16589014032356787e-22	0.0795064682548158	0.0006452648160066734	0.011367988531693135	0.02613855669626302	-0.004026424632598769	0.04602896606168331	0.0795090866570407	17291036094734035e-27
13.20000000000002	0.01033363224549641	0	1	-23330677064268327e-22	0.08708434089965304	0.0008999295519042634	0.013394250742686957	0.03472384626002495	-0.0038633282038447966	0.042834221912504515	0.08708899071137163	3420066519472713e-26
13.350000000000021	0.01231949311054424	0	1	-2955390499693181e-21	0.09271593959898293	0.00114227111229268	0.015121718649334702	0.042538562843854495	-0.0036134930106658156	0.03867618730566102	0.09272297578818439	5487943280928161e-26
13.500000000000021	0.014028684719580539	0	1	-35118816014428583e-22	0.09627512268328646	0.0013507018739719137	0.01651163548939969	0.04940704413663033	-0.00328253454545588	0.033648452042923306	0.09628459712349743	7749248715091217e-26
13.650000000000022	0.015422822313864826	0	1	-3990033701612915e-21	0.09768251793098687	0.0015066594788199087	0.01753286253508343	0.05517500206639791	-0.0028778847191615253	0.0278641567489166	0.09769413663123641	10003062820872934e-26
13.800000000000022	0.016470596568611797	0	1	-4379100827151161e-21	0.09690714854308093	0.0015962627753983783	0.018162553300241826	0.05971295145933577	-0.002408622957566157	0.021453412737361878	0.09692029453937331	12048965418110544e-26
13.950000000000022	0.017148476732927107	0	1	-4670338921063652e-21	0.09396695982300139	0.0016115480596789165	0.018386639476374884	0.06291906561884188	-0.0018852715960241903	0.014560344458463294	0.09398077795765586	1370492503334176e-25
14.100000000000023	0.017441239079743154	0	1	-4857201276953895e-21	0.08892826811719919	0.0015511763277621779	0.0182001230812033	0.06472140506422525	-0.0013195605143328998	0.007339828046326297	0.08894179567742196	14823544771223602e-26
14.250000000000023	0.01734230879790862	0	1	-4935484625546443e-21	0.0819041735898384	0.0014205497328258234	0.017607172977911627	0.06507948088062114	-0.0007241663146796658	-45995840547017686e-21	0.08191649170330609	153052164235581e-24
14.400000000000023	0.01685390764827247	0	1	-4903422776276194e-21	0.07305199170807421	0.0012313279608617235	0.01662102670168455	0.06398512792049466	-0.00011243156610994429	-0.007431354759772294	0.07306236829629698	15107011102395664e-26
14.550000000000024	0.015987004067725144	0	1	-47617258591901136e-22	0.06256976658851811	0.0010003881997872035	0.015263700673246432	0.06146267538364593	0.0005019302146087859	-0.014650542908690643	0.06257776336281051	1424651519933499e-25
14.700000000000024	0.014761066841752489	0	1	-4513564369424405e-21	0.05069193514486417	0.0007483212661409176	0.01356551378202365	0.05756841345021428	0.0011051380436420055	-0.021541607021560397	0.05069745825431955	12800270554697553e-26
14.850000000000025	0.013203627877486013	0	1	-416449837115096e-20	0.037684217087829784	0.0004975971869781972	0.011564431417943933	0.05238936531987259	0.0016836494532734255	-0.027949944012208808	0.037687502178881144	10896957610235958e-26
15.000000000000025	0.011349663896423959	0	1	-37223533698463433e-22	0.02383781468886116	0.0002705627152828151	0.009305239689279116	0.04604138499965888	0.0022244628286205398	-0.03373173741476869	0.02383935010278985	8705927909512736e-26
15.150000000000025	0.009240810932671786	0	1	-3197045492373552e-21	0.00946301931894683	874483973190831e-19	0.006838562997593289	0.03866661315227409	0.0027154097509285114	-0.038757162532217546	0.00946342336857834	6422106459115399e-26
15.300000000000026	0.006924429277378129	0	1	-26003597142843764e-22	-0.005117660702511039	-35437488470659097e-21	0.004219742349053206	0.030430336629093183	0.0031454308491778975	-0.042913293222664003	-0.005117783395339713	42486086277375944e-27
15.450000000000026	0.004452539868698341	0	1	-1945685932050444e-21	-0.019576715688849958	-8716670691972026e-20	0.0015075965337153542	0.021517311890001972	0.0035048286304330788	-0.04610664679999281	-0.019576909745842405	23786215323473566e-27
15.600000000000026	0.0018806560136739956	0	1	-12477186570379074e-22	-0.03358903685521808	-6316950841103195e-20	-0.0012369068278646146	0.01212762779418118	0.0037854909251326544	-0.04826530814675194	-0.03358909625530272	9781674492017435e-27
15.750000000000027	-0.0007334633209636674	0	1	-5221269962030641e-22	-0.046839329514979516	3435493462549142e-20	-0.003952038942686643	0.0024721982452786005	0.003981079010535812	-0.04934058042714944	-0.04683934211402167	17129006166439138e-28
15.900000000000027	-0.003331110650665585	0	1	21479767109181042e-23	-0.059029348272454006	0.00019663401774609358	-0.00657672136991768	-0.007232011372054769	0.004087175200227406	-0.04930811823584672	-0.059029675777591765	28989385192909575e-29
16.050000000000026	-0.005853948416601986	0	1	9465083214539802e-22	-0.06988476083805942	0.00040910645261798585	-0.009051924677983804	-0.01676690944621104	0.004101385708608815	-0.04816850986991176	-0.06988595828549779	56289675028463e-25
16.200000000000024	-0.008245319121465486	0	1	16565748398049543e-22	-0.07916145316632513	0.0006527262182260892	-0.011322017434297206	-0.025918234012465697	0.004023395874427161	-0.045947288577148034	-0.07916414414948378	17242569703224977e-27
16.350000000000023	-0.010451517734714194	0	1	23290539431320814e-22	-0.08665110552678454	0.0009056685089674955	-0.013336030566047636	-0.03448041642662791	0.0038549762779961673	-0.04269436766025116	-0.08665583837493054	34083090129893225e-27
16.50000000000002	-0.012422997791776554	0	1	29488479827827146e-22	-0.0921858956068187	0.0011452840410869183	-0.015048805687694549	-0.04226123332400745	0.003599939809227481	-0.0384829104260545	-0.09219300962852901	54636722282265683e-27
16.65000000000002	-0.014115484100829764	0	1	35020444204230954e-22	-0.0956422181901901	0.0013501258038177795	-0.01642200085577164	-0.049086135388259296	0.0032640512254408826	-0.03340766216893426	-0.09565174718752431	7705896458104461e-26
16.80000000000002	-0.015490967068156475	0	1	3976228272801982e-21	-0.09694334783086608	0.0015018662456145247	-0.017424932823184778	-0.054802153390841796	0.002854892075535723	-0.027582786604511758	-0.0969549807430026	9933961817510742e-26
16.950000000000017	-0.016518556311675866	0	1	4360760510066332e-21	-0.09606100746374789	0.0015869333825945468	-0.018035240615920767	-0.059281296593749776	0.0023816849816232447	-0.021139262456976057	-0.09607411468502336	11948251092128562e-26
17.100000000000016	-0.01717517439232945	0	1	4647016240497092e-21	-0.09301583869273927	0.001597720220222363	-0.018239360601501643	-0.062423374583391936	0.0018550821175797642	-0.014221906523258256	-0.09302955959057208	13568387836358312e-26
17.250000000000014	-0.017446075083610346	0	1	4828577481597293e-21	-0.08787679620357226	0.0015332605985581285	-0.01803280777588261	-0.06415818965313544	0.0012869233030377433	-0.006986097105319857	-0.08789017123130016	14649347386167194e-26
17.400000000000013	-0.017325174540019618	0	1	4901376373279697e-21	-0.08075950836860428	0.0013993124367563214	-0.017420261598390163	-0.06444706200026341	0.000689969474405932	0.00040572378763549467	-0.08077163033661215	15094404161027772e-26
17.55000000000001	-0.016815187927120206	0	1	4863785802046385e-21	-0.07182365911539595	0.0012078420184697845	-0.01641545742181987	-0.06328366371036567	7761746121931452e-20	0.0077876892722710785	-0.07183381439869514	14863762236105286e-26
17.70000000000001	-0.01592756844477193	0	1	4716655545550731e-21	-0.06126945426451552	0.0009759558172239348	-0.015040886668393321	-0.060694149716106406	-0.0005363979423579355	0.014994207597600959	-0.06127722672925671	13978101529984675e-26
17.85000000000001	-0.014682250112954272	0	1	4463293206206261e-21	-0.04933324137303719	0.0007243749150949731	-0.013327310793202629	-0.056736585022221654	-0.0011383085982856452	0.02186364521922222	-0.04933855919448771	1251672480763898e-25
18.000000000000007	-0.013107200096652822	0	1	4109390358658027e-21	-0.03628235844321876	0.00047558726138812525	-0.01131309618870929	-0.05149967816608272	-0.0017146182939823482	0.028241917352929018	-0.03628547529584534	10610471023875783e-26
18.150000000000006	-0.01123779062362735	0	1	36628954835711458e-22	-0.022409296048772592	0.00025184149432055616	-0.009043379879356194	-0.04510084191214288	-0.0022524025595124864	0.0339859132168285	-0.02241071113418306	843002615119475e-25
18.300000000000004	-0.009116004600434312	0	1	31338363922421454e-22	-0.008025270908724257	7316037140714901e-20	-0.0065690793371552215	-0.03768361421625991	-0.002739596864181769	0.03896668604170344	-0.008025604375893461	6170672642992123e-26
18.450000000000003	-0.006789492766855364	0	1	25340959446490116e-22	0.006546673203577965	-4444931370991524e-20	-0.00394576400350561	-0.029414485883457738	-0.003165266990372694	0.04307234097577759	0.006546824098441553	40348368275176594e-27
18.6	-0.004310503563010771	0	1	18771459143948564e-22	0.020978900399706655	-9043020713936859e-20	-0.0012324108862322208	-0.02047919597588845	-0.003519855446707111	0.04621055760874897	0.02097909529992119	22139914196034405e-27
18.75	-0.0017347097420352601	0	1	11777448333463046e-22	0.03494659515477547	-60622268589805016e-21	0.0015099285250689584	-0.011078571319426325	-0.0037953980137882706	0.048310688543961804	0.03494664773581617	8715298849832264e-27
18.9	0.0008800419199340543	0	1	45160652370921846e-23	0.048135175215553626	4236098166743561e-20	0.004219518377832274	-0.0014240014006977218	-0.003985704971873673	0.0493253818500132	0.04813519385527408	12814459186414711e-28
19.049999999999997	0.0034750297376394583	0	1	-28495323213292085e-23	0.060247515093192774	0.00020936274880132484	0.006835350606322607	0.008267346730710999	-0.004086502273894496	0.049231683801307866	0.06024787886444698	5101842451485451e-28
19.199999999999996	0.005991975879157087	0	1	-10153838626692443e-22	0.07101078645973603	0.00042550000551301603	0.00929854229213104	0.017777458560723675	-0.0040955288978525095	0.048031589301413394	0.0710120612564156	6477991625895135e-27
19.349999999999994	0.00837435516036238	0	1	-17232726226743834e-22	0.08018272854038148	0.0006714943251979672	0.01155368144182957	0.026892425919096984	-0.004012587801124883	0.045752020662917295	0.08018554022271897	1865897768782698e-26
19.499999999999993	0.010568664478704451	0	1	-23927140967939154e-22	0.08755717919793209	0.0009253968685114288	0.013550086319756478	0.03540730174158407	-0.003839549234121432	0.04244423052054722	0.08756206934776634	3597174324451039e-26
19.64999999999999	0.012525624377543548	0	1	-30086681142319153e-22	0.09296872449051417	0.0011645521682751426	0.015242947112102233	0.043130736615343244	-0.003580306558707339	0.03818264078829078	0.09297601795702892	5687592006720896e-26
19.79999999999999	0.014201285756506959	0	1	-35572978908431277e-22	0.09629635834826572	0.0013676239631510059	0.01659432362191517	0.049889286220570477	-0.003240686057780412	0.03306314573556016	0.0963060695202654	7950974087490571e-26
19.94999999999999	0.015558016873534758	0	1	-4026280729509351e-21	0.0974660810904775	0.0015165011916430835	0.0175739783365607	0.055531290901460854	-0.002828313426138461	0.027200922391326644	0.09747787820320973	10185631811296135e-26
20.099999999999987	0.016565348472677238	0	1	-4405084310843569e-21	0.09645240200048297	0.0015979136924849744	0.018160029962086304	0.05993024334048288	-0.0023524406333570733	0.020727804631494096	0.0964656373007062	121923751839966e-24
20.249999999999986	0.01720065805789574	0	1	-4685202455150506e-21	0.09327874375614312	0.0016046138890436611	0.018339417844856053	0.06298757631790905	-0.0018237376148309457	0.013789287754690146	0.0932925443026243	13792296751395178e-26
20.399999999999984	0.017449677945552456	0	1	-4860345217076853e-21	0.08801677287313985	0.0015360200967380775	0.018108172224555585	0.0646348185563052	-0.0012540537822917296	0.006541237741343105	0.08803017473991216	14842740772130497e-26
20.549999999999983	0.01730681568582564	0	1	-4926579226432933e-21	0.08078469954109779	0.0013982653610216105	0.017471488830367202	0.06483508172319219	-0.0006561546874288851	-0.0008536162638858678	0.08079679960224463	15250033962379945e-26
20.69999999999998	0.016775279657075995	0	1	-48824153095455e-19	0.07174460287108181	0.0012036485356288838	0.016443609023938762	0.06358385528207754	-43439381116748554e-21	-0.008229326047916178	0.07175469887698338	14977844100714066e-26
20.84999999999998	0.015867007012585553	0	1	-4728841561473327e-21	0.061098845434055166	0.0009695370339842298	0.015047508788150959	0.060909098017161954	0.0005703558471363806	-0.015420425232670459	0.06110653741977883	14050422864092765e-26
20.99999999999998	0.014602395597829932	0	1	-44693012043947625e-22	0.04908564665927245	0.0007168188549939494	0.013314401764344086	0.05687062611599901	0.0011714615313850865	-0.022265609024126463	0.049090880387601725	12550444785162093e-26
21.149999999999977	0.013009845858844096	0	1	-4109615716502382e-21	0.035973890973762586	0.0004680410769575734	0.01128306368398394	0.05155880837003863	0.0017463809141824143	-0.02861131738105587	0.035976935587149116	10611634806448827e-26
21.299999999999976	0.011125123029432134	0	1	-3657854870180075e-21	0.022057255847395214	0.0002453997252480428	0.00899898827890234	0.04509259012332474	0.0022821914826305885	-0.03431514897278336	0.022058620912074313	8406840523686782e-26
21.449999999999974	0.00899055392112131	0	1	-31241564413842497e-22	0.007647758519697895	6875937663828165e-20	0.006513388278737465	0.03761687970874276	0.0027668357880719745	-0.03924903616160635	0.007648067613945854	6132610951710822e-26
21.599999999999973	0.00665407635422633	0	1	-25204994545061998e-22	-0.006931161848561845	-4612120078137691e-20	0.0038820593884936585	0.029299344577867318	0.003189395040263545	-0.043302114302881126	-0.006931315296256603	39916557894767394e-27
21.74999999999997	0.0041681625777528885	0	1	-18604358709513227e-22	-0.021351888908101774	-8899868146779288e-20	0.0011641299282706252	0.020326679023137912	0.003540338953962378	-0.04638322229427333	-0.021352074388902416	21747496890020646e-27
21.89999999999997	0.0015886408558084643	0	1	-1158786606603143e-21	-0.03529004167451864	-56063257608082694e-21	-0.0015792763359097001	0.01090042069622879	0.0038117455181380182	-0.04842297608518259	-0.03529008620672548	8436975776916389e-27
22.04999999999997	-0.0010265583148509436	0	1	-4313086303771843e-22	-0.048431877314352646	49718162656744994e-21	-0.0042864322991998495	0.001232408017332092	0.003997484817248592	-0.04937536336903176	-0.048431902833650925	11688429590932112e-28
22.199999999999967	-0.003618703198887214	0	1	30565936786539994e-23	-0.060481494258543524	0.00021886553150966153	-0.006896419430107929	-0.008460016234731712	0.004093361792752279	-0.04921881639158674	-0.06048189026367411	5870232325107941e-28
22.349999999999966	-0.006129579810537688	0	1	10355646915813937e-22	-0.07116764241227981	0.0004362332007175239	-0.009350522652973372	-0.017958939681221434	0.004097213885370481	-0.04795673093073075	-0.07116897937955508	673805167226802e-26
22.499999999999964	-0.008502799274233492	0	1	17420133207655745e-22	-0.08024995453480391	0.0006823656806537996	-0.011593571515126088	-0.027050831937603412	0.004008960797893496	-0.04561741290657208	-0.08025285556140808	19067019539396487e-27
22.649999999999963	-0.01068506419717761	0	1	2409139006856694e-21	-0.08752443093780679	0.0009352397194871597	-0.01357519299813507	-0.03553139034600271	0.003830605082422654	-0.04225344927165685	-0.08752942753337198	3646729810337894e-26
22.79999999999996	-0.012627365613884748	0	1	30219603083659932e-22	-0.0928280370725698	0.0011722358110907323	-0.015250945060411391	-0.04321016101188698	0.0035661837794111664	-0.03794051600275071	-0.09283543829563792	5737958198424646e-26
22.94999999999996	-0.014286083621889071	0	1	35667174074175e-19	-0.09604230759105922	0.001372161707981619	-0.016583304976702372	-0.04991482483702016	0.003221672806337091	-0.032775652158256945	-0.09605210916564239	7993137264376194e-26
23.09999999999996	-0.015623966990714649	0	1	4031181071406877e-21	-0.09709588748798088	0.0015171462903032888	-0.017542492196887666	-0.0554950505435681	0.0028048471097473276	-0.02687504401935664	-0.09710773965006508	1021044053974885e-25
23.249999999999957	-0.016610969744203067	0	1	4404926832810871e-21	-0.09596597718743481	0.0015942344536603373	-0.018107111176336118	-0.05982583153413218	0.0023251006804754205	-0.020371376351032172	-0.09597921838102505	12191503465408417e-26
23.399999999999956	-0.017224925928362663	0	1	4679568321531528e-21	-0.09267868064662425	0.0015965411716979895	-0.01826460490303949	-0.06281023947476423	0.0017932313494058913	-0.013410818108733801	-0.09269243113713165	13759145176683197e-26
23.549999999999955	-0.017452047410908205	0	1	4848944666353583e-21	-0.08730828148161335	0.001523862832829319	-0.018011514300458505	-0.06438154347724298	0.0012211958314878426	-0.006149717134824002	-0.08732157908103763	1477319140743432e-25
23.699999999999953	-0.01728723353298659	0	1	4909257942736599e-21	-0.07997549094628226	0.0013826925787186924	-0.017353542180545124	-0.06450465876057113	0.0006218408056736749	0.0012489174280643125	-0.07998744270737826	1514298775778939e-25
23.84999999999995	-0.016734185658978298	0	1	4859157762110265e-21	-0.07084472394549202	0.0011856392898644018	-0.016305423053005363	-0.06317690220429983	8615969778305577e-21	0.00861906475776696	-0.07085464452975994	14835489051347475e-26
23.99999999999995	-0.01580532405183308	0	1	46997712429114455e-22	-0.06012046699959497	0.0009503024567432294	-0.014890602154778165	-0.060428044268883666	-0.0006047249366236932	0.015795394286308734	-0.060127977073976796	13878205292652436e-26
24.14999999999995	-0.014521508940740606	0	1	4434677760432298e-21	-0.04804280782548131	0.0006977029830182644	-0.013140728958014951	-0.05631965777689585	-0.0012044291262961818	0.02261694209754663	-0.048047873763660355	12356742716760958e-26
24.299999999999947	-0.012911572045354858	0	1	40698290298706674e-22	-0.03488220273838706	0.0004504089989928483	-0.011094972576304875	-0.050943774726815806	-0.0017770497267263563	0.028930686507615468	-0.03488511052223157	10407159218934421e-26
24.449999999999946	-0.011011669077528185	0	1	36134162240692284e-22	-0.020933567703552727	0.00023052275568725687	-0.00879916926609701	-0.04442087342442711	-0.002309744602451248	0.03459495035689881	-0.020934836936076562	8203814820145295e-26
24.599999999999945	-0.008864467761970203	0	1	30756869536562088e-22	-0.0065097928572369875	5770730101249999e-20	-0.006304815793797528	-0.03689723039617264	-0.002790562862359625	0.03948256042142665	-0.00651004863090314	5943799201655291e-26
24.749999999999943	-0.006518189611136967	0	1	2468716032867752e-21	0.008065201390652883	-5257129474052532e-20	-0.0036679267691735423	-0.028541685090307578	-0.0032087128508230508	0.04348369743652209	0.00806537272621792	3829324262595678e-26
24.89999999999994	-0.004025526974020621	0	1	18061350009692343e-22	0.022463727423025177	-9042884963805138e-20	-0.0009477788647500766	-0.019541880116973952	-0.003554805501084047	0.04650837391800702	0.022463909435198947	2049652733589682e-26
25.04999999999994	-0.0014424596795890037	0	1	11028263309949663e-22	0.036361752039834064	-52450405216130955e-21	0.001794430308100716	-0.010100055088115244	-0.0038210671831489526	0.04848848183180697	0.03636178986864349	7641772807732247e-27
25.19999999999994	0.0011730021494876263	0	1	37458912960100877e-23	0.04944629774207073	5800063925570324e-20	0.004496976580287571	-0.00042848694686482705	-0.004001516662369207	0.04937935878845784	0.049446331759511374	881637813374247e-27
25.349999999999937	0.003762120879129354	0	1	-36221615352719843e-23	0.06142263291372958	0.00023108045911572367	0.007099021572021786	0.009255317265783738	-0.004092101528467859	0.049160830281213055	0.06142306759055072	8243573170095282e-28
25.499999999999936	0.00626675048447722	0	1	-10910359296816525e-22	0.07202105743152731	0.0004513438975045889	0.009542006092555289	0.018733559285580806	-0.004090790452404108	0.04783769674019441	0.0720224716659264	7479248691440263e-27
25.649999999999935	0.00863064238425616	0	1	-17954961642088324e-22	0.08100309823629954	0.0006991261115569107	0.01177098792128304	0.027793098435331266	-0.003997618837463632	0.045439647689514015	0.08100611520866469	20255773481237207e-27
25.799999999999933	0.0108007086626457	0	1	-24597710008035615e-22	0.08816694816129123	0.000952302513416579	0.01373588943598492	0.03623028776539188	-0.0038146867767506537	0.04202060055745771	0.08817209098208387	38016245420041015e-27
25.949999999999932	0.01272821430941852	0	1	-30689388588755306e-22	0.09335200931222273	0.0011882684917000786	0.015392624360655081	0.04385557905837272	-0.003546109616916674	0.03765747787984171	0.09335957168195283	591774627702145e-25
26.09999999999993	0.014369871703203724	0	1	-36093178708458367e-22	0.0964424367062832	0.0013859607588352306	0.01670407793933885	0.05049778699654735	-0.003197922757731355	0.032448452738044475	0.09645239491619932	818521576504557e-25
26.24999999999993	0.015688812758140238	0	1	-4068773058807197e-21	0.09736961507445459	0.0015277389025670175	0.017640920526781585	0.05600791526945949	-0.002777943500812416	0.026510707228823725	0.09738159952425238	1040175936886644e-25
26.399999999999928	0.0166554169016024	0	1	-4436988368387326e-21	0.09611353794077543	0.0016009589602200543	0.018182240316463216	0.0602624623499288	-0.002295593735988271	0.019977761637014542	0.09612687056741828	12369622582088024e-26
26.549999999999926	0.017247976288402928	0	1	-4705697551000248e-21	0.09270309006783164	0.0015990991367900035	0.018315986177809992	0.06316614073466897	-0.0017616879925011846	0.012996442100545062	0.09271688102052283	1391322758269853e-25
26.699999999999925	0.017453183312196533	0	1	-48688688624533685e-22	0.08721525993648821	0.0015223383484676792	0.018039215994524835	0.06465395939835251	-0.001188191893432281	0.005723561598111264	0.08722854509755634	14894846204104568e-26
26.849999999999923	0.0172664294656289	0	1	-49228396232468415e-22	0.0797733273606918	0.0013775372754291028	0.017358149357689954	0.06469263413730574	-0.0005879563758717096	-0.0016776068891760179	0.07978522022994795	1522689115739013e-25
26.999999999999922	0.016691908837476538	0	1	-48663977928150695e-22	0.0705440833329709	0.001177624631099138	0.01628802607555231	0.06328130392294137	25566762549663393e-21	-0.009040984799615487	0.07055391196142786	1487973104563997e-25
27.14999999999992	0.015742523922454756	0	1	-47008088653911855e-22	0.05973414667645943	0.0009404437846153426	0.014852774014505162	0.060451543373084345	0.0006386222915868975	-0.016201390371539677	0.059741549307636733	13884334070718312e-26
27.29999999999992	0.014439595859002513	0	1	-44297875472945804e-22	0.047585447703030165	0.0006871622691854279	0.013084491695531247	0.05626667242790319	0.001237456116292031	-0.022998211278655215	0.04759040896107125	1232950565841734e-25
27.449999999999918	0.012812385602478707	0	1	-4059414831782063e-21	0.03436995562030952	0.0004403851187350303	0.011022753265148757	0.05082037499933357	0.0018086209856974773	-0.029278972399962282	0.034372776850217515	10353966051169005e-26
27.599999999999916	0.010897436787187688	0	1	-3598002236611186e-21	0.020383736154063782	0.0002221391882691379	0.008713746280384	0.044234649522385386	0.002339277147981468	-0.034902726411271	0.020384946539479858	8133972997109084e-26
27.749999999999915	0.008737755035136205	0	1	-30559060931579914e-22	0.005940439977063373	5190737166485695e-20	0.006209256362501367	0.03665712658979537	0.0028174815647737193	-0.03974319776187152	0.005940666755198935	5867591586400239e-26
27.899999999999913	0.006381842142477726	0	1	-24452958691684294e-22	-0.008635659070751395	-55112198759748796e-21	0.0035655171316780576	0.028257802471042936	0.003232459166141536	-0.04369161369900698	-0.00863583493014445	3757012990994357e-26
28.049999999999912	0.003882606833734525	0	1	-17798815482985188e-22	-0.02301693584592351	-89366181366721e-18	0.0008419486553880994	0.01922525211702061	0.003574849634224728	-0.04665915973968677	-0.02301710933305333	1990499487122028e-26
28.19999999999991	0.0012961765459093351	0	1	-10746060551672033e-22	-0.03687983450162907	-47802810524467036e-21	-0.0019001875375193144	0.009762400567429521	0.0038369234230665236	-0.04857900193505575	-0.03687986548207902	7255685254684517e-27
28.34999999999991	-0.0013193630727461455	0	1	-34530956690816313e-23	-0.049912258487058186	6585242818617954e-20	-0.004599184576560115	8194644484569398e-20	0.004012761214026273	-0.04940782501100685	-0.049912301928694995	7491988290269773e-28
28.499999999999908	-0.0039052726411657663	0	1	3916267283982047e-22	-0.06182073917907796	0.00024142806776252781	-0.007194302094851628	-0.00959845585981233	0.004098391798866081	-0.049126844445091265	-0.061821210600889145	963661520128377e-27
28.649999999999906	-0.006403478205333075	0	1	11196493258004577e-22	-0.07233719019021127	0.0004632159442764562	-0.00962715688701531	-0.019061138939481685	0.004091884465680622	-0.04774226193103929	-0.07233867329185566	7876692915793311e-27
28.799999999999905	-0.008757875454088512	0	1	1822405110540163e-21	-0.08122506293209092	0.000711377151768228	-0.011843055831418276	-0.028093368165102616	0.003993393285229685	-0.04528514731686714	-0.08122817802815835	20867466145900862e-27
28.949999999999903	-0.010915589701004338	0	1	2484109518717768e-21	-0.08828473823578543	0.0009637182166802144	-0.013792236777364967	-0.036492168009703035	0.0038051521715118976	-0.041810745448563905	-0.08828999806412001	38772280528046373e-27
29.099999999999902	-0.012828163335850734	0	1	30899017039682965e-22	-0.0933580171486679	0.001197677530737992	-0.015430986990847446	-0.044068910805767365	0.0035314211134778693	-0.037397222571988895	-0.09336569925512583	5998866484890453e-26
29.2499999999999	-0.014452644078053158	0	1	3626178599326865e-21	-0.09633160856769343	0.001392343314546644	-0.016722613836837943	-0.05065355884099439	0.0031783854326021413	-0.0321438830181863	-0.09634167026341649	8261867950041535e-26
29.3999999999999	-0.01575254959231443	0	1	40809003099280766e-22	-0.09713954848901984	0.001530322031873593	-0.01763824807073613	-0.056098463351499525	0.002754011214294502	-0.02616890176635403	-0.09715160197429519	10463858059347408e-26
29.549999999999898	-0.016698686803214256	0	1	4443859997907819e-21	-0.0957645216043984	0.0015992902837841715	-0.018157465814042317	-0.06028163902236195	0.002267861118271645	-0.019606631219303183	-0.09577787493743581	12407966285786635e-26
29.699999999999896	-0.017269807508746626	0	1	4706912299790307e-21	-0.09223808756650617	0.001593092259118037	-0.01826872048449853	-0.0631094486993373	0.0017308755598245769	-0.012604550481526944	-0.09225184410553819	13920411749401376e-26
29.849999999999895	-0.017453085569128467	0	1	4864155307759883e-21	-0.08663983939402307	0.0015122859376619138	-0.017969580299551657	-0.06451864893297875	0.001155124776007447	-0.0053199322991462576	-0.08665303675566922	14866020745800818e-26
29.999999999999893	-0.017244404954247658	0	1	4912062215849665e-21	-0.0790955395294718	0.0013640905777697987	-0.017266770361661906	-0.06447776182997669	0.000553537588440185	0.0020836933184080458	-0.07910730128479038	15160292695682294e-26
30.149999999999892	-0.01664845218082571	0	1	4849559852754932e-21	-0.06977429078300126	0.0011617411313938595	-0.01617602088362975	-0.06298775204520261	-6038718873558493e-20	0.00944019851658698	-0.06978396160098098	14776940199634968e-26
30.29999999999989	-0.015678611063355732	0	1	46780524712720655e-22	-0.05888480676845484	0.0009233075020565726	-0.014721725129807505	-0.06008199966522518	-0.0006728806996621293	0.016584560489434387	-0.05889204500526043	13750232634206566e-26
30.44999999999989	-0.014356662142482705	0	1	4401390321653722e-21	-0.04667085213952556	0.000670083572790206	-0.012936412552399312	-0.055825570675897246	-0.0012702093387609561	0.02335653026405446	-0.04667566230300306	12171935339992306e-26
30.599999999999888	-0.012712293541016665	0	1	4025783692044156e-21	-0.033405929718600076	0.0004246887599145897	-0.010860044817555503	-0.05031379739520322	-0.0018389793297794428	0.029604192404142714	-0.03340862913839545	10183117168890486e-26
30.749999999999886	-0.010782434232698172	0	1	3559664244276216e-21	-0.019387301684222338	0.00020905032726419208	-0.008539145277193651	-0.04367019245851472	-0.0023664344757900226	0.035187343481083454	-0.019388428730414943	7961555755552163e-26
30.899999999999885	-0.008610424697062247	0	1	3013496599263388e-21	-0.00492944648528098	4244561967001636e-20	-0.006025776107144604	-0.03604373226823232	-0.002840740899140424	0.03998062005094706	-0.004929629223570285	57058622103421456e-27
31.049999999999883	-0.00624504358570455	0	1	23995442140906822e-22	0.009642928141021237	-6022132560283037e-20	-0.0033763817345856023	-0.027605559513142516	-0.003251252572568272	0.04387631000444333	0.009643116184146941	3617740249545083e-26
31.199999999999882	-0.003739412258927065	0	1	17315946318483206e-22	0.02400217435972097	-897544622333607e-19	-0.000650522026083452	-0.018545169211821744	-0.003588751538476503	0.04678678495080163	0.02400234217441993	18839628294263204e-27
31.34999999999988	-0.0011498017945085807	0	1	1024650142921137e-21	0.03782513276053798	-4349143128822534e-20	0.0020904764719661077	-0.009066158048721719	-0.0038456569905723783	0.04864649633113538	0.03782515776380739	65967659878593555e-28
31.49999999999988	0.001465630739388974	0	1	2945907451310618e-22	0.050800519607202665	7445485587947792e-20	0.0047849187299461035	0.0006183685312407213	-0.004016197904228153	0.0494134848119161	0.05080057416887477	5452781134593205e-28
