   0.165419E-04  0.595651E-01
   0.153327E-03  0.179988    
   0.439289E-03  0.299588    
   0.880892E-03  0.413730    
   0.148305E-02  0.519542    
   0.224776E-02  0.614954    
   0.317533E-02  0.699104    
   0.426628E-02  0.772177    
   0.552202E-02  0.834967    
   0.694597E-02  0.888588    
   0.854408E-02  0.934262    
   0.103254E-01  0.973177    
   0.123026E-01   1.00639    
   0.144924E-01   1.03481    
   0.169161E-01   1.05919    
   0.196004E-01   1.08019    
   0.225779E-01   1.09833    
   0.258880E-01   1.11403    
   0.295775E-01   1.12763    
   0.337009E-01   1.13941    
   0.383198E-01   1.14959    
   0.435009E-01   1.15833    
   0.493112E-01   1.16577    
   0.558108E-01   1.17200    
   0.630429E-01   1.17710    
   0.710230E-01   1.18115    
   0.797323E-01   1.18421    
   0.891183E-01   1.18639    
   0.991034E-01   1.18775    
   0.109599       1.18842    
   0.120515       1.18847    
   0.131775       1.18800    
   0.143313       1.18708    
   0.155076       1.18580    
   0.167024       1.18419    
   0.179126       1.18232    
   0.191357       1.18022    
   0.203698       1.17792    
   0.216136       1.17545    
   0.228657       1.17284    
   0.241253       1.17011    
   0.253915       1.16729    
   0.266636       1.16437    
   0.279410       1.16141    
   0.292234       1.15841    
   0.305101       1.15544    
   0.318010       1.15260    
   0.330956       1.15026    
   0.343936       1.14886    
   0.356947       1.13632    
   0.369989       1.13336    
   0.383057       1.13147    
   0.396150       1.12926    
   0.409267       1.12661    
   0.422406       1.12369    
   0.435565       1.12061    
   0.448743       1.11744    
   0.461938       1.11420    
   0.475150       1.11094    
   0.488377       1.10765    
   0.501618       1.10434    
   0.514872       1.10103    
   0.528138       1.09770    
   0.541415       1.09438    
   0.554702       1.09104    
   0.567999       1.08770    
   0.581304       1.08435    
   0.594617       1.08100    
   0.607937       1.07763    
   0.621264       1.07425    
   0.634595       1.07085    
   0.647932       1.06743    
   0.661273       1.06399    
   0.674617       1.06051    
   0.687964       1.05699    
   0.701313       1.05343    
   0.714664       1.04981    
   0.728015       1.04613    
   0.741367       1.04237    
   0.754718       1.03852    
   0.768068       1.03458    
   0.781416       1.03051    
   0.794762       1.02630    
   0.808104       1.02193    
   0.821441       1.01737    
   0.834773       1.01259    
   0.848096       1.00755    
   0.861407       1.00219    
   0.874699      0.996468    
   0.887962      0.990298    
   0.901177      0.983593    
   0.914308      0.976238    
   0.927297      0.968092    
   0.940045      0.958993    
   0.952398      0.948760    
   0.964141      0.937229    
   0.975027      0.924266    
   0.984838      0.909976    
   0.993463      0.893867    
    1.00000      0.883196    
NaN 		 NaN
   0.165419E-04  0.595651E-01
   0.153327E-03  0.179988    
   0.439289E-03  0.299588    
   0.880892E-03  0.413730    
   0.148305E-02  0.519542    
   0.224776E-02  0.614954    
   0.317533E-02  0.699104    
   0.426628E-02  0.772177    
   0.552202E-02  0.834967    
   0.694597E-02  0.888588    
   0.854408E-02  0.934262    
   0.103254E-01  0.973177    
   0.123026E-01   1.00639    
   0.144924E-01   1.03481    
   0.169161E-01   1.05919    
   0.196004E-01   1.08019    
   0.225779E-01   1.09833    
   0.258880E-01   1.11403    
   0.295775E-01   1.12763    
   0.337009E-01   1.13941    
   0.383198E-01   1.14959    
   0.435009E-01   1.15833    
   0.493112E-01   1.16577    
   0.558108E-01   1.17200    
   0.630429E-01   1.17710    
   0.710230E-01   1.18115    
   0.797323E-01   1.18421    
   0.891183E-01   1.18639    
   0.991034E-01   1.18775    
   0.109599       1.18842    
   0.120515       1.18847    
   0.131775       1.18800    
   0.143313       1.18708    
   0.155076       1.18580    
   0.167024       1.18419    
   0.179126       1.18232    
   0.191357       1.18022    
   0.203698       1.17792    
   0.216136       1.17545    
   0.228657       1.17284    
   0.241253       1.17011    
   0.253915       1.16729    
   0.266636       1.16437    
   0.279410       1.16141    
   0.292234       1.15841    
   0.305101       1.15544    
   0.318010       1.15260    
   0.330956       1.15026    
   0.343936       1.14886    
   0.356947       1.13632    
   0.369989       1.13336    
   0.383057       1.13147    
   0.396150       1.12926    
   0.409267       1.12661    
   0.422406       1.12369    
   0.435565       1.12061    
   0.448743       1.11744    
   0.461938       1.11420    
   0.475150       1.11094    
   0.488377       1.10765    
   0.501618       1.10434    
   0.514872       1.10103    
   0.528138       1.09770    
   0.541415       1.09438    
   0.554702       1.09104    
   0.567999       1.08770    
   0.581304       1.08435    
   0.594617       1.08100    
   0.607937       1.07763    
   0.621264       1.07425    
   0.634595       1.07085    
   0.647932       1.06743    
   0.661273       1.06399    
   0.674617       1.06051    
   0.687964       1.05699    
   0.701313       1.05343    
   0.714664       1.04981    
   0.728015       1.04613    
   0.741367       1.04237    
   0.754718       1.03852    
   0.768068       1.03458    
   0.781416       1.03051    
   0.794762       1.02630    
   0.808104       1.02193    
   0.821441       1.01737    
   0.834773       1.01259    
   0.848096       1.00755    
   0.861407       1.00219    
   0.874699      0.996468    
   0.887962      0.990298    
   0.901177      0.983593    
   0.914308      0.976238    
   0.927297      0.968092    
   0.940045      0.958993    
   0.952398      0.948760    
   0.964141      0.937229    
   0.975027      0.924266    
   0.984838      0.909976    
   0.993463      0.893867    
    1.00000      0.883196    
