   0.225779E-01  0.469867E-01
   0.196004E-01  0.128558    
   0.169161E-01  0.216362    
   0.144924E-01  0.310877    
   0.123026E-01  0.413225    
   0.103254E-01  0.524008    
   0.854408E-02  0.644297    
   0.694597E-02  0.774618    
   0.552202E-02  0.915488    
   0.426628E-02   1.06668    
   0.317533E-02   1.22726    
   0.224776E-02   1.39507    
   0.148305E-02   1.56651    
   0.880892E-03   1.73654    
   0.439289E-03   1.89941    
   0.153327E-03   2.04974    
   0.165419E-04   2.18214    
   0.165419E-04   2.29896    
   0.153327E-03   2.40295    
   0.439289E-03   2.48757    
   0.880892E-03   2.54888    
   0.148305E-02   2.58670    
   0.224776E-02   2.60273    
   0.317533E-02   2.60033    
   0.426628E-02   2.58351    
   0.552202E-02   2.55607    
   0.694597E-02   2.52154    
   0.854408E-02   2.48351    
   0.103254E-01   2.44638    
   0.123026E-01   2.41356    
   0.144924E-01   2.35993    
   0.169161E-01   2.28143    
   0.196004E-01   2.23998    
   0.225779E-01   2.19902    
   0.258880E-01   2.15676    
   0.295775E-01   2.11386    
   0.337009E-01   2.07100    
   0.383198E-01   2.02856    
   0.435009E-01   1.98673    
   0.493112E-01   1.94570    
   0.558108E-01   1.90565    
   0.630429E-01   1.86680    
   0.710230E-01   1.82940    
   0.797323E-01   1.79372    
   0.891183E-01   1.75993    
   0.991034E-01   1.72819    
   0.109599       1.69852    
   0.120515       1.67086    
   0.131775       1.64511    
   0.143313       1.62109    
   0.155076       1.59866    
   0.167024       1.57764    
   0.179126       1.55787    
   0.191357       1.53923    
   0.203698       1.52158    
   0.216136       1.50483    
   0.228657       1.48886    
   0.241253       1.47361    
   0.253915       1.45901    
   0.266636       1.44499    
   0.279410       1.43149    
   0.292234       1.41848    
   0.305101       1.40592    
   0.318010       1.39375    
   0.330956       1.38197    
   0.343936       1.37053    
   0.356947       1.35941    
   0.369989       1.34858    
   0.383057       1.33804    
   0.396150       1.32775    
   0.409267       1.31771    
   0.422406       1.30790    
   0.435565       1.29829    
   0.448743       1.28888    
   0.461938       1.27966    
   0.475150       1.27061    
   0.488377       1.26173    
   0.501618       1.25299    
   0.514872       1.24440    
   0.528138       1.23593    
   0.541415       1.22759    
   0.554702       1.21935    
   0.567999       1.21122    
   0.581304       1.20317    
   0.594617       1.19520    
   0.607937       1.18730    
   0.621264       1.17946    
   0.634595       1.17166    
   0.647932       1.16390    
   0.661273       1.15616    
   0.674617       1.14843    
   0.687964       1.14070    
   0.701313       1.13295    
   0.714664       1.12516    
   0.728015       1.11732    
   0.741367       1.10940    
   0.754718       1.10140    
   0.768068       1.09327    
   0.781416       1.08501    
   0.794762       1.07657    
   0.808104       1.06793    
   0.821441       1.05905    
   0.834773       1.04990    
   0.848096       1.04041    
   0.861407       1.03055    
   0.874699       1.02026    
   0.887962       1.00949    
   0.901177      0.998195    
   0.914308      0.986334    
   0.927297      0.973917    
   0.940045      0.961015    
   0.952398      0.947811    
   0.964141      0.934628    
   0.975027      0.921906    
   0.984838      0.910122    
   0.993463      0.899580    
    1.00000      0.891987    
    NaN		 NaN	     
    0.258880E-01  0.292687E-01
   0.295775E-01  0.100759    
   0.337009E-01  0.167834    
   0.383198E-01  0.231109    
   0.435009E-01  0.290640    
   0.493112E-01  0.346791    
   0.558108E-01  0.399443    
   0.630429E-01  0.448683    
   0.710230E-01  0.494324    
   0.797323E-01  0.536321    
   0.891183E-01  0.574605    
   0.991034E-01  0.609247    
   0.109599      0.640402    
   0.120515      0.668321    
   0.131775      0.693297    
   0.143313      0.715641    
   0.155076      0.735657    
   0.167024      0.753624    
   0.179126      0.769790    
   0.191357      0.784375    
   0.203698      0.797566    
   0.216136      0.809529    
   0.228657      0.820402    
   0.241253      0.830308    
   0.253915      0.839352    
   0.266636      0.847624    
   0.279410      0.855203    
   0.292234      0.862160    
   0.305101      0.868553    
   0.318010      0.874438    
   0.330956      0.879861    
   0.343936      0.884865    
   0.356947      0.889488    
   0.369989      0.893761    
   0.383057      0.897717    
   0.396150      0.901382    
   0.409267      0.904779    
   0.422406      0.907932    
   0.435565      0.910860    
   0.448743      0.913581    
   0.461938      0.916111    
   0.475150      0.918465    
   0.488377      0.920657    
   0.501618      0.922698    
   0.514872      0.924600    
   0.528138      0.926372    
   0.541415      0.928024    
   0.554702      0.929563    
   0.567999      0.930996    
   0.581304      0.932330    
   0.594617      0.933571    
   0.607937      0.934722    
   0.621264      0.935788    
   0.634595      0.936773    
   0.647932      0.937680    
   0.661273      0.938509    
   0.674617      0.939262    
   0.687964      0.939940    
   0.701313      0.940542    
   0.714664      0.941068    
   0.728015      0.941515    
   0.741367      0.941880    
   0.754718      0.942159    
   0.768068      0.942347    
   0.781416      0.942437    
   0.794762      0.942420    
   0.808104      0.942287    
   0.821441      0.942023    
   0.834773      0.941614    
   0.848096      0.941040    
   0.861407      0.940276    
   0.874699      0.939292    
   0.887962      0.938048    
   0.901177      0.936497    
   0.914308      0.934580    
   0.927297      0.932230    
   0.940045      0.929387    
   0.952398      0.926049    
   0.964141      0.922389    
   0.975027      0.918873    
   0.984838      0.916143    
   0.993463      0.914277    
    1.00000      0.891987    

