0.008747447253905699 0.08706027903595656 0.0 1.0 0.045479656703688545 17.1055659762007 1.4799437445099013 -4.92786419653727 -6.740934387584353
0.017494894507811398 0.08644270264020111 0.0 1.0 0.04379026134421406 -2.901279832613344 -0.26351472696744127 1.4215648361028748 -5.1664608340126925
0.026242341761717095 0.08541665169510711 0.0 1.0 0.04194330035438076 -2.89209320346645 -0.25872954111346397 1.304531471006689 -3.645846752841596
0.034989789015622795 0.08398697468047209 0.0 1.0 0.039831032352884786 -3.0428428031147026 -0.2661653550034386 1.3396338560442889 -2.0509149758640337
0.043737236269528496 0.08216042736232852 0.0 1.0 0.037428578633044385 -3.2330071720758644 -0.27505645296179826 1.4185594158768027 -0.35230869326545844
0.052484683523434196 0.07994564086938756 0.0 1.0 0.03475957029458868 -3.391397770651874 -0.27932241157073573 1.4750813594186625 1.4255792227779835
0.061232130777339897 0.07735308090768281 0.0 1.0 0.0318410384448659 -3.5286165194827714 -0.2798843866816282 1.5188988319502046 3.2675165799883086
0.06997957803124559 0.07439499830614078 0.0 1.0 0.028687085886830263 -3.649975391222949 -0.27722706345910314 1.555104218149717 5.162783984975345
0.07872702528515128 0.07108537112676865 0.0 1.0 0.02531256481353166 -3.7553360433577536 -0.2714360031882572 1.5837417538645602 7.100897578572603
0.08747447253905698 0.0674398386130107 0.0 1.0 0.021732974374094282 -3.8447068384763385 -0.2626546640206784 1.6050092760342944 9.071684903555166
0.09622191979296267 0.06347562728839262 0.0 1.0 0.017964516681038902 -3.9180099822713794 -0.25106452072868846 1.6190734899865666 11.065179212804608
0.10496936704686836 0.05921146955466551 0.0 1.0 0.014024276291896778 -3.974890547411655 -0.2368725015382377 1.6258844190707318 13.071384613535614
0.11371681430077406 0.05466751517410418 0.0 1.0 0.009930283059096035 -4.01488211564467 -0.2203230508311658 1.6253107973358358 15.080177979031404
0.12246426155467975 0.04986523605423958 0.0 1.0 0.005701508818158686 -4.037498173908542 -0.2017023411114728 1.6172075030579345 17.081283694017912
0.13121170880858546 0.044827324784953444 0.0 1.0 0.0013578280992062326 -4.042278601775462 -0.18133760551058759 1.6014429250424862 19.06428419544565
0.13995915606249115 0.03957758740738607 0.0 1.0 -0.0030800474053909294 -4.028821917995193 -0.15959401109674062 1.5779162442901653 21.018654066571955
0.14870660331639685 0.03414083092136453 0.0 1.0 -0.007590651095446464 -3.996803504253871 -0.13686946979102113 1.5465650087009795 22.933806385640764
0.15745405057030254 0.02854274606292161 0.0 1.0 -0.01215185537844293 -3.9459861450281966 -0.11358807729482047 1.5073678098156622 24.799145326604574
0.16620149782420823 0.022809785905826083 0.0 1.0 -0.016740976024665528 -3.8762283916876488 -0.0901926622517724 1.4603461118737588 26.60412330035618
0.17494894507811393 0.016969040860777974 0.0 1.0 -0.021334887403475365 -3.7874929723835242 -0.06713666843527123 1.405566563938901 28.338302511677185
0.18369639233201962 0.011048110662945332 0.0 1.0 -0.02591015014796216 -3.679856388441076 -0.04487550001808002 1.343144203022978 29.99142148119381
0.1924438395859253 0.00507497395274955 0.0 1.0 -0.030443154531097145 -3.553521479717997 -0.023857424793702012 1.2732472504007126 31.553468206857474
0.201191286839831 -0.0009221439338201857 0.0 1.0 -0.03491028563273464 -3.4088363232168306 -0.004514058760895081 1.1961051757753371 33.01476399971867
0.2099387340937367 -0.006914904340622521 0.0 1.0 -0.03928811891261022 -3.2463236091480843 0.012749692951218515 1.1120224753255175 34.36606525922079
0.2186861813476424 -0.01287498920226045 0.0 1.0 -0.043553651868531655 -3.066720319514654 0.027566481328216808 1.0213989556018168 35.59869127899958
0.2274336286015481 -0.018774234857678464 0.0 1.0 -0.04768455905606707 -2.8710115622141346 0.039618046240162325 0.9247494795693493 36.70467648261743
0.23618107585545378 -0.024584765134140957 0.0 1.0 -0.051659417657740646 -2.6604150683348453 0.04864588353788214 0.8227010318083388 37.67691612676316
0.24492852310935948 -0.03027912307271899 0.0 1.0 -0.055457815394971105 -2.4362662651136517 0.05445732478888233 0.7159379232811115 38.50923700256425
0.25367597036326517 -0.0358304006728331 0.0 1.0 -0.05906029942058242 -2.1998336565138965 0.056924095449732225 0.6051039536010436 39.19633843832639
0.26242341761717086 -0.04121236604275962 0.0 1.0 -0.062448281850199044 -1.9522326491163071 0.055977794426989747 0.49074765811476 39.733663093984205
0.27117086487107656 -0.046399587355266295 0.0 1.0 -0.0656040957019946 -1.6945592017424167 0.05161200143414442 0.37338457619728205 40.11735183374972
0.27991831212498225 -0.05136755302263974 0.0 1.0 -0.06851122136478875 -1.4280831919408659 0.043890839656179806 0.25360120299986205 40.34433596805644
0.28866575937888794 -0.05609278752323231 0.0 1.0 -0.0711545277413527 -1.1542880949252403 0.03295355896909446 0.13208249775382908 40.41246548590635
0.29741320663279364 -0.060552962332203884 0.0 1.0 -0.07352042245638257 -0.8747830250512656 0.019010978117562076 0.009569186241426782 40.320580328457226
0.30616065388669933 -0.06472700143226882 0.0 1.0 -0.0755969161112725 -0.5912073080262581 0.002337519965174173 -0.11319184806830172 40.06851535185234
0.314908101140605 -0.06859518090586963 0.0 1.0 -0.07737363682699407 -0.3051713841237851 -0.016737906831620304 -0.235478902838482 39.65706377583763
0.3236555483945107 -0.07213922213816686 0.0 1.0 -0.078841818173461 -0.018224723063623282 -0.037841327156536826 -0.3566122326091319 39.08791920148175
0.3324029956484164 -0.07534237819042558 0.0 1.0 -0.07999427100907953 0.26816229822417803 -0.060563314652142056 -0.4759627089775789 38.363607175178515
0.3411504429023221 -0.07818951293565131 0.0 1.0 -0.08082534634755391 0.552607925933821 -0.08446859859833225 -0.5929556104865616 37.48741257436208
0.3498978901562278 -0.08066717258252977 0.0 1.0 -0.08133089716069515 0.8338204976230251 -0.10910528914612896 -0.7070704767838396 36.46330789183193
0.3586453374101335 -0.08276364924969258 0.0 1.0 -0.0815082460351916 1.1105920224030306 -0.1340134044024244 -0.8178370792682695 35.29588754305715
0.3673927846640392 -0.08446903628989644 0.0 1.0 -0.08135616092834527 1.381786793547407 -0.15873269778149943 -0.9248283349591976 33.99031206739488
0.3761402319179449 -0.08577527510268783 0.0 1.0 -0.08087483555335055 1.6463304877101286 -0.18281011887616078 -1.027652564336528 32.55226259173958
0.38488767917185057 -0.08667619321434619 0.0 1.0 -0.08006586828723378 1.9032041996063036 -0.20580725638472908 -1.1259477932091448 30.987902231525766
0.39363512642575627 -0.08716753344516276 0.0 1.0 -0.07893223577430164 2.1514431366388935 -0.22730772470635152 -1.219378702380263 29.30384049439047
0.40238257367966196 -0.08724697402622905 0.0 1.0 -0.07747826271892107 2.39013505153365 -0.24692400852917343 -1.307634026946863 27.50709993682449
0.41113002093356765 -0.08691413957067538 0.0 1.0 -0.07570959337438081 2.6184135379057643 -0.2643032568331853 -1.3904217758950834 25.605088003029834
0.41987746818747335 -0.0861706028475162 0.0 1.0 -0.07363316965719444 2.835446143096562 -0.2791319764748316 -1.467462126809058 23.605577325797725
0.42862491544137904 -0.08501987734972005 0.0 1.0 -0.07125721647843547 3.0404219430235897 -0.29114004121423986 -1.538480473588971 21.516694645363316
0.43737236269528473 -0.083467400691623 0.0 1.0 -0.06859123068561541 3.2325435822953135 -0.30010446929395257 -1.6032033414950004 19.346915008986414
0.4461198099491904 -0.08152050891413898 0.0 1.0 -0.06564596912866441 3.411025292205852 -0.3058530729932558 -1.6613579705768053 17.105056849401052
0.4548672572030961 -0.07918840181918442 0.0 1.0 -0.06243343381617575 3.5750945540154455 -0.3082677107099853 -1.712674257741193 14.800275184558465
0.4636147044570018 -0.0764820994971259 0.0 1.0 -0.058966854952472614 3.7239941984506304 -0.3072868023073089 -1.756887204750571 12.442052503631295
0.4723621517109075 -0.07341439025267406 0.0 1.0 -0.05526067276574322 3.856984197414999 -0.30290700146948496 -1.793739229284442 10.040187610115794
0.4811095989648132 -0.06999977017529463 0.0 1.0 -0.051330516735480634 3.9733449196370367 -0.29518412184452825 -1.8229829905425847 7.604781679761754
0.4898570462187189 -0.06625437463968861 0.0 1.0 -0.04719317901879618 4.072383365604305 -0.2842333585562104 -1.8443853253926688 5.146219872413333
0.4986044934726246 -0.06219590206002835 0.0 1.0 -0.042866578834392134 4.153442308183973 -0.2702286994269758 -1.8577321865055563 2.675146916220683
0.5073519407265303 -0.05784353025823917 0.0 1.0 -0.03836971517218856 4.215911753738516 -0.2534013845262167 -1.862834307876558 0.20243545976268906
0.5160993879804361 -0.053217825841518546 0.0 1.0 -0.03372260595737955 4.259242108183009 -0.23403728947202793 -1.8595333686394842 -2.26085365435779
0.5248468352343418 -0.04834064701731821 0.0 1.0 -0.028946213326550358 4.282957662926979 -0.21247310080686566 -1.8477080532932504 -4.703519185986636
0.5335942824882476 -0.043235040305025035 0.0 1.0 -0.024062356669465698 4.286668383291219 -0.18909119488919096 -1.8272790639592422 -7.114274053490405
0.5423417297421533 -0.037925131632417966 0.0 1.0 -0.019093616393034727 4.270078475055116 -0.16431326002239988 -1.7982123490593689 -9.481804321990033
0.5510891769960591 -0.032436012331510236 0.0 1.0 -0.014063231410105518 4.232991323323867 -0.13859283806185166 -1.7605203347612455 -11.794829984834152
0.5598366242499648 -0.02679362057249107 0.0 1.0 -0.008994992248303475 4.175311429423605 -0.11240704306946646 -1.7142614084909096 -14.04216521734783
0.5685840715038706 -0.02102461879603591 0.0 1.0 -0.003913129103552727 4.097045244124321 -0.08624774184653496 -1.6595384370122248 -16.21277682637563
0.5773315187577763 -0.01515626772316331 0.0 1.0 0.0011578114697563965 3.99830569684532 -0.06061245590132695 -1.5964983913868007 -18.295842410151977
0.5860789660116821 -0.009216297537990985 0.0 1.0 0.006193118837588271 3.879331465977178 -0.03599508541794393 -1.5253382169254541 -20.280816659504808
0.5948264132655878 -0.003232776852100703 0.0 1.0 0.011168132652540812 3.740539598273429 -0.012876060076382345 -1.446326568066163 -22.157527134568113
0.6035738605194936 0.002766019930295688 0.0 1.0 0.01605855011543414 3.582620740452589 0.008289330267547494 -1.3598490376682157 -23.916330951306904
0.6123213077733993 0.008751746219637292 0.0 1.0 0.02084077857387616 3.4066171315921476 0.027085478824941854 -1.2664538908530416 -25.548332569424545
0.6210687550273051 0.014696117189399506 0.0 1.0 0.02549211784695858 3.213807890140923 0.04315034106043607 -1.1668131051552222 -27.045548102934717
0.6298162022812108 0.02057104343262481 0.0 1.0 0.029990572499272856 3.0053409827835296 0.056179212675862684 -1.0615480533062556 -28.40083371404542
0.6385636495351166 0.026348763695022027 0.0 1.0 0.03431458164437872 2.782053507938982 0.0659196790203268 -0.9511178369310405 -29.607661652757884
0.6473110967890223 0.03200197605742044 0.0 1.0 0.03844313613913705 2.544791994979622 0.07217566732297537 -0.8359565616763004 -30.660078809062895
0.6560585440429281 0.03750396694769065 0.0 1.0 0.04235614144927034 2.2946931813786753 0.07482023413688393 -0.7166182784166307 -31.552862361434364
0.6648059912968338 0.04282873737250253 0.0 1.0 0.04603470001257544 2.033142578741603 0.07380270281448931 -0.5937657497812318 -32.28166438961833
0.6735534385507396 0.047951125772428056 0.0 1.0 0.04946127821540649 1.7616662041417264 0.0691496946758136 -0.46811964426520797 -32.84308902872172
0.6823008858046453 0.05284692691985075 0.0 1.0 0.05261981677810803 1.4818731853806733 0.06096394042340667 -0.34043178063843815 -33.23473271593778
0.6910483330585511 0.05749300629784462 0.0 1.0 0.05549580147962502 1.1954165330174757 0.04942103700766717 -0.2114678443240837 -33.45520045400488
0.6997957803124568 0.06186740941953981 0.0 1.0 0.05807629062819692 0.9039466451175894 0.03476340015374215 -0.08198542916956557 -33.50409214122155
0.7085432275663626 0.06594946557139797 0.0 1.0 0.06034991146699264 0.6090694141307557 0.01729221924077321 0.04728814184142513 -33.38195899373011
0.7172906748202683 0.06971988549017205 0.0 1.0 0.06230685891514605 0.31233412900613244 -0.0026403866292178495 0.1756650852224586 -33.0902479485797
0.7260381220741741 0.07316085251198996 0.0 1.0 0.06393891479749098 0.015246790976219612 -0.024638258288965702 0.30249269664900486 -32.6312533054645
0.7347855693280798 0.0762561067628474 0.0 1.0 0.0652394671115466 -0.2807269413001025 -0.048269095160859074 0.42715150447687333 -32.008072865342484
0.7435330165819856 0.07899102199267817 0.0 1.0 0.06620350851317712 -0.574176968288337 -0.07307413328411429 0.5490613222076213 -31.22455798595348
0.7522804638358913 0.08135267468993229 0.0 1.0 0.06682761459758893 -0.8637650665598787 -0.09857840872879736 0.6676877995718206 -30.285256288929645
0.7610279110897971 0.08332990515006862 0.0 1.0 0.06710991011975083 -1.1482342382038597 -0.12430070206985877 0.7825455675629853 -29.19535094110924
0.7697753583437028 0.0849133702093905 0.0 1.0 0.06705002861359023 -1.4264122383657731 -0.1497629176236424 0.8931983856431562 -27.960600028697613
0.7785228055976086 0.08609558739503743 0.0 1.0 0.06664906634439384 -1.697212701159007 -0.17449892842738662 0.9992577551531517 -26.58727766860305
0.7872702528515143 0.08687097028250647 0.0 1.0 0.06590953217736419 -1.959633702933793 -0.19806269772980326 1.1003799692623257 -25.082118475078957
0.7960177001054201 0.08723585489362652 0.0 1.0 0.06483529763879636 -2.212751806047558 -0.22003536884143826 1.1962608173584512 -23.452267992401673
0.8047651473593258 0.08718851701024458 0.0 1.0 0.06343155060471378 -2.4557127192956103 -0.24003132674567032 1.2866287257664513 -21.705240782140876
0.8135125946132316 0.0867291803218103 0.0 1.0 0.06170475507203529 -2.687719898233167 -0.25770331182097195 1.3712372707576843 -19.84888683672348
0.8222600418671373 0.08586001536835856 0.0 1.0 0.05966262021067511 -2.908020497540853 -0.2727465456358498 1.4498569587481958 -17.891367395556728
0.831007489121043 0.08458512928388467 0.0 1.0 0.057314081267345274 -3.115889045442833 -0.28490195152579045 1.5222664556735326 -15.84114123907078
0.8397549363749488 0.08291054638857892 0.0 1.0 0.05466929183098312 -3.3106117049999733 -0.2939587929698653 1.5882446135347317 -13.706960886362936
0.8485023836288546 0.08084417972162904 0.0 1.0 0.05173962408153231 -3.491474199878089 -0.29975705332820574 1.6475647683259411 -11.497876168785488
0.8572498308827603 0.07839579364910956 0.0 1.0 0.04853767229147223 -3.6577550275717665 -0.3021897031766326 1.6999920250908056 -9.22324160171506
0.865997278136666 0.0755769577236494 0.0 1.0 0.04507725438890052 -3.808724547661496 -0.3012048505207858 1.7452836638478642 -6.892723644316753
0.8747447253905718 0.07240099201390843 0.0 1.0 0.04137340657628288 -3.9436498521017014 -0.29680765483424887 1.783192454458649 -4.5163040469729445
0.8834921726444775 0.06888290416220198 0.0 1.0 0.037442367027001995 -4.061804505207435 -0.28906178158693563 1.8134723070181045 -2.10427610216633
0.8922396198983833 0.06503931846770021 0.0 1.0 0.03330154638931804 -4.16248151548816 -0.27809011253011356 1.835885379154468 0.3327683007340001
0.900987067152289 0.06088839733031023 0.0 1.0 0.028969484804612797 -4.245007545362481 -0.26407443351704063 1.850209634062666 2.783961589991204
0.9097345144061948 0.0564497554264494 0.0 1.0 0.0244657969500746 -4.308756433584582 -0.24725389089352473 1.856245908050112 5.238192873253077
0.9184819616601005 0.05174436702226151 0.0 1.0 0.019811107595161068 -4.3531607324313715 -0.22792212717614108 1.8538238426012141 7.6841482940066115
0.9272294089140063 0.04679446686225542 0.0 1.0 0.01502697970038429 -4.377721147711072 -0.2064231437060538 1.8428065662007134 10.11035770218669
0.935976856167912 0.04162344510170586 0.0 1.0 0.010135835447069443 -4.382014866110128 -0.18314602542231354 1.8230945141753943 12.505246420938192
0.9447243034218178 0.03625573677930042 0.0 1.0 0.005160869072970607 -4.365703869421708 -0.15851865949230484 1.7946288646282624 14.857191508671775
0.9534717506757235 0.03071670635231544 0.0 1.0 0.0001259501184250461 -4.328543467104821 -0.13300053031049888 1.757394719877153 17.154582096822665
0.9622191979296293 0.02503252783993733 0.0 1.0 -0.004944483522833923 -4.270390376915332 -0.10707465907754593 1.7114237629239992 19.38588304053087
0.970966645183535 0.019230061141096832 0.0 1.0 -0.010025542894529574 -4.191209781490171 -0.08123880587785504 1.6567961138512812 21.53970076374543
0.9797140924374408 0.013336725111260783 0.0 1.0 -0.01509201776008037 -4.0910827570991195 -0.05599612341599649 1.5936419278995093 23.604850905799694
0.9884615396913465 0.007380367997942924 0.0 1.0 -0.020118528139896123 -3.970220356561974 -0.0318454403248878 1.52214553331303 25.57043110411884
0.9972089869452523 0.0013891358471744947 0.0 1.0 -0.02507972046104849 -3.8289985162240763 -0.009271082002500316 1.4425589977753115 27.42591141037569
1.005956434199158 -0.004608660497236898 0.0 1.0 -0.02995054220892978 -3.6680308301604243 0.01126853162027459 1.3552347670702862 29.161267631458173
1.0147038814530638 -0.010584679173179207 0.0 1.0 -0.03470659953929818 -3.4882647683048296 0.02935471976524368 1.2606743652412358 30.767178805952
1.0234513287069695 -0.016510681226282374 0.0 1.0 -0.03932448136033485 -3.290991883911509 0.04462372040195545 1.1595438763159898 32.23524442531533
1.0321987759608753 -0.022358664049685426 0.0 1.0 -0.04378180981620223 -3.077615047595534 0.05677591455435961 1.052572521768419 33.55806561670835
1.040946223214781 -0.028100993706973096 0.0 1.0 -0.04805699200839946 -2.8493119552590547 0.06557299239398504 0.9403821531247786 34.72909728438353
1.0496936704686868 -0.03371053551300398 0.0 1.0 -0.05212909638708134 -2.607066947540244 0.07083502700008136 0.823481526172291 35.74248891390812
1.0584411177225925 -0.039160782255587466 0.0 1.0 -0.055978084803834045 -2.352002582571933 0.07244961697069385 0.7024217419674139 36.59313157341319
1.0671885649764983 -0.04442597945211294 0.0 1.0 -0.05958513528612929 -2.0855092157810002 0.07038201162717485 0.5778668927794257 37.27680334562737
1.075936012230404 -0.049481247049246474 0.0 1.0 -0.0629328626882301 -1.8091678286787205 0.06467767738055291 0.45056172189641697 37.7902745408696
1.0846834594843098 -0.054302696990616864 0.0 1.0 -0.0660054531648848 -1.524667586638786 0.05546055026372944 0.32129367352665655 38.13136158057395
1.0934309067382155 -0.05886754609694123 0.0 1.0 -0.06878874348548389 -1.233750075578399 0.04292891117519483 0.19086719121998513 38.29894535394661
1.1021783539921213 -0.06315422372518606 0.0 1.0 -0.07127024573874322 -0.9381521442484517 0.027348301442378743 0.06007636298431026 38.29295274270876
1.110925801246027 -0.06714247369803533 0.0 1.0 -0.07343912550002446 -0.6395510247861741 0.00904201915773531 -0.0703230837844773 38.11430112171206
1.1196732484999328 -0.07081345002200959 0.0 1.0 -0.07528616586680656 -0.3395374420253037 -0.01161852758654033 -0.19962945603417642 37.76482273465871
1.1284206957538385 -0.07414980594193131 0.0 1.0 -0.07680375110615036 -0.03962556103513407 -0.03422185536410578 -0.3271922653837499 37.24719412850561
1.1371681430077443 -0.07713577591092159 0.0 1.0 -0.07798587557163719 0.25872230265421947 -0.05832344159452519 -0.4524000504530027 36.56488351793601
1.14591559026165 -0.07975725008858708 0.0 1.0 -0.0788281541087196 0.5540872354357878 -0.08345387581468178 -0.5746741710229264 35.722108076088574
1.1546630375155558 -0.08200184101536648 0.0 1.0 -0.07932780894372445 0.8451096268282322 -0.10912907274339403 -0.6934741091061598 34.72378525902511
1.1634104847694615 -0.08385894214797433 0.0 1.0 -0.0794836292405139 1.1305124804219928 -0.1348613701456482 -0.8083071064636098 33.57547167694028
1.1721579320233673 -0.0853197779793401 0.0 1.0 -0.07929591548993788 1.409114871766161 -0.16016985801866557 -0.9187335043289907 32.283294762653696
1.180905379277273 -0.08637744550620666 0.0 1.0 -0.0787664202829973 1.6798331184553226 -0.18458933385727838 -1.024365919494279 30.853885238681045
1.1896528265311788 -0.0870269468484385 0.0 1.0 -0.07789828995452616 1.9416755305965636 -0.20767809506155135 -1.124864836530084 29.294315003294884
1.1984002737850845 -0.0872652128659005 0.0 1.0 -0.07669600854954949 2.1937345205280976 -0.22902475475652656 -1.2199326367307386 27.612042298607122
1.2071477210389903 -0.08709111766130886 0.0 1.0 -0.075165347559007 2.4351752644193656 -0.24825395149962134 -1.3093060028361252 25.814866093463365
1.215895168292896 -0.08650548390052279 0.0 1.0 -0.07331332728820099 2.6652190209741127 -0.26503078056558066 -1.3927460231774769 23.910892624699528
1.2246426155468018 -0.08551107892513624 0.0 1.0 -0.07114819404510865 2.8831224507441924 -0.2790641192918629 -1.4700267396817202 21.90851624494529
1.2333900628007075 -0.08411260167573968 0.0 1.0 -0.06867941169233029 3.0881580812834613 -0.29010939219719517 -1.5409246565778625 19.81641356227621
1.2421375100546133 -0.08231666048764377 0.0 1.0 -0.06591766106460631 3.2796011297880394 -0.29797130235363795 -1.6052117969771926 17.643546509490278
1.250884957308519 -0.08013174186398919 0.0 1.0 -0.06287483980698036 3.4567245000395173 -0.30250668357923416 -1.6626532905939335 15.399168669842695
1.2596324045624248 -0.07756817037380123 0.0 1.0 -0.059564057601701956 3.6188004145433514 -0.3036272670276592 -1.7130087876461855 13.092830065488826
1.2683798518163305 -0.07463805986448593 0.0 1.0 -0.05599962473950787 3.765105965434757 -0.30130202553928653 -1.7560362735937016 10.734377425422373
1.2771272990702363 -0.07135525621930748 0.0 1.0 -0.05219703372821303 3.8949304699895393 -0.29555881616395374 -1.791497017946691 8.333948531007707
1.285874746324142 -0.06773527193033972 0.0 1.0 -0.04817293394244128 4.00758363433649 -0.2864851528825747 -1.819160893948787 5.901960143993932
1.2946221935780478 -0.06379521279605815 0.0 1.0 -0.04394509887988896 4.102404319597213 -0.27422802207076047 -1.8388117429267454 3.4490893654051824
1.3033696408319535 -0.05955369708995593 0.0 1.0 -0.039532385109933205 4.17876995557908 -0.2589926856621579 -1.850252671901286 0.9862483670940723
1.3121170880858593 -0.055030767582141406 0.0 1.0 -0.03495468186076886 4.236106530752659 -0.24104042331048467 -1.8533112038789237 -1.4754474717486428
1.320864535339765 -0.050247796829648965 0.0 1.0 -0.030232850422189855 4.273898890834053 -0.22068517346098596 -1.8478441702921093 -3.9247178316317637
1.3296119825936707 -0.045227386183002975 0.0 1.0 -0.025388652977718498 4.291700983868486 -0.19828905729663437 -1.833742233001492 -6.35016175250227
1.3383594298475765 -0.03999325898626533 0.0 1.0 -0.02044467096573437 4.289145679681087 -0.17425680429486742 -1.8109339400544717 -8.74030742892215
1.3471068771014822 -0.03457014847523925 0.0 1.0 -0.01542421353240187 4.265953764037588 -0.14902913528813344 -1.779389200226343 -11.083666767096055
1.355854324355388 -0.028983680903551082 0.0 1.0 -0.010351217021212993 4.221941646362237 -0.12307519774543488 -1.7391219944144765 -13.368793685942919
1.3646017716092937 -0.023260254448884347 0.0 1.0 -0.005250136426688988 4.157027478920611 -0.09688419517814144 -1.6901921468821393 -15.584344876017752
1.3733492188631995 -0.01742691447157975 0.0 1.0 -0.0001458284642945029 4.071236319389272 -0.07095640399220607 -1.6327063222853295 -17.719141938411482
1.3820966661171052 -0.011511225715052503 0.0 1.0 0.004936578306832375 3.9647076241199604 -0.0457937904441073 -1.5668195755533014 -19.762235612141836
1.390844113371011 -0.00554114205192612 0.0 1.0 0.00997184028346853 3.8377138572971767 -0.021890329736498328 -1.4927414438946554 -21.702978167512725
1.3995915606249167 0.0004551256086153161 0.0 1.0 0.014934810513791176 3.6907060220512187 0.0002782793284216772 -1.4107545527972567 -23.531120727580443
1.4083390078788225 0.0064492426280708835 0.0 1.0 0.019800736151600922 3.5243975625409374 0.02026651576616816 -1.3212535451418308 -25.23696264245011
1.4170864551327282 0.012412884530534319 0.0 1.0 0.024545617493849908 3.339848016408576 0.03767344589646314 -1.2247906499457217 -26.81156141951371
1.425833902386634 0.018317870846583564 0.0 1.0 0.029146459551427324 3.138404639694359 0.05215675899974041 -1.1220614121752333 -28.246922309288422
1.4345813496405397 0.024136298276684308 0.0 1.0 0.03358118870834784 2.9213905250548486 0.0634376599203678 -1.0137624646181622 -29.535995444237244
1.4433287968944455 0.029840672544862227 0.0 1.0 0.03782836691723438 2.6898327104849256 0.07129509970918863 -0.9004431312910852 -30.672471881668685
1.4520762441483512 0.03540403831958227 0.0 1.0 0.04186719004244759 2.4446590495985987 0.07556652274322942 -0.7825778127721491 -31.65067483485916
1.460823691402257 0.04080010658791187 0.0 1.0 0.04567781981368424 2.1870403846347255 0.07616047271075409 -0.6607338087492718 -32.46567764123452
1.4695711386561627 0.04600337888107592 0.0 1.0 0.049241704812921006 1.9184263262340744 0.07306514297494525 -0.5356001025674892 -33.11346447184954
1.4783185859100685 0.05098926776439101 0.0 1.0 0.05254176850941652 1.6404280720587772 0.06634862120826879 -0.4079347187702232 -33.59102148969842
1.4870660331639742 0.055734213022217365 0.0 1.0 0.05556251582289438 1.3547349681723686 0.05615579223402485 -0.2785248167452972 -33.89637321049494
1.49581348041788 0.0602157929889127 0.0 1.0 0.0582900884791627 1.063060543068104 0.04270315725660502 -0.14816075697325262 -34.02858345477949
1.5045609276717857 0.06441283049970417 0.0 1.0 0.060712276630979806 0.7670951399554444 0.026271391258258007 -0.017612920647467147 -33.98772555030527
1.5133083749256915 0.06830549296082256 0.0 1.0 0.06281850402721961 0.4684721527263097 0.0071966437933982 0.11238581156269084 -33.774829725254165
1.5220558221795972 0.07187538606602846 0.0 1.0 0.06459981551204139 0.1687604785115627 -0.014137807165215687 0.24114560179692102 -33.39182388165793
1.530803269433503 0.07510564071668412 0.0 1.0 0.06604888223992475 -0.13052434945803362 -0.037309191809358204 0.36801557647998484 -32.84148095747565
1.5395507166874087 0.07798099273464185 0.0 1.0 0.06716001273313174 -0.42791405320269876 -0.06186345667606592 0.4923807248317217 -32.12737196515968
1.5482981639413145 0.08048785499127364 0.0 1.0 0.0679291484278169 -0.721998222829857 -0.08732500673992512 0.6136657512790256 -31.253815427884405
1.5570456111952202 0.08261438161180634 0.0 1.0 0.0683538345287654 -1.0114438494916702 -0.11320748978128967 0.7313429474837138 -30.225817412566016
1.565793058449126 0.08435052395157186 0.0 1.0 0.06843317220640391 -1.295010733096253 -0.1390244115484994 0.8449382935388167 -29.049003989941454
1.5745405057030317 0.0856880780796638 0.0 1.0 0.06816776259593044 -1.5715573512785523 -0.1642987855821125 0.9540330531025715 -27.72955175557547
1.5832879529569375 0.08662072354562188 0.0 1.0 0.0675596502029099 -1.840038213746 -0.1885715814014706 1.0582609625772532 -26.274121986516732
1.5920354002108432 0.08714405324595714 0.0 1.0 0.0666122702253022 -2.099494907614936 -0.21140895342243496 1.1573018424943498 -24.689802836989358
1.600782847464749 0.08725559424938716 0.0 1.0 0.06533040221039543 -2.3490431588219565 -0.23240835299554893 1.2508728437426067 -22.98406230530931
1.6095302947186547 0.08695481948237398 0.0 1.0 0.06372013147655514 -2.587857839922142 -0.25120367250727615 1.3387186121351176 -21.16471304046496
1.6182777419725605 0.08624315021974654 0.0 1.0 0.06178881958177206 -2.815156999433175 -0.26746954616122426 1.4206012795009006 -19.23988899934706
1.6270251892264662 0.08512394936863811 0.0 1.0 0.05954508423306196 -3.030186214446998 -0.2809249776872018 1.4962911684062625 -17.218033009225962
1.635772636480372 0.08360250557747498 0.0 1.0 0.05699878696289717 -3.2322054443130748 -0.29133654286394006 1.5655593980904559 -15.10789293726451
1.6445200837342777 0.08168600824510694 0.0 1.0 0.054161025202994366 -3.420480323850217 -0.2985213648169105 1.6281734087114452 -12.918522978246955
1.6532675309881835 0.07938351354817166 0.0 1.0 0.05104412529191695 -3.594278340717349 -0.3023498839332861 1.6838956268534195 -10.659286345819979
1.6620149782420892 0.07670590164722595 0.0 1.0 0.047661633891962034 -3.7528690370865965 -0.3027482929112891 1.732484719402243 -8.33985637015752
1.670762425495995 0.07366582527386115 0.0 1.0 0.044028306067449355 -3.8955270943090063 -0.2997004638493272 1.7736985930569227 -5.970214027927263
1.6795098727499007 0.07027764994174854 0.0 1.0 0.040160088405257 -4.021537571834088 -0.2932492228287308 1.8072984334766962 -3.5606407105617546
1.6882573200038065 0.06655738606414001 0.0 1.0 0.036074095298984456 -4.130203050046282 -0.2834968647412154 1.8330533696351552 -1.1217054100011077
1.6970047672577122 0.06252261329859374 0.0 1.0 0.03178857635827587 -4.220852599965874 -0.2706048144807551 1.8507455698308488 1.3357543871865536
1.705752214511618 0.05819239747642636 0.0 1.0 0.02732287316016132 -4.292852349336861 -0.2547923347327575 1.860175643782095 3.8006587162938423
1.7144996617655237 0.05358720050942998 0.0 1.0 0.02269736419111815 -4.345617175051444 -0.2363341807695348 1.8611682065408175 6.261718488597804
1.7232471090194295 0.048728783699579746 0.0 1.0 0.017933397566327346 -4.378622947021103 -0.21555712527397133 1.8535774467493729 8.707476340909992
1.7319945562733352 0.04364010490863043 0.0 1.0 0.013053211726120516 -4.3914187797713895 -0.19283531623744274 1.8372925443685508 11.12635484319879
1.740742003527241 0.03834521007351326 0.0 1.0 0.008079844786365725 -4.383638752552285 -0.16858447463067905 1.812242743185485 13.50671157943249
1.7494894507811467 0.032869119580166105 0.0 1.0 0.0030370336438968067 -4.355012468863309 -0.14325498307834852 1.778401787397021 15.836900162745877
1.7582368980350525 0.027237710032721962 0.0 1.0 -0.002050895690265263 -4.305373738388711 -0.11732396827481065 1.7357913377243057 18.105335697870828
1.7669843452889582 0.02147759197674194 0.0 1.0 -0.007159145031701277 -4.234666849216087 -0.09128654271010402 1.6844830199283898 20.300562736464457
1.775731792542864 0.015615984154296544 0.0 1.0 -0.012262567813858306 -4.142950787002908 -0.06564643463895876 1.6245991224577219 22.411323813447694
1.7844792397967697 0.009680584885088524 0.0 1.0 -0.01733580306328824 -4.030404214799365 -0.040906263556712404 1.5563130635287827 24.426628179337513
1.7932266870506754 0.0036994411813881106 0.0 1.0 -0.0223534318401467 -3.8973394106253405 -0.01755762153961703 1.479853340488087 26.335825320904405
1.8019741343045812 -0.0022991837847349005 0.0 1.0 -0.027290183217980248 -3.7442413174770937 0.003929273705184812 1.3955189766483747 28.12869854246094
1.810721581558487 -0.008286944235616815 0.0 1.0 -0.03212122434357588 -3.5718471255719986 0.023117331643216932 1.3037158081704296 29.79560628538252
1.8194690288123927 -0.01423554573254831 0.0 1.0 -0.03682252322500189 -3.3812375309411378 0.039616790162534804 1.205004202243454 31.327686306753094
1.8282164760662984 -0.02011687887772684 0.0 1.0 -0.04137113039315878 -3.173804286715871 0.05309935995920028 1.1000953931767619 32.717054278176334
1.8369639233202042 -0.025903152141819822 0.0 1.0 -0.045745142246408584 -2.950962193383861 0.06330360424324212 0.9897209981096646 33.95682775236949
1.84571137057411 -0.031567023189480285 0.0 1.0 -0.04992343450470151 -2.7138602979572872 0.07002925968020879 0.8744804986932828 35.040944672675295
1.8544588178280157 -0.03708172808224908 0.0 1.0 -0.05388562863008113 -2.4635291434040334 0.07313702158667654 0.754893274655171 35.9640476286541
1.8632062650819214 -0.04242120774831322 0.0 1.0 -0.05761237644141078 -2.2011989163132966 0.07255973041796551 0.6315532867449136 36.72157461289831
1.8719537123358272 -0.047560231121501914 0.0 1.0 -0.06108565473159798 -1.928348676944751 0.06830994335945394 0.5051609546512563 37.30989645236565
1.880701159589733 -0.05247451436764203 0.0 1.0 -0.06428894531130709 -1.6466065945848738 0.06047964644974273 0.37647761669220814 37.726395271436104
1.8894486068436387 -0.05714083563488254 0.0 1.0 -0.0672073393907796 -1.3576745162591404 0.04923674785338498 0.24628979046792934 37.96949465366265
1.8981960540975444 -0.061537144785751154 0.0 1.0 -0.06982759367398345 -1.0632794113432258 0.034819659735650633 0.11538667179417589 38.03865938324503
1.9069435013514502 -0.06564266759241481 0.0 1.0 -0.072138142737329 -0.765127778874791 0.017529579045032537 -0.015461362007165826 37.93436669001247
1.915690948605356 -0.06943800390278396 0.0 1.0 -0.07412908029989364 -0.46486755423083537 -0.0022788109523200206 -0.14552189877478522 37.65805232422099
1.9244383958592617 -0.07290521931358787 0.0 1.0 -0.07579213739355134 -0.16407435583990979 -0.024206450923426694 -0.2741089341809462 37.212045895517576
1.9331858431131674 -0.0760279299172306 0.0 1.0 -0.07712067800280241 0.13573806931842283 -0.047817945068431046 -0.40057906872403215 36.59951218812512
1.9419332903670732 -0.07879137972196767 0.0 1.0 -0.07810969873164933 0.433112482103837 -0.07265012347302918 -0.5243285055846558 35.82439791315454
1.950680737620979 -0.08118251037956221 0.0 1.0 -0.07875580859135485 0.7266628270279035 -0.0982223438728013 -0.6447988407184058 34.89137225490083
1.9594281848748847 -0.08319002289093233 0.0 1.0 -0.07905718656207672 1.0150926451022015 -0.12404735596928884 -0.7614846424813856 33.805758335205695
1.9681756321287904 -0.08480443099820628 0.0 1.0 -0.07901352943769921 1.2972023086949982 -0.14964125523608654 -0.8739355972563075 32.57346229782263
1.9769230793826962 -0.08601810601088825 0.0 1.0 -0.0786259994843742 1.571885987188207 -0.17453222310264582 -0.981753379526993 31.20090667991741
1.985670526636602 -0.0868253128543136 0.0 1.0 -0.07789717486166829 1.8381240445992808 -0.19826829431435186 -1.084585903365574 29.694971225204114
1.9944179738905077 -0.08722223717005162 0.0 1.0 -0.07683100375129277 2.0949731991693943 -0.22042424046067705 -1.1821201726796144 28.062942612868255
2.003165421144413 -0.08720700334019543 0.0 1.0 -0.075432763330628 2.3415548332888405 -0.24060755485839466 -1.2740741105007802 26.312474098633118
2.0119128683983187 -0.08677968335036786 0.0 1.0 -0.07370902406101405 2.5770427113070418 -0.25846363775675396 -1.3601882436860186 24.451555043033906
2.0206603156522243 -0.08594229644956194 0.0 1.0 -0.07166761952786908 2.8006511329081922 -0.2736802874694913 -1.4402180626852639 22.488489401242617
2.02940776290613 -0.08469879960842401 0.0 1.0 -0.06931762274174917 3.0116235296690874 -0.2859915258916916 -1.5139273266418245 20.43188209043008
2.0381552101600353 -0.08305506882106663 0.0 1.0 -0.0666693294017684 3.2092220386127686 -0.29518083561580716 -1.5810826726134335 18.2906318675782
2.046902657413941 -0.0810188713387681 0.0 1.0 -0.0637342466882994 3.392719672314406 -0.30108396725798925 -1.6414502348451905 16.073928537862713
2.0556501046678464 -0.07859982896676548 0.0 1.0 -0.0605250844856928 3.5613963898436416 -0.3035914145410934 -1.694794706610771 13.791251740907533
2.064397551921752 -0.07580937259757538 0.0 1.0 -0.05705574565341544 3.714539106553617 -0.3026505082086396 -1.7408806066827385 11.452368762693617
2.0731449991756574 -0.07266068819569267 0.0 1.0 -0.05334131254548808 3.8514448848201344 -0.2982669887381122 -1.7794751241378102 9.06732946914586
2.081892446429563 -0.06916865448890797 0.0 1.0 -0.04939802765454317 3.971426480795749 -0.29050590536942167 -1.810351928417934 6.646457075954142
2.0906398936834685 -0.06534977266067675 0.0 1.0 -0.04524326679255232 4.073819610103609 -0.2794917088554187 -1.8332955034210723 4.200333895567436
2.099387340937374 -0.061222088375770235 0.0 1.0 -0.040895503615474366 4.157991503135536 -0.2654074329046427 -1.8481057567396146 1.7397814417183861
2.1081347881912795 -0.05680510650766638 0.0 1.0 -0.036374264544445284 4.22335051954314 -0.2484928883260755 -1.8546028252228455 -0.7241656384997395
2.116882235445185 -0.052119698970626356 0.0 1.0 -0.03170007332507205 4.269356652680991 -0.2290418144400534 -1.8526320638723939 -3.180292272645792
2.1256296826990906 -0.047188006091984966 0.0 1.0 -0.026894384792984737 4.295532573982649 -0.20739794316968294 -1.8420691152116149 -5.617242564486791
2.134377129952996 -0.042033331990708335 0.0 1.0 -0.021979507940589064 4.301474585935188 -0.18394994949871502 -1.8228247923538345 -8.023566104535547
2.1431245772069016 -0.03668003445659445 0.0 1.0 -0.016978518895865102 4.286862762797671 -0.159125304665298 -1.7948494292068498 -10.387770273350753
2.151872024460807 -0.031153409850480995 0.0 1.0 -0.011915164644561637 4.251469764587956 -0.1333831091667819 -1.7581364190075117 -12.698377401897872
2.1606194717147127 -0.025479573569346218 0.0 1.0 -0.0068137581504724536 4.195168146603995 -0.10720603902400376 -1.712724799570715 -14.94398544151258
2.169366918968618 -0.01968533664115629 0.0 1.0 -0.0016990647927847004 4.1179364600062245 -0.08109158002301113 -1.6587009351716302 -17.113330863478026
2.1781143662225237 -0.013798079032591027 0.0 1.0 0.003403822081277556 4.0198656553164644 -0.055542748254189596 -1.5961998612287804 -19.195353286972193
2.1868618134764293 -0.007845620268318795 0.0 1.0 0.008469624174479575 3.901170577709586 -0.03105846620421634 -1.5254083689281146 -21.179264151532976
2.195609260730335 -0.0018560879731931653 0.0 1.0 0.013473058458890217 3.7622176682500177 -0.008123561508267093 -1.4465751255509331 -23.054628876701457
2.2043567079842403 0.004142215041440606 0.0 1.0 0.018389085286788696 3.603584964682213 0.012802178734809197 -1.360036559748903 -24.811483625244705
2.213104155238146 0.010120944519261694 0.0 1.0 0.023193241123778727 3.4261526072957844 0.031297019913136645 -1.2662610688367024 -26.440511050921288
2.2218516024920514 0.016051848696333068 0.0 1.0 0.027861980151969282 3.231146461934793 0.04699212721854469 -1.1658790779927501 -27.93325558898742
2.230599049745957 0.021906901801399554 0.0 1.0 0.03237280443047172 3.019974710857507 0.05958252591905054 -1.0596183764846034 -29.282250714400845
2.2393464969998624 0.027658436488283276 0.0 1.0 0.03670405417077448 2.793877351696764 0.06882612198547114 -0.948134143251619 -30.48091656772175
2.248093944253768 0.03327927457458772 0.0 1.0 0.040834694614299435 2.5538314553009243 0.07453820601196728 -0.831940159779417 -31.52336291068997
2.2568413915076735 0.03874285546891438 0.0 1.0 0.04474447512665912 2.300870045886402 0.07659809219032608 -0.7115496008066424 -32.40437956292945
2.265588838761579 0.04402336167972932 0.0 1.0 0.04841427622644681 2.0363011526683708 0.07496107365036012 -0.5875883980651739 -33.119582162948404
2.2743362860154845 0.049095840812800724 0.0 1.0 0.05182636899975144 1.7616547898113923 0.06966265893951812 -0.4607772032280471 -33.66553773067173
2.28308373326939 0.05393632348072368 0.0 1.0 0.05496456655021941 1.4785845326529474 0.06081703961036431 -0.33188669969554735 -34.03983071384832
2.2918311805232956 0.058521936567364936 0.0 1.0 0.05781431425521416 1.1888072151691123 0.04861330276798828 -0.20171028986411463 -34.241091179676346
2.300578627777201 0.0628310113120102 0.0 1.0 0.06036273051739813 0.8940517620898153 0.03330916362808982 -0.07104036751962806 -34.26899030915732
2.3093260750311067 0.06684318570247542 0.0 1.0 0.06259860053513944 0.5960053580371574 0.015222035763678966 0.05935863738540313 -34.12419956750327
2.318073522285012 0.07053950069333578 0.0 1.0 0.06451234612496365 0.29627740105592365 -0.0052808299147446315 0.18877055604960358 -33.808323222929374
2.3268209695389177 0.07390248979460402 0.0 1.0 0.06609600356783411 -0.0036035306050657594 -0.027791161392778048 0.31653188499428503 -33.3238263273615
2.3355684167928232 0.07691626160752005 0.0 1.0 0.06734322163655021 -0.30217308740821375 -0.05186739835704629 0.4420247603579135 -32.673974068505856
2.3443158640467288 0.07956657491743545 0.0 1.0 0.06824926636852652 -0.5980205735884537 -0.07704284349629895 0.564670693462421 -31.8627815053473
2.3530633113006343 0.08184090598895313 0.0 1.0 0.06881101418107245 -0.8897943411775125 -0.10283511302062123 0.6839311752633919 -30.89496399055605
2.36181075855454 0.08372850774532621 0.0 1.0 0.06902692678590515 -1.1762146049341506 -0.12875632035055914 0.7993119442289707 -29.77588269152284
2.3705582058084453 0.08522046055247086 0.0 1.0 0.06889701090864907 -1.4560838584254565 -0.1543230533913049 0.9103661176206848 -28.51148611670442
2.379305653062351 0.0863097143676198 0.0 1.0 0.06842276690785935 -1.7282928876031283 -0.17906571359859974 1.0166950023094599 -27.10825023614467
2.3880531003162564 0.08699112205344778 0.0 1.0 0.06760712972282791 -1.9918233161666017 -0.20253705892287427 1.117947176986651 -25.573119058554354
2.396800547570162 0.08726146370024714 0.0 1.0 0.06645440741703003 -2.24574544211413 -0.2243196640282529 1.213815490545693 -23.913448102443624
2.4055479948240674 0.0871194618412223 0.0 1.0 0.06497022496300303 -2.4892088912610943 -0.2440319584529717 1.3040308353729757 -22.136954881384682
2.414295442077973 0.08656578748900468 0.0 1.0 0.06316148057684069 -2.7214257695730533 -0.2613327694395126 1.388352451338993 -20.251681018498076
2.4230428893318785 0.08560305696486377 0.0 1.0 0.061036318170571466 -2.9416495459498946 -0.27592469739396774 1.4665562878321714 -18.26596870598526
2.431790336585784 0.08423581953559675 0.0 1.0 0.05860411456513815 -3.1491546616907065 -0.2875568602926413 1.5384239495763516 -16.18845095600659
2.4405377838396896 0.08247053591651796 0.0 1.0 0.055875476729195024 -3.343220805429743 -0.2960274403524214 1.6037343145927394 -14.028052368759944
2.449285231093595 0.08031554774212901 0.0 1.0 0.05286224331360185 -3.523123540642022 -0.30118621390121203 1.6622587747383961 -11.793995905140378
2.4580326783475006 0.07778103814873266 0.0 1.0 0.04957748515121754 -3.6881313958016375 -0.3029370412962242 1.7137601647846483 -9.495811046540176
2.466780125601406 0.07487898365525229 0.0 1.0 0.046035500310607845 -3.8375087434325503 -0.30124016957117733 1.7579949491134794 -7.143339227696931
2.4755275728553117 0.07162309756963839 0.0 1.0 0.042251800546452195 -3.9705232337460985 -0.29611411869159093 1.794717893348494 -4.746733349169752
2.484275020109217 0.06802876518828845 0.0 1.0 0.03824308749821339 -4.086456113957047 -0.28763688214551814 1.8236882195693114 -2.316449401833882
2.4930224673631227 0.06411297109468728 0.0 1.0 0.034027218332481124 -4.184613772258424 -0.275946197695614 1.8446762644055095 0.13677053028964803
2.5017699146170282 0.05989421890080921 0.0 1.0 0.02962316120443944 -4.264339401934116 -0.26123872652016605 1.85746996530685 2.6019237486752225
2.5105173618709338 0.05539244381053576 0.0 1.0 0.025050940827308327 -4.32502444425673 -0.24376807201730738 1.8618809199395387 5.067780407354213
2.5192648091248393 0.05062891841825654 0.0 1.0 0.020331573983837805 -4.366119944322918 -0.2238416284351081 1.8577500502998756 7.522924483971366
2.528012256378745 0.04562615218779491 0.0 1.0 0.015486994542996234 -4.387147922381732 -0.20181626774271544 1.844952935875346 9.955801817536397
2.5367597036326504 0.040407785086655566 0.0 1.0 0.010539967754356297 -4.387712496281086 -0.17809287831758366 1.8234047293707856 12.35477462692112
2.545507150886556 0.03499847587821377 0.0 1.0 0.0055139941923480346 -4.367510134235403 -0.15310979137324177 1.7930644008142564 14.708181562942158
2.5542545981404614 0.029423785599707642 0.0 1.0 0.0004332043970863804 -4.32633830226093 -0.1273351792686159 1.7539379899513052 17.00440191014519
2.563002045394367 0.023710056776644436 0.0 1.0 -0.004677754366012057 -4.264101953456281 -0.10125857254951331 1.7060806084364448 19.23192220994848
2.5717494926482725 0.017884288944378306 0.0 1.0 -0.009793838218898475 -4.180817875474435 -0.07538170262875994 1.6495971502541293 21.379403528670338
2.580496939902178 0.011974011065067468 0.0 1.0 -0.014889734915348132 -4.076618439197657 -0.050208915819042556 1.5846423042929962 23.43574839706936
2.5892443871560835 0.006007151442888918 0.0 1.0 -0.01994000775595567 -3.951760102105748 -0.02623737106568401 1.5114222046359127 25.390169570262657
2.597991834409989 1.1905752210375075e-5 0.0 1.0 -0.024919275278253012 -3.80664922851502 -0.0039469923647078775 1.430203689407289 27.232270705908917
2.6067392816638946 -0.0059833961976617535 0.0 1.0 -0.02980246079148662 -3.641903534522519 0.016210470482637223 1.3413409601796233 28.952162063045165
2.6154867289178 -0.011950424331575967 0.0 1.0 -0.03456513064195735 -3.4584473683560186 0.03382452041435611 1.245322176485351 30.5406376525749
2.6242341761717056 -0.017860982178882382 0.0 1.0 -0.03918383903741429 -3.2575556116118136 0.04854075703687125 1.142799358862864 31.989391546459814
2.632981623425611 -0.023687140112449063 0.0 1.0 -0.04363624966664598 -3.0406793580389415 0.060071161304793605 1.0345169555192881 33.29113839853164
2.6417290706795167 -0.029401367326741222 0.0 1.0 -0.04790092403231941 -2.809097241679332 0.06819211364192564 0.9211412019868804 34.439505190495254
2.650476517933422 -0.03497666193131715 0.0 1.0 -0.051957135760882275 -2.563849451102035 0.07273936640283873 0.803207658860645 35.428849381612906
2.6592239651873277 -0.040386678544999756 0.0 1.0 -0.05578504315180103 -2.3060502046481566 0.07361532975596022 0.6812625002957609 36.254263214410116
2.6679714124412333 -0.0456058527877929 0.0 1.0 -0.05936601363557004 -2.0370723688913634 0.07079985862283344 0.5559585117751619 36.91170967319084
2.676718859695139 -0.05060952208227095 0.0 1.0 -0.0626828597950029 -1.7584900862419692 0.06435323300206156 0.4280334430807998 37.39813327607936
2.6854663069490443 -0.05537404219360952 0.0 1.0 -0.06571998049174585 -1.4719905648822982 0.054414016478651656 0.29826970528414926 37.711516948433086
2.69421375420295 -0.05987689895755999 0.0 1.0 -0.06846344450356687 -1.1793164083242702 0.04119462887508035 0.1674678378891081 37.850902283115204
2.7029612014568554 -0.0640968146684145 0.0 1.0 -0.07090102040454234 -0.8822105944875855 0.024974173902256827 0.03642052256052618 37.816374752790495
2.711708648710761 -0.06801384862423306 0.0 1.0 -0.07302215640533397 -0.5823603449560852 0.006088692679729543 -0.09411544592073157 37.60901184884932
2.7204560959646664 -0.07160949135422194 0.0 1.0 -0.07481793814722444 -0.2813632963111564 -0.015079114933333599 -0.22343787603537624 37.23080694271715
2.729203543218572 -0.07486675208300216 0.0 1.0 -0.07628106076037308 0.019269330457821084 -0.03810863516973498 -0.3508999227437578 36.684593263626795
2.7379509904724775 -0.077770239018466 0.0 1.0 -0.07740582840007144 0.3180882546774113 -0.06254865328943744 -0.4758986585620031 35.97398469054906
2.746698437726383 -0.08030623208383136 0.0 1.0 -0.07818816289369061 0.6136911271839918 -0.08792518838891802 -0.5978660389865195 35.10333026923172
2.7554458849802885 -0.08246274775020734 0.0 1.0 -0.07862559440139766 0.9047317316090536 -0.11375123044654452 -0.7162707140688328 34.07766751545822
2.764193332234194 -0.08422959566331226 0.0 1.0 -0.07871722408834231 1.1899420805562189 -0.13953769786116255 -0.8306265956054961 32.90266472967346
2.7729407794880996 -0.08559842679676206 0.0 1.0 -0.07846366788502057 1.4681487849054082 -0.1648039400063136 -0.9404993628197275 31.584554474541903
2.781688226742005 -0.08656277290438587 0.0 1.0 -0.07786699501362013 1.738276201101514 -0.18908678791190608 -1.0455066609860766 30.130066344269693
2.7904356739959106 -0.08711807708514174 0.0 1.0 -0.07693066913687666 1.9993400406775486 -0.21194815878368892 -1.1453132982397094 28.546365564717334
2.799183121249816 -0.08726171531620247 0.0 1.0 -0.07565949442443537 2.2504369990965074 -0.23298154303682908 -1.2396241494050686 26.841000333743892
2.8079305685037217 -0.08699300885245821 0.0 1.0 -0.07405956794524654 2.490732438153193 -0.25181750658263935 -1.3281760752598075 25.021859047068872
2.816678015757627 -0.08631322743384454 0.0 1.0 -0.07213824172096131 2.7194452146411687 -0.2681281384972189 -1.4107287579597858 23.09713876438647
2.8254254630115327 -0.08522558328533979 0.0 1.0 -0.06990409830646628 2.935829340516347 -0.28163046947585063 -1.487054488637205 21.075326389119382
2.8341729102654383 -0.08373521593798398 0.0 1.0 -0.06736694039274227 3.1391554242922526 -0.292089205200329 -1.5569283638507854 18.965192279942215
2.842920357519344 -0.08184916794264568 0.0 1.0 -0.06453778967869467 3.328696856497293 -0.29931927881422093 -1.6201212635079068 16.775792963986447
2.8516678047732493 -0.07957635159129861 0.0 1.0 -0.06142888734286503 3.50372403214744 -0.30318850859419477 -1.6763972001920935 14.516477500232305
2.860415252027155 -0.07692750680306247 0.0 1.0 -0.058053689545262556 3.6635062898581987 -0.3036202522834293 -1.7255148879930915 12.19689215733058
2.8691626992810604 -0.07391515037401239 0.0 1.0 -0.05442685472126267 3.807318763636006 -0.30059569715057505 -1.7672321054610016 9.826979855789276
2.877910146534966 -0.0705535168305716 0.0 1.0 -0.05056422234137894 3.934451142835295 -0.2941554193490531 -1.8013112206603843 7.416972891535586
2.8866575937888714 -0.06685849116597549 0.0 1.0 -0.04648278398548816 4.044216577878934 -0.28439998484277207 -1.8275247818621538 4.977378827122511
2.895405041042777 -0.06284753377765541 0.0 1.0 -0.0422006472506379 4.1359603509672915 -0.27148950678975536 -1.8456607656955841 2.5189599100829607
2.9041524882966825 -0.05853959796023971 0.0 1.0 -0.03773699208763337 4.209068701649884 -0.2556421496872656 -1.8555275295135158 0.05270627291947916
2.912899935550588 -0.05395504034404946 0.0 1.0 -0.033112018444891256 4.262978261123044 -0.23713158115830563 -1.8569586391586852 -2.4101970708157694
2.9216473828044935 -0.049115524702300795 0.0 1.0 -0.028346883963525756 4.297186184214528 -0.2162833559473888 -1.8498176366240848 -4.858409491877129
2.930394830058399 -0.04404391958156159 0.0 1.0 -0.023463630875057 4.311260643715459 -0.19347021129689695 -1.8340026466924335 -7.280480164507011
2.9391422773123046 -0.03876419023919707 0.0 1.0 -0.018485101931896456 4.304851112110706 -0.16910627504559375 -1.8094506227690192 -9.664899226359111
2.94788972456621 -0.03330128539844102 0.0 1.0 -0.013434845847977168 4.277697842028861 -0.14364023214202212 -1.7761410216203135 -12.000153943396747
2.9566371718201157 -0.027681019356217616 0.0 1.0 -0.008337013167927647 4.2296400446608935 -0.11754754617084233 -1.7340987096766876 -14.27478884105146
2.965384619074021 -0.021929950000800728 0.0 1.0 -0.0032162435045591056 4.160622477353448 -0.091321882834301 -1.6833959423751084 -16.477468521913735
2.9741320663279267 -0.016075253315719254 0.0 1.0 0.001902455935767059 4.070700898528157 -0.0654659292671891 -1.6241535171293349 -18.597042014889013
2.9828795135818322 -0.010144594962930882 0.0 1.0 0.006993844254060663 3.9600491650456204 -0.0404818236235342 -1.5565421976290914 -20.622608984156145
2.9916269608357378 -0.004165999552078133 0.0 1.0 0.01203260550773075 3.828975916986694 -0.01686131429114606 -1.4807879878296937 -22.54359294913202
3.0003744080896433 0.001832281786419228 0.0 1.0 0.016993557991251584 3.6779658928822165 0.0049246097932455725 -1.3971887738893725 -24.349836751534127
3.009121855343549 0.007821904898668342 0.0 1.0 0.021851944557398563 3.5077582229559825 0.024437551028173268 -1.306150349499481 -26.03174616760289
3.0178693025974543 0.013774566544178602 0.0 1.0 0.026583785612357726 3.31942890761437 0.041285852826356426 -1.2082307560346088 -27.580492487952128
3.02661674985136 0.019662138139405656 0.0 1.0 0.03116613798715996 3.1143443679440157 0.05513834678732505 -1.1041312126690914 -28.988201870745627
3.0353641971052654 0.025456798675975105 0.0 1.0 0.03557703240840086 2.8938669825338454 0.06572914311289794 -0.9945632764470292 -30.24796497743972
3.044111644359171 0.031131166185496887 0.0 1.0 0.03979519451953702 2.6590757373969782 0.07285164391295221 -0.8800988195656081 -31.35364336024577
3.0528590916130764 0.03665842712974956 0.0 1.0 0.04380002429364052 2.4109360162208087 0.0763587023889145 -0.761229218252702 -32.29975319328162
3.061606538866982 0.042012463104815004 0.0 1.0 0.04757191137785373 2.1506380639744456 0.0761748477114311 -0.6385299590117103 -33.08157103471271
3.0703539861208875 0.047167974260442884 0.0 1.0 0.0510925515478923 1.879642675966078 0.07230454963789189 -0.5126936176001295 -33.69528783166152
3.079101433374793 0.05210059885143569 0.0 1.0 0.05434513272514145 1.5995670738571235 0.06483195831007224 -0.3844785271771259 -34.138095503952684
3.0878488806286986 0.05678702835613314 0.0 1.0 0.057314438892194126 1.312102060992772 0.05391733145077676 -0.2546692761719557 -34.40821971166352
3.096596327882604 0.061205117618015704 0.0 1.0 0.05998690472830215 1.018961451493846 0.03979163834687202 -0.12405288491563801 -34.50492023178964
3.1053437751365096 0.06533398948996669 0.0 1.0 0.06235062805201952 0.7218372071273947 0.022748979399316856 0.006602700459737808 -34.42846275246333
3.114091222390415 0.06915413348670901 0.0 1.0 0.06439535480820885 0.4223645818045958 0.003137609001796521 0.13656655318476058 -34.180067103377326
3.1228386696443207 0.07264749797924665 0.0 1.0 0.06611246473448881 0.12211223285605047 -0.01864875286315728 0.26515164546979275 -33.76184695118184
3.131586116898226 0.07579757549565674 0.0 1.0 0.06749497564736459 -0.1774058360243907 -0.042178667275909486 0.39171048400739245 -33.17675641367708
3.1403335641521317 0.07858948072515444 0.0 1.0 0.06853755049446626 -0.4747259929629354 -0.06699145825362039 0.5156326638891012 -32.42854150345508
3.1490810114060372 0.0810100208568302 0.0 1.0 0.06923648275167262 -0.7684514288004871 -0.0926075530110442 0.6363515551252019 -31.52168423491196
3.1578284586599428 0.08304775792068506 0.0 1.0 0.06958965770401289 -1.0572724450932987 -0.11853946542984116 0.7533529112278503 -30.461336369173864
3.1665759059138483 0.08469306283637555 0.0 1.0 0.06959650196389791 -1.3399757530500847 -0.14430194669890214 0.8661781843647954 -29.253249348891586
3.175323353167754 0.08593816091426988 0.0 1.0 0.06925793089705105 -1.6154434924502672 -0.16942096593768094 0.9744225494325408 -27.903707098818487
3.1840708004216594 0.08677716859380463 0.0 1.0 0.06857629755172723 -1.8826471512509508 -0.19344169588436627 1.077730015639087 -26.419465189662887
3.192818247675565 0.08720612124553945 0.0 1.0 0.06755534493761141 -2.1406382754223365 -0.21593553322530035 1.1757865925000506 -24.807698492969465
3.2015656949294704 0.0872229919055346 0.0 1.0 0.06620016319994199 -2.38853661258011 -0.23650614595590874 1.2683119614126501 -23.075958860318565
3.210313142183376 0.08682770085352422 0.0 1.0 0.06451715223889314 -2.6255172682182084 -0.2547946702134166 1.3550506861059477 -21.232143103754723
