#strength 	x-position 	z-position 
0.0071261586241443825	-6.998790578818227	0.021766355238652432
0.00711852993208411	-6.9977587309423654	0.02167608024703121
0.007103289322118625	-6.995697173852934	0.021495717372494477
0.0070804695362331254	-6.992610180441814	0.021225640444642306
0.007050120164712459	-6.988504148974256	0.02086640923915018
0.007012308092766233	-6.983387589827491	0.020418768317548446
0.006967115478518414	-6.977271107851686	0.019883645484004814
0.006914639425500795	-6.970167380389761	0.019262149862308568
0.006854994480816151	-6.962091131001667	0.018555569597042118
0.006788311910593543	-6.953059098947556	0.017765369183704666
0.006714735949718977	-6.943090004493111	0.01689318643332162
0.006634424731247421	-6.932204510108937	0.01594082907783117
0.006547553984130096	-6.920425177644429	0.01491027102328377
0.006454314439023916	-6.9077764215649005	0.013803648258620429
0.006354906914153478	-6.894284458348875	0.012623254428509449
0.0062495451361639235	-6.87997725215043	0.011371536079417599
0.006138459978377928	-6.8648844568392136	0.010051087588768954
0.006021894490208488	-6.849037354538279	0.008664645787701514
0.005900098609604566	-6.8324687907870985	0.007215084288566727
0.005773334292828717	-6.815213106464178	0.005705407528929078
0.005641879447200655	-6.79730606661033	0.004138744544410435
0.005506020335609915	-6.778784786300175	0.002518342483285911
0.0053660468691671655	-6.759687653715476	0.0008475598762731839
0.005222260186972119	-6.740054250579771	-0.0008701403245352823
0.005074975320246095	-6.7199252701192105	-0.002631197923169239
0.004924511032271915	-6.699342432719624	-0.0044319628588305
0.0047711867311865126	-6.6783483994546575	-0.006268702771201312
0.004615332321858555	-6.656986683664178	-0.008137610736331083
0.00445728860236185	-6.635301560766234	-0.010034813157067607
0.00429739494130107	-6.613337976489493	-0.011956377791678675
0.004135988851281529	-6.591141453716352	-0.013898321904023563
0.003973417590866883	-6.568757998129813	-0.01585662051838186
0.003810035345228386	-6.546234002859677	-0.0178272147618303
0.00364618950030745	-6.523616152325705	-0.01980602027687669
0.003482223828752209	-6.500951325477021	-0.02178893568691454
0.003318490965096179	-6.4782864986283375	-0.023771851096952387
0.0031553455607649643	-6.455668648094365	-0.025750656611998775
0.002993130275844832	-6.433144652824229	-0.02772125085544721
0.0028321833519207584	-6.41076119723769	-0.029679549469805507
0.002672850724752696	-6.388564674464549	-0.0316214935821504
0.002515474567000323	-6.366601090187808	-0.03354305821676147
0.002360380483432604	-6.3449159672898645	-0.035440260637498
0.0022078899815986862	-6.3235542514993845	-0.03730916860262777
0.0020583306129511054	-6.302560218234417	-0.039145908514998565
0.0019120196242278318	-6.281977380834832	-0.04094667345065983
0.0017692542376557885	-6.261848400374269	-0.04270773104929379
0.0016303291780259996	-6.242214997238566	-0.04442543125010226
0.0014955427979008006	-6.223117864653867	-0.04609621385711499
0.001365175969696143	-6.204596584343712	-0.04771661591823951
0.0012394878535381937	-6.186689544489864	-0.04928327890275815
0.0011187381714695384	-6.169433860166942	-0.050792955662395806
0.001003186640496952	-6.152865296415763	-0.05224251716153059
0.000893067863931317	-6.1370181941148285	-0.05362895896259803
0.000788595949697272	-6.121925398803612	-0.05494940745324668
0.0006899905401814505	-6.107618192605166	-0.05620112580233853
0.0005974657149110658	-6.094126229389142	-0.0573815196324495
0.0005112031559736349	-6.081477473309613	-0.05848814239711284
0.0004313717473084305	-6.069698140845105	-0.059518700451660245
0.0003581551874339523	-6.05881264646093	-0.0604710578071507
0.0002917240519698304	-6.048843552006486	-0.06134324055753374
0.0002322153771986403	-6.039811519952375	-0.0621334409708712
0.0001797748089767299	-6.031735270564281	-0.06284002123613765
0.00013453055103070712	-6.024631543102355	-0.0634615168578339
9641153960415733e-20	-6.01851506112655	-0.06399663969137753
6504082853244847e-20	-6.013398501979786	-0.06444428061297926
3995248970393013e-20	-6.009292470512227	-0.06480351181847138
20935072363650342e-21	-6.006205477101108	-0.06507358874632355
8094032359899722e-21	-6.004143920011677	-0.06525395162086028
16227824101951624e-22	-6.003112072135815	-0.06534422661248152
