#Fourier coeffs (0-n) 	d/dt (Fourier coeffs) 
0.07827822850184968	0.0013710597577876182
-0.0020374306046703834	0.0005727133459440769
0.0006377578800491657	-0.0001905111402921572
-0.0003172873559565538	931106204204994e-19
0.00017757188033157506	0
-0.00010041510796663293	0
53774130781934575e-21	0
-2457813203030224e-20	0
6268098152496236e-21	0
4897403709965615e-21	0
-11251528607841331e-21	0
14344067419761719e-21	0
-15249725299755525e-21	0
14733743808280324e-21	0
-13347780737763803e-21	0
11489402496926577e-21	0
-9441495836670328e-21	0
7399989056579822e-21	0
-5494375433116936e-21	0
38035249612194873e-22	0
-23682030199391216e-22	0
12011343731883948e-22	0
-2951320331353034e-22	0
-3703651392099058e-22	0
8240986252856699e-22	0
-1098945576016321e-21	0
12288580575595174e-22	0
-1246638603111253e-21	0
11824167038349786e-22	0
-10627012985417138e-22	0
9098946546482104e-22	0
-7421640080225696e-22	0
573579008157154e-21	0
-4144352271622567e-22	0
27169633882408686e-23	0
-14949968158554195e-23	0
