#strength 	x-position 	z-position 
-0.04186538040205421	-0.1501710721695059	-0.0028116481059795796
-0.0016018121059206483	-0.13574085968846888	0.05847931899429027
-0.0071234882568686365	-0.0940057485657867	-0.04999557076238399
-0.00529475302904338	-0.15757084365420665	-0.06075772314328262
-0.004775374303329943	-0.20168067845904886	0.049446109886806165
-0.004271399771480682	-0.1099541690243725	0.06531817918740927
-0.0038921308728170753	-0.10262501080464811	0.012798725027797473
-0.003587736053715967	-0.19165520079365392	0.07320575241355012
-0.003337901077009915	-0.13707889867480666	0.07823258216882449
-0.0031279548098067725	-0.07603018912828637	-0.021100172815052866
-0.002948232968388911	-0.22123270430201325	-0.0769100491310856
-0.0027920525767365168	-0.24864179635747505	-0.00023258734488553552
-0.002654648462229286	-0.23119868392139398	0.047599411680538196
-0.0025325185630453387	-0.19387417602950582	0.11574766102019332
-0.0024230218607840144	-0.09179099891777699	0.12840763764312246
-0.002324121377731931	-0.030206224845370847	0.08800954961584014
-0.0022342140326152672	-0.0002919227004481744	0.032894103171171765
-0.0021520149788250374	0.005649591251369149	-0.02348365197604152
-0.0020764779258331603	-0.004654947454751598	-0.07542000829164609
-0.0020067398871035664	-0.026753482522070975	-0.12133547167161855
-0.0019420823663454222	-0.05729169476105926	-0.15917166886833442
-0.0018819032627475432	-0.09197637696275823	-0.18821969894525567
-0.001825695586065327	-0.1274253527033814	-0.20978519287511047
-0.0017730305509084127	-0.16187515336642133	-0.22573362122325308
-0.0017235436933335704	-0.19464210160042672	-0.2376452010018483
-0.0016769233080133703	-0.22557828267518978	-0.24667097349304581
-0.0016329008407294648	-0.25476581420684635	-0.25361280797400443
-0.0015912430047866823	-0.28237115233251864	-0.25902595634570774
-0.00155174542957392	-0.3085801600819463	-0.2632976697681486
-0.00151422764967535	-0.3335708518226055	-0.2667010744494469
-0.0014785292327368794	-0.357503449337914	-0.2694311731163983
-0.0014445068343920883	-0.3805181368808373	-0.271628914188326
-0.0014120319644727198	-0.40273591078566595	-0.2733974831805659
-0.001380989258914436	-0.4242604244370626	-0.27481353313679424
-0.001351275079765183	-0.44518000556894033	-0.27593504682515674
-0.0013227963083767575	-0.46556961332176183	-0.2768068615274888
-0.0012954692456601212	-0.4854927059792165	-0.2774645093022823
-0.0012692185802289386	-0.5050030075141392	-0.2779368337149668
-0.0012439764155728478	-0.5241461307725883	-0.27824774216946135
-0.0012196813649100208	-0.5429610060822481	-0.27841737710023806
-0.001196277724816435	-0.5614810836750165	-0.27846291651626126
-0.0011737147378274235	-0.5797353092845055	-0.27839914603090504
-0.0011519459435080058	-0.5977488992874247	-0.2782388879025766
-0.0011309286162538047	-0.6155439544981405	-0.27799333395148335
-0.0011106232830223467	-0.6331399506749934	-0.2776723077877001
-0.001090993312422404	-0.6505541371916188	-0.2772844713610685
-0.0010720045687562067	-0.6678018667631713	-0.2768374867997961
-0.0010536251241377963	-0.6848968710937572	-0.27633814341029733
-0.0010358250226286617	-0.7018514919425296	-0.2757924589762125
-0.0010185760913569378	-0.7186768738837461	-0.27520576338521946
-0.0010018517917416581	-0.7353831235311974	-0.27458277100363776
-0.000985627104863421	-0.7519794396079537	-0.27392764629392874
-0.0009698784428335445	-0.7684742182720058	-0.2732440652911705
-0.0009545835794493359	-0.7848751382365334	-0.27253527393470195
-0.000939721591883512	-0.8011892302735841	-0.27180414303385747
-0.0009252728080438657	-0.8174229353295409	-0.27105321903328183
-0.0009112187541808134	-0.8335821546737858	-0.27028476971812715
-0.0008975421001916322	-0.8496722946122909	-0.2695008242854921
-0.000884226600592829	-0.8656983074396258	-0.26870320762531325
-0.0008712570315553038	-0.8816647295379766	-0.26789356908100403
-0.0008586191243836923	-0.8975757170216839	-0.2670734062412402
-0.0008462994968902841	-0.9134350791235094	-0.26624408439811964
-0.0008342855842555421	-0.9292463094062651	-0.2654068523093822
-0.0008225655710011933	-0.9450126148283247	-0.26456285487325104
-0.0008111283255634785	-0.9607369426752868	-0.26371314327577566
-0.0007999633390587003	-0.9764220053731437	-0.2628586831099534
-0.0007890606686518954	-0.9920703032329096	-0.2620003609064393
-0.0007784108872843643	-1.0076841451230372	-0.2611389894995458
-0.0007680050391356153	-1.0232656670929525	-0.2602753125974219
-0.000757834601404328	-1.0388168490304703	-0.2594100088522076
-0.0007478914524797278	-1.0543395294047735	-0.2585436956841349
-0.0007381678446891551	-1.0698354182410545	-0.2576769330291389
-0.0007286563828325186	-1.0853061084328488	-0.25681022714511226
-0.0007193500057878898	-1.1007530855442218	-0.2559440345343418
-0.0007102419709997861	-1.1161777363618555	-0.2550787659468907
-0.000701325841610069	-1.1315813563305972	-0.254214790451998
-0.0006925954738621759	-1.146965156057304	-0.2533524395185421
-0.000684045005627458	-1.1623302670929712	-0.25249201100173063
-0.0006756688444211224	-1.1776777471507567	-0.25163377294204686
-0.0006674616550031709	-1.1930085849133936	-0.25077796709230776
-0.0006594183467327104	-1.2083237044913728	-0.24992481213532566
-0.0006515340601383705	-1.2236239696110243	-0.24907450654574134
-0.0006438041525125195	-1.2389101876389397	-0.24822723104403632
-0.0006362241845469623	-1.2541831134229147	-0.247383150661809
-0.0006287899052146509	-1.269443452976854	-0.24654241643229316
-0.0006214972389427739	-1.2846918670087404	-0.24570516673476
-0.0006143422714913332	-1.2999289742814466	-0.24487152833373255
-0.0006073212383051179	-1.31515535480599	-0.2440416171574607
-0.0006004305127518331	-1.3303715528293185	-0.24321553887963293
-0.0005936665963919615	-1.3455780796225854	-0.24239338934830285
-0.0005870261098204627	-1.360775416059843	-0.24157525491118714
-0.0005805057854716949	-1.3759640149705465	-0.24076121268965792
-0.0005741024611217692	-1.3911443032697395	-0.23995133083406897
-0.0005678130745106254	-1.4063166838996357	-0.2391456687746339
-0.0005616346594449571	-1.4214815375598175	-0.23834427750731607
-0.0005555643420774581	-1.4366392242421282	-0.23754719992844028
-0.0005495993382153147	-1.4517900846091691	-0.23675447120922968
-0.00054373695082237	-1.4669344412249172	-0.2359661192144376
-0.0005379745681176624	-1.4820725996488466	-0.23518216496497274
-0.0005323096614048162	-1.4972048494234265	-0.2344026231282415
-0.0005267397832290129	-1.512331464975298	-0.23362750252273573
-0.000521262565470677	-1.5274527064343886	-0.23285680662974162
-0.0005158757169334369	-1.5425688204033443	-0.23209053408946714
-0.0005105770213484767	-1.5576800406791844	-0.23132867917552696
-0.0005053643348801127	-1.5727865889288961	-0.23057123224225629
-0.000500235583374524	-1.5878886753467456	-0.22981818012552388
-0.0004951887601432302	-1.6029864992817962	-0.229069506500474
-0.0004902219228500523	-1.618080249845488	-0.22832519219229339
-0.00048533319134471883	-1.6331701064962285	-0.22758521544475466
-0.0004805207450340604	-1.6482562395901172	-0.22684955215565644
-0.0004757828203440246	-1.6633388109196041	-0.226118176071132
-0.0004711177088820937	-1.6784179742207515	-0.22539105895612851
-0.00046652375520923883	-1.6934938756453017	-0.22466817075146348
-0.0004619993552304174	-1.7085666542056341	-0.22394947971870782
-0.0004575429545048623	-1.7236364421851469	-0.22323495258327924
-0.00045315304698898516	-1.738703365513001	-0.22252455468134955
-0.00044882817350060805	-1.753767544113059	-0.2218182501070406
-0.00044456692061874137	-1.7688290922290792	-0.22111600186149513
-0.0004403679195613651	-1.7838881187174853	-0.2204177720120524
-0.0004362298449812063	-1.79894472731757	-0.21972352185582894
-0.0004321514137778735	-1.8139990169064282	-0.21903321208214865
-0.00042813138401514086	-1.829051081734405	-0.2183468029363648
-0.00042416855359562675	-1.8441010116442869	-0.21766425438254552
-0.00042026175903983956	-1.8591488922789563	-0.21698552626039694
-0.0004164098740106169	-1.8741948052777955	-0.21631057843523926
-0.0004126118080769615	-1.8892388284589936	-0.2156393709414863
-0.00040886650491464213	-1.904281035995638	-0.21497186411185365
-0.000405172940823699	-1.9193214985880303	-0.2143080186887089
-0.00040153012306365886	-1.9343602836251559	-0.2136477959208287
-0.0003979370879136062	-1.949397455344564	-0.21299115763756843
-0.0003943928990738973	-1.964433074989048	-0.21233806629960586
-0.0003908966456139043	-1.9794672009606107	-0.21168848502553803
-0.0003874474403946608	-1.9944998889708725	-0.21104237759500896
-0.00038404441820013603	-2.0095311921878323	-0.21039970842823227
-0.00038068673395553164	-2.0245611613861847	-0.20976044253815715
-0.00037737356153244583	-2.0395898450886936	-0.20912454546745002
-0.0003741040921222197	-2.05461728970094	-0.20849198321174173
-0.0003708775331686589	-2.069643539645123	-0.2078627221279742
-0.00036769310746288635	-2.084668637483782	-0.20723672883879432
-0.00036455005229711623	-2.0996926240350597	-0.20661397013669539
-0.0003614476190798091	-2.1147155384778875	-0.2059944128929616
-0.0003583850728127169	-2.1297374184478297	-0.20537802397403235
-0.0003553616920417054	-2.1447583001246664	-0.2047647701675379
-0.0003523767686783707	-2.159778218310612	-0.20415461812144878
-0.00034942960823617676	-2.174797206499613	-0.20354753429802427
-0.0003465195297728263	-2.189815296940165	-0.20294348494211895
-0.00034364586640960905	-2.2048325206903963	-0.20234243606594593
-0.0003408079652679908	-2.2198489076668744	-0.2017443534501088
-0.0003380051882230003	-2.2348644866848115	-0.20114920266288192
-0.0003352369116566209	-2.249879285494683	-0.200556949092291
-0.0003325025270456538	-2.264893330817234	-0.19996755798825644
-0.0003298014409517918	-2.2799066483709347	-0.19938099451837912
-0.0003271330750860852	-2.2949192628998847	-0.19879722382822484
-0.00032449686620101593	-2.3099311982026736	-0.19821621110293555
-0.0003218922660504168	-2.3249424771601017	-0.19763792163039348
-0.00031931874107483417	-2.3399531217631693	-0.19706232086335007
-0.0003167757721665044	-2.354963153142007	-0.19648937447838055
-0.00031426285430172056	-2.369972591594176	-0.1959190484324584
-0.000311779496147236	-2.384981456612132	-0.19535130901659703
-0.0003093252195867837	-2.3999897669096595	-0.19478612290583147
-0.00030689955916742007	-2.41499754044836	-0.19422345720313275
-0.00030450206140377606	-2.4300047944652516	-0.19366327947525155
-0.0003021322843003559	-2.4450115454982067	-0.19310555778279717
-0.000299789796430628	-2.460017809412049	-0.19255026070016926
-0.000297474176158382	-2.475023601428682	-0.19199735732093243
-0.00029518501105338726	-2.490028936155797	-0.19144681725374835
-0.0002929218968157274	-2.505033827617147	-0.19089861060623906
-0.0002906844369770824	-2.520038289282661	-0.19035270795888293
-0.00028847224168893765	-2.5350423341001225	-0.1898090803282425
-0.00028628492783149863	-2.5500459745244832	-0.189267699125486
-0.00028412211791443813	-2.5650492225455483	-0.18872853611103532
-0.0002819834401659241	-2.5800520897166486	-0.1881915633443896
-0.0002798685279584972	-2.59505458717861	-0.1876567531375277
-0.0002777770200663894	-2.610056725679645	-0.1871240780129729
-0.0002757085599074307	-2.6250585155966335	-0.18659351066088714
-0.00027366279614154596	-2.6400599669540377	-0.186065023900861
-0.0002716393823781211	-2.6550610894371944	-0.18553859065335568
-0.0002696379771476298	-2.670061892407894	-0.18501418391196423
-0.00026765824441255665	-2.685062384915217	-0.18449177672492792
-0.0002656998531163201	-2.70006257570655	-0.18397134218002867
-0.00026376247771014646	-2.7150624732391724	-0.18345285339259265
-0.00026184579823891087	-2.7300620856868765	-0.18293628350321312
-0.0002599495001962913	-2.7450614209492312	-0.18242160567562826
-0.00025807327495322614	-2.7600604866597567	-0.18190879309891772
-0.0002562168197872555	-2.775059290191098	-0.18139781899636773
-0.0002543798377073591	-2.7900578386633117	-0.18088865663254214
-0.0002525620379495025	-2.8050561389500626	-0.1803812793249436
-0.0002507631357120954	-2.820054197683385	-0.1798756604592425
-0.00024898285217721597	-2.8350520212612156	-0.17937177350152822
-0.0002472209147298312	-2.8500496158528517	-0.17886959201393182
-0.0002454770566421051	-2.8650469874044444	-0.17836908967037038
-0.00024375101722903803	-2.8800441416456017	-0.1778702402703514
-0.0002420425415721912	-2.8950410840957135	-0.1773730177526032
-0.00024035138069607685	-2.9100378200692463	-0.17687739620942086
-0.00023867729115296422	-2.9250343546817508	-0.1763833498987918
-0.00023702003501207755	-2.9400306928571265	-0.17589085325336004
-0.00023537937990109926	-2.955026839332293	-0.17539988089184563
-0.00023375509844840783	-2.9700227986637504	-0.17491040762607984
-0.00023214696846779806	-2.9850185752345872	-0.17442240846576118
-0.00023055477272532557	-3.000014173258981	-0.17393585862569977
-0.00022897829861689457	-3.015009596788245	-0.1734507335292585
-0.00022741733819453894	-3.0300048497167116	-0.1729670088102898
-0.000225871687815243	-3.0449999357869975	-0.17248466031448775
-0.00022434114811860882	-3.05999485859548	-0.17200366409907786
-0.00022282552366331178	-3.074989621597548	-0.17152399643134508
-0.00022132462306391834	-3.0899842281119585	-0.17104563378729562
-0.00021983825832820603	-3.104978681326307	-0.17056855284698372
-0.00021836624523042213	-3.1199729843017754	-0.1700927304896302
-0.00021690840271571497	-3.134967139976949	-0.1696181437891137
-0.00021546455294240395	-3.1499611511730063	-0.16914477000574873
-0.00021403452104518453	-3.1649550205979238	-0.16867258657858797
-0.0002126181351048556	-3.1799487508500004	-0.16820157111795492
-0.00021121522581215614	-3.194942344422098	-0.16773170139565732
-0.0002098256264519479	-3.209935803705993	-0.16726295533398944
-0.0002084491729021018	-3.224929130995187	-0.1667953109971136
-0.00020708570323100563	-3.2399223284886025	-0.16632874658015045
-0.00020573505790086148	-3.254915398294155	-0.16586324039802552
-0.00020439707953908565	-3.2699083424311888	-0.165398770876261
-0.0002030716128683767	-3.2849011628337434	-0.16493531653994634
-0.00020175850461887947	-3.29989386135373	-0.16447285600282044
-0.00020045760372408745	-3.314886439762562	-0.16401136795978138
-0.00019916876092909187	-3.329878899753421	-0.16355083117815505
-0.00019789182892928844	-3.34487124294437	-0.16309122448724084
-0.0001966266624510299	-3.359863470879856	-0.16263252677154985
-0.00019537311798517587	-3.3748555850326007	-0.16217471696368427
-0.00019413105403889158	-3.389847586805386	-0.16171777403771825
-0.00019290033091169147	-3.404839477532541	-0.1612616770034392
-0.0001916808107354246	-3.4198312584820227	-0.16080640489941772
-0.0001904723575535984	-3.43482293085676	-0.1603519367881685
-0.00018927483723585672	-3.4498144957957164	-0.15989825175213665
-0.0001880881174508263	-3.4648059543755325	-0.15944532888851976
-0.00018691206766591716	-3.4797973076120288	-0.15899314730459
-0.00018574655929095608	-3.494788556460935	-0.15854168611490826
-0.00018459146531571262	-3.509779701819536	-0.15809092443660328
-0.0001834466607157463	-3.52477074452781	-0.15764084138580492
-0.00018231202221501153	-3.5397616853688905	-0.15719141607593967
-0.00018118742815340962	-3.554752525070815	-0.1567426276127616
-0.00018007275885201235	-3.569743264307331	-0.15629445509166237
-0.0001789678961569719	-3.5847339036986914	-0.15584687759507815
-0.00017787272383396405	-3.599724443812682	-0.1553998741893472
-0.0001767871271864726	-3.614714885165419	-0.15495342392189626
-0.00017571099334376568	-3.6297052282222833	-0.15450750581802813
-0.00017464421100067164	-3.6446954733986514	-0.15406209887807817
-0.00017358667055855648	-3.659685621060753	-0.15361718207402106
-0.0001725382640363083	-3.674675671526308	-0.15317273434658682
-0.00017149888500605712	-3.6896656250653783	-0.15272873460158765
-0.00017046842873295193	-3.704655481900807	-0.1522851617071279
-0.00016944679191451678	-3.7196452422089687	-0.15184199448978414
-0.0001684338728129304	-3.7346349061206072	-0.15139921173015206
-0.0001674295713105598	-3.7496244737209574	-0.1509567921604994
-0.00016643378861864143	-3.7646139450504528	-0.150514714460283
-0.00016544642746000628	-3.779603320105586	-0.15007295725094358
-0.0001644673921064356	-3.7945925988388964	-0.14963149909332707
-0.0001634965881308209	-3.809581781159429	-0.14919031848338504
-0.00016253392254405447	-3.824570866933466	-0.14874939384675337
-0.00016157930377993374	-3.8395598559846764	-0.1483087035350925
-0.00016063264166301001	-3.8545487480942895	-0.14786822582215123
-0.0001596938472464178	-3.8695375430016785	-0.14742793889835876
-0.00015876283315648977	-3.8845262404043788	-0.14698782086720638
-0.00015783951311220193	-3.8995148399582926	-0.14654784974065085
-0.0001569238022869658	-3.914503341278124	-0.1461080034338075
-0.0001560156171573051	-3.929491743937171	-0.14566825976161887
-0.00015511487540872428	-3.9444800474675934	-0.14522859643371464
-0.00015422149602999265	-3.959468251360562	-0.14478899104940376
-0.00015333539932435754	-3.974456355066083	-0.14434942109367085
-0.00015245650661975356	-3.9894443579932775	-0.14390986393117056
-0.00015158474068388723	-4.00443225951029	-0.14347029680143666
-0.0001507200252794938	-4.019420058944046	-0.14303069681430058
-0.0001498622854224016	-4.034407755580373	-0.14259104094365366
-0.00014901144709763767	-4.049395348663927	-0.14215130602117865
-0.0001481674375478706	-4.064382837398001	-0.1417114687305173
-0.00014733018485456502	-4.079370220944346	-0.1412715056005604
-0.00014649961828645808	-4.094357498423119	-0.1408313929982523
-0.00014567566791641624	-4.109344668912593	-0.1403911071212643
-0.00014485826489113972	-4.124331731448979	-0.1399506239902916
-0.00014404734122657782	-4.139318685025963	-0.1395099194420146
-0.0001432428298442142	-4.154305528594441	-0.1390689691205748
-0.00014244466437235252	-4.1692922610623775	-0.13862774846760695
-0.00014165277942481888	-4.184278881294385	-0.13818623271380368
-0.00014086711049473254	-4.199265388110946	-0.13774439687172277
-0.0001400875936181968	-4.214251780288166	-0.13730221572517667
-0.00013931416589662085	-4.229238056557325	-0.13685966381968015
-0.00013854676498583317	-4.244224215604181	-0.13641671545345802
-0.0001377853294867691	-4.259210256068383	-0.13597334466773417
-0.0001370297987000734	-4.274196176542727	-0.13552952523760353
-0.00013628011264163117	-4.289181975572556	-0.13508523066135192
-0.00013553621217158793	-4.304167651655013	-0.13464043415059085
-0.00013479803885739494	-4.31915320323816	-0.13419510862042375
-0.00013406553502649451	-4.334138628720214	-0.1337492266788099
-0.0001333386437737897	-4.349123926448612	-0.1333027606162118
-0.0001326173089409577	-4.364109094719017	-0.1328556823948715
-0.00013190147501151127	-4.379094131774498	-0.13240796363689816
-0.00013119108727451846	-4.394079035804459	-0.13195957561265456
-0.00013048609169746123	-4.409063804943513	-0.13151048922942216
-0.00012978643497670896	-4.424048437270294	-0.13106067501907362
-0.00012909206437364956	-4.43903293080645	-0.13061010312442334
-0.00012840292787061162	-4.454017283515347	-0.13015874328567217
-0.00012771897418506657	-4.469001493300678	-0.12970656482747028
-0.00012704015239884368	-4.483985558005246	-0.1292535366434038
-0.00012636641247939888	-4.49896947540953	-0.12879962718103632
-0.00012569770480699329	-4.513953243230083	-0.1283448044271054
-0.00012503398041607654	-4.528936859118069	-0.12788903589061545
-0.0001243751907714103	-4.54392032065766	-0.1274322885855918
-0.00012372128809009023	-4.558903625364289	-0.12697452901426048
-0.00012307222491569382	-4.5738867706828295	-0.12651572314909565
-0.0001224279544855024	-4.588869753985756	-0.12605583641379783
-0.00012178843038336724	-4.603852572571214	-0.12559483366374616
-0.0001211536068209014	-4.618835223660963	-0.1251326791657702
-0.00012052343849097008	-4.633817704398205	-0.12466933657802948
-0.00011989788057594798	-4.648800011845332	-0.12420476892820824
-0.00011927688864982015	-4.663782142981684	-0.12373893859044763
-0.00011866041897691179	-4.67876409470101	-0.12327180726282622
-0.00011804842814345726	-4.693745863808923	-0.12280333594360979
-0.00011744087329614711	-4.708727447020255	-0.122333484905623
-0.00011683771199613203	-4.723708840956287	-0.12186221367025431
-0.0001162389024115286	-4.738690042141777	-0.12138948098090331
-0.00011564440307622499	-4.753671047001916	-0.12091524477493922
-0.00011505417307733704	-4.768651851859167	-0.12043946215416801
-0.00011446817194388052	-4.783632452929924	-0.11996208935450478
-0.00011388635973098513	-4.79861284632098	-0.11948308171427711
-0.00011330869692283488	-4.81359302802593	-0.11900239364100654
-0.00011273514453147282	-4.828572993921325	-0.11851997857693472
-0.00011216566409551036	-4.843552739762625	-0.11803578896333382
-0.00011160021748350853	-4.85853226118008	-0.11754977620216377
-0.00011103876717908322	-4.873511553674319	-0.11706189061662921
-0.00011048127617140774	-4.888490612611689	-0.11657208141064572
-0.00010992770771329	-4.903469433219502	-0.11608029662478199
-0.00010937802580092068	-4.918448010580954	-0.1155864830911238
-0.00010883219467136031	-4.933426339629784	-0.11509058638601473
-0.00010829017914260747	-4.948404415144725	-0.11459255077968107
-0.00010775194441268489	-4.963382231743666	-0.11409231918402533
-0.00010721745621594496	-4.978359783877452	-0.11358983309766517
-0.00010668668056430276	-4.993337065823445	-0.11308503254773535
-0.00010615958410222295	-5.0083140716787335	-0.11257785602917753
-0.00010563613369973107	-5.023290795352929	-0.11206824044057831
-0.00010511629670803893	-5.038267230560665	-0.11155612101599885
-0.00010460004084769312	-5.053243370813646	-0.11104143125388853
-0.00010408733428986586	-5.06821920941227	-0.11052410284211844
-0.0001035781454581837	-5.083194739436767	-0.11000406557833363
-0.00010307244325591207	-5.098169953737938	-0.10948124728601287
-0.0001025701968382798	-5.113144844927233	-0.10895557372572393
-0.00010207137568668187	-5.128119405366421	-0.10842696850091078
-0.00010157594975816926	-5.143093627156521	-0.1078953529588513
-0.00010108388904158695	-5.158067502126174	-0.10736064608486551
-0.00010059516418741386	-5.173041021819326	-0.10682276439079567
-0.00010010974585965803	-5.1880141774821125	-0.10628162179642335
-9962760505191452e-20	-5.2029869600490075	-0.10573712950252587
-9914871323813898e-20	-5.217959360128095	-0.10518919585745187
-9867304192198723e-20	-5.2329313679853895	-0.1046377262141282
-9820056300893082e-20	-5.247902973528218	-0.10408262277730106
-9773124870514002e-20	-5.262874166287463	-0.1035237844414676
-9726507137114947e-20	-5.277844935398705	-0.10296110661698453
-9680200371696597e-20	-5.292815269582013	-0.10239448104411931
-9634201869791921e-20	-5.3077851571204695	-0.10182379559427494
-9588508953899295e-20	-5.322754585837101	-0.1012489340565333
-9543118971412634e-20	-5.3377235430702745	-0.10066977590835086
-949802930000302e-19	-5.352692015647244	-0.10008619606906978
-9453237343677937e-20	-5.367659989855812	-0.09949806463439345
-9408740531066141e-20	-5.382627451413833	-0.09890524658967777
-9364536319209776e-20	-5.3975943854364	-0.09830760150010796
-932062219270273e-19	-5.4125607764004515	-0.09770498317547785
-927699567416073e-19	-5.427526608106589	-0.09709723930664511
-9233654286368125e-20	-5.442491863637685	-0.09648421106984974
-9190595622375966e-20	-5.457456525314114	-0.09586573269660383
-9147817262488735e-20	-5.472420574645063	-0.09524163100397946
-9105316840046611e-20	-5.487383992275581	-0.09461172488044278
-9063092005555384e-20	-5.502346757928823	-0.09397582472284344
-9021140441319193e-20	-5.517308850342895	-0.09333373181727572
-8979459859140108e-20	-5.5322702472016605	-0.09268523765692496
-8938047995061572e-20	-5.547230925058696	-0.09203012318800277
-8896902605203677e-20	-5.562190859253473	-0.09136815797374226
-8856021487253091e-20	-5.577150023818749	-0.09069909926517608
-8815402455259955e-20	-5.592108391377807	-0.09002269096415183
-8775043346395152e-20	-5.607065933030159	-0.08933866246163924
-8734942036097912e-20	-5.622022618223768	-0.08864672733191657
-8695096400711255e-20	-5.636978414611772	-0.08794658185785817
-8655504367246353e-20	-5.6519332878910165	-0.0872379033584295
-8616163870905046e-20	-5.666887201619207	-0.08652034828226185
-8577072866244352e-20	-5.681840117006811	-0.0857935500223746
-853822934006182e-19	-5.696791992678749	-0.08505711639762267
-8499631300151224e-20	-5.711742784399897	-0.08431062673109448
-846127676433165e-19	-5.726692444756537	-0.0835536284368633
-842316377926769e-19	-5.7416409227839775	-0.08278563300232555
-8385290408465147e-20	-5.756588163527468	-0.08200611121896619
-8347654741613572e-20	-5.771534107519516	-0.08121448746726315
-8310254862544698e-20	-5.786478690151116	-0.0804101327960596
-8273088909037732e-20	-5.801421840906308	-0.079592356443734
-823615500290132e-19	-5.816363482417711	-0.07876039531109254
-8199451301073302e-20	-5.831303529283224	-0.07791340069238518
-8162975970650403e-20	-5.846241886557161	-0.07705042125859399
-812672719078273e-19	-5.861178447786763	-0.07617038079171021
-8090703165026733e-20	-5.876113092395457	-0.07527204835842266
-8054902099796125e-20	-5.891045682095648	-0.07435399722658652
-8019322224330806e-20	-5.905976055801541	-0.07341454634628136
-7983961776633804e-20	-5.920904022109222	-0.07245167350919945
-7948819023057344e-20	-5.935829347593162	-0.0714628797481959
-7913892220438173e-20	-5.950751737371489	-0.0704449636147892
-7879179662266013e-20	-5.965670800140831	-0.06939361464513281
-7844679644219109e-20	-5.980585980147343	-0.06830262265465199
-7810390483719253e-20	-5.995496444944586	-0.06716257182625701
