#strength 	x-position 	z-position 
0.006093565829801396	-2.993790578818283	0.021766355238652432
0.006086240574881838	-2.9927587309424206	0.02167608024703121
0.006071608456219401	-2.9906971738529893	0.021495717372494477
0.00604970262007589	-2.9876101804418695	0.021225640444642306
0.006020575357749065	-2.983504148974311	0.02086640923915018
0.005984300602237829	-2.9783875898275465	0.020418768317548446
0.005940965010634125	-2.972271107851741	0.019883645484004814
0.005890667103126107	-2.9651673803898158	0.019262149862308568
0.005833529752877135	-2.957091131001721	0.018555569597042118
0.005769697733870632	-2.94805909894761	0.017765369183704666
0.0056993212370973784	-2.9380900044931657	0.01689318643332162
0.005622561395713245	-2.9272045101089903	0.01594082907783117
0.005539608889216181	-2.9154251776444813	0.01491027102328377
0.005450673239822308	-2.902776421564953	0.013803648258620429
0.005355961357429073	-2.8892844583489277	0.012623254428509449
0.005255692370237459	-2.8749772521504813	0.011371536079417599
0.005150119210957362	-2.859884456839265	0.010051087588768954
0.005039507233974877	-2.8440373545383295	0.008664645787701514
0.004924111419862713	-2.82746879078715	0.007215084288566727
0.004804202396445575	-2.810213106464228	0.005705407528929078
0.004680086980654105	-2.79230606661038	0.004138744544410435
0.004552074875325813	-2.773784786300224	0.002518342483285911
0.004420458907161998	-2.754687653715524	0.0008475598762731839
0.004285552812915647	-2.73505425057982	-0.0008701403245352823
0.004147706144900519	-2.714925270119258	-0.002631197923169239
0.004007259231167672	-2.694342432719671	-0.0044319628588305
0.0038645312073668494	-2.6733483994547034	-0.006268702771201312
0.003719868636742571	-2.651986683664223	-0.008137610736331083
0.003573650003984181	-2.630301560766279	-0.010034813157067607
0.00342623070458506	-2.608337976489538	-0.011956377791678675
0.0032779436219210105	-2.5861414537163956	-0.013898321904023563
0.003129156031494233	-2.563757998129855	-0.01585662051838186
0.0029802591362128035	-2.541234002859719	-0.0178272147618303
0.002831606513738586	-2.518616152325746	-0.01980602027687669
0.0026835315715310892	-2.4959513254770616	-0.02178893568691454
0.0025364085265905047	-2.4732864986283776	-0.023771851096952387
0.002390623081791546	-2.450668648094404	-0.025750656611998775
0.002246509451321785	-2.428144652824268	-0.02772125085544721
0.0021043882057522763	-2.4057611972377275	-0.029679549469805507
0.001964625453217626	-2.383564674464586	-0.0316214935821504
0.001827581812119123	-2.3616010901878446	-0.03354305821676147
0.0016935548570496763	-2.3399159672899006	-0.035440260637498
0.0015628396576522943	-2.31855425149942	-0.03730916860262777
0.0014357785692910112	-2.2975602182344526	-0.039145908514998565
0.0013126871211036266	-2.2769773808348654	-0.04094667345065983
0.0011938106037378997	-2.2568484003743032	-0.04270773104929379
0.0010794079966228451	-2.237214997238599	-0.04442543125010226
0.0009697827811825625	-2.2181178646538995	-0.04609621385711499
0.0008651863184983557	-2.1995965843437437	-0.04771661591823951
0.0007657997709129688	-2.1816895444898954	-0.04928327890275815
0.0006718399696906798	-2.1644338601669735	-0.050792955662395806
0.0005835587502860359	-2.1478652964157936	-0.05224251716153059
0.0005011273438373311	-2.132018194114858	-0.05362895896259803
0.0004246593299602785	-2.116925398803642	-0.05494940745324668
0.00035433383400100364	-2.1026181926051954	-0.05620112580233853
0.0002903454546208981	-2.08912622938917	-0.0573815196324495
0.00023278022557165562	-2.076477473309642	-0.05848814239711284
0.00018170815134894189	-2.064698140845133	-0.059518700451660245
0.0001373134997153357	-2.0538126464609574	-0.0604710578071507
997655843430989e-19	-2.0438435520065132	-0.06134324055753374
6912373362437981e-20	-2.0348115199524024	-0.0621334409708712
45533861268291216e-21	-2.0267352705643074	-0.06284002123613765
29106389829541564e-21	-2.019631543102382	-0.0634615168578339
1906517302366916e-20	-2.0135150611265766	-0.06399663969137753
13245826878686581e-21	-2.0083985019798125	-0.06444428061297926
910836388455793e-20	-2.0042924705122536	-0.06480351181847138
53512668849574814e-22	-2.0012054771011343	-0.06507358874632355
222140287981104e-20	-1.999143920011703	-0.06525395162086028
45902423569337577e-23	-1.9981120721358407	-0.06534422661248152
