#Fourier coeffs (0-n) 	d/dt (Fourier coeffs) 
0.06693778312263032	0.0057195909772461695
-0.00923677238957288	0.005004598872380741
0.0033312755114030057	-0.0020596583559910793
-0.0016222229173233353	0.00100023417321524
0.0008930645024622918	0
-0.0005028631804782941	0
0.0002706970760727348	0
-0.00012648243841405061	0
36342727572072345e-21	0
1863208068154019e-20	0
-5007071973078602e-20	0
6561945897515772e-20	0
-7053914203448953e-20	0
68552714818238e-18	0
-623311921914375e-19	0
53792581114070685e-21	0
-4429820559663212e-20	0
34789606903201795e-21	0
-25889053272242793e-21	0
1797638395821667e-20	0
-11249445685963592e-21	0
577241063788399e-20	0
-1514630206192523e-21	0
-16182263793262437e-22	0
37595006371262645e-22	0
-5062370892926524e-21	0
5685363570980283e-21	0
-5781832662566282e-21	0
54927561301310886e-22	0
-4942252483560466e-21	0
4235273029063054e-21	0
-34569792634534624e-22	0
2673371412571214e-21	0
-19327924715879385e-22	0
12679907582807888e-22	0
-6984812157212363e-22	0
