#strength 	x-position 	z-position 
-0.04186538040205421	-0.07925974218409274	-0.033513153385559
-0.0016018121059206483	-0.1067803736505798	-0.0684324617031116
-0.0071234882568686365	-0.07170555210175589	0.021872949666955615
-0.00529475302904338	-0.03647117666785247	-0.006147799248628329
-0.004775374303329943	-0.053563019384988114	-0.062202196489887604
-0.004271399771480682	-0.12841798335805488	0.002553287869665348
-0.0038921308728170753	-0.08728738414199795	0.025279237504357784
-0.003587736053715967	-0.020246362074484915	0.026224813711050343
-0.003337901077009915	0.004233535361950491	-0.030259293191589026
-0.0031279548098067725	-0.010094985234838481	-0.07991864756950551
-0.002948232968388911	-0.04040700555066045	-0.1140322594740377
-0.0027920525767365168	-0.07534929128058082	-0.13470428229327788
-0.002654648462229286	-0.10836237048013363	-0.14593602621419818
-0.0025325185630453387	-0.13781525145988774	-0.1521258856821617
-0.0024230218607840144	-0.16414601344522733	-0.1557062566846079
-0.002324121377731931	-0.18808808762007528	-0.15785719499300377
-0.0022342140326152672	-0.21025084348073547	-0.1591595767610959
-0.0021520149788250374	-0.2310791306479096	-0.15991666415922146
-0.0020764779258331603	-0.2508892151208438	-0.16029901098505414
-0.0020067398871035664	-0.26990749108178574	-0.1604100822570129
-0.0019420823663454222	-0.2882990465987538	-0.16031707293284844
-0.0018819032627475432	-0.30618684561038806	-0.1600661812177794
-0.001825695586065327	-0.3236643271057902	-0.15969067813931745
-0.0017730305509084127	-0.34080374914754796	-0.15921544927286405
-0.0017235436933335704	-0.3576618389594352	-0.15865969005599379
-0.0016769233080133703	-0.37428372086964784	-0.15803857231866983
-0.0016329008407294648	-0.39070571476280525	-0.15736430982746874
-0.0015912430047866823	-0.4069573706572138	-0.15664686170328024
-0.00155174542957392	-0.4230629716721852	-0.1558944132821098
-0.00151422764967535	-0.4390426580642838	-0.15511371837881796
-0.0014785292327368794	-0.45491327593684255	-0.15431035441674237
-0.0014445068343920883	-0.47068902300082965	-0.1534889221718656
-0.0014120319644727198	-0.48638194344472263	-0.1526532093677416
-0.001380989258914436	-0.5020023104059184	-0.15180632912251618
-0.001351275079765183	-0.5175589250227047	-0.15095083890750133
-0.0013227963083767575	-0.5330593538941518	-0.15008884254703075
-0.0012954692456601212	-0.5485101210755027	-0.14922207637555293
-0.0012692185802289386	-0.5639168661068708	-0.14835198044532974
-0.0012439764155728478	-0.5792844759753434	-0.14747975604823002
-0.0012196813649100208	-0.5946171963465133	-0.14660641126957727
-0.001196277724816435	-0.6099187257367966	-0.14573279655511998
-0.0011737147378274235	-0.625192295300983	-0.14485963227631324
-0.0011519459435080058	-0.6404407363703788	-0.14398753005676249
-0.0011309286162538047	-0.6556665375657075	-0.14311700929957463
-0.0011106232830223467	-0.67087189306896	-0.14224851004559538
-0.001090993312422404	-0.6860587434457126	-0.1413824030197634
-0.0010720045687562067	-0.7012288102118063	-0.14051899752757194
-0.0010536251241377963	-0.7163836251415192	-0.1396585477383805
-0.0010358250226286617	-0.7315245551453284	-0.1388012578025077
-0.0010185760913569378	-0.7466528233974897	-0.13794728618388966
-0.0010018517917416581	-0.7617695272797599	-0.13709674952546494
-0.000985627104863421	-0.7768756536226512	-0.13624972629270565
-0.0009698784428335445	-0.7919720916619692	-0.13540626036261091
-0.0009545835794493359	-0.8070596440787723	-0.13456636464571492
-0.000939721591883512	-0.8221390364496819	-0.13373002475393353
-0.0009252728080438657	-0.8372109253937681	-0.1328972026684764
-0.0009112187541808134	-0.852275905658209	-0.1320678403271948
-0.0008975421001916322	-0.8673345163418533	-0.13124186303655944
-0.000884226600592829	-0.8823872464140912	-0.13041918261858126
-0.0008712570315553038	-0.8974345396484679	-0.129599700222106
-0.0008586191243836923	-0.9124767990588838	-0.12878330875361194
-0.0008462994968902841	-0.9275143909037523	-0.1279698949070051
-0.0008342855842555421	-0.9425476483062286	-0.12715934079537983
-0.0008225655710011933	-0.9575768745271483	-0.12635152520668388
-0.0008111283255634785	-0.9726023459200419	-0.12554632451941491
-0.0007999633390587003	-0.9876243145926085	-0.124743613324686
-0.0007890606686518954	-1.0026430107974547	-0.12394326480507761
-0.0007784108872843643	-1.0176586450721283	-0.12314515092434654
-0.0007680050391356153	-1.0326714101480616	-0.1223491424803317
-0.000757834601404328	-1.04768148264884	-0.12155510906756631
-0.0007478914524797278	-1.0626890245961294	-0.12076291899253329
-0.0007381678446891551	-1.0776941847436343	-0.1199724391732755
-0.0007286563828325186	-1.092697099757398	-0.11918353504892355
-0.0007193500057878898	-1.1076978952602083	-0.11839607051563769
-0.0007102419709997861	-1.1226966867591064	-0.11760990789318183
-0.000701325841610069	-1.1376935804706578	-0.11682490792425805
-0.0006925954738621759	-1.152688674058711	-0.11604092980031326
-0.000684045005627458	-1.1676820572977369	-0.11525783120289064
-0.0006756688444211224	-1.182673812672154	-0.11447546834888007
-0.0006674616550031709	-1.197664015921115	-0.11369369602575911
-0.0006594183467327104	-1.2126527365351853	-0.11291236760656055
-0.0006515340601383705	-1.2276400382103925	-0.11213133503494782
-0.0006438041525125195	-1.2426259792649117	-0.11135044877092075
-0.0006362241845469623	-1.257610613020584	-0.11056955769497777
-0.0006287899052146509	-1.2725939881522526	-0.10978850896804895
-0.0006214972389427739	-1.287576149006783	-0.10900714784830441
-0.0006143422714913332	-1.3025571358933192	-0.10822531746782227
-0.0006073212383051179	-1.3175369853465337	-0.10744285857257142
-0.0006004305127518331	-1.332515730363892	-0.10665960923177137
-0.0005936665963919615	-1.3474934006186716	-0.10587540452081964
-0.0005870261098204627	-1.362470022650132	-0.10509007618257911
-0.0005805057854716949	-1.3774456200322285	-0.10430345227111526
-0.0005741024611217692	-1.3924202135223445	-0.10351535678054032
-0.0005678130745106254	-1.4073938211918555	-0.10272560925888283
-0.0005616346594449571	-1.4223664585395048	-0.10193402440798582
-0.0005555643420774581	-1.4373381385889703	-0.10114041166737506
-0.0005495993382153147	-1.4523088719719248	-0.10034457477790139
-0.00054373695082237	-1.4672786669974096	-0.09954631132078039
-0.0005379745681176624	-1.4822475297082498	-0.09874541222620169
-0.0005323096614048162	-1.4972154639250708	-0.09794166124389253
-0.0005267397832290129	-1.5121824712782894	-0.09713483436719401
-0.000521262565470677	-1.5271485512279719	-0.0963246992018512
-0.0005158757169334369	-1.5421137010715704	-0.095511014268322
-0.0005105770213484767	-1.557077915939034	-0.0946935282263893
-0.0005053643348801127	-1.5720411887745653	-0.09387197900937087
-0.000500235583374524	-1.5870035103042528	-0.0930460928522418
-0.0004951887601432302	-1.6019648689882249	-0.09221558319729634
-0.0004902219228500523	-1.6169252509558336	-0.09138014945694643
-0.00048533319134471883	-1.6318846399218903	-0.09053947560984245
-0.0004805207450340604	-1.6468430170814812	-0.08969322860176594
-0.0004757828203440246	-1.6618003609803986	-0.08884105651478699
-0.0004711177088820937	-1.6767566473572726	-0.08798258646111161
-0.00046652375520923883	-1.691711848952573	-0.0871174221460574
-0.0004619993552304174	-1.7066659352782882	-0.08624514102928743
-0.0004575429545048623	-1.721618872340289	-0.08536529099405969
-0.00045315304698898516	-1.7365706223029558	-0.08447738640719217
-0.00044882817350060805	-1.751521143082354	-0.08358090341554823
-0.00044456692061874137	-1.7664703878495835	-0.0826752742742546
-0.0004403679195613651	-1.7814183044194	-0.08175988043036943
-0.0004362298449812063	-1.7963648344896952	-0.08083404398157722
-0.0004321514137778735	-1.8113099126834153	-0.07989701697685002
-0.00042813138401514086	-1.826253465323107	-0.07894796779531718
-0.00042416855359562675	-1.8411954088349018	-0.0779859634800909
-0.00042026175903983956	-1.85613564762469	-0.0770099463266963
-0.0004164098740106169	-1.8710740711782374	-0.07601870206407223
-0.0004126118080769615	-1.8860105499768753	-0.07501081529314126
-0.00040886650491464213	-1.9009449295228042	-0.07398460478808594
-0.000405172940823699	-1.9158770211788125	-0.07293802533052292
-0.00040153012306365886	-1.9308065872672924	-0.07186851041203299
-0.0003979370879136062	-1.9457333149285239	-0.07077270243133028
-0.0003943928990738973	-1.9606567657268177	-0.06964595019344849
-0.0003908966456139043	-1.975576269379614	-0.06848130070561174
-0.0003874474403946608	-1.990490741735052	-0.06726789363125672
