#strength 	x-position 	z-position 
0.006788439886680598	-5.00379057881827	0.021766355238652432
0.006780957611350187	-5.002758730942407	0.02167608024703121
0.0067660102079012225	-5.000697173852976	0.021495717372494477
0.006743630492989644	-4.997610180441857	0.021225640444642306
0.006713868663124662	-4.9935041489742975	0.02086640923915018
0.006676793224303727	-4.988387589827534	0.020418768317548446
0.006632487332288585	-4.982271107851728	0.019883645484004814
0.0065810483345972075	-4.975167380389804	0.019262149862308568
0.006522592631219	-4.967091131001709	0.018555569597042118
0.0064572545338784345	-4.958059098947599	0.017765369183704666
0.006385179491297213	-4.948090004493155	0.01689318643332162
0.006306526100875253	-4.937204510108979	0.01594082907783117
0.006221473329961661	-4.92542517764447	0.01491027102328377
0.006130215989075819	-4.912776421564942	0.013803648258620429
0.0060329558884767796	-4.899284458348918	0.012623254428509449
0.005929907496090455	-4.884977252150472	0.011371536079417599
0.00582130627414988	-4.869884456839256	0.010051087588768954
0.0057073998048502725	-4.85403735453832	0.008664645787701514
0.005588438343076157	-4.837468790787142	0.007215084288566727
0.005464684886687562	-4.82021310646422	0.005705407528929078
0.005336423029175689	-4.802306066610373	0.004138744544410435
0.005203943255329318	-4.783784786300218	0.002518342483285911
0.005067534656386075	-4.764687653715518	0.0008475598762731839
0.004927499657873248	-4.745054250579814	-0.0008701403245352823
0.004784159566339913	-4.724925270119253	-0.002631197923169239
0.004637836127133634	-4.704342432719667	-0.0044319628588305
0.004488846326729977	-4.6833483994547	-0.006268702771201312
0.004337521423793078	-4.66198668366422	-0.008137610736331083
0.004184208298242229	-4.640301560766277	-0.010034813157067607
0.004029247000261444	-4.618337976489536	-0.011956377791678675
0.0038729705639221385	-4.596141453716395	-0.013898321904023563
0.0037157273417761857	-4.573757998129855	-0.01585662051838186
0.0035578763585813584	-4.55123400285972	-0.0178272147618303
0.0033997622488659888	-4.528616152325747	-0.01980602027687669
0.00324172183976469	-4.505951325477064	-0.02178893568691454
0.0030841081257929207	-4.48328649862838	-0.023771851096952387
0.00292727808895863	-4.4606686480944076	-0.025750656611998775
0.0027715670993200513	-4.438144652824272	-0.02772125085544721
0.002617303694811097	-4.415761197237732	-0.029679549469805507
0.0024648328634440343	-4.393564674464591	-0.0316214935821504
0.0023144952113747035	-4.37160109018785	-0.03354305821676147
0.002166603586732296	-4.349915967289906	-0.035440260637498
0.0020214669946065863	-4.328554251499426	-0.03730916860262777
0.0018794101589788966	-4.30756021823446	-0.039145908514998565
0.00174074349927658	-4.286977380834873	-0.04094667345065983
0.0016057454820713089	-4.266848400374313	-0.04270773104929379
0.001474695954578982	-4.247214997238609	-0.04442543125010226
0.0013478881482002077	-4.2281178646539095	-0.04609621385711499
0.0012255896966258037	-4.209596584343754	-0.04771661591823951
0.0011080351986347487	-4.191689544489906	-0.04928327890275815
0.0009954683820264465	-4.174433860166985	-0.050792955662395806
0.0008881415306255909	-4.157865296415806	-0.05224251716153059
0.0007862689493484282	-4.142018194114871	-0.05362895896259803
0.0006900360179345671	-4.126925398803655	-0.05494940745324668
0.0005996483201078767	-4.112618192605209	-0.05620112580233853
0.0005153112950921039	-4.099126229389183	-0.0573815196324495
0.00043718037836935783	-4.086477473309656	-0.05848814239711284
0.0003653979878314307	-4.074698140845147	-0.059518700451660245
0.0003001455137537902	-4.063812646460972	-0.0604710578071507
0.00024159130686621965	-4.053843552006528	-0.06134324055753374
0.0001898525914039396	-4.044811519952417	-0.0621334409708712
0.0001450743266084973	-4.036735270564323	-0.06284002123613765
0.00010738025912932465	-4.029631543102399	-0.0634615168578339
7653202340085933e-20	-4.023515061126593	-0.06399663969137753
51728708255493164e-21	-4.018398501979828	-0.06444428061297926
320128238950609e-19	-4.01429247051227	-0.06480351181847138
16915435832743234e-21	-4.01120547710115	-0.06507358874632355
6577023772477996e-21	-4.009143920011719	-0.06525395162086028
13219652002070405e-22	-4.008112072135857	-0.06534422661248152
