#Fourier coeffs (0-n) 	d/dt (Fourier coeffs) 
0.07456910432783934	0.002517251092714242
-0.003840697471905988	0.0013989543461472714
0.0012591428071482423	-0.0004976615302863056
-0.0006194580054081298	0.00024113997040377141
0.00034484773398503927	0
-0.00019493366699312035	0
0.00010479259764214235	0
-4851697488077237e-20	0
13261827790389297e-21	0
8248025635254981e-21	0
-20525782620089836e-21	0
26556600446619327e-21	0
-28403204914617923e-21	0
2753005570606583e-20	0
-24990389171978765e-21	0
2154187613191094e-20	0
-17722949618697334e-21	0
1390627157786653e-20	0
-10338152517401576e-21	0
7168802281545324e-21	0
-4476197369204634e-21	0
2285212126381309e-21	0
-5830344902470906e-22	0
-6684594114733874e-22	0
15228886577102497e-22	0
-2041731328104135e-21	0
2288550486113493e-21	0
-23247998959520056e-22	0
22069518163259733e-22	0
-19847099979689112e-22	0
17000912381240438e-22	0
-13871799932317378e-22	0
10723828578849595e-22	0
-7750328783538764e-22	0
5082170092015793e-22	0
-279722843962083e-21	0
