#strength 	x-position 	z-position 
-0.04186538040205421	-0.12586172774115195	-0.012347716699850677
-0.0016018121059206483	-0.1864260602983159	-7497651180171259e-20
-0.0071234882568686365	-0.07924011569496524	0.02008891743194131
-0.00529475302904338	-0.05820821249160143	-0.016167118803824748
-0.004775374303329943	-0.05244583618967688	-0.05141347121337148
-0.004271399771480682	-0.14187406981873307	0.034014370987728824
-0.0038921308728170753	-0.12250004625757792	0.05008436230800364
-0.003587736053715967	-0.13305340373384966	-0.07711352012486145
-0.003337901077009915	-0.16069209963316797	-0.061714213194999853
-0.0031279548098067725	-0.1992107328866275	0.0208410266743966
-0.002948232968388911	-0.11751460685349517	0.0924357191515832
-0.0027920525767365168	-0.045713742803577984	0.0736627053690105
-0.002654648462229286	-0.010283421439950532	0.029683061176057172
-0.0025325185630453387	0.002299669016928753	-0.021563836253202243
-0.0024230218607840144	-0.004849418953264095	-0.07463237834549097
-0.002324121377731931	-0.030843205223694863	-0.1208734459031117
-0.0022342140326152672	-0.06612594209483022	-0.15310980428591583
-0.0021520149788250374	-0.10220629144603365	-0.17446747115367367
-0.0020764779258331603	-0.13649661383603548	-0.18892804979354816
-0.0020067398871035664	-0.16841626759719663	-0.19893247071397493
-0.0019420823663454222	-0.19799031095879438	-0.2060051994605887
-0.0018819032627475432	-0.2254732790699882	-0.2111200995434493
-0.001825695586065327	-0.2511809940239723	-0.21489457311888197
-0.0017730305509084127	-0.27541253429705853	-0.21772098420497607
-0.0017235436933335704	-0.2984232060302001	-0.21985339421457997
-0.0016769233080133703	-0.320421282041935	-0.22146129232836242
-0.0016329008407294648	-0.3415736360133344	-0.22266177242198507
-0.0015912430047866823	-0.3620135320550094	-0.2235386195452071
-0.00155174542957392	-0.3818479309325406	-0.22415370757773945
-0.00151422764967535	-0.4011635066634516	-0.22455393955451908
-0.0014785292327368794	-0.42003130879444067	-0.2247756085048924
-0.0014445068343920883	-0.43851026107053714	-0.22484725508520542
-0.0014120319644727198	-0.4566497442988988	-0.22479163236517238
-0.001380989258914436	-0.47449149662682555	-0.224627118483108
-0.001351275079765183	-0.49207102675335146	-0.22436876401516717
-0.0013227963083767575	-0.5094186914892654	-0.22402907727302737
-0.0012954692456601212	-0.5265605455001452	-0.22361860961506694
-0.0012692185802289386	-0.5435190328485295	-0.22314638533625938
-0.0012439764155728478	-0.5603135613060355	-0.22262021335651377
-0.0012196813649100208	-0.5769609827581293	-0.2220469127452495
-0.001196277724816435	-0.5934759942411427	-0.22143247819822437
-0.0011737147378274235	-0.6098714707572698	-0.2207822049857367
-0.0011519459435080058	-0.6261587402576358	-0.22010078655534532
-0.0011309286162538047	-0.6423478107896502	-0.21939239298147786
-0.0011106232830223467	-0.6584475587753733	-0.2186607352138925
-0.001090993312422404	-0.6744658861145578	-0.2179091181656961
-0.0010720045687562067	-0.6904098522839908	-0.21714048476235737
-0.0010536251241377963	-0.7062857860766815	-0.2163574527465359
-0.0010358250226286617	-0.7220993804379334	-0.21556234588544534
-0.0010185760913569378	-0.7378557729575433	-0.21475722110214995
-0.0010018517917416581	-0.7535596140085392	-0.21394389284636892
-0.000985627104863421	-0.7692151242131287	-0.21312395571996046
-0.0009698784428335445	-0.7848261427580924	-0.21229880602522802
-0.0009545835794493359	-0.8003961680025915	-0.211469662556198
-0.000939721591883512	-0.8159283917710571	-0.21063758664688248
-0.0009252728080438657	-0.8314257286258325	-0.20980350128449515
-0.0009112187541808134	-0.84689084123741	-0.20896820901275806
-0.0008975421001916322	-0.862326162767737	-0.20813240835512364
-0.000884226600592829	-0.87773391696516	-0.2072967085557668
-0.0008712570315553038	-0.8931161364581706	-0.20646164253971278
-0.0008586191243836923	-0.9084746795630142	-0.20562767809328658
-0.0008462994968902841	-0.9238112458131658	-0.2047952273354685
-0.0008342855842555421	-0.9391273903381209	-0.20396465460392174
-0.0008225655710011933	-0.9544245371695204	-0.20313628291450958
-0.0008111283255634785	-0.9697039915246876	-0.20231039917312788
-0.0007999633390587003	-0.9849669511001045	-0.20148725832812742
-0.0007890606686518954	-1.00021451641097	-0.20066708664787367
-0.0007784108872843643	-1.0154477001972138	-0.1998500843112538
-0.0007680050391356153	-1.030667435922351	-0.19903642748604344
-0.000757834601404328	-1.0458745854087543	-0.19822627004682153
-0.0007478914524797278	-1.0610699456415944	-0.19741974507165957
-0.0007381678446891551	-1.0762542548050176	-0.1966169662198662
-0.0007286563828325186	-1.0914281976034825	-0.19581802907615242
-0.0007193500057878898	-1.1065924099307212	-0.19502301251620804
-0.0007102419709997861	-1.1217474829800975	-0.1942319801068288
-0.000701325841610069	-1.1368939668554263	-0.1934449815529558
-0.0006925954738621759	-1.1520323737580414	-0.19266205417682813
-0.000684045005627458	-1.1671631808268672	-0.1918832243963962
-0.0006756688444211224	-1.1822868326913327	-0.19110850916889313
-0.0006674616550031709	-1.197403743798971	-0.1903379173590444
-0.0006594183467327104	-1.2125143005516672	-0.18957145100610326
-0.0006515340601383705	-1.227618863284286	-0.18880910646275853
-0.0006438041525125195	-1.2427177681255615	-0.18805087537658538
-0.0006362241845469623	-1.257811328743653	-0.18729674551314485
-0.0006287899052146509	-1.2728998379932959	-0.18654670141629828
-0.0006214972389427739	-1.2879835694686372	-0.18580072491323707
-0.0006143422714913332	-1.303062778962635	-0.18505879547853984
-0.0006073212383051179	-1.3181377058372419	-0.1843208904735273
-0.0006004305127518331	-1.333208574296343	-0.18358698528825615
-0.0005936665963919615	-1.3482755945659635	-0.1828570534063763
-0.0005870261098204627	-1.363338963980921	-0.18213106641694166
-0.0005805057854716949	-1.3783988679766612	-0.1814089939976438
-0.0005741024611217692	-1.393455480988644	-0.1806908038886442
-0.0005678130745106254	-1.4085089672711237	-0.17997646186696167
-0.0005616346594449571	-1.423559481631873	-0.1792659317405828
-0.0005555643420774581	-1.4386071700902539	-0.17855917537019414
-0.0005495993382153147	-1.453652170470913	-0.17785615271822386
-0.00054373695082237	-1.468694612937739	-0.17715682192817161
-0.0005379745681176624	-1.4837346204739725	-0.17646113943391953
-0.0005323096614048162	-1.498772309318234	-0.17576906009242468
-0.0005267397832290129	-1.5138077893639004	-0.1750805373332736
-0.000521262565470677	-1.5288411645243287	-0.17439552332125977
-0.0005158757169334369	-1.5438725330741851	-0.17371396912072604
-0.0005105770213484767	-1.5589019879685044	-0.17303582485740257
-0.0005053643348801127	-1.5739296171408494	-0.17236103987397464
-0.000500235583374524	-1.5889555037887988	-0.1716895628696321
-0.0004951887601432302	-1.6039797266438427	-0.17102134202454367
-0.0004902219228500523	-1.6190023602291892	-0.17035632510582122
-0.00048533319134471883	-1.6340234751053102	-0.16969445955587636
-0.0004805207450340604	-1.649043138100323	-0.16903569256722298
-0.0004757828203440246	-1.664061412531408	-0.1683799711398875
-0.0004711177088820937	-1.6790783584123583	-0.16772724212897086
-0.00046652375520923883	-1.6940940326470042	-0.1670774522863007
-0.0004619993552304174	-1.7091084892107768	-0.16643054829705517
-0.0004575429545048623	-1.724121779318881	-0.1657864768160742
-0.00045315304698898516	-1.739133951581247	-0.16514518450645196
-0.00044882817350060805	-1.7541450521468565	-0.16450661807953962
-0.00044456692061874137	-1.7691551248384407	-0.1638707243369614
-0.0004403679195613651	-1.7841642112758025	-0.16323745021794714
-0.0004362298449812063	-1.7991723509905249	-0.1626067428495487
-0.0004321514137778735	-1.8141795815340191	-0.16197854959751812
-0.00042813138401514086	-1.8291859385781748	-0.16135281811862487
-0.00042416855359562675	-1.8441914560096924	-0.1607294964128976
-0.00042026175903983956	-1.8591961660193959	-0.16010853287368956
-0.0004164098740106169	-1.874200099186777	-0.15948987633458228
-0.0004126118080769615	-1.8892032845592845	-0.1588734761130786
-0.00040886650491464213	-1.9042057497282199	-0.15825928204766798
-0.000405172940823699	-1.9192075209019959	-0.15764724452646378
-0.00040153012306365886	-1.934208622975041	-0.1570373145087041
-0.0003979370879136062	-1.9492090795947055	-0.15642944353546007
-0.0003943928990738973	-1.9642089132256269	-0.15582358372947888
-0.0003908966456139043	-1.97920814521177	-0.15521968778368878
-0.0003874474403946608	-1.9942067958359906	-0.15461770893870677
-0.00038404441820013603	-2.0092048843769685	-0.15401760094981698
-0.00038068673395553164	-2.0242024291652063	-0.15341931804181722
-0.00037737356153244583	-2.039199447635349	-0.15282281485720461
-0.0003741040921222197	-2.054195956375329	-0.15222804639853207
-0.0003708775331686589	-2.0691919711737414	-0.15163496796485854
-0.00036769310746288635	-2.084187507063373	-0.15104353508733034
-0.00036455005229711623	-2.099182578361524	-0.15045370346541703
-0.0003614476190798091	-2.114177198706843	-0.1498654289063241
-0.0003583850728127169	-2.1291713810929256	-0.14927866726889774
-0.0003553616920417054	-2.144165137899111	-0.14869337441311686
-0.0003523767686783707	-2.159158480918323	-0.14810950615664856
-0.00034942960823617676	-2.174151421382215	-0.14752701823918157
-0.0003465195297728263	-2.1891439699842907	-0.14694586629427647
-0.00034364586640960905	-2.2041361369007553	-0.14636600582952822
-0.0003408079652679908	-2.2191279318096684	-0.14578739221459092
-0.0003380051882230003	-2.2341193639079355	-0.14520998067776292
-0.0003352369116566209	-2.2491104419272303	-0.14463372630867594
-0.0003325025270456538	-2.264101174149366	-0.14405858406559385
-0.0003298014409517918	-2.279091568419885	-0.14348450878860367
-0.0003271330750860852	-2.294081632161594	-0.14291145521460677
-0.00032449686620101593	-2.3090713723879777	-0.14233937799273585
-0.0003218922660504168	-2.324060795716188	-0.14176823170001687
-0.00031931874107483417	-2.3390499083798275	-0.14119797085601704
-0.0003167757721665044	-2.354038716241639	-0.14062854993547774
-0.00031426285430172056	-2.369027224805778	-0.14005992337913614
-0.000311779496147236	-2.384015439229689	-0.13949204560236525
-0.0003093252195867837	-2.399003364335494	-0.13892487100131087
-0.00030689955916742007	-2.413991004621053	-0.13835835395558005
-0.00030450206140377606	-2.4289783642709297	-0.13779244882659988
-0.0003021322843003559	-2.4439654471666397	-0.1372271099526049
-0.000299789796430628	-2.458952256896592	-0.13666229163860377
-0.000297474176158382	-2.473938796766362	-0.13609794813964632
-0.00029518501105338726	-2.4889250698082312	-0.13553403363960076
-0.0002929218968157274	-2.5039110787905363	-0.13497050222437756
-0.0002906844369770824	-2.5188968262265106	-0.134407307850735
-0.00028847224168893765	-2.5338823143828777	-0.1338444043104366
-0.00028628492783149863	-2.5488675452875693	-0.13328174519225772
-0.00028412211791443813	-2.5638525207367344	-0.1327192838423191
-0.0002819834401659241	-2.578837242301429	-0.13215697332242016
-0.0002798685279584972	-2.593821711333199	-0.13159476636967662
-0.0002777770200663894	-2.6088059289686516	-0.13103261535790772
-0.0002757085599074307	-2.623789896133921	-0.1304704722586561
-0.00027366279614154596	-2.6387736135484445	-0.12990828860394016
-0.0002716393823781211	-2.6537570817276697	-0.12934601545258959
-0.0002696379771476298	-2.668740300985829	-0.1287836033565857
-0.00026765824441255665	-2.6837232714378225	-0.12822100233068148
-0.0002656998531163201	-2.6987059930009063	-0.1276581618228673
-0.00026376247771014646	-2.713688465396259	-0.12709503068544475
-0.00026184579823891087	-2.728670688149694	-0.1265315571490991
-0.0002599495001962913	-2.7436526605925144	-0.12596768879620054
-0.00025807327495322614	-2.7586343818620636	-0.1254033725347945
-0.0002562168197872555	-2.7736158509016895	-0.12483855457400311
-0.0002543798377073591	-2.788597066460919	-0.12427318039756415
-0.0002525620379495025	-2.803578027095158	-0.1237071947377439
-0.0002507631357120954	-2.8185587311650497	-0.12314054154910248
-0.00024898285217721597	-2.8335391768359295	-0.12257316397961913
-0.0002472209147298312	-2.848519362076803	-0.12200500434138302
-0.0002454770566421051	-2.8634992846591207	-0.1214360040795129
-0.00024375101722903803	-2.878478942155398	-0.1208661037385198
-0.0002420425415721912	-2.8934583319375666	-0.12029524292660432
-0.00024035138069607685	-2.9084374511749185	-0.11972336027805944
-0.00023867729115296422	-2.9234162968318502	-0.11915039341269594
-0.00023702003501207755	-2.93839486566541	-0.11857627889182873
-0.00023537937990109926	-2.953373154222282	-0.11800095217263325
-0.00023375509844840783	-2.968351158835611	-0.11742434755842579
-0.00023214696846779806	-2.983328875621501	-0.11684639814545225
-0.00023055477272532557	-2.99830630047491	-0.11626703576761262
-0.00022897829861689457	-3.0132834290653303	-0.1156861909368656
-0.00022741733819453894	-3.0282602568320076	-0.11510379277994837
-0.000225871687815243	-3.0432367789786907	-0.11451976897149851
-0.00022434114811860882	-3.058212990467952	-0.1139340456630276
-0.00022282552366331178	-3.073188886015009	-0.11334654740767926
-0.00022132462306391834	-3.088164460080974	-0.11275719708095042
-0.00021983825832820603	-3.1031397068656617	-0.11216591579602748
-0.00021836624523042213	-3.118114620299781	-0.11157262281441618
-0.00021690840271571497	-3.133089194036458	-0.11097723545172586
-0.00021546455294240395	-3.1480634214422296	-0.11037966897701969
-0.00021403452104518453	-3.1630372955872903	-0.10977983650663843
-0.0002126181351048556	-3.17801080923499	-0.1091776488919538
-0.00021121522581215614	-3.1929839548306025	-0.10857301459987011
-0.0002098256264519479	-3.2079567244892817	-0.10796583958587673
-0.0002084491729021018	-3.2229291099830726	-0.10735602716010041
-0.00020708570323100563	-3.237901102727018	-0.10674347784439489
-0.00020573505790086148	-3.2528726937642762	-0.1061280892203557
-0.00020439707953908565	-3.267843873750081	-0.10550975576807703
-0.0002030716128683767	-3.2828146329346017	-0.10488836869375451
-0.00020175850461887947	-3.2977849611445342	-0.10426381574570126
-0.00020045760372408745	-3.312754847763256	-0.10363598101854866
-0.00019916876092909187	-3.3277242817095725	-0.10300474474321998
-0.00019789182892928844	-3.342693251414869	-0.10236998306123511
-0.0001966266624510299	-3.3576617447984662	-0.10173156778321481
-0.00019537311798517587	-3.3726297492410944	-0.10108936612885415
-0.00019413105403889158	-3.3875972515562887	-0.1004432404467032
-0.00019290033091169147	-3.4025642379594903	-0.09979304791171563
-0.0001916808107354246	-3.417530694034651	-0.09913864019767497
-0.0001904723575535984	-3.4324966046980694	-0.0984798631225312
-0.00018927483723585672	-3.4474619541591442	-0.0978165562632378
-0.0001880881174508263	-3.4624267258777746	-0.09714855253611902
-0.00018691206766591716	-3.477390902517993	-0.0964756777390952
-0.00018574655929095608	-3.4923544658973733	-0.09579775005140793
-0.00018459146531571262	-3.5073173969317994	-0.09511457948467829
-0.0001834466607157463	-3.522279675574939	-0.0944259672797381
-0.00018231202221501153	-3.5372412807518057	-0.09373170524216023
-0.00018118742815340962	-3.5522021902856404	-0.09303157500704562
-0.00018007275885201235	-3.567162380817205	-0.09232534722428613
-0.0001789678961569719	-3.5821218277154183	-0.09161278065220681
-0.00017787272383396405	-3.5970805049781145	-0.09089362114564557
-0.0001767871271864726	-3.6120383851214153	-0.0901676005221632
-0.00017571099334376568	-3.6269954390559507	-0.08943443528646451
-0.00017464421100067164	-3.6419516359478017	-0.08869382518928486
-0.00017358667055855648	-3.656906943061534	-0.08794545159151913
-0.0001725382640363083	-3.671861325582214	-0.0871889755981608
-0.00017149888500605712	-3.6868147464124563	-0.08642403591782923
-0.00017046842873295193	-3.7017671659396623	-0.08565024639327659
-0.00016944679191451678	-3.716718541767377	-0.08486719313354753
-0.0001684338728129304	-3.7316688284029813	-0.08407443116002705
-0.0001674295713105598	-3.7466179768918413	-0.08327148045375182
-0.00016643378861864143	-3.761565934384976	-0.0824578212562575
-0.00016544642746000628	-3.7765126436231884	-0.08163288842977587
-0.0001644673921064356	-3.7914580423149014	-0.08079606461645823
-0.0001634965881308209	-3.806402062376565	-0.07994667184048249
-0.00016253392254405447	-3.8213446289924544	-0.0790839610586286
-0.00016157930377993374	-3.836285659432528	-0.07820709895700462
-0.00016063264166301001	-3.8512250615390293	-0.07731515097069014
-0.0001596938472464178	-3.8661627317480645	-0.07640705899419353
-0.00015876283315648977	-3.8810985524390427	-0.07548161141288719
-0.00015783951311220193	-3.8960323882786847	-0.0745374016464718
-0.0001569238022869658	-3.9109640809980384	-0.07357276880270601
-0.0001560156171573051	-3.9258934416029074	-0.07258570908898204
-0.00015511487540872428	-3.9408202381160256	-0.07157373651393728
-0.00015422149602999265	-3.955744174934493	-0.07053364908789722
-0.00015333539932435754	-3.970664855017264	-0.06946110374147886
-0.00015245650661975356	-3.985581704732637	-0.06834978208503716
-0.00015158474068388723	-4.000493849086338	-0.06719002678681098
