#time 	CL 	CD 	CM 
0.0075	35887952450897766e-27	28010609273954704e-24	32882235011150054e-35	-16127775504688814e-24
0.015	4298580257175983e-26	575453092329918e-23	7200310150735113e-35	-30772885357940384e-25
0.0225	5094925637969555e-26	6619129813863883e-24	9727339850813743e-35	-37144583032384413e-25
0.03	6016002362658794e-26	7724789840463315e-24	1337857594198672e-34	-4413885566672604e-24
0.0375	7105137751016255e-26	911469936631094e-23	18625960580902946e-35	-519570798171658e-23
0.045	8393598507434087e-26	10772251733583144e-24	25971396814415427e-35	-6123957292789661e-24
0.0525	9913027517891041e-26	12710988439070766e-24	3614598028456722e-34	-72169012279531e-22
0.06	117064743034383e-24	14998425773319782e-24	5030331592132301e-34	-8509877658664947e-24
0.0675	13821801431977005e-26	176931613394721e-22	6998418655936581e-34	-10033306815560895e-24
0.07500000000000001	16318026864095842e-26	20876099742571176e-24	9738520139536512e-34	-11834047011355352e-24
0.08250000000000002	1926194249446619e-25	2462369997442951e-23	13546341028807036e-34	-1395430468939824e-23
0.09000000000000002	22734697033532195e-26	29045142078995913e-24	18844000049362287e-34	-1645639713021207e-23
0.09750000000000003	26829726502025467e-26	3425851666142803e-23	26211838715844156e-34	-1940697170351625e-23
0.10500000000000004	3166136206162202e-25	40409701965850385e-24	36462627918236754e-34	-22889030298899015e-24
0.11250000000000004	37358196046013965e-26	47656931368273596e-24	5071272166860203e-33	-26990820342845667e-24
0.12000000000000005	4407801786446964e-25	5621116226237818e-23	7054245853788393e-33	-3183351291664063e-23
0.12750000000000006	5200369183260821e-25	662995723197706e-22	9812460695792965e-33	-3754504800188588e-23
0.13500000000000006	6135186600630812e-25	7819405434661761e-23	13648336589394386e-33	-44278616783281686e-24
0.14250000000000007	7237597918458547e-25	9222590443596048e-23	18984610135990842e-33	-52222809540949094e-24
0.15000000000000008	8537847289446855e-25	10876888232252464e-23	26405553676109698e-33	-6158808009815886e-23
0.15750000000000008	10071255364459556e-25	12828642179127865e-23	36729780964382423e-33	-7263829987786254e-23
0.1650000000000001	11879710538303846e-25	1512970990862713e-22	51087485422244953e-33	-8566518120412941e-23
0.1725000000000001	1401277847026835e-24	17844929534497936e-23	7106403036310266e-32	-10103858481760176e-23
0.1800000000000001	16528442668365839e-25	21045505803512282e-23	9884228579569179e-32	-11915808085127587e-23
0.1875000000000001	1949535095181827e-24	2482159137607621e-22	13748817733912846e-32	-14053727999866615e-23
0.19500000000000012	22994498103126798e-25	2927422717145713e-22	19123747257700857e-32	-16574610020164154e-23
0.20250000000000012	27121346465141336e-25	3452629556953359e-22	2660059618958039e-31	-19548165955860945e-23
0.21000000000000013	3198860075472252e-24	40720133084617326e-23	370002362135458e-30	-23054882763904418e-23
0.21750000000000014	377289796882873e-23	4802497537025399e-22	5146558001451931e-31	-27190600789572927e-23
0.22500000000000014	4449906748164401e-24	5664067798479496e-22	7158691092047547e-31	-3206854188226166e-22
0.23250000000000015	5248376716733146e-24	6680173116946934e-22	9957462574363558e-31	-37821362897592185e-23
0.24000000000000016	61900803470352005e-25	7878571272713084e-22	13850470422709353e-31	-44606324178723805e-23
0.24750000000000016	73007111290305364e-25	929194035056275e-21	1926548789214864e-30	-5260830744292628e-22
0.25500000000000017	8610590339771724e-24	10958854999782972e-22	26797577436545074e-31	-6204581453737675e-22
0.2625000000000002	1015543411457701e-23	12924798666119766e-22	37274446704032985e-31	-731763148490401e-21
0.2700000000000002	11977439459325584e-24	15243473928748914e-22	5184761616360252e-30	-8630393040414104e-22
0.2775000000000002	14126290300182468e-24	17978018517364992e-22	7211805967922172e-30	-1017859573501013e-21
0.2850000000000002	16660632903746198e-24	2120318528382289e-21	10031388715632828e-30	-12004579511518578e-22
0.2925000000000002	19649606988213117e-24	25006893483492617e-22	139533166501512e-28	-14158113650570298e-22
0.3000000000000002	23174785827301985e-24	29492975365081963e-22	1940860139874372e-29	-16697984190479344e-22
0.3075000000000002	27332349566371728e-24	34783803744586037e-22	2699670238521645e-29	-1969347339554044e-21
0.3150000000000002	32235764407793937e-24	4102381203732821e-21	37551542708465624e-30	-2322636238918723e-21
0.32250000000000023	3801881101537032e-23	4838319361627467e-21	52232939171066156e-30	-27392999680749845e-22
0.33000000000000024	44839296996002376e-24	5706281510856333e-21	7265430627390656e-29	-3230711314618686e-21
0.33750000000000024	5288332336206499e-23	67299494844519735e-22	10105975673553006e-29	-38102784704671643e-22
0.34500000000000025	6237038782282174e-23	7937253218439383e-21	1405707583104012e-28	-4493813507016756e-21
0.35250000000000026	7355936139422064e-23	9361144009291778e-21	19552939429128442e-29	-5299973664645111e-21
0.36000000000000026	8675557675908173e-23	11040467900987984e-21	271975002888369e-27	-62507515615325375e-22
0.36750000000000027	10231908137364101e-23	13021050420646234e-21	3783083636658252e-28	-7372091767898781e-21
0.3750000000000003	1206745687745561e-22	15356934981010444e-21	5262145964386949e-28	-8694592749059512e-21
0.3825000000000003	1423229056163249e-22	1811185672833114e-20	7319471919116276e-28	-10254338214399657e-21
0.3900000000000003	1678547829720887e-22	21360992515579067e-21	10181145642619565e-28	-12093891469587283e-21
0.3975000000000003	19796689295861942e-23	25192996803013936e-21	14161638428012027e-28	-14263445652403437e-21
0.4050000000000003	2334808823096777e-22	2971243208221095e-20	19698371436459002e-28	-16822200471496655e-21
0.4125000000000003	2753658208239628e-22	3504261945244426e-20	27399783512550786e-28	-19839976627625194e-21
0.4200000000000003	3247645825461873e-22	4132899253158715e-20	38112182905089085e-28	-2339911305077892e-20
0.4275000000000003	3830250946589822e-22	4874308764451785e-20	5301276656591276e-27	-27596728313475577e-21
0.43500000000000033	45173707163410274e-23	57487205631478534e-21	7373896623372835e-27	-3254735862775612e-20
0.44250000000000034	5327754019422614e-22	6779993447812655e-20	10256838368073204e-27	-38386084364414687e-21
0.45000000000000034	6283513222465852e-22	7996266137770494e-20	14266907364879344e-27	-45272217209027175e-21
0.45750000000000035	7410727147488187e-22	9430726032188543e-20	1984476973017041e-26	-5339365426341659e-20
0.46500000000000036	8740152830763627e-22	0.00011122511085811699	27603367892340972e-27	-629719792792417e-19
0.47250000000000036	10308064689629722e-22	0.00013117782719412294	3839528589247198e-26	-742685447418341e-19
0.48000000000000037	12157244140842898e-22	0.0001547098043763214	53406423889165414e-27	-875915682343369e-19
0.4875000000000004	14338146512463422e-22	0.00018246308636896282	7428631200430993e-26	-0.00010330455214669514
0.4950000000000004	16910277850364937e-22	0.00021519488854297196	10332936796211045e-26	-0.00012183620708563991
0.5025000000000004	1994381832887822e-21	0.0002537982255167596	14372699524201499e-26	-0.00014369212634201712
0.5100000000000003	23521536025223294e-22	0.000299326291963268	19991825933947873e-26	-0.00016946859287326734
0.5175000000000003	277410454152363e-20	0.0003530211624646062	27807761778413796e-26	-0.00019986882629672835
0.5250000000000002	3271746885884857e-21	0.0004163476487276282	38679330425800193e-26	-0.0002357221494587526
0.5325000000000002	3858657756134933e-21	0.0004910332737345551	5380109372195702e-25	-0.00027800662555371264
0.5400000000000001	4550849270580801e-21	0.0005791153125002817	7483458614106632e-25	-0.0003278756855438276
0.5475000000000001	5367205290910742e-21	0.0006829963328281064	10409084980456696e-25	-0.000386689574251177
0.555	6329996232531918e-21	0.0008055096596461859	1447843088214809e-24	-0.00045605241466888964
0.5625	7465486133033941e-21	0.0009499965274342404	2013858540014263e-24	-0.0005378558845481506
0.57	8804648508787321e-21	0.0011203970859491091	28011391581781613e-25	-0.0006343307426955478
0.5774999999999999	10384010403705948e-21	0.0013213576203071292	3896174086461371e-24	-0.0007481075272958999
0.5849999999999999	1224664751308556e-20	0.0015583569771176712	5419255157613388e-24	-0.0008822881321546342
0.5924999999999998	14443357352394492e-21	0.0018378555287539163	7537685030301848e-24	-0.0010405301390321619
0.5999999999999998	17034042278775255e-21	0.002167470764623764	10484144637422244e-24	-0.001227146227088536
0.6074999999999997	2008933982883387e-20	0.0025561841033685333	14582233430286652e-24	-0.0014472212475940406
0.6149999999999997	23692544203298063e-21	0.003014584601895848	20281982377069267e-24	-0.0017067501958126377
0.6224999999999996	27941870873565247e-21	0.0035551559379038175	2820922973807208e-23	-0.002012800665632305
0.6299999999999996	3295312506005035e-20	0.004192614350328562	3923426621761917e-23	-0.00237370415635268
0.6374999999999995	38862845777779066e-21	0.004944306453268772	5456726077213156e-23	-0.002799281262487892
0.6449999999999995	4583200933513297e-20	0.005830677336253899	7589090029522556e-23	-0.003301106643166217
0.6524999999999994	54050391032919626e-21	0.006875821193591709	10554473278680948e-23	-0.0038928206959149537
0.6599999999999994	6374170060300595e-20	0.008108128682074488	14678132911361067e-23	-0.004590495966668923
0.6674999999999993	7516962693731411e-20	0.009561047606121411	20412218082809369e-23	-0.005413067682888429
0.6749999999999993	886449504250631e-19	0.011273976093130673	28385206092112615e-23	-0.006382839239158493
0.6824999999999992	0.00010453390802374342	0.013293310597101949	3947055493411979e-22	-0.007526075268749516
0.6899999999999992	0.00012326802655929364	0.01567367428563305	5488201392053964e-22	-0.008873696732207505
0.6974999999999991	0.0001453556754001954	0.01847935532600121	7630589849062091e-22	-0.010462094697699648
0.7049999999999991	0.00017139562931626224	0.021785988609133132	10608459016290455e-22	-0.012334081742114963
0.712499999999999	0.00020209297813834228	0.02568251894784227	1474709768744455e-21	-0.014540002426921914
0.719999999999999	0.00023827777086219852	0.0302734885601084	2049810595607772e-21	-0.01713902698854087
0.7274999999999989	0.00028092683847500663	0.035681696118451955	2848822704897298e-21	-0.02020065484520788
0.7349999999999989	0.0003311893018766326	0.0420512793484747	3958692024030536e-21	-0.023806457163333912
0.7424999999999988	0.00039041633768947164	0.0495512766455276	5499977995368899e-21	-0.028052089594271606
0.7499999999999988	0.00046019584391208593	0.05837972559936069	7639754433284061e-21	-0.03304960757694056
0.7574999999999987	0.0005423927168489484	0.06876835621201335	1060940187550411e-20	-0.0389301163912285
0.7649999999999987	0.0006391955147410882	0.08098793273440254	14729108127181732e-21	-0.0458467857845227
0.7724999999999986	0.0007531703372982053	0.09535428850745747	20441544365256217e-21	-0.053978253327223315
0.7799999999999986	0.0008873227817129648	0.11223508021930666	28358052600103704e-21	-0.06353243015192225
0.7874999999999985	0.0010451688318586587	0.13205725809981764	39321829596783425e-21	-0.07475070537153812
0.7949999999999985	0.0012308154774155913	0.15531520185779316	5449409740923095e-20	-0.08791251844361793
0.8024999999999984	0.0014490517169516125	0.18257940272590462	7547119575360753e-20	-0.10334022872792696
0.8099999999999984	0.0017054503358055373	0.21450547190492153	0.00010444300296760494	-0.12140415392433085
0.8174999999999983	0.0020064804194047034	0.25184311556051653	0.00014440616394459648	-0.14252756863719493
0.8249999999999983	0.0023596299031832194	0.2954445259822996	0.00019944930869896665	-0.16719134520216195
0.8324999999999982	0.0027735364971576367	0.3462713852323148	0.00027513172918562526	-0.19593777412013696
0.8399999999999982	0.0032581239680492266	0.4053993513962543	0.00037898162614038875	-0.2293729154281607
0.8474999999999981	0.003824738916322139	0.4740184906048328	0.0005211445433510125	-0.26816660091379585
0.8549999999999981	0.0044862807535116945	0.5534276313829909	0.0007152160313384425	-0.3130489313361976
0.862499999999998	0.005257314486267446	0.6450200677350784	0.0009792933223209891	-0.36480180262013956
0.869999999999998	0.006154152119920949	0.7502574663842642	0.001337276335174642	-0.42424367563636
0.877499999999998	0.0071948840733943925	0.8706283238186565	0.001820434986080273	-0.49220552359737746
0.8849999999999979	0.008399337180883518	1.0075870086793874	0.0024692326045001136	-0.5694957294647561
0.8924999999999979	0.009788931127357231	1.1624695246250343	0.0033353482310601134	-0.6568517839005857
0.8999999999999978	0.011386401353655217	1.3363829262854254	0.00448376750621391	-0.7548771165838501
0.9074999999999978	0.013215354831584477	1.530067170847111	0.005994708349388879	-0.8639624803681607
0.9149999999999977	0.015299627363716695	1.7437314604818885	0.007965014607709145	-0.9841932043064773
0.9224999999999977	0.01766241927386502	1.9768721043471773	0.010508499801789202	-1.1152464853560504
0.9299999999999976	0.020325202632355877	2.2280856111069833	0.013754582316322875	-1.2562866859676998
0.9374999999999976	0.02330641905322775	2.4948986090100775	0.017844473140291233	-1.405871033480187
0.9449999999999975	0.026620022686859014	2.773644015742841	0.022924229559697428	-1.5618824304552783
0.9524999999999975	0.030273965828673283	3.059418484759634	0.029134255207146433	-1.721509036103806
0.9599999999999974	0.03426876860157001	3.3461566508750553	0.036595372633568664	-1.8812902359411727
0.9674999999999974	0.038596349786844224	3.6268501160007243	0.04539242028555683	-2.0372439538552682
0.9749999999999973	0.0432393109080524	3.8939215891534573	0.05555732080955276	-2.1850800481753327
0.9824999999999973	0.04817084838740014	4.139737823802447	0.06705448357065247	-2.3204893590343616
0.9899999999999972	0.05335541209987432	4.357213354327383	0.0797718873406168	-2.439480511179703
0.9974999999999972	0.05875013538008367	4.540428444612701	0.09352089173672984	-2.538721392033586
1.0049999999999972	0.06430694574016978	4.685168623872016	0.10804657651440128	-2.615834519139896
1.0124999999999973	0.06997515171904092	4.789297233942809	0.12304836175781732	-2.669599043045083
1.0199999999999974	0.07570421781674672	4.852898413233898	0.13820833209835423	-2.7000272521178235
1.0274999999999974	0.08144640927503943	4.878170288434228	0.1532227933945156	-2.7083064664890584
1.0349999999999975	0.08715902012391606	4.869095208616004	0.1678317674387022	-2.6966216716723763
1.0424999999999975	0.09280598187542718	4.8309524124997765	0.18184165327629492	-2.667893559081355
1.0499999999999976	0.09835876239214811	4.769758857447228	0.19513794665287143	-2.625476530867504
1.0574999999999977	0.10379657559681868	4.691723179281755	0.20768713669008684	-2.572860823377413
1.0649999999999977	0.10910600898934977	4.602779797643467	0.21952900641771125	-2.5134142347401367
1.0724999999999978	0.1081718215226829	4.502746356389641	0.23421371441697517	-2.450360376881506
1.0799999999999979	0.10745164341571102	4.244433163525691	0.23792367247629434	-2.264545257975027
1.087499999999998	0.10971884242741997	4.080219560960913	0.24503737557952984	-2.1275293676045512
1.094999999999998	0.1131060015456808	3.9840883778669847	0.2564359758160405	-2.0432596506954788
1.102499999999998	0.11694827972902866	3.8437510445197933	0.2625306170449967	-1.9316488757110497
1.109999999999998	0.1209608232854349	3.768297135779036	0.27267885263812597	-1.8661787064116606
1.1174999999999982	0.12504219633472544	3.7042588708207203	0.2829789409986652	-1.8122077770802039
1.1249999999999982	0.12907747076805312	3.6486894813841664	0.29446739643994624	-1.7669301582596273
1.1324999999999983	0.1331080805080027	3.5523685404553826	0.3006531004436332	-1.6874262395167898
1.1399999999999983	0.13714243750489102	3.5132863294391536	0.3119416587420215	-1.646002050970648
1.1474999999999984	0.14118339879881794	3.4839699413499767	0.323762129224864	-1.6135296385419027
1.1549999999999985	0.14522861860885405	3.4628331749684724	0.336170937758811	-1.588190880687766
1.1624999999999985	0.1492783234705094	3.448776533007096	0.349184547228715	-1.568008731738797
1.1699999999999986	0.15333055211065563	3.4408207740505965	0.36279082336731877	-1.5520056762173973
1.1774999999999987	0.1573890408219133	3.437993435588859	0.376946669547799	-1.5393571798507002
1.1849999999999987	0.16144811244177265	3.4391165345175496	0.3915642847344304	-1.5295598766770464
1.1924999999999988	0.16552162127074604	3.4448099176254887	0.4067880511869402	-1.5222581799489798
1.1999999999999988	0.16958230858832665	3.4508684920717987	0.4220410461184847	-1.5165766263042944
1.207499999999999	0.17368563836259548	3.4651960309638286	0.43859667707556194	-1.513892877037307
1.214999999999999	0.17774480459409087	3.472439405811034	0.45400703628699146	-1.5106444777829884
1.222499999999999	0.1818695177048989	3.493408288699893	0.4717938790286863	-1.5117970203119842
1.229999999999999	0.18591805635324543	3.5048913454410457	0.4888475714353245	-1.5115756512694296
1.2374999999999992	0.18998748306356225	3.483797037375755	0.4994146412845222	-1.4799996592760314
1.2449999999999992	0.19407423453139439	3.5038904217477773	0.5174585890591723	-1.4773833846763624
1.2524999999999993	0.1981725251964061	3.523563445805451	0.5353721365986887	-1.4783749289995438
1.2599999999999993	0.2022568559980462	3.54322938722801	0.5533290087783216	-1.4815627059422631
1.2674999999999994	0.2063659615661254	3.566148656700963	0.5720443611617307	-1.4866222924690315
1.2749999999999995	0.21049153671295506	3.5908991932348844	0.591258139359787	-1.492714040883163
1.2824999999999995	0.2145955507131848	3.610345817701599	0.6094092022347732	-1.4975664210287658
1.2899999999999996	0.21873428435354236	3.636180121947528	0.6291209140717905	-1.5048562334532094
1.2974999999999997	0.22286561667141938	3.65877719027569	0.648200439540992	-1.5112298763810326
1.3049999999999997	0.2270068027775631	3.6825455984417657	0.667681928565152	-1.5183743259295839
1.3124999999999998	0.23115872810466898	3.706798003865642	0.6874089023954137	-1.525874547040793
1.3199999999999998	0.2353034280974614	3.7284399193014277	0.7066000771192662	-1.5326712079643712
1.3275	0.23947509724113164	3.756117274663316	0.7274863333491813	-1.541821900795262
1.335	0.2436484275090129	3.779301312480679	0.7473189943760417	-1.549444573595986
1.3425	0.24781816586868743	3.8006038368960446	0.7667630491797401	-1.5566822391426194
1.35	0.2520005918087441	3.825987602606909	0.7874709842623641	-1.565559101115953
1.3575000000000002	0.25617930227796737	3.8479283684060412	0.8073266239107593	-1.5731062313760653
1.3650000000000002	0.26036886680551763	3.872331706760719	0.8280272682487673	-1.581876101378774
1.3725000000000003	0.2645734448932112	3.8985192825696333	0.8494019860903802	-1.591459313772912
1.3800000000000003	0.2687783158128778	3.920476168505324	0.8696214815845357	-1.5993570038761074
1.3875000000000004	0.27299459399700077	3.94385486148027	0.8904071045267612	-1.608032454274628
1.3950000000000005	0.27721317430820447	3.9663442668982043	0.9110404638969336	-1.6165425413309014
1.4025000000000005	0.28141390829712704	3.98497376048683	0.9305353491237383	-1.6234464034247096
1.4100000000000006	0.2856181729953873	4.007632905417917	0.9514730368805112	-1.6320561164695908
1.4175000000000006	0.2898479343566067	4.034969471442816	0.9741302064872033	-1.6427828367980828
1.4250000000000007	0.294082185981543	4.05746830381914	0.9952656845193901	-1.6515358397971283
1.4325000000000008	0.2983096465213124	4.076591844583145	1.0153311025394443	-1.6589094349300821
1.4400000000000008	0.30252073849334604	4.098658438857766	1.037320196301265	-1.66821852065735
1.447500000000001	0.30673116846944265	4.100169368853727	1.051629004650006	-1.6539593226923133
1.455000000000001	0.31092833237270956	4.1190558747339185	1.072215573169039	-1.657407819429162
1.462500000000001	0.315123291569841	4.138723019904056	1.0931046430633349	-1.6638391985342114
1.470000000000001	0.319330533766381	4.162135547825084	1.1155168082462033	-1.6731618423808048
1.4775000000000011	0.3235396020843859	4.183275864581156	1.1371439367805185	-1.681766655648764
1.4850000000000012	0.3277445729539373	4.202256356608532	1.1580057063141072	-1.6895957638931753
1.4925000000000013	0.3319547221207462	4.223497156801395	1.1798842728416044	-1.6986662480155672
1.5000000000000013	0.33616859835826524	4.244577195226608	1.2018061406163651	-1.7077417568791977
1.5075000000000014	0.34037882186083146	4.2632800641616875	1.22283261584335	-1.7157884977974693
1.5150000000000015	0.34458906610584916	4.282670007799521	1.2442508288371608	-1.7243237852788824
1.5225000000000015	0.3488019701359784	4.302896928605725	1.2661377263673337	-1.7333523730813019
1.5300000000000016	0.35301265103478163	4.321504695459778	1.2874138061368714	-1.7416448130570872
1.5375000000000016	0.3572212032802116	4.339742111693105	1.3086211781506738	-1.7498782456128645
1.5450000000000017	0.3614312583118925	4.358986968091599	1.3303883554595424	-1.7587219363847526
1.5525000000000018	0.36564061264378905	4.3774383533057035	1.3518904258894344	-1.7672124590577134
1.5600000000000018	0.3698464104099378	4.394669335423739	1.3729139569123423	-1.775167774609146
1.567500000000002	0.37405066736229037	4.412382236470885	1.3942611640348996	-1.7834928985486986
1.575000000000002	0.37825461737228294	4.430399711916018	1.4158532138076931	-1.792043349122261
1.582500000000002	0.38245621496640725	4.447402408279066	1.4370402071218398	-1.8001067768369423
1.590000000000002	0.3866545908428743	4.463796349666499	1.458011900016002	-1.8079441297881238
1.5975000000000021	0.3908505145045929	4.480403441403185	1.4791802355400696	-1.816001504988616
1.6050000000000022	0.39504345615776504	4.496745136153699	1.500300760377436	-1.8239771064155683
1.6125000000000023	0.39923236899483205	4.512386897024637	1.521140765020675	-1.831624598351529
1.6200000000000023	0.4034175266452734	4.527773387830788	1.5419273763287022	-1.8392130915848774
1.6275000000000024	0.40759911846599545	4.543047909512884	1.5627350158018145	-1.8468216291976074
1.6350000000000025	0.41177593571916365	4.55775226288095	1.5833105649972716	-1.854171762263178
1.6425000000000025	0.415946873391095	4.571812507190632	1.603603998538795	-1.861215818547457
1.6500000000000026	0.42011205297528714	4.585589456204424	1.6238092822522225	-1.868163004877626
1.6575000000000026	0.4242716099812261	4.599085271445159	1.6439233217962728	-1.8750058242580305
1.6650000000000027	0.4284246814074006	4.611950752768377	1.6637386144755524	-1.8815295090129973
1.6725000000000028	0.4325701162183201	4.62407619768236	1.6831801493420189	-1.8876667500914648
1.6800000000000028	0.4367072132263252	4.635596770550675	1.7023163718389163	-1.8934932305726244
1.6875000000000029	0.4408353713955927	4.64649725906878	1.7211277241070169	-1.898986251724414
1.695000000000003	0.44495362181834974	4.656590580787865	1.7394884568379234	-1.9040189072336788
1.702500000000003	0.4490607436859688	4.665749394224526	1.7573050368571865	-1.9085046717458614
1.710000000000003	0.45315546733654083	4.6739207780006025	1.774527350524989	-1.9124004329354176
1.7175000000000031	0.4572363939567229	4.6809981158927245	1.7910692476255548	-1.9156235328361746
1.7250000000000032	0.4613018755169408	4.686811136532155	1.806800190560132	-1.9180486915880057
1.7325000000000033	0.4653500100925286	4.691185124085314	1.8215818655830112	-1.9195472039306751
1.7400000000000033	0.4693786194163166	4.6939342633035706	1.8352635303764	-1.9199801649452115
1.7475000000000034	0.4733851592597354	4.6948252071698695	1.8476569897203492	-1.9191729411651584
1.7550000000000034	0.47736665083754215	4.693579530828712	1.8585364886449056	-1.9169170761409886
1.7625000000000035	0.4813196483887382	4.6898883941133365	1.8676471408183708	-1.9129800284207712
1.7700000000000036	0.4852401796044151	4.683401812818696	1.8746962295486116	-1.9070968191541087
1.7775000000000036	0.48912364271719244	4.673709033424564	1.8793377135337832	-1.89895557136061
1.7850000000000037	0.4929646938146746	4.660332255212757	1.8811654215716285	-1.8881924769469194
1.7925000000000038	0.49675713835135155	4.642727018679308	1.8797108089344552	-1.8743912025672105
1.8000000000000038	0.5004938158006388	4.62027805132213	1.8744374022181793	-1.8570787923904613
1.8075000000000039	0.5041664732542157	4.592292574970032	1.8647331920576153	-1.8357197229035813
1.815000000000004	0.5077656320443379	4.557995460901042	1.8499041650459027	-1.8097113917220788
1.822500000000004	0.5112690353500221	4.515834394392055	1.8293060433536659	-1.7784847436455324
1.830000000000004	0.5146760691314564	4.464543415102444	1.8011457344476867	-1.730709804046581
1.8375000000000041	0.517972504045233	4.406612110064442	1.7670449265724772	-1.684568663524048
1.8450000000000042	0.5211425290101513	4.3363936142080455	1.7224677069466459	-1.631280467440133
1.8525000000000043	0.5241683952306089	4.254707762357203	1.6678692438397535	-1.5698737142258437
1.8600000000000043	0.5270306072335854	4.160849501323358	1.602480119914622	-1.4992232462134567
1.8675000000000044	0.5297078762206299	4.053601026147315	1.525089266926813	-1.4182866149881115
1.8750000000000044	0.5321772533515784	3.93196538782363	1.4346402783406929	-1.3262212816941605
1.8825000000000045	0.5344144494844373	3.7951826772465695	1.330257723510611	-1.222372793661231
1.8900000000000046	0.5363943418031613	3.6428239176173243	1.211339305807279	-1.1063461079642019
1.8975000000000046	0.5380916913850604	3.4749222986483	1.0776843442200537	-0.9781100223507109
1.9050000000000047	0.5394820851161702	3.2921091844455868	0.9296320210125276	-0.8381095369032693
1.9125000000000048	0.5405431107362607	3.0957504192264182	0.7682049217663849	-0.6873805034131458
1.9200000000000048	0.541255759181936	2.888071557842112	0.595246730193714	-0.5276567481345973
1.9275000000000049	0.5416060044960191	2.6722472440656757	0.41353004073095734	-0.36144931622202725
1.935000000000005	0.5415864447145322	2.4524200482814833	0.22679976707119834	-0.19206913009189572
1.942500000000005	0.5411978273232767	2.2336165537951245	0.03971811598565666	-0.023565704779673315
1.950000000000005	0.540450258040864	2.021544270289916	-0.1423094953513021	0.13943308991539669
1.9575000000000051	0.5393639041480773	1.8222736875488357	-0.31342863136285626	0.2919782020551817
1.9650000000000052	0.5379690360591929	1.6418270704747056	-0.46773314806522287	0.4291366712414567
1.9725000000000052	0.5363052950114279	1.4857093340436391	-0.5997328447766169	0.54638009759658
1.9800000000000053	0.5344201469750887	1.358432200050693	-0.7048405490420249	0.6399817104943459
1.9875000000000054	0.5323666012408586	1.2631004331186662	-0.7798080765484074	0.7073643772986937
1.9950000000000054	0.5302004164266271	1.2011351723263923	-0.8230322859193976	0.7473361695176933
2.0025000000000053	0.5279771242246611	1.1721890471373744	-0.8346710116091838	0.7601665857652948
2.010000000000005	0.525749217227165	1.1742629694898294	-0.8165528809044142	0.7474939982478106
2.017500000000005	0.5235637779041769	1.2039884352567582	-0.7719125135125156	0.7120940350626183
2.025000000000005	0.521460728704252	1.2570155698959269	-0.7050092002767632	0.6575589821005099
2.0325000000000046	0.5194718003915061	1.3284471370052784	-0.6206901845124628	0.5879383715856991
2.0400000000000045	0.5176202359015896	1.4132647942381784	-0.5239553052672153	0.5073855802894983
2.0475000000000043	0.5159211476372979	1.5066964704956123	-0.4195774443460165	0.4198530821872614
2.055000000000004	0.5143823522631402	1.6044833538149725	-0.3118231347171433	0.3288711952496932
2.062500000000004	0.5130054751524729	1.703032109185635	-0.20428987802304613	0.23742238150103168
2.070000000000004	0.511787159416915	1.799470209955955	-0.09984361192107574	0.1478956995371842
2.0775000000000037	0.5107202772064628	1.8916356309200426	-0.0006254023549893978	0.06209474344351569
2.0850000000000035	0.5097950687001507	1.9780224550575665	0.09189474311409837	-0.018718763138491454
2.0925000000000034	0.5090001358045289	2.0576921680215343	0.1768276845941346	-0.09375293371780286
2.100000000000003	0.5083232392080621	2.1301633720246245	0.25375222198118774	-0.16259512266484996
2.107500000000003	0.5077518988054218	2.1953015133408744	0.3226016673954297	-0.22512093823685486
2.115000000000003	0.5072738375471453	2.253226497204636	0.38356823097386733	-0.28141830504658544
2.1225000000000027	0.5068773054735298	2.304239784989683	0.4370271601962573	-0.3317278362513561
2.1300000000000026	0.5065512949693685	2.3487619565019404	0.48347187200833064	-0.3763913352440875
2.1375000000000024	0.5062856521743806	2.3872769929445483	0.5234564357642502	-0.415805024547678
2.1450000000000022	0.5060711089245473	2.4202893352064327	0.5575514009222888	-0.45038313453550743
2.152500000000002	0.5058992725169448	2.44829862687236	0.5863177463734762	-0.48053666766120506
2.160000000000002	0.5057625969281224	2.471787025609771	0.6102937368466843	-0.5066630518492724
2.1675000000000018	0.505654337020127	2.491209567513324	0.6299851279026996	-0.5291381806144165
2.1750000000000016	0.5055684827993908	2.5069843392952835	0.6458554326645954	-0.5483078947780087
2.1825000000000014	0.5054996821587198	2.5194862705911785	0.6583199848890988	-0.5644824561435596
2.1900000000000013	0.5054431668439131	2.5290474341863054	0.667746597823025	-0.5779368369626626
2.197500000000001	0.505394689313468	2.5359613702918478	0.6744602796551145	-0.5889147200521612
2.205000000000001	0.5053504683789679	2.54048691559788	0.678747472400121	-0.5976320932900636
2.212500000000001	0.5053071390949857	2.5428495888285796	0.680857868444111	-0.6042785544058952
2.2200000000000006	0.5052617055355649	2.5432419318018957	0.6810051969472951	-0.6090175497638645
2.2275000000000005	0.5052114976145347	2.5418254072854487	0.6793695589561894	-0.6119880567793912
2.2350000000000003	0.505154132128923	2.538734474089611	0.6761019112440297	-0.6133084918980141
2.2425	0.5050874742303322	2.534079922981708	0.6713277895344747	-0.6130801825692314
2.25	0.5050095930993734	2.5279487277434933	0.665147553146064	-0.6113876605955155
2.2575	0.5049187103648273	2.520402718550872	0.6576354647417835	-0.6082977814602017
2.2649999999999997	0.5048131476279303	2.5114800597065763	0.6488415622266164	-0.6038614421979704
2.2724999999999995	0.5046912791479923	2.5011979565071942	0.6387947361706302	-0.5981164294980198
2.2799999999999994	0.504551488768052	2.4895521576334843	0.6275026014594098	-0.591087051126568
2.287499999999999	0.504392129057752	2.4765141369356742	0.6149490612590277	-0.5827812900400889
2.294999999999999	0.5042114847944542	2.4620298109598435	0.6010934066638558	-0.5731893183315284
2.302499999999999	0.5040077399074613	2.446018726017275	0.5858698866295735	-0.5622825991066509
2.3099999999999987	0.5037789391500191	2.428370486211066	0.5691845484744904	-0.5500105637138568
2.3174999999999986	0.5035229353699868	2.408939410647421	0.5509103570415766	-0.5362957382629213
2.3249999999999984	0.5032373189003672	2.38753958435335	0.5308827569105959	-0.5210292665602952
2.3324999999999982	0.5029193304555887	2.363939505007126	0.5088948819212926	-0.5040658310210897
2.339999999999998	0.5025657539194425	2.3378542907073596	0.48469038766264827	-0.48521554630691166
2.347499999999998	0.5021727828681787	2.3089349434667747	0.4579534047847454	-0.4642316940659028
2.3549999999999978	0.501735858262159	2.2767540411872034	0.42829498432119084	-0.44079298860729876
2.3624999999999976	0.5012494475256769	2.240786528676229	0.395234715593965	-0.4144786317575998
2.3699999999999974	0.5007067702687866	2.200388289853806	0.3581802207449137	-0.3847395896797504
2.3774999999999973	0.5000994314010008	2.154775559512143	0.3164076704419971	-0.3508721312791342
2.384999999999997	0.4994170034778077	2.103014142536158	0.2690524597805542	-0.31200875729163857
2.392499999999997	0.4986465918507008	2.0440321132771686	0.21512396371169956	-0.26714890000236197
2.399999999999997	0.4977725254252431	1.9766551870248477	0.15354384091578266	-0.21523172600573814
2.4074999999999966	0.49677666463095416	1.8996555288269852	0.08319857702509548	-0.15522654625500926
2.4149999999999965	0.49563970804338714	1.8118426493482027	0.003033936186532551	-0.08624875057705891
2.4224999999999963	0.49434407964802457	1.7122061554897243	-0.08780002783235875	-0.007711981457511851
2.429999999999996	0.4928764730256196	1.6000783072634361	-0.18978608583126566	0.08051061695774483
2.437499999999996	0.4912259293908094	1.4751921316683807	-0.3029830624826716	0.17807353405680237
2.444999999999996	0.48937605067551637	1.3375352161993792	-0.4271737515036783	0.2844202102313296
2.4524999999999957	0.4872979082037364	1.1872080121302184	-0.5620090649754218	0.3990536006605369
2.4599999999999955	0.4849533733707443	1.0245028437194255	-0.7069344064237625	0.5215216457889524
2.4674999999999954	0.4823074410539094	0.8501382473911012	-0.8609658095629431	0.6512179194343177
2.474999999999995	0.47933740261328744	0.6654498488486523	-1.022514816641308	0.7872516104505979
2.482499999999995	0.4760330652253924	0.47248365598762465	-1.1893145173357542	0.9283714292244375
2.489999999999995	0.47239423998044977	0.27417087571779697	-1.3582684445179658	1.0726497360023612
2.4974999999999947	0.46842321193864794	0.07459725130671763	-1.5252085294163193	1.2168373492152553
2.5049999999999946	0.464122465663906	-0.12104180154821019	-1.684967671867283	1.356286279926329
2.5124999999999944	0.45950099653097476	-0.3067736495410672	-1.8317433615570193	1.4856150878760286
2.5199999999999942	0.4545764798697906	-0.4764339359112189	-1.9597034142446383	1.5994155117158184
2.527499999999994	0.44939327998064627	-0.6243128343617014	-2.0636346325262718	1.6928389357534541
2.534999999999994	0.4440116885724058	-0.7456473833302107	-2.1394285257443024	1.7622812668485826
2.5424999999999938	0.4384793266050301	-0.837166544872624	-2.184597777221783	1.8061172179481673
2.5499999999999936	0.43283233091760465	-0.8968974494655361	-2.1980550530396905	1.8238353684963042
2.5574999999999934	0.42711519728436703	-0.924251407404557	-2.180141131752708	1.8156760068823299
2.5649999999999933	0.421391790276561	-0.9204124546202247	-2.132921394105238	1.7830598776583566
2.572499999999993	0.4157260603456771	-0.8878971062493003	-2.0596942381726424	1.7281932482147724
2.579999999999993	0.4101652543042869	-0.8302733849340374	-1.9646601169498505	1.6539611702919887
2.587499999999993	0.40473555091019964	-0.7523119726688126	-1.8529959983489745	1.564409409395122
2.5949999999999926	0.39944469874866523	-0.6594125650951578	-1.7302696679293696	1.464194524783433
2.6024999999999925	0.3942978999695854	-0.5567353273849133	-1.6016177034467947	1.3574511422471252
2.6099999999999923	0.3893054510589396	-0.44894052473434926	-1.4715108291655186	1.2475944001129593
2.617499999999992	0.3844723102530335	-0.3402642026572204	-1.3438389493297918	1.1378311904735616
2.624999999999992	0.3797971186294543	-0.23442714430099265	-1.22185679702643	1.0313511965378492
2.632499999999992	0.3752794131915334	-0.13447961559134236	-1.108081113769623	0.9310657452202938
2.6399999999999917	0.3709172518546344	-0.0427146586658908	-1.0042524559879373	0.8392489008816498
2.6474999999999915	0.3667057284093436	0.039440582092718265	-0.9112826934552896	0.7572294946273449
2.6549999999999914	0.36263744156938194	0.11139298667139143	-0.8293265246072965	0.6854068988293739
2.662499999999991	0.35870016516871545	0.17308263558747672	-0.7580721133250165	0.6236196963928645
2.669999999999991	0.35487689589572674	0.22468174194460466	-0.6970138527343668	0.5714801428706398
2.677499999999991	0.35699631794421677	0.26653112545526986	-0.6455178254399077	0.5284905519573716
2.6849999999999907	0.36034134684588187	0.299183652915745	-0.602798887596344	0.4940216030516298
2.6924999999999906	0.3636954864686175	0.3233842726065716	-0.5679487073608612	0.46730605919089085
2.6999999999999904	0.3670462045305209	0.33998121813173393	-0.5400145881408797	0.4474990249072698
2.7074999999999902	0.37031875023286037	0.34967510454542067	-0.5179738513478259	0.43370786729795674
2.71499999999999	0.3730525893317511	0.3603852125683759	-0.49582349481164	0.4253095834805485
2.72249999999999	0.37568015804295407	0.36091359755647767	-0.48196590214947405	0.42145609027609865
2.7299999999999898	0.37825056955609737	0.3559622766020382	-0.4726071807953216	0.4215526354056655
2.7374999999999896	0.3808136743040495	0.34605471272526717	-0.4671789785805452	0.42518413976556974
2.7449999999999894	0.3833882026623342	0.3324617385983948	-0.4646055158994586	0.43160623967575257
2.7524999999999893	0.385970681729584	0.3162285718967027	-0.46402219584781146	0.440114079352569
2.759999999999989	0.3885529227356825	0.29791317274687357	-0.4649476420459836	0.45023314888713273
2.767499999999989	0.3911285519853337	0.2778787846476756	-0.467058776333583	0.46159703552771497
2.774999999999989	0.39369415473133956	0.256433701089933	-0.47008596323712715	0.47388428380395997
2.7824999999999886	0.3962490497811766	0.2338516841323049	-0.47379615618856835	0.486808291096567
2.7899999999999885	0.39879487778926176	0.2103697468953153	-0.47799230389836217	0.500116260934303
2.7974999999999883	0.4013352290743414	0.18618843297489043	-0.48251110227588745	0.5135866220241438
2.804999999999988	0.4038753199595346	0.16147743913711712	-0.4872174413724985	0.527025918808883
2.812499999999988	0.40642168182604244	0.1363770846932873	-0.4920018392802955	0.5402668584701755
2.819999999999988	0.40898188459175583	0.11100976803743423	-0.49677182870744624	0.5531644553020725
2.8274999999999877	0.4115642555276222	0.08547646529069355	-0.5014531563650828	0.565594239095746
2.8349999999999875	0.41417765686473046	0.059872987636956414	-0.5059788806540777	0.5774503554945757
2.8424999999999874	0.41683128758803206	0.0342982415551365	-0.5102844925057267	0.588661938715026
2.849999999999987	0.4195343196492951	0.008802776418622886	-0.5143387843277663	0.5992413169397521
2.857499999999987	0.4222956286140682	-0.016579946772365926	-0.5181241367371476	0.6093119230996451
2.864999999999987	0.4251237085828791	-0.041797462238106486	-0.521615900761326	0.6190801578275029
2.8724999999999867	0.4280265930532865	-0.06684433524834535	-0.5248202455253128	0.6287555467986797
2.8799999999999866	0.431011999191991	-0.09177460390578032	-0.5277773765812209	0.6384696595670749
2.8874999999999864	0.43408761614559166	-0.11658919930173066	-0.5304959758775993	0.6482582316728989
2.8949999999999863	0.4372612518603091	-0.14120371432301937	-0.532938480084642	0.658108225214447
2.902499999999986	0.4405418679038436	-0.165659190395824	-0.5351379623815629	0.6680109076547989
2.909999999999986	0.44393619822533675	-0.18992073772483253	-0.5370834700102184	0.6777562232726887
2.9174999999999858	0.44744674371888915	-0.21384701285076183	-0.5387084012594971	0.6872046494820082
2.9249999999999856	0.4510831629624829	-0.2381481816019294	-0.5403947754126887	0.6970977392012594
2.9324999999999855	0.4548489940137253	-0.2629844864386244	-0.5422199705359488	0.707693891533296
2.9399999999999853	0.4587363523847491	-0.28782479950430717	-0.5439073380334326	0.7186929046643086
2.947499999999985	0.4627490110470703	-0.31296557759576216	-0.5456107691333275	0.7303723072541626
2.954999999999985	0.4668832972832083	-0.338678708114071	-0.5474580591133201	0.7426560474296371
2.962499999999985	0.4711261321200897	-0.36518425526084297	-0.5495395910972366	0.7555252848829641
2.9699999999999847	0.4754801649437186	-0.3926646491917882	-0.5519282344647964	0.7693545860006566
2.9774999999999845	0.4799194281646616	-0.4208902418775996	-0.5544921684285395	0.7838168751552995
2.9849999999999843	0.48439580170921204	-0.4499238871095816	-0.5572289836154223	0.7985696631235996
2.992499999999984	0.4888734806086649	-0.4788140534485873	-0.559684539707229	0.8133874519580635
2.999999999999984	0.4932972121411003	-0.5081884377503849	-0.5621414976297621	0.8292396128234747
3.007499999999984	0.49755986499822713	-0.5398543389850932	-0.5653511967786553	0.8465679219464008
3.0149999999999837	0.5015690815773719	-0.5750065699055459	-0.5697418794430027	0.8658260902971007
3.0224999999999835	0.5051896604845101	-0.6077532809382258	-0.5727161200298567	0.8833926405177283
3.0299999999999834	0.508305731467924	-0.6375928422916771	-0.5740930440373101	0.8989604573228985
3.037499999999983	0.5107535623427375	-0.6692544317957909	-0.575817779336465	0.915207491927705
3.044999999999983	0.5121448609434658	-0.7086245225071215	-0.580097686495184	0.9347480815148941
3.052499999999983	0.5121745992960737	-0.749001056523114	-0.5840290795320323	0.9537707827309789
3.0599999999999827	0.511287941284304	-0.7744657103960473	-0.5815532342438322	0.9662911531030323
3.0674999999999826	0.5093240262985053	-0.8067766040466784	-0.5812371356100854	0.9803713795650115
3.0749999999999824	0.5062061405426737	-0.8463709214635519	-0.583070016081034	0.9971737498746649
3.0824999999999823	0.5025138071224248	-0.8747861059353589	-0.580291201523905	1.0108818556571513
3.089999999999982	0.4982792261112319	-0.9124968246825577	-0.5805396940892369	1.0308364924388584
3.097499999999982	0.4932688045263163	-0.9439852812352396	-0.5780822428984765	1.046972930867267
3.1049999999999818	0.4868192080745406	-0.991632681777476	-0.580669067634663	1.0711456556794883
3.1124999999999816	0.47748428780436847	-1.0502581884637037	-0.5858719097018578	1.0970203272014676
3.1199999999999815	0.46439719081646935	-1.119769542277686	-0.5932907562123098	1.1261698732578462
3.1274999999999813	0.4504925145507735	-1.1583667383805905	-0.5897571502549324	1.1423383806564187
3.134999999999981	0.43973953809561733	-1.160417971879484	-0.5749565545152655	1.1453161298352783
3.142499999999981	0.43200124215232927	-1.1641209979701521	-0.5615301415007352	1.148167963143114
3.149999999999981	0.42587659099730923	-1.176677771983406	-0.5513248022039131	1.1534468900116046
3.1574999999999807	0.4199699333671082	-1.2074323043499993	-0.5466726890639467	1.1666854654662153
3.1649999999999805	0.4141313653198486	-1.2345185695830365	-0.5407400381896464	1.177693163916418
3.1724999999999803	0.4080899309700309	-1.2668898371028794	-0.536129910420001	1.191475253526307
3.17999999999998	0.4017835947608359	-1.2984267328256478	-0.5310058009999851	1.2046992125542115
3.18749999999998	0.39534706321305496	-1.3259328601381295	-0.5285092996886037	1.2183410652922682
3.19499999999998	0.3886664415657283	-1.21233385200017	-0.48459439862272125	1.1191285721855069
3.2024999999999797	0.38186993947507886	-1.3228241712938538	-0.5030812717160943	1.1807531805379825
3.2099999999999795	0.37511073598151673	-1.262812753151529	-0.47749632412524307	1.124962618104148
3.2174999999999794	0.36849324592703714	-1.2301193865391082	-0.45737764165693584	1.0812964495899997
3.224999999999979	0.36213273956186687	-1.308152930266333	-0.46578170221652	1.121796399571405
3.232499999999979	0.3559572498531383	-1.2782546662100103	-0.4473243623557046	1.0877903742388635
3.239999999999979	0.34965952387132093	-1.3039374127690122	-0.44177918090944523	1.0911021273090398
3.2474999999999787	0.3433026367000426	-1.332434007352942	-0.43633202483333905	1.0973483156510169
3.2549999999999786	0.3442242136442261	-1.3578487981570664	-0.4311023876000638	1.104815672154124
3.2624999999999784	0.3449641117488519	-1.3224918915293462	-0.41126902547791205	1.067516795776449
3.2699999999999783	0.34541098866032716	-1.3872649809965898	-0.41389678737892865	1.1060949026779723
3.277499999999978	0.3456135961778082	-1.3456711464272415	-0.3945533108576299	1.0691647071481367
3.284999999999978	0.3456278305920566	-1.358143046830152	-0.38611044247718795	1.0675742593320066
3.2924999999999778	0.3455336392056086	-1.3735086559056562	-0.3779984114336668	1.0685299873329943
3.2999999999999776	0.34540565647307053	-1.3915817532752854	-0.37016916864027716	1.072307345985883
3.3074999999999775	0.34539924263990596	-1.416017473826532	-0.3631565558887968	1.0793045397052077
3.3149999999999773	0.34558588455631256	-1.4421356875612625	-0.356041704792965	1.0873613362092165
3.322499999999977	0.3459816323078148	-1.4665983249648642	-0.3482680463122286	1.0945747142090774
3.329999999999977	0.3466990698718897	-1.4947428062019783	-0.3406541263543837	1.1022711160635768
3.337499999999977	0.3474475532725353	-1.5034166884940856	-0.3298705743991235	1.1017298058637948
3.3449999999999767	0.34786258765461203	-1.4877226682890203	-0.3157853135616728	1.0903035172979307
3.3524999999999765	0.3476900371516823	-1.452019005485572	-0.299564836550913	1.069235453379895
3.3599999999999763	0.34681556567862226	-1.4006155357429857	-0.28218688985017265	1.0397887244031798
3.367499999999976	0.34566951133297114	-1.362546129606314	-0.2673865081706813	1.0124313486188212
3.374999999999976	0.34445098394930257	-1.3221693596211517	-0.2529633175031575	0.9814064036719206
3.382499999999976	0.3429621742069546	-1.256419660519683	-0.23641233472733095	0.9379132492300315
3.3899999999999757	0.34116912817761946	-1.175511681716562	-0.21928005660059702	0.8851668400029219
3.3974999999999755	0.3392386943698614	-1.0858250460530736	-0.2024126756644344	0.825778108942867
3.4049999999999754	0.3372257631922993	-0.9889102816033524	-0.1860828112014167	0.7625610477651906
3.412499999999975	0.33514513631651693	-0.8785951556602132	-0.16973045008946985	0.6883242139322331
3.419999999999975	0.3330009369824497	-0.7324464193436413	-0.1517045745823445	0.5984338563024981
3.427499999999975	0.33077728512271976	-0.5806433828491521	-0.13496434129146337	0.50381108187976
3.4349999999999747	0.32845069001641514	-0.42733291989176636	-0.11980002261966262	0.40575332784396334
3.4424999999999746	0.32603148329977627	-0.2266773109073209	-0.10306021360608594	0.28270901492494366
3.4499999999999744	0.32351851081170513	0.0052048411375826085	-0.0865407856965774	0.14090911341894913
3.4574999999999743	0.3208428014192227	0.207715911739086	-0.07425888908048327	0.012865423413307632
3.464999999999974	0.3180372403843429	0.46534553403330714	-0.06102979694349074	-0.15036714853907418
3.472499999999974	0.3150517984939181	0.7332867521862152	-0.04996939555997015	-0.3114874582051771
3.479999999999974	0.31189322898922367	0.9982793048753673	-0.041582261235141964	-0.4783806870506986
3.4874999999999736	0.3085558572344477	1.2732025710687822	-0.035242967684870695	-0.6416632008011742
3.4949999999999735	0.3050797398532228	1.5238782174044556	-0.03212004942358637	-0.7933076197022191
3.5024999999999733	0.3015006565026112	1.7430937010938758	-0.0319379278752405	-0.9244591041847211
3.509999999999973	0.29788941582107953	1.9797927111099136	-0.032785034475275886	-1.0567368799050239
3.517499999999973	0.2942842701382254	2.1039823689152377	-0.03788619624833857	-1.1414442855715832
3.524999999999973	0.29076159487745135	2.25223324189549	-0.04286481700765195	-1.2246210681990901
3.5324999999999727	0.2873755475662799	2.3552212092181195	-0.049266805372617586	-1.2836149328943467
3.5399999999999725	0.2841617544776449	2.391245308701359	-0.05690801803568305	-1.3071946403200916
3.5474999999999723	0.2811456642715688	2.375475379284261	-0.06495369991614913	-1.2995393195903526
3.554999999999972	0.27832577949435827	2.3449497533117256	-0.07258860211850122	-1.2760448345347999
3.562499999999972	0.27573151791938816	2.256350958235938	-0.0801107531845765	-1.2292093161412037
3.569999999999972	0.27337908444236064	2.180148269030061	-0.08655740547363525	-1.178942004199981
3.5774999999999717	0.27129574736257595	2.0620699960958384	-0.09242850972261483	-1.1100856052845258
3.5849999999999715	0.2694995746583146	1.903508983916232	-0.09749919089130399	-1.0198137462407484
3.5924999999999714	0.2679947252608544	1.7503687167508126	-0.10136533194228003	-0.9343561509684672
3.5999999999999712	0.2667740434309539	1.633870894638568	-0.10411166511263197	-0.8655013921391175
3.607499999999971	0.2658061963452693	1.4578629838385566	-0.1063414438045603	-0.7687146528978079
3.614999999999971	0.26507296130851327	1.347838855902668	-0.10765009821717401	-0.7026030977777854
3.6224999999999707	0.2645577492516146	1.1799033470980447	-0.10846079611658141	-0.6139918161543565
3.6299999999999706	0.26423630631576783	1.09931377169176	-0.10847625970263845	-0.5679859221118654
3.6374999999999704	0.2640434195035186	0.9504810054256748	-0.1083041097431948	-0.48451754782506573
3.6449999999999703	0.2639399635255128	0.8782315208578432	-0.10775117101326098	-0.44139678731918397
3.65249999999997	0.2638457910969512	0.7876850552533011	-0.10719254438509092	-0.384879040404129
3.65999999999997	0.26375714985758253	0.7301777847776112	-0.10653359315493834	-0.34592471782150946
3.66749999999997	0.26366868164103974	0.6482283007252678	-0.10577050062390961	-0.2953777935875484
3.6749999999999696	0.263553939460292	0.6112194821744662	-0.10494870422775915	-0.26544777689230725
3.6824999999999695	0.26340681912587344	0.559237903324646	-0.10412218590332918	-0.22937683770352116
3.6899999999999693	0.2632138953379099	0.5214824896465717	-0.10333504956715422	-0.20067206343471045
3.697499999999969	0.26300199611532904	0.4938159184474191	-0.10259378619101098	-0.1796592087043701
3.704999999999969	0.2628309471248288	0.4502509901395777	-0.10182487193829876	-0.1533332681020906
3.712499999999969	0.26268324477243177	0.42578372883051097	-0.1010527418951901	-0.13540043540590802
3.7199999999999687	0.2624986799568128	0.4035742936413252	-0.1003278709300636	-0.11447707644984323
3.7274999999999685	0.2623118796125828	0.3832399904446059	-0.09958113010120037	-0.0978374338921644
3.7349999999999683	0.2621622202791424	0.36213440325185203	-0.09877178381268212	-0.08380763715624258
3.742499999999968	0.26205538987637633	0.34121669591380366	-0.09790775694797395	-0.07016464716778281
3.749999999999968	0.2619841267547449	0.3235922696693785	-0.0970189062303292	-0.05765183954301415
3.757499999999968	0.26193831131736933	0.3093855566594288	-0.0961235707159439	-0.046718980130609856
3.7649999999999677	0.2619119226744546	0.29719575368783757	-0.09519873362604511	-0.03791821213744567
3.7724999999999675	0.261895749197809	0.28687848869375676	-0.09420391356607005	-0.03160182589382895
3.7799999999999674	0.261877350121343	0.2779792412786236	-0.0931112519829696	-0.02708199267003869
3.7874999999999672	0.26184704643069867	0.27052517693145467	-0.09194248634508113	-0.023318904532036465
3.794999999999967	0.26179282908016016	0.26656262968740896	-0.09078936510764768	-0.019852377438638026
3.802499999999967	0.261712760817133	0.26574902219621194	-0.08970778364631313	-0.017411446487065954
3.8099999999999667	0.2616136929627357	0.2665189838793214	-0.08871104430381817	-0.015967200645109272
3.8174999999999666	0.2614999056254761	0.26954473436537163	-0.08782707432634737	-0.015220382444247081
3.8249999999999664	0.26138480998656183	0.27275172256218894	-0.0870290305830717	-0.015473173261636393
3.8324999999999663	0.2612817409193839	0.27411395591730103	-0.08628053934853618	-0.015720890881717832
3.839999999999966	0.26119618600261585	0.2740127747210931	-0.08557070499794861	-0.01542226971139772
3.847499999999966	0.26112303185403773	0.2742030849206818	-0.0849051296355949	-0.01508978549812326
3.854999999999966	0.26105373016607164	0.27651697487572235	-0.08429390006789637	-0.01573161859777153
3.8624999999999656	0.2609917716904078	0.2793002057808266	-0.08372837166363176	-0.017331384157590758
3.8699999999999655	0.2609464754273749	0.2809144112203989	-0.08319355423027576	-0.01910440062434554
3.8774999999999653	0.26092355359644476	0.27949593169949893	-0.08267856146044486	-0.019463257194646
3.884999999999965	0.260924323874379	0.2746753203705643	-0.08217826377524427	-0.017669214173576482
3.892499999999965	0.2609474942726824	0.2694969347728559	-0.0816936973977656	-0.015373943573497771
3.899999999999965	0.2609914700198094	0.2687930385037417	-0.08123038483336673	-0.015618475625438832
3.9074999999999647	0.261054819535541	0.27326808212305026	-0.08079207085826257	-0.019023803779044682
3.9149999999999645	0.26113609413512334	0.2759408727769307	-0.0803724053108597	-0.0214410891616435
3.9224999999999643	0.26123551471750706	0.26865464253905463	-0.07995306602968702	-0.018004922660415257
3.929999999999964	0.26135605762649783	0.25403740615229486	-0.07951561614550107	-0.010612780857785754
3.937499999999964	0.2615040174115223	0.2434143969855792	-0.07905184685339028	-0.006634007713331051
3.944999999999964	0.26169245636913596	0.2405554546860556	-0.07855540061905827	-0.008542499700322802
3.9524999999999637	0.261942248486965	0.23527566103151798	-0.07800732147132122	-0.00998899292815536
3.9599999999999635	0.26227097394279664	0.22087753585445175	-0.07738388306824018	-0.006763014194151387
3.9674999999999634	0.26265715360041053	0.20747367635957858	-0.07668127986701916	-0.003983815062124259
3.9749999999999632	0.26302114922985587	0.20472030643981026	-0.07591241725363858	-0.005367591290228922
3.982499999999963	0.2632977755844212	0.20436911789054388	-0.07507677270692302	-0.0059928356479069175
3.989999999999963	0.2634788451504984	0.20237722660456525	-0.07417605059105398	-0.005223890974294383
3.9974999999999627	0.2635802390626437	0.20614436681610981	-0.07324024739631368	-0.00790211579923724
4.004999999999963	0.26360100086016724	0.21280151928974636	-0.0723086969718258	-0.010702709487229282
4.012499999999963	0.2635402497612178	0.21696979610920836	-0.0714105496345362	-0.010562930664844171
4.019999999999963	0.2634062637366547	0.2238269491799031	-0.07057157163104977	-0.011826025489498855
4.027499999999963	0.26321471280567244	0.22868364464564042	-0.06979882121485718	-0.011909260434137876
4.034999999999964	0.2629827719326726	0.2297449162533371	-0.06908783136809625	-0.00992271883697323
4.042499999999964	0.26271518685596007	0.23529248428388383	-0.0684377567950217	-0.010832334921866568
4.049999999999964	0.26240752600507633	0.24105709979993212	-0.06784605803068168	-0.011199934969511542
4.057499999999965	0.2620592113945852	0.24584012049414944	-0.06734233187043803	-0.009721637562719931
4.064999999999965	0.2616636284451497	0.25209346541734795	-0.0669907185916556	-0.006400427203432375
4.072499999999965	0.2612221403443624	0.2575924630649626	-0.06680514832324429	-0.0014771262553849723
4.079999999999965	0.2607535119651064	0.2651409278281721	-0.06675022224237698	0.0002459390792959801
4.087499999999966	0.2602802757931124	0.2692390607206627	-0.06677768573739283	0.0019216273583648816
4.094999999999966	0.2598193953003178	0.2696117134243782	-0.06685625302457782	0.004469905406140874
4.102499999999966	0.2593833385638329	0.2720518491585736	-0.06697121797288791	0.004544858028781004
4.109999999999967	0.25897926262383564	0.27271773893318735	-0.06711071242371461	0.005179422584303282
4.117499999999967	0.2586101699071326	0.269153305273811	-0.06726511152844977	0.008202346613365996
4.124999999999967	0.2582768908721924	0.2666672389922327	-0.06743271292058027	0.010047973612478105
4.132499999999967	0.25797717245286295	0.2640045899933148	-0.06761279386769813	0.011898821191351723
4.139999999999968	0.25770801108113206	0.259812349804997	-0.06780171156744626	0.01447562295184401
4.147499999999968	0.25746755957073386	0.2564060910110718	-0.06799571020916852	0.015946234817884777
4.154999999999968	0.25725404019437337	0.25346546385872076	-0.06819049659884677	0.016538712152900193
4.162499999999969	0.2570652316726455	0.24913480365013524	-0.06838183059516828	0.01759726211255529
4.169999999999969	0.25689876094892694	0.24319244927364192	-0.06856659244600205	0.019370152684609523
4.177499999999969	0.25675284189789627	0.2386488889325257	-0.06874575348472615	0.019688483044786667
4.184999999999969	0.2566252878443555	0.23389794214158002	-0.06892157362121391	0.0198142045710817
4.19249999999997	0.256515300343918	0.22911577561613	-0.0690994317296842	0.019366725677700217
4.19999999999997	0.25642308989929496	0.2239953441492741	-0.06928422460003142	0.01857496663625138
4.20749999999997	0.25634701137601057	0.21823854149062355	-0.06947336909466648	0.01853597919041249
4.2149999999999705	0.2562807860313711	0.21179436653917832	-0.06964935529324315	0.02074718247297313
4.222499999999971	0.25622073450782207	0.2067007235959573	-0.06979496543060165	0.023263328099557785
4.229999999999971	0.2561668955710511	0.20269278825206843	-0.0699055933961818	0.025185444377555263
4.237499999999971	0.2561190442722616	0.1984230970342592	-0.06999188479505969	0.026745563038674963
4.244999999999972	0.25607554474520355	0.19246713422630488	-0.0700795455901148	0.028247187464908584
4.252499999999972	0.25603173441026295	0.1871509325778222	-0.07019436373904618	0.02853890598807722
4.259999999999972	0.2559789917153216	0.1844124730597948	-0.07034177933872084	0.027995021048257015
4.2674999999999725	0.25590455780602417	0.18263390657262193	-0.0705006509236573	0.029278002910981014
4.274999999999973	0.255801223688788	0.17993179157538025	-0.07065126435651913	0.03265635652337777
4.282499999999973	0.2556672941365156	0.17820791856173768	-0.07078159867243457	0.036128410574903146
4.289999999999973	0.25550551317227566	0.17750273704522765	-0.07088895726682826	0.03895843549440105
4.297499999999974	0.2553270925601572	0.175820002531745	-0.07099601293497303	0.04058416051196675
4.304999999999974	0.2551437458085398	0.17270910836683392	-0.07112505235535356	0.04128472847560165
4.312499999999974	0.2549647787530946	0.16959267610742668	-0.07128402736423964	0.04118476462037107
4.3199999999999745	0.25479703855088165	0.16613277953651603	-0.07146770623958038	0.04143021436068326
4.327499999999975	0.25464588754480877	0.1622151850856505	-0.07166642797783979	0.04245910372655773
4.334999999999975	0.2545158439319868	0.15807551767784733	-0.07187123791536977	0.044040997703903
4.342499999999975	0.2544078839376228	0.1538723213851699	-0.07206589691193237	0.04651072657324837
4.349999999999976	0.25432104165054353	0.15041556689616517	-0.07223292138305505	0.049553167403739634
4.357499999999976	0.25425571032979133	0.146768386650089	-0.07236833435449186	0.053158558944124225
4.364999999999976	0.2542125623425898	0.14301657200312526	-0.07248339660600357	0.05680277662697046
4.3724999999999765	0.2541890762740966	0.13970281921501182	-0.07259056207764379	0.06003597753062467
4.379999999999977	0.2541822460667828	0.13739504271468883	-0.07270256606707236	0.062470045842733746
4.387499999999977	0.2541903559287458	0.13512745122232062	-0.07283163533592993	0.06438153923758946
4.394999999999977	0.25421122720970746	0.13315441514409673	-0.07298820328522597	0.0659089826290828
4.402499999999978	0.25423895809567687	0.1315687666937461	-0.07317741933751261	0.06722718274698504
4.409999999999978	0.25426588182628285	0.1311461562838257	-0.07340298567100288	0.06808147202933724
4.417499999999978	0.25428663046568384	0.1310326134424559	-0.0736649101524922	0.06891678710825624
4.4249999999999785	0.2543015398595735	0.13082633942049726	-0.0739613705117883	0.06981490050368576
4.432499999999979	0.2543146702195975	0.1303984465218025	-0.0742904146353061	0.07071212207203965
4.439999999999979	0.25433041326449174	0.12962500318698725	-0.0746494733034528	0.07178781666585578
4.447499999999979	0.2543519987689169	0.12833712394101376	-0.0750318704919795	0.07334285555231773
4.45499999999998	0.25438189913756426	0.12676988590656207	-0.07542634324127562	0.07528181893381707
4.46249999999998	0.2544226660551164	0.12501501446467594	-0.07582069638147858	0.07737326337889344
4.46999999999998	0.2544769228873968	0.12295204177376673	-0.07620527287234904	0.0795448463918981
4.4774999999999805	0.2545465101978357	0.12064105537615791	-0.07657270684615877	0.08181238721727897
4.484999999999981	0.25463175153141526	0.11825833237377653	-0.07691619134594517	0.08420521879997774
4.492499999999981	0.25473154826737543	0.11596671336248157	-0.07723097313865107	0.0866768516395842
4.499999999999981	0.25484381919409665	0.11377130353775636	-0.0775195084194941	0.08908170201254423
4.507499999999982	0.2549652954116367	0.11172615414322665	-0.0777918265465375	0.09124351660724654
