#strength 	x-position 	z-position 
0.00732122278535544	-8.993790578818244	0.021766355238652432
0.00731348651311641	-8.99275873094238	0.02167608024703121
0.007298030624079648	-8.99069717385295	0.021495717372494477
0.007274887913565462	-8.98761018044183	0.021225640444642306
0.007244107838851952	-8.983504148974271	0.02086640923915018
0.007205756757855208	-8.978387589827506	0.020418768317548446
0.00715991661684097	-8.9722711078517	0.019883645484004814
0.007106684680821367	-8.965167380389776	0.019262149862308568
0.007046175011553754	-8.95709113100168	0.018555569597042118
0.00697851792533147	-8.948059098947569	0.017765369183704666
0.006903857553368761	-8.938090004493125	0.01689318643332162
0.006822352305325189	-8.92720451010895	0.01594082907783117
0.006734177045702397	-8.91542517764444	0.01491027102328377
0.006639521339049694	-8.90277642156491	0.013803648258620429
0.006538586238465834	-8.889284458348886	0.012623254428509449
0.0064315858818425765	-8.874977252150439	0.011371536079417599
0.00631874996089724	-8.859884456839222	0.010051087588768954
0.0062003204433095	-8.844037354538287	0.008664645787701514
0.006076548087330507	-8.827468790787105	0.007215084288566727
0.005947695436811432	-8.810213106464182	0.005705407528929078
0.00581403906223606	-8.792306066610335	0.004138744544410435
0.0056758646117240335	-8.77378478630018	0.002518342483285911
0.0055334636528506335	-8.754687653715479	0.0008475598762731839
0.005387138161734962	-8.735054250579772	-0.0008701403245352823
0.0052372019438438715	-8.71492527011921	-0.002631197923169239
0.0050839740594039885	-8.694342432719623	-0.0044319628588305
0.004927776648425967	-8.673348399454655	-0.006268702771201312
0.004768940811481314	-8.651986683664173	-0.008137610736331083
0.004607806596598809	-8.63030156076623	-0.010034813157067607
0.0044447150582622484	-8.608337976489487	-0.011956377791678675
0.004280007722703568	-8.586141453716344	-0.013898321904023563
0.004114033544218988	-8.563757998129804	-0.01585662051838186
0.003947146876678199	-8.541234002859667	-0.0178272147618303
0.0037796986483356215	-8.518616152325693	-0.01980602027687669
0.003612038069394273	-8.495951325477009	-0.02178893568691454
0.003444520126814986	-8.473286498628323	-0.023771851096952387
0.003277501045182176	-8.45066864809435	-0.025750656611998775
0.0031113292845157043	-8.428144652824212	-0.02772125085544721
0.00294634998137575	-8.40576119723767	-0.029679549469805507
0.0027829122212795834	-8.383564674464528	-0.0316214935821504
0.0026213616323363057	-8.361601090187786	-0.03354305821676147
0.002462032140129134	-8.33991596728984	-0.035440260637498
0.002305253468849773	-8.31855425149936	-0.03730916860262777
0.002151357197300298	-8.297560218234391	-0.039145908514998565
0.002000666319724711	-8.276977380834804	-0.04094667345065983
0.0018534889375592203	-8.256848400374242	-0.04270773104929379
0.00171012892676331	-8.237214997238539	-0.04442543125010226
0.0015708895116522306	-8.218117864653838	-0.04609621385711499
0.0014360598829818373	-8.19959658434368	-0.04771661591823951
0.0013059123302610897	-8.181689544489831	-0.04928327890275815
0.0011807158894144708	-8.164433860166909	-0.050792955662395806
0.001060735775250393	-8.14786529641573	-0.05224251716153059
0.0009462175376548771	-8.132018194114794	-0.05362895896259803
0.0008373897364368466	-8.116925398803577	-0.05494940745324668
0.0007344799595402471	-8.10261819260513	-0.05620112580233853
0.0006377077348270903	-8.089126229389104	-0.0573815196324495
0.0005472676549750735	-8.076477473309575	-0.05848814239711284
0.0004633414268257397	-8.064698140845067	-0.059518700451660245
0.0003861149273934409	-8.05381264646089	-0.0604710578071507
0.00031576070410565827	-8.043843552006447	-0.06134324055753374
0.0002524251996181019	-8.034811519952335	-0.0621334409708712
0.00019625498392233253	-8.02673527056424	-0.06284002123613765
0.0001473806489191657	-8.019631543102314	-0.0634615168578339
0.00010580393899834067	-8.013515061126508	-0.06399663969137753
7133177844726494e-20	-8.008398501979745	-0.06444428061297926
43711228555445134e-21	-8.004292470512185	-0.06480351181847138
228422622595125e-19	-8.001205477101065	-0.06507358874632355
8814965001313938e-21	-7.999143920011634	-0.06525395162086028
1765845180952192e-21	-7.998112072135772	-0.06534422661248152
