#Fourier coeffs (0-n) 	d/dt (Fourier coeffs) 
0.0804206579624622	0.0008407817082325039
-0.0012306475303856717	0.00028196641231392647
0.0003746904476795428	-8995739284783344e-20
-0.00018824436452105346	4432468872462517e-20
0.00010569186300996112	0
-5970579907087397e-20	0
3178669942234417e-20	0
-14268954186497098e-21	0
3273886845499347e-21	0
34240527744313977e-22	0
-7219779848038226e-21	0
9044102414822986e-21	0
-9545100357586015e-21	0
9185829864596364e-21	0
-8301048658652264e-21	0
7132537682863568e-21	0
-5852601179590403e-21	0
4580676964829424e-21	0
-33956965996799667e-22	0
2345654468214861e-21	0
-1455216936756849e-21	0
7318620613641036e-22	0
-17085363819667744e-23	0
-2407488962735242e-22	0
5208988916569841e-22	0
-6900735698773132e-22	0
7693886776095767e-22	0
-7792274202960739e-22	0
7383012412600094e-22	0
-6630659745128562e-22	0
5674229616521606e-22	0
-46264130062533025e-23	0
35744447323355507e-23	0
-2582120696954216e-22	0
16925491457093027e-23	0
-9312936328639795e-23	0
