#strength 	x-position 	z-position 
-0.04186538040205421	-0.16653379579795927	0.04814446759721305
-0.0016018121059206483	-0.1688937854292116	-0.03107923560005801
-0.0071234882568686365	-0.21651047887465585	0.0009417908322825201
-0.00529475302904338	-0.21814567021425044	0.06548922959289867
-0.004775374303329943	-0.1282763336981715	-0.04379701281995113
-0.004271399771480682	-0.2587167290594131	-0.051987082962676776
-0.0038921308728170753	-0.19749900498083234	-0.04941545908021541
-0.003587736053715967	-0.15312907453165545	-0.07805311876509877
-0.003337901077009915	-0.17542522914013745	-0.05938468555947144
-0.0031279548098067725	-0.20792766902420615	-0.02854725603841139
-0.002948232968388911	-0.07692872761504471	-0.005269995178849516
-0.0027920525767365168	-0.11157915582643277	-0.0149626629955622
-0.002654648462229286	-0.11041909481186549	-0.03006163147074533
-0.0025325185630453387	-0.2675325247468984	-0.07254623368675873
-0.0024230218607840144	-0.29307919415607026	0.06932564751348724
-0.002324121377731931	-0.24504009669028096	0.1254691925193547
-0.0022342140326152672	-0.18298930725083493	0.1589154198812104
-0.0021520149788250374	-0.108699528974735	0.1591279630042522
-0.0020764779258331603	-0.04383274067708671	0.12371647695074717
-0.0020067398871035664	-0.0043827888339062595	0.06732217338109461
-0.0019420823663454222	0.009659000189534096	0.007037589989251993
-0.0018819032627475432	0.006060692933329205	-0.04960269016397242
-0.001825695586065327	-0.010111386134394454	-0.10097400228758455
-0.0017730305509084127	-0.0356725961551555	-0.14547250685442234
-0.0017235436933335704	-0.06713953365163426	-0.18222698502179838
-0.0016769233080133703	-0.1014994938921885	-0.2116585327111711
-0.0016329008407294648	-0.136672107484038	-0.23484260431900472
-0.0015912430047866823	-0.17139489724849646	-0.2530009340547384
-0.00155174542957392	-0.20499713367272226	-0.26725203034577527
-0.00151422764967535	-0.23718806420712615	-0.27851402601274594
-0.0014785292327368794	-0.2678964825214866	-0.2874973156480965
-0.0014445068343920883	-0.29716805655698825	-0.2947355672515015
-0.0014120319644727198	-0.32510557145044394	-0.3006242044669901
-0.001380989258914436	-0.3518350288104499	-0.30545471926304224
-0.001351275079765183	-0.3774863004254127	-0.30944237620483506
-0.0013227963083767575	-0.40218235060415564	-0.3127475918225561
-0.0012954692456601212	-0.4260339712463544	-0.3154917860362654
-0.0012692185802289386	-0.44913814104955907	-0.3177686508276891
-0.0012439764155728478	-0.4715785462867399	-0.31965188746218237
-0.0012196813649100208	-0.4934271207312724	-0.32120044012967386
-0.001196277724816435	-0.5147458328839704	-0.3224620843623437
-0.0011737147378274235	-0.5355883117152253	-0.32347598314796433
-0.0011519459435080058	-0.5560011850364734	-0.32427458393109515
-0.0011309286162538047	-0.5760251554856844	-0.3248850603907391
-0.0011106232830223467	-0.5956958794018927	-0.32533041284669006
-0.001090993312422404	-0.6150447088410712	-0.32563029907832547
-0.0010720045687562067	-0.6340993350121894	-0.32580165182475346
-0.0010536251241377963	-0.6528843486918291	-0.3258591347197246
-0.0010358250226286617	-0.6714217216634802	-0.3258154832211693
-0.0010185760913569378	-0.6897312099471588	-0.32568176933150667
-0.0010018517917416581	-0.7078306813124782	-0.3254676193418022
-0.000985627104863421	-0.7257363735332857	-0.3251814038995034
-0.0009698784428335445	-0.7434630933314108	-0.3248304110438387
-0.0009545835794493359	-0.7610243684131544	-0.3244210060213905
-0.000939721591883512	-0.778432566243449	-0.32395877699273484
-0.0009252728080438657	-0.7956989919692374	-0.3234486639110236
-0.0009112187541808134	-0.8128339745288932	-0.32289506850774935
-0.0008975421001916322	-0.829846946523014	-0.32230194491882924
-0.000884226600592829	-0.846746520500886	-0.32167287216172175
-0.0008712570315553038	-0.8635405620193976	-0.3210111110335027
-0.0008586191243836923	-0.8802362587810476	-0.3203196484984263
-0.0008462994968902841	-0.8968401853228456	-0.319601232267996
-0.0008342855842555421	-0.9133583630231548	-0.3188583977242856
-0.0008225655710011933	-0.9297963153451756	-0.3180934889117727
-0.0008111283255634785	-0.9461591183475051	-0.31730867498210924
-0.0007999633390587003	-0.9624514466233323	-0.316505963169019
-0.0007890606686518954	-0.978677614911476	-0.31568720917751425
-0.0007784108872843643	-0.9948416153964369	-0.31485412585609446
-0.0007680050391356153	-1.0109471507749495	-0.31400829087779947
-0.000757834601404328	-1.0269976633287894	-0.31315115395352344
-0.0007478914524797278	-1.042996360170793	-0.31228404399028126
-0.0007381678446891551	-1.0589462350159051	-0.31140817644450214
-0.0007286563828325186	-1.0748500866930264	-0.3105246610636065
-0.0007193500057878898	-1.0907105347877921	-0.30963450999962155
-0.0007102419709997861	-1.1065300330791785	-0.3087386460802186
-0.000701325841610069	-1.1223108810265128	-0.3078379111551881
-0.0006925954738621759	-1.1380552336607872	-0.3069330743738726
-0.000684045005627458	-1.1537651103748743	-0.3060248401192961
-0.0006756688444211224	-1.1694424029731934	-0.30511385536493624
-0.0006674616550031709	-1.1850888832512654	-0.30420071632071305
-0.0006594183467327104	-1.2007062101333668	-0.30328597436510596
-0.0006515340601383705	-1.2162959365099695	-0.3023701412012888
-0.0006438041525125195	-1.231859516002618	-0.3014536931506671
-0.0006362241845469623	-1.2473983095489267	-0.3005370746727071
-0.0006287899052146509	-1.262913591803371	-0.29962070119713197
-0.0006214972389427739	-1.2784065573358874	-0.2987049613458002
-0.0006143422714913332	-1.2938783265907836	-0.2977902186359809
-0.0006073212383051179	-1.309329951581522	-0.29687681276746597
-0.0006004305127518331	-1.3247624212182272	-0.29596506062429123
-0.0005936665963919615	-1.3401766662784826	-0.29505525706929475
-0.0005870261098204627	-1.3555735639967832	-0.29414767561571986
-0.0005805057854716949	-1.3709539422161923	-0.2932425690718721
-0.0005741024611217692	-1.386318583124542	-0.29234017019423253
-0.0005678130745106254	-1.401668226657874	-0.2914406923543083
-0.0005616346594449571	-1.4170035734987032	-0.29054433029209886
-0.0005555643420774581	-1.4323252876965589	-0.2896512609730277
-0.0005495993382153147	-1.4476339990145675	-0.28876164450672703
-0.00054373695082237	-1.4629303050133704	-0.28787562512762843
-0.0005379745681176624	-1.4782147728831732	-0.28699333223848683
-0.0005323096614048162	-1.493487941093337	-0.28611488147900577
-0.0005267397832290129	-1.5087503209001023	-0.28524037579239375
-0.000521262565470677	-1.5240023977163526	-0.2843699064769166
-0.0005158757169334369	-1.5392446324141127	-0.2835035541818294
-0.0005105770213484767	-1.5544774625555962	-0.2826413898426699
-0.0005053643348801127	-1.5697013035511829	-0.28178347555023364
-0.000500235583374524	-1.5849165498081155	-0.2809298653185904
-0.0004951887601432302	-1.6001235758426298	-0.28008060576011207
-0.0004902219228500523	-1.6153227373701398	-0.2792357366689378
-0.00048533319134471883	-1.630514372360255	-0.27839529152847275
-0.0004805207450340604	-1.645698802032894	-0.27755929795884454
-0.0004757828203440246	-1.6608763318476776	-0.27672777808845667
-0.0004711177088820937	-1.6760472524384464	-0.2759007488839267
-0.00046652375520923883	-1.691211840477766	-0.2750782224622028
-0.0004619993552304174	-1.7063703594925705	-0.27426020638489124
-0.0004575429545048623	-1.7215230606117349	-0.27344670395326426
-0.00045315304698898516	-1.7366701832415317	-0.2726377145129943
-0.00044882817350060805	-1.7518119556962113	-0.271833233756679
-0.00044456692061874137	-1.766948595786251	-0.27103325402726514
-0.0004403679195613651	-1.782080311339183	-0.27023776463986476
-0.0004362298449812063	-1.7972073006773461	-0.2694467522094854
-0.0004321514137778735	-1.8123297530719038	-0.26866020097154353
-0.00042813138401514086	-1.8274478491603452	-0.26787809310141775
-0.00042416855359562675	-1.842561761333158	-0.2671004090300417
-0.00042026175903983956	-1.857671654101802	-0.2663271277466341
-0.0004164098740106169	-1.8727776844463992	-0.2655582270885939
-0.0004126118080769615	-1.8878800021352238	-0.2647936840205287
-0.00040886650491464213	-1.902978750036352	-0.26403347488735085
-0.000405172940823699	-1.9180740644263883	-0.2632775756360198
-0.00040153012306365886	-1.9331660752782305	-0.26252596201328826
-0.0003979370879136062	-1.9482549065497932	-0.26177860972560824
-0.0003943928990738973	-1.963340676471502	-0.2610354945584044
-0.0003908966456139043	-1.9784234978321282	-0.26029659245516606
-0.0003874474403946608	-1.993503478260129	-0.25956187955823967
-0.00038404441820013603	-2.0085807205027053	-0.258831332208684
-0.00038068673395553164	-2.0236553227192267	-0.258104926899046
-0.00037737356153244583	-2.038727378757256	-0.257382640201952
-0.0003741040921222197	-2.053796978416837	-0.2566644486767339
-0.0003708775331686589	-2.068864207717898	-0.2559503287499658
-0.00036769310746288635	-2.0839291491482967	-0.255240256589018
-0.00036455005229711623	-2.098991881894357	-0.25453420797639703
-0.0003614476190798091	-2.114052482050451	-0.2538321581922114
-0.0003583850728127169	-2.129111022809708	-0.253134081908069
-0.0003553616920417054	-2.144167574638113	-0.2524399530954015
-0.0003523767686783707	-2.1592222054286627	-0.25174974495398994
-0.00034942960823617676	-2.1742749806365054	-0.2510634298630427
-0.0003465195297728263	-2.1893259634007634	-0.25038097935351417
-0.00034364586640960905	-2.2043752146497373	-0.24970236410515487
-0.0003408079652679908	-2.2194227931917734	-0.24902755396922943
-0.0003380051882230003	-2.234468755785806	-0.24835651802013703
-0.0003352369116566209	-2.2495131572046825	-0.2476892246256806
-0.0003325025270456538	-2.2645560502952558	-0.24702564153206158
-0.0003298014409517918	-2.2795974860201347	-0.2463657359705853
-0.0003271330750860852	-2.294637513501038	-0.24570947477001936
-0.00032449686620101593	-2.309676180065999	-0.2450568244684024
-0.0003218922660504168	-2.324713531294389	-0.24440775142602073
-0.00031931874107483417	-2.3397496110630143	-0.24376222193572183
-0.0003167757721665044	-2.3547844615954756	-0.24312020232714876
-0.00031426285430172056	-2.3698181235103095	-0.24248165906704572
-0.000311779496147236	-2.38485063586729	-0.2418465588555597
-0.0003093252195867837	-2.3998820362113196	-0.24121486871726694
-0.00030689955916742007	-2.4149123606174356	-0.24058655608237933
-0.00030450206140377606	-2.4299416437392054	-0.23996158885523217
-0.0003021322843003559	-2.4449699188518417	-0.23933993547442214
-0.000299789796430628	-2.4599972178982448	-0.23872156495619676
-0.000297474176158382	-2.4750235715466387	-0.23810644691309577
-0.00029518501105338726	-2.4900490092459147	-0.23749455155688856
-0.0002929218968157274	-2.505073559285939	-0.23688584968191
-0.0002906844369770824	-2.5200972488590607	-0.23628031263132784
-0.00028847224168893765	-2.535120104127079	-0.235677912245508
-0.00028628492783149863	-2.550142150283255	-0.23507862080285774
-0.00028412211791443813	-2.565163411611433	-0.23448241095400893
-0.0002819834401659241	-2.5801839115490965	-0.23388925564753157
-0.0002798685279584972	-2.5952036727389176	-0.2332991280622996
-0.0002777770200663894	-2.61022271707016	-0.23271200154784083
-0.0002757085599074307	-2.6252410657252443	-0.2321278495617021
-0.00027366279614154596	-2.6402587392207533	-0.23154664561422256
-0.0002716393823781211	-2.6552757574340236	-0.2309683632293172
-0.0002696379771476298	-2.6702921396362185	-0.23039297590613445
-0.00026765824441255665	-2.6853079045133263	-0.22982045709532115
-0.0002656998531163201	-2.7003230701882437	-0.2292507801800525
-0.00026376247771014646	-2.715337654244491	-0.22868391846163114
-0.00026184579823891087	-2.7303516737368536	-0.2281198451610922
-0.0002599495001962913	-2.745365145209337	-0.22755853342034468
-0.00025807327495322614	-2.760378084710352	-0.22699995631008563
-0.0002562168197872555	-2.77539050779982	-0.2264440868487636
-0.0002543798377073591	-2.7904024295649066	-0.22589089801797238
-0.0002525620379495025	-2.805413864630167	-0.22534036278550476
-0.0002507631357120954	-2.8204248271635834	-0.22479245413450077
-0.00024898285217721597	-2.8354353308905886	-0.2242471450871947
-0.0002472209147298312	-2.850445389102335	-0.223704408734394
-0.0002454770566421051	-2.865455014664107	-0.22316421826541702
-0.00024375101722903803	-2.8804642200270694	-0.222626546994469
-0.0002420425415721912	-2.895473017239341	-0.2220913683869454
-0.00024035138069607685	-2.9104814179541885	-0.2215586560874061
-0.00023867729115296422	-2.925489433440544	-0.22102838394362964
-0.00023702003501207755	-2.9404970745972334	-0.2205005260254628
-0.00023537937990109926	-2.9555043519599744	-0.21997505664825337
-0.00023375509844840783	-2.9705112757140295	-0.21945195038876641
-0.00023214696846779806	-2.985517855708466	-0.21893118209731224
-0.00023055477272532557	-3.0005241014632515	-0.218412726914704
-0.00022897829861689457	-3.015530022180981	-0.21789656028285342
-0.00022741733819453894	-3.030535626758545	-0.21738265795267944
-0.000225871687815243	-3.04554092379722	-0.21687099599126736
-0.00022434114811860882	-3.060545921613501	-0.21636155078631344
-0.00022282552366331178	-3.0755506282495864	-0.2158542990487985
-0.00022132462306391834	-3.090555051481413	-0.2153492178159876
-0.00021983825832820603	-3.1055591988302393	-0.21484628444858883
-0.00021836624523042213	-3.1205630775724114	-0.21434547662770786
-0.00021690840271571497	-3.135566694746473	-0.2138467723525504
-0.00021546455294240395	-3.1505700571646895	-0.21335014993151424
-0.00021403452104518453	-3.1655731714219426	-0.21285558797425094
-0.0002126181351048556	-3.1805760439026125	-0.21236306538428734
-0.00021121522581215614	-3.1955786807900344	-0.21187256134729257
-0.0002098256264519479	-3.2105810880765704	-0.2113840553171723
-0.0002084491729021018	-3.225583271569015	-0.21089752700643746
-0.00020708570323100563	-3.2405852368970494	-0.21041295637238686
-0.00020573505790086148	-3.255586989521538	-0.20993032360271155
-0.00020439707953908565	-3.2705885347394203	-0.2094496091045247
-0.0002030716128683767	-3.2855898776914136	-0.20897079348990108
-0.00020175850461887947	-3.30059102336972	-0.20849385756154534
-0.00020045760372408745	-3.3155919766207522	-0.20801878230471751
-0.00019916876092909187	-3.330592742150151	-0.20754554887666585
-0.00019789182892928844	-3.3455933245307246	-0.20707413859268906
-0.0001966266624510299	-3.360593728205266	-0.2066045329188597
-0.00019537311798517587	-3.375593957490703	-0.206136713464177
-0.00019413105403889158	-3.390594016582013	-0.2056706619734853
-0.00019290033091169147	-3.4055939095552366	-0.20520636032178072
-0.0001916808107354246	-3.4205936403727186	-0.20474379050632543
-0.0001904723575535984	-3.435593212885778	-0.20428293464260924
-0.00018927483723585672	-3.450592630836606	-0.2038237749618626
-0.0001880881174508263	-3.465591897862276	-0.203366293806291
-0.00018691206766591716	-3.4805910174982015	-0.20291047362526535
-0.00018574655929095608	-3.4955899931792405	-0.20245629697501918
-0.00018459146531571262	-3.5105888282438205	-0.20200374651476702
-0.0001834466607157463	-3.525587525936594	-0.20155280500505515
-0.00018231202221501153	-3.540586089408651	-0.2011034553095971
-0.00018118742815340962	-3.5555845217223836	-0.20065568039106402
-0.00018007275885201235	-3.570582825853137	-0.20020946331113115
-0.0001789678961569719	-3.5855810046909387	-0.19976478723091037
-0.00017787272383396405	-3.600579061042954	-0.19932163541040498
-0.0001767871271864726	-3.6155769976354035	-0.1988799912086315
-0.00017571099334376568	-3.6305748171159506	-0.19843983808312346
-0.00017464421100067164	-3.6455725220554314	-0.19800115959021153
-0.00017358667055855648	-3.6605701149502226	-0.19756393938441327
-0.0001725382640363083	-3.6755675982237994	-0.19712816121886356
-0.00017149888500605712	-3.690564974229158	-0.1966938089444283
-0.00017046842873295193	-3.705562245249905	-0.19626086651061106
-0.00016944679191451678	-3.720559413502454	-0.1958293179645786
-0.0001684338728129304	-3.735556481138829	-0.19539914744915723
-0.0001674295713105598	-3.7505534502466467	-0.19497033920503945
-0.00016643378861864143	-3.76555032285156	-0.19454287756896887
-0.00016544642746000628	-3.7805471009203577	-0.19411674697066972
-0.0001644673921064356	-3.795543786360774	-0.19369193193508769
-0.0001634965881308209	-3.810540381023187	-0.19326841708144443
-0.00016253392254405447	-3.825536886703573	-0.19284618712019175
-0.00016157930377993374	-3.840533305144124	-0.19242522685364627
-0.00016063264166301001	-3.8555296380341937	-0.1920055211762716
-0.0001596938472464178	-3.870525887012886	-0.19158705507224874
-0.00015876283315648977	-3.8855220536693658	-0.19116981361676683
-0.00015783951311220193	-3.9005181395442814	-0.19075378197559797
-0.0001569238022869658	-3.9155141461319234	-0.1903389454034927
-0.0001560156171573051	-3.9305100748799604	-0.18992528924675045
-0.00015511487540872428	-3.9455059271911943	-0.18951279894244225
-0.00015422149602999265	-3.960501704424962	-0.18910146001814196
-0.00015333539932435754	-3.9754974078971665	-0.1886912580939414
-0.00015245650661975356	-3.9904930388824518	-0.18828217888072665
-0.00015158474068388723	-4.005488598614779	-0.18787420818121198
-0.0001507200252794938	-4.020484088287532	-0.1874673318917523
-0.0001498622854224016	-4.035479509055122	-0.18706153600106049
-0.00014901144709763767	-4.050474862034233	-0.1866568065891632
-0.0001481674375478706	-4.06547014830431	-0.18625312982762837
-0.00014733018485456502	-4.0804653689084756	-0.1858504919783278
-0.00014649961828645808	-4.095460524854901	-0.18544887939151328
-0.00014567566791641624	-4.110455617117603	-0.18504827850396924
-0.00014485826489113972	-4.12545064663765	-0.18464867583680108
-0.00014404734122657782	-4.1404456143231085	-0.18425005799499025
-0.0001432428298442142	-4.155440521050219	-0.18385241166416819
-0.00014244466437235252	-4.17043536766567	-0.18345572360467774
-0.00014165277942481888	-4.185430154987077	-0.183059980649361
-0.00014086711049473254	-4.200424883802143	-0.18266516970443306
-0.0001400875936181968	-4.21541955487086	-0.18227127774348198
-0.00013931416589662085	-4.230414168926443	-0.1818782918041188
-0.00013854676498583317	-4.245408726675561	-0.18148619898636656
-0.0001377853294867691	-4.260403228799109	-0.18109498645005398
-0.0001370297987000734	-4.275397675952316	-0.18070464141395878
-0.00013628011264163117	-4.290392068765979	-0.18031515115215394
-0.00013553621217158793	-4.305386407846926	-0.17992650299272048
-0.00013479803885739494	-4.320380693778093	-0.17953868431719194
-0.00013406553502649451	-4.335374927119299	-0.17915168255891312
-0.0001333386437737897	-4.3503691084074205	-0.17876548520274277
-0.0001326173089409577	-4.365363238156538	-0.17838007978467574
-0.00013190147501151127	-4.380357316859027	-0.17799545388957747
-0.00013119108727451846	-4.395351344985893	-0.17761159515042743
-0.00013048609169746123	-4.410345322986594	-0.1772284912491057
-0.00012978643497670896	-4.425339251289273	-0.1768461299158352
-0.00012909206437364956	-4.440333130301895	-0.17646449892652383
-0.00012840292787061162	-4.45532696041262	-0.1760835861013519
-0.00012771897418506657	-4.470320741989273	-0.17570337930582688
-0.00012704015239884368	-4.485314475380706	-0.17532386644697537
-0.00012636641247939888	-4.50030816091707	-0.17494503547195578
-0.00012569770480699329	-4.515301798909415	-0.1745668743682631
-0.00012503398041607654	-4.530295389650689	-0.1741893711602393
-0.0001243751907714103	-4.545288933416425	-0.17381251390606398
-0.00012372128809009023	-4.5602824304645475	-0.17343629069718264
-0.00012307222491569382	-4.575275881035645	-0.1730606896565079
-0.0001224279544855024	-4.590269285353484	-0.17268569893557315
-0.00012178843038336724	-4.605262643625453	-0.1723113067120079
-0.0001211536068209014	-4.620255956042937	-0.17193750118710635
-0.00012052343849097008	-4.635249222781044	-0.17156427058547358
-0.00011989788057594798	-4.650242443999024	-0.17119160315244428
-0.00011927688864982015	-4.665235619841117	-0.17081948715037265
-0.00011866041897691179	-4.68022875043621	-0.17044791085845876
-0.00011804842814345726	-4.695221835897777	-0.1700768625717865
-0.00011744087329614711	-4.710214876324625	-0.16970633059801551
-0.00011683771199613203	-4.725207871801101	-0.16933630325568028
-0.0001162389024115286	-4.740200822396895	-0.1689667688738151
-0.00011564440307622499	-4.755193728167213	-0.1685977157906419
-0.00011505417307733704	-4.770186589153157	-0.16822913235144482
-0.00011446817194388052	-4.785179405381805	-0.16786100690762965
-0.00011388635973098513	-4.800172176866234	-0.16749332781566484
-0.00011330869692283488	-4.815164903605851	-0.16712608343567853
-0.00011273514453147282	-4.830157585586389	-0.16675926213066403
-0.00011216566409551036	-4.845150222779708	-0.16639285226660816
-0.00011160021748350853	-4.860142815144436	-0.16602684220990013
-0.00011103876717908322	-4.875135362626013	-0.1656612203265082
-0.00011048127617140774	-4.890127865156177	-0.16529597498326853
-0.00010992770771329	-4.90512032265371	-0.16493109454485294
-0.00010937802580092068	-4.920112735024364	-0.16456656737352246
-0.00010883219467136031	-4.935105102160652	-0.1642023818291388
-0.00010829017914260747	-4.95009742394233	-0.16383852626699622
-0.00010775194441268489	-4.965089700236288	-0.16347498903752994
-0.00010721745621594496	-4.980081930896494	-0.16311175848574788
-0.00010668668056430276	-4.995074115764297	-0.16274882294944068
-0.00010615958410222295	-5.010066254668309	-0.16238617075884887
-0.00010563613369973107	-5.025058347424372	-0.1620237902355827
-0.00010511629670803893	-5.040050393836006	-0.16166166968973708
-0.00010460004084769312	-5.0550423936943005	-0.1612997974191927
-0.00010408733428986586	-5.070034346777744	-0.16093816170900568
-0.0001035781454581837	-5.085026252852395	-0.1605767508291997
-0.00010307244325591207	-5.100018111671987	-0.1602155530330741
-0.0001025701968382798	-5.115009922977798	-0.15985455655541694
-0.00010207137568668187	-5.13000168649903	-0.15949374960964086
-0.00010157594975816926	-5.144993401952389	-0.15913312038710226
-0.00010108388904158695	-5.159985069042446	-0.15877265705374294
-0.00010059516418741386	-5.174976687461434	-0.15841234774889457
-0.00010010974585965803	-5.1899682568891015	-0.15805218058346346
-9962760505191452e-20	-5.204959776993281	-0.15769214363493755
-9914871323813898e-20	-5.219951247429329	-0.1573322249476856
-9867304192198723e-20	-5.234942667840094	-0.1569724125302528
-9820056300893082e-20	-5.249934037856322	-0.15661269435142866
-9773124870514002e-20	-5.264925357096126	-0.15625305833957434
-9726507137114947e-20	-5.279916625165179	-0.15589349237945443
-9680200371696597e-20	-5.294907841656698	-0.15553398430924212
-9634201869791921e-20	-5.3098990061512295	-0.15517452191896824
-9588508953899295e-20	-5.324890118216608	-0.1548150929480936
-9543118971412634e-20	-5.339881177407933	-0.15445568508292545
-949802930000302e-19	-5.354872183267389	-0.1540962859546492
-9453237343677937e-20	-5.369863135324127	-0.15373688313745862
-9408740531066141e-20	-5.384854033094175	-0.15337746414588005
-9364536319209776e-20	-5.39984487608048	-0.1530180164322432
-932062219270273e-19	-5.41483566377259	-0.15265852738506674
-927699567416073e-19	-5.429826395646459	-0.15229898432777605
-9233654286368125e-20	-5.444817071164609	-0.15193937451490683
-9190595622375966e-20	-5.459807689775711	-0.15157968513156167
-9147817262488735e-20	-5.474798250914383	-0.15121990329148893
-9105316840046611e-20	-5.489788754001392	-0.15086001603321283
-9063092005555384e-20	-5.504779198443208	-0.1505000103191093
-9021140441319193e-20	-5.519769583631947	-0.15013987303304577
-8979459859140108e-20	-5.534759908945062	-0.14977959097870464
-8938047995061572e-20	-5.549750173745253	-0.14941915087697621
-8896902605203677e-20	-5.564740377380397	-0.14905853936243582
-8856021487253091e-20	-5.579730519183265	-0.14869774298194582
-8815402455259955e-20	-5.594720598471178	-0.14833674819274426
-8775043346395152e-20	-5.609710614546016	-0.1479755413587174
-8734942036097912e-20	-5.624700566693836	-0.14761410874836828
-8695096400711255e-20	-5.63969045418485	-0.14725243653110257
-8655504367246353e-20	-5.654680276273064	-0.14689051077484552
-8616163870905046e-20	-5.669670032195898	-0.14652831744409778
-8577072866244352e-20	-5.684659721174237	-0.14616584239494218
-853822934006182e-19	-5.699649342412037	-0.14580307137247434
-8499631300151224e-20	-5.714638895095912	-0.14543999000871047
-846127676433165e-19	-5.729628378395014	-0.14507658381791955
-842316377926769e-19	-5.744617791460787	-0.14471283819264358
-8385290408465147e-20	-5.75960713342655	-0.14434873840103643
-8347654741613572e-20	-5.774596403407144	-0.14398426958335026
-8310254862544698e-20	-5.789585600498778	-0.14361941674645723
-8273088909037732e-20	-5.804574723778606	-0.14325416476102903
-823615500290132e-19	-5.8195637723042335	-0.1428884983578153
-8199451301073302e-20	-5.834552745113602	-0.14252240212212408
-8162975970650403e-20	-5.84954164122443	-0.14215586049032206
-812672719078273e-19	-5.864530459633923	-0.14178885774486472
-8090703165026733e-20	-5.879519199318287	-0.1414213780100411
-8054902099796125e-20	-5.894507859232336	-0.14105340524701282
-8019322224330806e-20	-5.909496438309147	-0.14068492324850154
-7983961776633804e-20	-5.924484935459499	-0.14031591563433166
-7948819023057344e-20	-5.93947334957137	-0.13994636584715076
-7913892220438173e-20	-5.954461679509535	-0.13957625714624455
-7879179662266013e-20	-5.969449924115125	-0.139205572602046
-7844679644219109e-20	-5.984438082204957	-0.1388342950916892
-7810390483719253e-20	-5.999426152571117	-0.138462407293267
-7776310510545885e-20	-6.014414133980336	-0.13808989168054375
-7742438073853573e-20	-6.029402025173431	-0.13771673051741587
-7708771532139412e-20	-6.044389824864762	-0.13734290585176737
-7675309265797042e-20	-6.05937753174164	-0.13696839950969403
-7642049677164357e-20	-6.074365144463583	-0.13659319309062468
-7608991177803989e-20	-6.08935266166172	-0.13621726796093697
-7576132195898609e-20	-6.104340081938232	-0.1358406052470306
-7543471190408872e-20	-6.119327403865511	-0.1354631858299884
-7511006620883331e-20	-6.134314625985523	-0.13508499033895888
-7478736980429113e-20	-6.149301746809071	-0.13470599914412623
-7446660762379896e-20	-6.1642887648150495	-0.1343261923497837
-7414776500402377e-20	-6.179275678449619	-0.13394554978778314
-7383082722149832e-20	-6.194262486125424	-0.13356405100995203
-7351577982958601e-20	-6.209249186220793	-0.13318167527977004
-7320260863420344e-20	-6.224235777078766	-0.13279840156572464
-7289129931613292e-20	-6.23922225700633	-0.13241420853194164
-725818380742007e-19	-6.254208624273408	-0.13202907453011764
-7227421090527653e-20	-6.269194877111929	-0.13164297759080876
-7196840415505355e-20	-6.284181013714848	-0.13125589541357804
-7166440430792648e-20	-6.299167032235052	-0.1308678053587319
-7136219773325528e-20	-6.314152930784391	-0.13047868443608895
-7106177128324807e-20	-6.329138707432478	-0.13008850929555854
-7076311160791882e-20	-6.344124360205596	-0.12969725621673944
-7046620552899306e-20	-6.359109887085537	-0.12930490109650666
-7017104022898069e-20	-6.374095286008283	-0.12891141943970683
-6987760254661274e-20	-6.389080554862776	-0.12851678634648045
-6958587984316755e-20	-6.404065691489609	-0.12812097649971516
-6929585922147569e-20	-6.4190506936796305	-0.12772396415311113
-6900752817073225e-20	-6.434035559172535	-0.12732572311799628
-6872087400271176e-20	-6.449020285655354	-0.1269262267501139
-6843588438934338e-20	-6.464004870760921	-0.1265254479359802
-6815254682533516e-20	-6.478989312066315	-0.12612335907831726
-6787084900315536e-20	-6.493973607091191	-0.12571993208049098
-6759077881503261e-20	-6.508957753296054	-0.12531513833243307
-6731232394484137e-20	-6.523941748080484	-0.1249089486940212
-6703547257233371e-20	-6.538925588781266	-0.12450133347919864
-6676021253196156e-20	-6.553909272670476	-0.1240922624386227
-6648653199724588e-20	-6.568892796953541	-0.12368170474104406
-6621441924413961e-20	-6.583876158767088	-0.12326962895670909
-6594386254489375e-20	-6.598859355176757	-0.12285600303800785
-6567485022279662e-20	-6.613842383175073	-0.12244079429857367
-65407370784476e-18	-6.628825239679036	-0.12202396939333862
-6514141289534585e-20	-6.643807921527673	-0.12160549429828388
-6487696507277707e-20	-6.6587904254795545	-0.12118533428722385
-6461401617403884e-20	-6.673772748210148	-0.1207634539087567
-6435255504956897e-20	-6.688754886309043	-0.12033981696317088
-6409257060728188e-20	-6.703736836277158	-0.11991438647672743
-6383405191078516e-20	-6.7187185945237085	-0.11948712467585397
-6357698821076417e-20	-6.733700157363117	-0.11905799296083723
-6332136856934678e-20	-6.748681521011781	-0.11862695187649276
-6306718248887469e-20	-6.763662681584692	-0.11819396108309206
-6281441940906435e-20	-6.778643635091919	-0.11775897932670647
-6256306884183313e-20	-6.793624377434891	-0.11732196440616499
-6231312046232375e-20	-6.8086049044026	-0.11688287313941424
-6206456396457873e-20	-6.823585211667558	-0.11644166132864428
-618173893058363e-19	-6.83856529478159	-0.1159982837242513
-6157158638638374e-20	-6.853545149171445	-0.11555269398647099
-613271452175549e-19	-6.8685247701342105	-0.11510484464467524
-6108405607301026e-20	-6.883504152832474	-0.11465468705605676
-6084230899277253e-20	-6.898483292289323	-0.11420217136107307
-606018945430338e-19	-6.913462183383027	-0.11374724643772179
-6036280295863665e-20	-6.928440820841522	-0.11328985985329815
-60125024929198745e-21	-6.9434191992365895	-0.11282995781327851
-5988855090003145e-20	-6.958397312977796	-0.11236748510807927
-5965337173521011e-20	-6.973375156306075	-0.11190238505719204
-5941947813539045e-20	-6.988352723287004	-0.11143459945038928
-59186860927828294e-21	-7.003330007803769	-0.11096406848504277
-58955511252869325e-21	-7.018307003549737	-0.11049073070189329
-58725419953560565e-21	-7.0332837040206355	-0.11001452291583806
-5849657833506376e-20	-7.048260102506339	-0.10953538014331103
-582689774724747e-19	-7.063236192082201	-0.10905323552609789
-5804260874867767e-20	-7.078211965599949	-0.10856802025049046
-5781746355733308e-20	-7.093187415678043	-0.10807966346260504
-5759353333992072e-20	-7.1081625346914965	-0.10758809217788055
-5737080963253739e-20	-7.123137314761177	-0.10709323118555879
-5714928410748693e-20	-7.138111747742426	-0.10659500294794041
-5692894840008192e-20	-7.153085825213084	-0.10609332749325955
-5670979445315458e-20	-7.168059538460783	-0.10558812230253878
-56491814037827257e-21	-7.183032878469478	-0.10507930218886272
-56274999149728486e-21	-7.198005835905178	-0.10456677916879509
-5605934184254799e-20	-7.212978401100795	-0.10405046232640412
-55844834227799026e-21	-7.227950564040059	-0.10353025766799816
-556314685506501e-19	-7.24292231434041	-0.10300606796734718
-5541923708676788e-20	-7.257893641234777	-0.10247779260029055
-55208132125200704e-21	-7.272864533552203	-0.1019453273677895
-5499814626933226e-20	-7.287834979697111	-0.10140856430745834
-54789271898407835e-21	-7.302804967627257	-0.1008673914908757
-5458150166798119e-20	-7.317774484830061	-0.1003216928059661
-5437482819321132e-20	-7.332743518297376	-0.09977134772392685
-54169244269493266e-21	-7.347712054498367	-0.09921623104825478
-53964742617720884e-21	-7.3626800793504374	-0.09865621264408377
-53761316093510134e-21	-7.377647578187981	-0.09809115714614776
-5355895764271035e-20	-7.3926145357287725	-0.09752092364364501
-5335766022396271e-20	-7.407580936037715	-0.09694536533866302
-53157416806341035e-21	-7.422546762487703	-0.09636432917541383
-5295822046712771e-20	-7.437511997717262	-0.09577765543774633
-52760064380898836e-21	-7.452476623584759	-0.09518517731110074
-5256294163595576e-20	-7.467440621118527	-0.09458672040387754
-52366845366101644e-21	-7.48240397046273	-0.09398210222407859
-52171769001328056e-21	-7.497366650818293	-0.09337113160644689
-5197770558325668e-20	-7.512328640378372	-0.09275360808196827
-51784648595339794e-21	-7.527289916257583	-0.09212932118341573
-51592591275457025e-21	-7.5422504544143845	-0.09149804967843032
-5140152710239425e-20	-7.557210229565461	-0.09085956071915888
-5121144943657022e-20	-7.572169215091182	-0.09021360889692098
-5102235171623032e-20	-7.5871273829307855	-0.08955993518746282
-5083422753494188e-20	-7.602084703465773	-0.08889826577044672
-5064707036816704e-20	-7.617041145389699	-0.08822831070210169
-5046087383107044e-20	-7.631996675562171	-0.08754976241680922
-5027563154040571e-20	-7.646951258844413	-0.08686229402822436
-5009133718068305e-20	-7.661904857913196	-0.08616555739326091
-4990798447938871e-20	-7.676857433049155	-0.08545918089420657
-497255672228282e-19	-7.691808941894568	-0.08474276688314691
-495440792387062e-19	-7.706759339174511	-0.0840158887186545
-4936351445657995e-20	-7.721708576373572	-0.08327808730584972
-49183866705495086e-21	-7.7366566013581775	-0.0825288670256641
-4900513013489892e-20	-7.751603357931685	-0.08176769090554566
-48827298683221804e-21	-7.76654878530533	-0.08099397483616846
-48650366484407834e-21	-7.781492817462445	-0.08020708057353096
-4847432782418941e-20	-7.796435382385437	-0.07940630717257201
-48299176760470755e-21	-7.811376401103229	-0.07859088036106365
-4812490774176552e-20	-7.826315786499643	-0.07775993916051932
-4795151499017991e-20	-7.84125344179654	-0.07691251874895173
-4777899299553308e-20	-7.856189258583773	-0.07604752806881758
-4760733615344695e-20	-7.871123114199658	-0.07516371988001085
-4743653902733458e-20	-7.886054868149574	-0.07425964958788327
-47266596109513115e-21	-7.90098435704309	-0.07333361672853177
-4709750208963144e-20	-7.915911387139093	-0.07238357836330701
-46929251536131575e-21	-7.930835722799525	-0.07140701427190846
-4676183920985719e-20	-7.945757067434218	-0.07040070339722042
-4659525977156881e-20	-7.960675029492053	-0.06936032297766305
-4642950807881574e-20	-7.975589056920097	-0.06827967215860316
-4626457893689741e-20	-7.990498329222336	-0.06714938355871955
