#strength 	x-position 	z-position 
0.006981497671639106	-5.993790578818249	0.021766355238652432
0.006973937600209386	-5.992758730942386	0.02167608024703121
0.006958834368044154	-5.990697173852955	0.021495717372494477
0.006936220729088204	-5.987610180441836	0.021225640444642306
0.006906146483431314	-5.983504148974276	0.02086640923915018
0.006868679111369405	-5.978387589827513	0.020418768317548446
0.006823901114325474	-5.972271107851707	0.019883645484004814
0.00677190963613045	-5.965167380389783	0.019262149862308568
0.006712819878994949	-5.957091131001688	0.018555569597042118
0.006646764216403511	-5.948059098947578	0.017765369183704666
0.006573887266328687	-5.938090004493134	0.01689318643332162
0.00649434724059055	-5.927204510108958	0.01594082907783117
0.006408321011341624	-5.915425177644449	0.01491027102328377
0.006316000764435211	-5.902776421564921	0.013803648258620429
0.006217587556801728	-5.889284458348897	0.012623254428509449
0.006113295239245269	-5.874977252150451	0.011371536079417599
0.006003356286612104	-5.859884456839235	0.010051087588768954
0.00588801530821656	-5.844037354538299	0.008664645787701514
0.005767522142210757	-5.827468790787121	0.007215084288566727
0.005642138904999811	-5.810213106464199	0.005705407528929078
0.005512145446330684	-5.792306066610352	0.004138744544410435
0.0053778293775590055	-5.7737847863001965	0.002518342483285911
0.005239479972842995	-5.7546876537154965	0.0008475598762731839
0.005097398526945569	-5.735054250579793	-0.0008701403245352823
0.004951902138473443	-5.714925270119232	-0.002631197923169239
0.004803310328992855	-5.694342432719646	-0.0044319628588305
0.004651941135331115	-5.673348399454679	-0.006268702771201312
0.004498124529555762	-5.651986683664199	-0.008137610736331083
0.0043422031845521195	-5.630301560766256	-0.010034813157067607
0.004184516213553944	-5.608337976489515	-0.011956377791678675
0.004025398838002781	-5.586141453716374	-0.013898321904023563
0.0038651981622585432	-5.563757998129834	-0.01585662051838186
0.0037042696434060494	-5.5412340028596985	-0.0178272147618303
0.0035429589590880747	-5.518616152325726	-0.01980602027687669
0.003381606516491678	-5.4959513254770425	-0.02178893568691454
0.00322056439937928	-5.473286498628359	-0.023771851096952387
0.003060187449372369	-5.4506686480943864	-0.025750656611998775
0.00290081475400413	-5.428144652824251	-0.02772125085544721
0.0027427800255032816	-5.405761197237711	-0.029679549469805507
0.002586428057945041	-5.38356467446457	-0.0316214935821504
0.002432099626722083	-5.361601090187829	-0.03354305821676147
0.0022801145783195144	-5.339915967289885	-0.035440260637498
0.002130788755870431	-5.318554251499405	-0.03730916860262777
0.001984447805516282	-5.297560218234439	-0.039145908514998565
0.001841405513566549	-5.276977380834852	-0.04094667345065983
0.0017019510104446347	-5.256848400374292	-0.04270773104929379
0.001566372449621833	-5.2372149972385875	-0.04442543125010226
0.001434965420667974	-5.218117864653888	-0.04609621385711499
0.0013080048948688793	-5.199596584343733	-0.04771661591823951
0.0011857397544674524	-5.181689544489885	-0.04928327890275815
0.0010684228063750222	-5.164433860166964	-0.050792955662395806
0.0009563102139155346	-5.147865296415785	-0.05224251716153059
0.0008496280601670774	-5.13201819411485	-0.05362895896259803
0.0007485786988674054	-5.116925398803634	-0.05494940745324668
0.0006533757704281259	-5.102618192605188	-0.05620112580233853
0.0005642295059024305	-5.089126229389162	-0.0573815196324495
0.00048131094200127975	-5.076477473309635	-0.05848814239711284
0.00040477828904977197	-5.064698140845126	-0.059518700451660245
0.0003348140240265017	-5.053812646460951	-0.0604710578071507
0.00027158758639737743	-5.043843552006507	-0.06134324055753374
0.00021522809328037134	-5.034811519952396	-0.0621334409708712
0.00016588077193837767	-5.026735270564302	-0.06284002123613765
0.00012367199325948077	-5.019631543102378	-0.0634615168578339
8846555935442133e-20	-5.013515061126572	-0.06399663969137753
59719597799927936e-21	-5.008398501979807	-0.06444428061297926
36777012305513715e-21	-5.004292470512249	-0.06480351181847138
19326276992970757e-21	-5.001205477101129	-0.06507358874632355
7486562665640579e-21	-4.999143920011698	-0.06525395162086028
1502295550834031e-21	-4.998112072135836	-0.06534422661248152
