#Fourier coeffs (0-n) 	d/dt (Fourier coeffs) 
0.0766894184638667	0.001828113525104147
-0.0027474533268181827	0.0008716965510506952
0.0008774522981573276	-0.00029851302517647227
-0.0004341609745604414	0.00014524597581754903
0.0002424250774518598	0
-0.000137094212274576	0
7357756716594528e-20	0
-33867630850807695e-21	0
8975875003918544e-21	0
6208252640301675e-21	0
-14863650813424648e-21	0
19097398703330368e-21	0
-20368001834215003e-21	0
19712408943757384e-21	0
-17877230456368725e-21	0
15400019888835355e-21	0
-12663015715632192e-21	0
9930861459687166e-21	0
-7378470823148768e-21	0
51124511204709845e-22	0
-3188033602843496e-21	0
1622662842467044e-21	0
-4069591464720517e-22	0
-4864738763892594e-22	0
10960576163360533e-22	0
-14657969104396288e-22	0
16411639687740094e-22	0
-1666107749710783e-21	0
15810058690251063e-22	0
-14213905739321634e-22	0
12172944886783488e-22	0
-9930767669704142e-22	0
7676060977848357e-22	0
-5546934802892713e-22	0
36368430707505585e-23	0
-20013557018465494e-23	0
