#strength 	x-position 	z-position 
-0.04186538040205421	-0.12954253702662544	-0.002502810383851773
-0.0016018121059206483	-0.09747899400189643	-0.051172024312189215
-0.0071234882568686365	-0.18738558293153243	-0.02192837984318573
-0.00529475302904338	-0.1638267202106727	0.045733692776045554
-0.004775374303329943	-0.07975379850335766	0.06241641505158461
-0.004271399771480682	-0.11556975713781066	-0.055680203707814346
-0.0038921308728170753	-0.17464505350218432	-0.05199928017539716
-0.003587736053715967	-0.07288920667882601	0.023629960889672147
-0.003337901077009915	-0.0596290315971278	-0.02658282117605397
-0.0031279548098067725	-0.1709576240791061	-0.08532171647858404
-0.002948232968388911	-0.230725585198285	0.02927137949674146
-0.0027920525767365168	-0.1750367068730784	0.09198673072118334
-0.002654648462229286	-0.11460096296060465	0.10545690879924266
-0.0025325185630453387	-0.05978268304179119	0.09206944043584624
-0.0024230218607840144	-0.005531610624759617	0.043571298122036736
-0.002324121377731931	0.007787068789322025	-0.020063760519081226
-0.0022342140326152672	-0.003160224683825173	-0.07500829767217063
-0.0021520149788250374	-0.02813756722077102	-0.12042917133782784
-0.0020764779258331603	-0.06072611601212064	-0.15518054866380623
-0.0020067398871035664	-0.09578912340127597	-0.18062789860450784
-0.0019420823663454222	-0.13055212514088568	-0.19904877232632304
-0.0018819032627475432	-0.16381002107975132	-0.21242844352783571
-0.001825695586065327	-0.19516093591251152	-0.22224305476078424
-0.0017730305509084127	-0.22458790277275983	-0.22954202390581435
-0.0017235436933335704	-0.2522476622915064	-0.23505338972505738
-0.0016769233080133703	-0.27835603696250877	-0.23927392975764722
-0.0016329008407294648	-0.3031301904596653	-0.2425420807745174
-0.0015912430047866823	-0.3267650356433579	-0.24509112743351127
-0.00155174542957392	-0.34942710666399285	-0.2470849603766036
-0.00151422764967535	-0.3712558965358495	-0.24864117187946705
-0.0014785292327368794	-0.39236765447135535	-0.24984584620699027
-0.0014445068343920883	-0.4128594549083883	-0.2507631550826093
-0.0014120319644727198	-0.432812736402057	-0.25144175174473377
-0.001380989258914436	-0.45229613920992556	-0.25191916719835444
-0.001351275079765183	-0.47136772709720304	-0.25222490867182823
-0.0013227963083767575	-0.490076750193719	-0.25238266499666573
-0.0012954692456601212	-0.5084650885677677	-0.25241186666618565
-0.0012692185802289386	-0.5265684673598656	-0.25232877251053515
-0.0012439764155728478	-0.5444174895648284	-0.25214721657309835
-0.0012196813649100208	-0.5620385073274217	-0.2518791214930495
-0.001196277724816435	-0.5794543450805006	-0.251534858858995
-0.0011737147378274235	-0.5966848896707512	-0.25112351242057224
-0.0011519459435080058	-0.613747566989301	-0.250653079111147
-0.0011309286162538047	-0.630657726535829	-0.2501306279001059
-0.0011106232830223467	-0.6474289536194557	-0.2495624276945218
-0.001090993312422404	-0.6640733257026235	-0.2489540508911659
-0.0010720045687562067	-0.6806016255044677	-0.24831045722590003
-0.0010536251241377963	-0.6970235197375068	-0.24763606199416638
-0.0010358250226286617	-0.7133477096375148	-0.24693479243715405
-0.0010185760913569378	-0.7295820575948856	-0.24621013573643774
-0.0010018517917416581	-0.7457336931498081	-0.24546518148918542
-0.000985627104863421	-0.7618091011506155	-0.2447026607742057
-0.0009698784428335445	-0.7778141946998939	-0.24392498310987915
-0.0009545835794493359	-0.793754375460859	-0.2431342718544399
-0.000939721591883512	-0.8096345838632178	-0.242332397990592
-0.0009252728080438657	-0.8254593415670956	-0.2415210118802213
-0.0009112187541808134	-0.8412327881697242	-0.24070157249095595
-0.0008975421001916322	-0.8569587137146317	-0.2398753736802812
-0.000884226600592829	-0.8726405881265138	-0.23904356730363685
-0.0008712570315553038	-0.8882815882843335	-0.23820718313070147
-0.0008586191243836923	-0.9038846231373611	-0.23736714572882267
-0.0008462994968902841	-0.9194523571057173	-0.23652428856436397
-0.0008342855842555421	-0.9349872318952102	-0.23567936562415365
-0.0008225655710011933	-0.9504914867932007	-0.23483306088209868
-0.0008111283255634785	-0.9659671774818402	-0.2339859959380401
-0.0007999633390587003	-0.9814161933899169	-0.23313873614435582
-0.0007890606686518954	-0.9968402736196572	-0.2322917955127085
-0.0007784108872843643	-1.0122410214564503	-0.2314456406889112
-0.0007680050391356153	-1.027619917483996	-0.23060069425501123
-0.000757834601404328	-1.0429783313614145	-0.22975733757546365
-0.0007478914524797278	-1.0583175322996208	-0.22891591338060865
-0.0007381678446891551	-1.0736386983326152	-0.22807672822358002
-0.0007286563828325186	-1.0889429244585227	-0.22724005492201804
-0.0007193500057878898	-1.104231229747689	-0.22640613504742835
-0.0007102419709997861	-1.1195045635770933	-0.22557518146195502
-0.000701325841610069	-1.134763811082162	-0.2247473809081335
-0.0006925954738621759	-1.1500097979490906	-0.2239228966205945
-0.000684045005627458	-1.1652432946788855	-0.2231018709008325
-0.0006756688444211224	-1.1804650204236737	-0.22228442759805123
-0.0006674616550031709	-1.1956756464981606	-0.22147067443633367
-0.0006594183467327104	-1.2108757996161847	-0.22066070515498776
-0.0006515340601383705	-1.2260660649069386	-0.2198546014256975
-0.0006438041525125195	-1.2412469887794764	-0.21905243450661283
-0.0006362241845469623	-1.2564190816317184	-0.21825426663884692
-0.0006287899052146509	-1.2715828204283417	-0.21746015218623838
-0.0006214972389427739	-1.2867386511506218	-0.21667013853385947
-0.0006143422714913332	-1.3018869911155728	-0.2158842667702566
-0.0006073212383051179	-1.3170282311679329	-0.21510257218097215
-0.0006004305127518331	-1.3321627377254854	-0.2143250845961267
-0.0005936665963919615	-1.347290854683159	-0.2135518286227716
-0.0005870261098204627	-1.362412905171371	-0.21278282379745808
-0.0005805057854716949	-1.377529193161889	-0.21201808469581193
-0.0005741024611217692	-1.3926400049236884	-0.2112576210254525
-0.0005678130745106254	-1.407745610349411	-0.21050143771517824
-0.0005616346594449571	-1.4228462641418316	-0.2097495350287657
-0.0005555643420774581	-1.4379422068716918	-0.20900190871443106
-0.0005495993382153147	-1.4530336659295273	-0.2082585501872391
-0.00054373695082237	-1.4681208563780808	-0.2075194467484908
-0.0005379745681176624	-1.4832039817140938	-0.20678458184199683
-0.0005323096614048162	-1.4982832345574442	-0.2060539353368818
-0.0005267397832290129	-1.5133587972806666	-0.20532748382751287
-0.000521262565470677	-1.5284308425823385	-0.20460520094533882
-0.0005158757169334369	-1.5434995340238469	-0.20388705766629717
-0.0005105770213484767	-1.5585650265316766	-0.20317302260846823
-0.0005053643348801127	-1.5736274668669739	-0.2024630623152153
-0.000500235583374524	-1.5886869940786998	-0.20175714150971502
-0.0004951887601432302	-1.6037437399339745	-0.2010552233228279
-0.0004902219228500523	-1.6187978293320793	-0.20035726949021046
-0.00048533319134471883	-1.6338493807010186	-0.19966324052091552
-0.0004805207450340604	-1.6488985063704606	-0.19897309584379116
-0.0004757828203440246	-1.663945312933558	-0.19828679392596524
-0.0004711177088820937	-1.678989901587007	-0.19760429237518118
-0.00046652375520923883	-1.6940323684478886	-0.1969255480325587
-0.0004619993552304174	-1.7090728048518327	-0.19625051705694277
-0.0004575429545048623	-1.7241112976286448	-0.19557915500811582
-0.00045315304698898516	-1.7391479293551084	-0.19491141693287542
-0.00044882817350060805	-1.7541827785903514	-0.19424725745221916
-0.00044456692061874137	-1.7692159200952917	-0.19358663085068245
-0.0004403679195613651	-1.7842474250317688	-0.19292949117325456
-0.0004362298449812063	-1.799277361146998	-0.19227579232608796
-0.0004321514137778735	-1.8143057929473478	-0.19162548817745337
-0.00042813138401514086	-1.8293327818594394	-0.19097853266043052
-0.00042416855359562675	-1.844358386380591	-0.19033487987529454
-0.00042026175903983956	-1.8593826622212495	-0.18969448418838747
-0.0004164098740106169	-1.874405662439782	-0.18905730032627893
-0.0004126118080769615	-1.8894274375682267	-0.18842328346532675
-0.00040886650491464213	-1.904448035733246	-0.187792389311288
-0.000405172940823699	-1.9194675027737425	-0.18716457416629362
-0.00040153012306365886	-1.9344858823513158	-0.18653979498528794
-0.0003979370879136062	-1.949503216058711	-0.18591800941624292
-0.0003943928990738973	-1.9645195435252036	-0.1852991758237812
-0.0003908966456139043	-1.979534902519324	-0.1846832532954974
-0.0003874474403946608	-1.9945493290485035	-0.18407020163141044
-0.00038404441820013603	-2.0095628574554305	-0.18345998131685073
-0.00038068673395553164	-2.0245755205150373	-0.1828525534761322
-0.00037737356153244583	-2.039587349525523	-0.18224787981547655
-0.0003741040921222197	-2.054598374394636	-0.1816459225563059
-0.0003708775331686589	-2.069608623724278	-0.18104664435843013
-0.00036769310746288635	-2.0846181248885687	-0.1804500082409012
-0.00036455005229711623	-2.099626904106444	-0.17985597750299362
-0.0003614476190798091	-2.114634986507972	-0.17926451564910623
-0.0003583850728127169	-2.129642396194842	-0.17867558631958597
-0.0003553616920417054	-2.1446491562956993	-0.17808915322917848
-0.0003523767686783707	-2.1596552890158494	-0.17750518011552982
-0.00034942960823617676	-2.174660815681658	-0.1769236306989636
-0.0003465195297728263	-2.1896657567810656	-0.17634446865324194
-0.00034364586640960905	-2.2046701319995505	-0.17576765758875126
-0.0003408079652679908	-2.2196739602525457	-0.17519316104773294
-0.0003380051882230003	-2.234677259713109	-0.1746209425128921
-0.0003352369116566209	-2.2496800478374874	-0.17405096542560147
-0.0003325025270456538	-2.2646823413897073	-0.17348319321158948
-0.0003298014409517918	-2.2796841564620856	-0.17291758931644624
-0.0003271330750860852	-2.29468550849593	-0.17235411724451116
-0.00032449686620101593	-2.3096864123025047	-0.1717927405989748
-0.0003218922660504168	-2.324686882083292	-0.1712334231231318
-0.00031931874107483417	-2.339686931450259	-0.17067612874086482
-0.0003167757721665044	-2.3546865734464557	-0.17012082159481012
-0.00031426285430172056	-2.369685820566082	-0.1695674660826377
-0.000311779496147236	-2.3846846847740673	-0.16901602689093934
-0.0003093252195867837	-2.3996831775249228	-0.16846646902621087
-0.00030689955916742007	-2.4146813097814337	-0.16791875784131965
-0.00030450206140377606	-2.4296790920337377	-0.16737285905600524
-0.0003021322843003559	-2.4446765343171286	-0.1668287387729857
-0.000299789796430628	-2.4596736462299034	-0.16628636348677633
-0.000297474176158382	-2.474670436952991	-0.16574570008225903
-0.00029518501105338726	-2.489666915268499	-0.1652067158265796
-0.0002929218968157274	-2.504663089578787	-0.1646693783525124
-0.0002906844369770824	-2.5196589679250723	-0.16413365563496216
-0.00028847224168893765	-2.534654558006491	-0.163599515960114
-0.00028628492783149863	-2.5496498671976404	-0.16306692789137806
-0.00028412211791443813	-2.5646449025650426	-0.16253586023281813
-0.0002819834401659241	-2.579639670883745	-0.16200628198945666
-0.0002798685279584972	-2.5946341786514155	-0.16147816233016704
-0.0002777770200663894	-2.6096284321002465	-0.16095147055395811
-0.0002757085599074307	-2.624622437209303	-0.16042617605595214
-0.00027366279614154596	-2.639616199715548	-0.1599022482968396
-0.0002716393823781211	-2.654609725122049	-0.15937965677917548
-0.0002696379771476298	-2.6696030187071704	-0.15885837102443587
-0.00026765824441255665	-2.6845960855313957	-0.1583383605566696
-0.0002656998531163201	-2.699588930444153	-0.15781959488866268
-0.00026376247771014646	-2.7145815580908303	-0.15730204351037527
-0.00026184579823891087	-2.7295739729174255	-0.15678567588410258
-0.0002599495001962913	-2.7445661791763594	-0.15627046143982556
-0.00025807327495322614	-2.7595581809317498	-0.15575636957354583
-0.0002562168197872555	-2.774549982063278	-0.15524336965012775
-0.0002543798377073591	-2.7895415862714064	-0.15473143100490827
-0.0002525620379495025	-2.80453299708165	-0.1542205229483343
-0.0002507631357120954	-2.8195242178481363	-0.15371061477288706
-0.00024898285217721597	-2.8345152517584093	-0.15320167575789703
-0.0002472209147298312	-2.8495061018372168	-0.15269367517648486
-0.0002454770566421051	-2.8644967709503173	-0.15218658230238763
-0.00024375101722903803	-2.879487261808692	-0.1516803664153426
-0.0002420425415721912	-2.8944775769726214	-0.15117499680615357
-0.00024035138069607685	-2.9094677188552236	-0.15067044278200087
-0.00023867729115296422	-2.924457689726264	-0.15016667367009653
-0.00023702003501207755	-2.9394474917164444	-0.14966365881902965
-0.00023537937990109926	-2.9544371268205105	-0.14916136760151555
-0.00023375509844840783	-2.9694265969010907	-0.1486597694140533
-0.00023214696846779806	-2.9844159036926907	-0.14815883367488172
-0.00023055477272532557	-2.9994050488044834	-0.14765852982334168
-0.00022897829861689457	-3.014394033723789	-0.14715882731652838
-0.00022741733819453894	-3.0293828598193233	-0.1466596956247936
-0.000225871687815243	-3.044371528344158	-0.14616110422666354
-0.00022434114811860882	-3.0593600404386914	-0.14566302260248404
-0.00022282552366331178	-3.0743483971334613	-0.1451654202271122
-0.00022132462306391834	-3.0893365993514994	-0.14466826656251955
-0.00021983825832820603	-3.1043246479110995	-0.14417153104806876
-0.00021836624523042213	-3.1193125435281863	-0.14367518309048044
-0.00021690840271571497	-3.134300286818258	-0.1431791920538692
-0.00021546455294240395	-3.1492878782987908	-0.14268352724723976
-0.00021403452104518453	-3.1642753183912005	-0.14218815791216277
-0.0002126181351048556	-3.1792626074224235	-0.14169305321042255
-0.00021121522581215614	-3.194249745626745	-0.14119818221005195
-0.0002098256264519479	-3.2092367331475633	-0.1407035138704455
-0.0002084491729021018	-3.224223570038513	-0.14020901702881655
-0.00020708570323100563	-3.23921025626483	-0.13971466038504682
-0.00020573505790086148	-3.2541967917046284	-0.13922041248622674
-0.00020439707953908565	-3.269183176149651	-0.13872624171224804
-0.0002030716128683767	-3.2841694093062936	-0.13823211626008558
-0.00020175850461887947	-3.299155490796496	-0.13773800412796322
-0.00020045760372408745	-3.3141414201580233	-0.13724387310143488
-0.00019916876092909187	-3.32912719684492	-0.13674969073848828
-0.00019789182892928844	-3.344112820228198	-0.13625542435336904
-0.0001966266624510299	-3.3590982895958663	-0.1357610410024364
-0.00019537311798517587	-3.374083604153088	-0.13526650746951308
-0.00019413105403889158	-3.3890687630221774	-0.13477179025126224
-0.00019290033091169147	-3.4040537652424905	-0.13427685554279536
-0.0001916808107354246	-3.4190386097704075	-0.13378166922224077
-0.0001904723575535984	-3.434023295479028	-0.13328619683623186
-0.00018927483723585672	-3.449007821157698	-0.1327904035855156
-0.0001880881174508263	-3.463992185511656	-0.13229425430947178
-0.00018691206766591716	-3.478976387161583	-0.13179771347051783
-0.00018574655929095608	-3.4939604246427907	-0.13130074513920095
-0.00018459146531571262	-3.5089442964046897	-0.13080331297766898
-0.0001834466607157463	-3.52392800080996	-0.13030538022332883
-0.00018231202221501153	-3.5389115361334698	-0.12980690967308633
-0.00018118742815340962	-3.5538949005614993	-0.12930786366510735
-0.00018007275885201235	-3.5688780921905914	-0.12880820406134802
-0.0001789678961569719	-3.5838611090263086	-0.1283078922295197
-0.00017787272383396405	-3.5988439489819815	-0.1278068890240874
-0.0001767871271864726	-3.6138266098772873	-0.12730515476678725
-0.00017571099334376568	-3.6288090894367566	-0.12680264922619536
-0.00017464421100067164	-3.6437913852881607	-0.12629933159676363
-0.00017358667055855648	-3.658773494960771	-0.12579516047674652
-0.0001725382640363083	-3.673755415883498	-0.12529009384559447
-0.00017149888500605712	-3.6887371453829445	-0.12478408904001918
-0.00017046842873295193	-3.7037186806812303	-0.12427710272964143
-0.00016944679191451678	-3.7187000188937906	-0.12376909089109425
-0.0001684338728129304	-3.73368115702704	-0.12326000878075156
-0.0001674295713105598	-3.74866209197573	-0.12274981090755693
-0.00016643378861864143	-3.7636428205203103	-0.12223845100353467
-0.00016544642746000628	-3.778623339324175	-0.12172588199271606
-0.0001644673921064356	-3.793603644930533	-0.12121205596024343
-0.0001634965881308209	-3.808583733759231	-0.12069692411919654
-0.00016253392254405447	-3.8235636021034676	-0.1201804367754103
-0.00016157930377993374	-3.8385432461261924	-0.11966254329175594
-0.00016063264166301001	-3.8535226618563065	-0.11914319205068823
-0.0001596938472464178	-3.86850184518478	-0.11862233041433774
-0.00015876283315648977	-3.8834807918603995	-0.118099904683781
-0.00015783951311220193	-3.898459497485367	-0.11757586005590948
-0.0001569238022869658	-3.9134379575106917	-0.11705014057792792
-0.0001560156171573051	-3.928416167231207	-0.1165226891007582
-0.00015511487540872428	-3.9433941217804316	-0.11599344722924117
-0.00015422149602999265	-3.95837181612511	-0.11546235527000519
-0.00015333539932435754	-3.973349245059412	-0.11492935217729147
-0.00015245650661975356	-3.9883264031989025	-0.1143943754950345
-0.00015158474068388723	-4.0033032849741135	-0.11385736129665243
-0.0001507200252794938	-4.018279884623728	-0.11331824412183857
-0.0001498622854224016	-4.033256196187473	-0.11277695690921845
-0.00014901144709763767	-4.048232213498551	-0.11223343092546974
-0.0001481674375478706	-4.063207930175666	-0.11168759569087662
-0.00014733018485456502	-4.078183339614548	-0.11113937890042112
-0.00014649961828645808	-4.093158434979049	-0.11058870634031458
-0.00014567566791641624	-4.108133209191684	-0.11003550179983766
-0.00014485826489113972	-4.123107654923607	-0.109479686978019
-0.00014404734122657782	-4.138081764584	-0.10892118138527512
-0.0001432428298442142	-4.153055530308819	-0.10835990223859983
-0.00014244466437235252	-4.168028943948872	-0.10779576434990408
-0.00014165277942481888	-4.183001997057155	-0.10722868000837316
-0.00014086711049473254	-4.197974680875367	-0.10665855885615005
-0.0001400875936181968	-4.21294698631961	-0.10608530775465974
-0.00013931416589662085	-4.22791890396517	-0.10550883064294957
-0.00013854676498583317	-4.242890424030335	-0.10492902838708923
-0.0001377853294867691	-4.257861536359066	-0.10434579861925997
-0.0001370297987000734	-4.272832230402631	-0.10375903556622837
-0.00013628011264163117	-4.287802495199898	-0.10316862986530964
-0.00013553621217158793	-4.302772319356345	-0.10257446836774699
-0.00013479803885739494	-4.317741691021525	-0.10197643392795566
-0.00013406553502649451	-4.332710597865019	-0.10137440517693556
-0.0001333386437737897	-4.347679027050553	-0.10076825627879066
-0.0001326173089409577	-4.362646965208225	-0.100157856668395
-0.00013190147501151127	-4.377614398404697	-0.09954307076798923
-0.00013119108727451846	-4.392581312110991	-0.09892375768115035
-0.00013048609169746123	-4.407547691167823	-0.09829977086169026
-0.00012978643497670896	-4.422513519748092	-0.09767095775424868
-0.00012909206437364956	-4.43747878131633	-0.09703715940335766
-0.00012840292787061162	-4.452443458584679	-0.09639821002794355
-0.00012771897418506657	-4.467407533465089	-0.09575393655736567
-0.00012704015239884368	-4.482370987017275	-0.09510415812317016
-0.00012636641247939888	-4.497333799391908	-0.09444868550227686
-0.00012569770480699329	-4.5122959497685144	-0.09378732050519575
-0.00012503398041607654	-4.527257416287369	-0.09311985530123512
-0.0001243751907714103	-4.542218175974614	-0.0924460716728357
-0.00012372128809009023	-4.557178204659723	-0.09176574018930014
-0.00012307222491569382	-4.572137476884233	-0.09107861928767143
-0.0001224279544855024	-4.587095965800459	-0.09038445424687294
-0.00012178843038336724	-4.602053643058714	-0.08968297603870182
-0.0001211536068209014	-4.617010478681293	-0.08897390003571623
-0.00012052343849097008	-4.631966440921006	-0.08825692455221788
-0.00011989788057594798	-4.646921496101678	-0.08753172918861354
-0.00011927688864982015	-4.66187560843749	-0.08679797294353189
-0.00011866041897691179	-4.676828739827158	-0.08605529205000578
-0.00011804842814345726	-4.691780849618227	-0.08530329748022936
-0.00011744087329614711	-4.706731894335233	-0.08454157204956853
-0.00011683771199613203	-4.721681827364156	-0.08376966703232563
-0.0001162389024115286	-4.736630598583203	-0.08298709817624467
-0.00011564440307622499	-4.751578153927103	-0.08219334096859984
-0.00011505417307733704	-4.766524434867994	-0.08138782496005229
-0.00011446817194388052	-4.781469377790329	-0.08056992688685452
-0.00011388635973098513	-4.79641291322906	-0.07973896223773091
-0.00011330869692283488	-4.811354964928542	-0.07889417477466569
-0.00011273514453147282	-4.826295448661806	-0.07803472331173152
-0.00011216566409551036	-4.8412342707226825	-0.077159664740844
-0.00011160021748350853	-4.8561713259601085	-0.0762679317936325
-0.00011103876717908322	-4.871106495153086	-0.07535830320893473
-0.00011048127617140774	-4.886039641403512	-0.07442936257164652
-0.00010992770771329	-4.9009706050059405	-0.07347943956724395
-0.00010937802580092068	-4.915899195837739	-0.07250652260173392
-0.00010883219467136031	-4.930825181464214	-0.07150812198019495
-0.00010829017914260747	-4.945748267277089	-0.0704810414004866
-0.00010775194441268489	-4.960668060507165	-0.06942096484124721
-0.00010721745621594496	-4.97558399961516	-0.06832165014282678
-0.00010668668056430276	-4.990495237547383	-0.06717360267002045
