#y=-1.4142135623730951 
#strength 	x-position 	z-position 
0.04084075615357721	-2.799792564750346	-0.00015522267963958522
0.040714923533745076	-2.7989632536929756	-0.0007757916754908419
0.04046535709750865	-2.797306350452028	-0.0020156434431845113
0.04009287474282977	-2.7948252892125	-0.0038722082005985675
0.03962376647761364	-2.791525212352684	-0.006341637933763675
0.039131359439739305	-2.787412959785815	-0.009418814372459774
0.03868844046844221	-2.7824970547833043	-0.013097359598612695
0.03829348141077596	-2.7767876863089596	-0.017369649265503294
0.03787489340862045	-2.770296687900804	-0.022226828400390336
0.03736874575503519	-2.763037513144257	-0.02765882975779373
0.03676592365470915	-2.755025207787523	-0.033654394685398104
0.036089378994354236	-2.7462763785569857	-0.040201096459329004
0.035358895961751145	-2.7368091587372314	-0.04728536604043572
0.03458394473043153	-2.7266431705870406	-0.054892520198197084
0.03376974831699319	-2.715799484669266	-0.06300679194395895
0.03292214032442178	-2.704300576178878	-0.07161136321042579
0.032050202914098505	-2.692170278359679	-0.08068839970967351
0.03116072885641812	-2.6794337331062734	-0.09021908789743449
0.03025156665037033	-2.666117338853658	-0.1001836739670412
0.02932059817041041	-2.6522486958624167	-0.11056150479220687
0.02837595190695319	-2.6378565490129837	-0.1213310707337836
0.02742328822129824	-2.6229707282274797	-0.13247005022177427
0.02645321516370416	-2.6076220866426443	-0.14395535602019505
0.025458501328189474	-2.5918424366620014	-0.15576318307889725
0.02444817644687603	-2.5756644840197893	-0.16786905787316925
0.023424901502932676	-2.5591217599933387	-0.18024788912885364
0.02236967469401787	-2.542248551904379	-0.1928740198278444
0.02126986484446801	-2.5250798320533216	-0.20572128038617515
0.02013341803114676	-2.5076511852338355	-0.21876304289447798
0.01895198289408263	-2.489998734977921	-0.23197227630839193
0.01768488552567597	-2.4721590686843786	-0.24532160247453028
0.01629988948414372	-2.454169161785834	-0.25878335287588417
0.014779541912900616	-2.436066301111511	-0.27232962597904947
0.013059281369034018	-2.4178880076045868	-0.2859323450644152
0.011012055720674064	-2.399671958554296	-0.2995633164194528
0.008511772180860695	-2.3814559095040058	-0.3131942877744903
0.005450013715733323	-2.3632776159970827	-0.3267970068598562
0.0017375941267891454	-2.3451747553227626	-0.3403432799630215
-0.0024752246222699307	-2.327184848424218	-0.3538050303643754
-0.0064518115572076975	-2.3093451821306745	-0.36715435653051365
-0.008971187258827666	-2.291692731874762	-0.38036358994442754
-0.00912490719007102	-2.2742640850552753	-0.39340535245273056
-0.007100535817950316	-2.2570953652042185	-0.4062526130110612
-0.004058084899575319	-2.240222157115258	-0.41887874371005185
-0.001223682253898977	-2.2236794330888072	-0.4312575749657364
0.0008168799868552368	-2.2075014804465956	-0.4433634497600084
0.0020661884999250324	-2.191721830465952	-0.4551712768187105
0.0027000813735433235	-2.176373188881117	-0.4666565826171314
0.002859546289142147	-2.161487368095614	-0.4777955621051222
0.0026782098994436766	-2.1470952212461816	-0.48856512804669877
0.002289733660356658	-2.1332265782549404	-0.49894295887186435
0.0017766779955979332	-2.1199101840023236	-0.5089075449414711
0.0011778559164026536	-2.10717363874892	-0.5184382331292321
0.0005395379003389614	-2.0950433409297213	-0.5275152696284797
-8439148645612932e-20	-2.0835444324393326	-0.5361198408949465
-0.0006654467078336791	-2.072700746521559	-0.5442341126407084
-0.0011918489843116315	-2.0625347583713682	-0.5518412667984698
-0.001637011749470849	-2.0530675385516126	-0.5589255363795764
-0.0019665473309795787	-2.044318709321076	-0.5654722381535074
-0.0021629370436434536	-2.0363064039643444	-0.5714678030811118
-0.00221308706958834	-2.0290472292077966	-0.576899804438515
-0.0020849947773672636	-2.0225562307996414	-0.5817569835734023
-0.0017578263519913587	-2.0168468623252975	-0.5860292732402931
-0.00128353551349221	-2.011930957322787	-0.589707818466446
-0.0007896898341412762	-2.0078187047559166	-0.5927849949051422
-0.000401266928292465	-2.0045186278961	-0.5952544246383071
-0.00016497122502731932	-2.0020375666565724	-0.5971109893957209
-50990911011788866e-21	-2.0003806634156263	-0.5983508411634149
-878558789507036e-20	-1.9995513523582487	-0.598971410159266
