#y=-1.2246467991473532e-16 
#Fourier coeffs at root (0-n) 	d/dt (Fourier coeffs at root) 
0.5004938158006388	1.3228322480705417
-0.32582754030793787	-1.577176927876208
0.10641650729342376	0.4002641288143464
0.053865618381987584	-0.1272954700551665
-0.07477072109178609	0
-0.07145078237906632	0
0.10986780092797686	0
-0.03293323992885325	0
-0.06921453286349077	0
0.03989193186053503	0
0.018937099180135825	0
-0.03721128711085132	0
-0.007460962187222637	0
0.029752095784639162	0
-0.012475487052956874	0
-0.008414780786956544	0
0.007734674987170394	0
0.007056427410293946	0
-0.006114383687172506	0
0.001380125837101652	0
0.0028893832065223506	0
0.001363578663247527	0
-0.0004959185924728041	0
-0.001249197444484662	0
0.0014146820940582885	0
0.0011399052693910193	0
-0.0015923698344566634	0
-0.0016197738785000966	0
0.0022275893009938725	0
-0.0004665291486368567	0
-0.002081021538445599	0
0.0005246824290935074	0
0.0013055491713673628	0
-0.0014139504489428464	0
-0.0005590718955549058	0
0.0012635653134943936	0
