#y=-1.4142135623730951 
#Fourier coeffs at root (0-n) 	d/dt (Fourier coeffs at root) 
0.44885200114609775	1.2665832706616402
-0.2526504932741983	-1.5982980990804974
0.07392394533097744	0.20340911084164953
0.003222473709963309	-0.17137274988832668
-0.043858363865962265	0
-0.04822409399500146	0
0.07083175857112782	0
-0.0344904843549094	0
-0.03943445192087888	0
0.030615956695980273	0
0.00021425249657255633	0
-0.024822040258927498	0
0.001641519554594333	0
0.0186186674670674	0
-0.016167179060877404	0
-0.00042445592426162596	0
0.009035203445583794	0
0.0009284898127455417	0
-0.006470841398550076	0
0.006455270949010823	0
0.0025314326062936205	0
-0.003143215734564794	0
0.001071462935280979	0
0.0026063699682370156	0
-0.0011584890558351073	0
-0.0013108115540004816	0
0.0017127415225832274	0
-0.0006623030084685498	0
-0.0009433111127250389	0
4972798516472633e-20	0
0.00032215060100048326	0
-0.0009039709884256249	0
-5477319589450884e-20	0
0.00022464855623252226	0
-0.0002538417319577977	0
-0.0001470762233243274	0
