#y=-1.9753766811902755 
#Fourier coeffs at root (0-n) 	d/dt (Fourier coeffs at root) 
-0.02054356597089202	0.21050015341962752
0.3533694271382638	-0.09262202978514988
0.01527290290682413	-0.02773137388058673
-0.007410927134582606	0.016685632013754722
0.0034297026186181586	0
-0.0011145232308357278	0
-0.00024606642148666835	0
0.0010198348822488394	0
-0.0014195338358872522	0
0.0015753176407193746	0
-0.0015720090965341009	0
0.0014678655367221574	0
-0.001304206651187304	0
0.0011107024595912436	0
-0.0009085348419194701	0
0.0007124583731504026	0
-0.0005322581950817646	0
0.00037385623947348585	0
-0.00024019553280126314	0
0.00013197019413642747	0
-48236649026598995e-21	0
-13074746479264307e-21	0
5473636501971121e-20	0
-7988031440951431e-20	0
9172888857576418e-20	0
-9339149258593687e-20	0
8772060774469151e-20	0
-7721889407447429e-20	0
6398925426979505e-20	0
-4971968890163154e-20	0
35695067943451005e-21	0
-22828497419873082e-21	0
11705716835151166e-21	0
-26368594566241485e-22	0
-4289121830526868e-21	0
915107458074062e-20	0
