#y=-1.4142135623730951 
#strength 	x-position 	z-position 
0.01	-2.259169468956988	-0.31318939126263434
0.01	-2.253998797927515	-0.3186191401487985
0.01	-2.2542064939300546	-0.32819748939753335
0.01	-2.2413135187680306	-0.3419752370692679
0.01	-2.222509990469517	-0.3323788584905545
0.01	-2.222064338344191	-0.3145010811980557
0.01	-2.2294176871810327	-0.3024726407891374
0.01	-2.237348137886692	-0.29280481955095317
0.01	-2.246885421515963	-0.28543126692712467
0.01	-2.259118752360115	-0.28144575292126994
0.01	-2.272876436019729	-0.28326489750531125
0.01	-2.2845723318107893	-0.29200780254925146
0.01	-2.2903359759425435	-0.3060180114715618
0.01	-2.2892701871253442	-0.32175468827550247
0.01	-2.2842970373281943	-0.336229984580295
0.01	-2.277423366153193	-0.34815164156848666
0.01	-2.2687069348587405	-0.35723599712232956
0.01	-2.2585077712285924	-0.3638764903294887
0.01	-2.247413356149027	-0.36854886420009864
0.01	-2.2355723015628435	-0.37102445654084343
0.01	-2.22354413065668	-0.3702486359778614
0.01	-2.2126041042167444	-0.36586166670517356
0.01	-2.203483064207516	-0.3586365892340452
0.01	-2.196337814882379	-0.3490456469196157
0.01	-2.191728154664277	-0.3372579637300205
0.01	-2.1899758569474197	-0.32414858471134944
0.01	-2.190693544000182	-0.31061012603801674
0.01	-2.1935432912960566	-0.2971691679188116
0.01	-2.1981126107931197	-0.28433639819745976
0.01	-2.2038520900019902	-0.27243367989891637
0.01	-2.2103062334202153	-0.26155906113224187
0.01	-2.2171640489099134	-0.25167444392922894
0.01	-2.2242408110443814	-0.24266937985791787
0.01	-2.231441533994568	-0.23441014996568776
0.01	-2.2387147405357535	-0.22677074022435637
0.01	-2.246011326117971	-0.21964699328958556
0.01	-2.2532670715177843	-0.21295608301297062
0.01	-2.260414926973868	-0.20663316032579176
0.01	-2.2674244338736402	-0.2006288959280254
0.01	-2.2743513409897145	-0.19490204786556392
0.01	-2.2813541931272914	-0.1894113204277458
0.01	-2.2886297901180472	-0.18411853049536728
0.01	-2.2962682730128066	-0.17900054038946867
0.01	-2.304120517504689	-0.17405693225317032
0.01	-2.311893496382196	-0.16928083017637294
0.01	-2.3194164529617924	-0.16463681665845797
0.01	-2.3267323498533496	-0.1600863458835576
0.01	-2.333993024182851	-0.15560971597424017
0.01	-2.3413287774973957	-0.15120930765052681
0.01	-2.348794251024293	-0.1468965257087931
0.01	-2.356384264097965	-0.142677026613812
0.01	-2.364072635230309	-0.13854662754170735
0.01	-2.3718373182493133	-0.13449614143679095
0.01	-2.379667456645684	-0.13051638476596342
0.01	-2.3875615062935696	-0.12659997446486035
0.01	-2.395522402908953	-0.12274137628624986
0.01	-2.403553731762735	-0.11893629756429736
0.01	-2.4116587448227067	-0.11518089486211237
0.01	-2.419840498635252	-0.11147139475675934
0.01	-2.4281017226288966	-0.10780407327842687
0.01	-2.4364449325790156	-0.10417521758188945
0.01	-2.4448727973760636	-0.10058109093862433
0.01	-2.453388256842972	-0.09701796748272797
0.01	-2.4619945333797397	-0.09348214055425849
0.01	-2.4706952195935337	-0.08996989469360166
0.01	-2.4794943068945328	-0.08647748428730063
0.01	-2.488396175655197	-0.08300110757586948
0.01	-2.4974056540100453	-0.07953687297732652
0.01	-2.5065280999637563	-0.07608077138641978
0.01	-2.515769465398094	-0.07262864898391169
0.01	-2.5251363833289155	-0.06917617512253471
0.01	-2.5346362934013658	-0.06571880941546164
0.01	-2.5442775863986604	-0.06225176654544146
0.01	-2.5540697711508624	-0.058769973855906515
0.01	-2.564023685209626	-0.055268021116898616
0.01	-2.5741517656746593	-0.05174010285620275
0.01	-2.584468395674267	-0.048179951034242934
0.01	-2.5949903531349117	-0.044580754771388016
0.01	-2.605737405009985	-0.040935064474038614
0.01	-2.6167331115660453	-0.03723467815898864
0.01	-2.628005939644893	-0.03347050805400361
0.01	-2.6395908443116354	-0.029632427712889483
0.01	-2.6515315869622547	-0.025709107613229885
0.01	-2.663884261351477	-0.021687868859909372
0.01	-2.676722904265178	-0.01755464387250594
0.01	-2.6901489381114714	-0.013294302838471753
0.01	-2.7043082444770645	-0.008892139348991922
0.01	-2.7194251025833025	-0.0043392434184810385
0.01	-2.735878936271159	0.00034686397552801534
0.01	-2.754410374301929	0.005020118175548845
0.01	-2.776628317709081	0.00853733273310783
