#y=-1.2246467991473532e-16 
#strength 	x-position 	z-position 
0.01	-2.2838726081778735	-0.3065752628974654
0.01	-2.285550228693773	-0.3122548777364416
0.01	-2.2954184173140524	-0.3156427526275249
0.01	-2.292662197912651	-0.33345328079949854
0.01	-2.2689525731912927	-0.345745631625873
0.01	-2.256742003936382	-0.3417740793312225
0.01	-2.2534787612890845	-0.33312363883334556
0.01	-2.250679195108107	-0.32408630693726004
0.01	-2.2502829375305624	-0.313547307916993
0.01	-2.2547966410725233	-0.301159105809177
0.01	-2.2654000002144956	-0.28920519687337815
0.01	-2.2802287817556666	-0.28090426938507923
0.01	-2.2955341078904175	-0.27782416571913415
0.01	-2.3086715709364567	-0.2797641628268823
0.01	-2.3185234281173916	-0.2857667477603885
0.01	-2.3249571781853104	-0.29428699923729734
0.01	-2.328222948160882	-0.304045531632183
0.01	-2.3283445284758244	-0.3143754752969505
0.01	-2.3251293030804687	-0.32491334534056493
0.01	-2.3188005531316955	-0.33542274970447705
0.01	-2.309789899394604	-0.34577003487322844
0.01	-2.29876199208214	-0.3553762341748589
0.01	-2.2871683832605405	-0.364047524539523
0.01	-2.275636765173751	-0.3718297577928765
0.01	-2.2643015890186833	-0.3783959931615369
0.01	-2.253306618217493	-0.3833722628298807
0.01	-2.2428576822535087	-0.38643173519096774
0.01	-2.233048070852422	-0.38740299246683696
0.01	-2.223894730873436	-0.38600909139990225
0.01	-2.2157343039480604	-0.3820051436935789
0.01	-2.209054722989049	-0.37571018901465986
0.01	-2.204054430649452	-0.36776165456067617
0.01	-2.20070522081702	-0.35864836376775344
0.01	-2.198896262682395	-0.3487681602463005
0.01	-2.198438693329842	-0.338460258297824
0.01	-2.1991707284083146	-0.3279042917757846
0.01	-2.201030900927859	-0.31718238510639973
0.01	-2.2039913879134723	-0.30639040086287833
0.01	-2.2079832551610057	-0.2956686521325964
0.01	-2.2128884935242	-0.2851827681758613
0.01	-2.2185823231248203	-0.2750746613302877
0.01	-2.224969481976587	-0.26543620868461604
0.01	-2.2319725938784654	-0.2563167851594985
0.01	-2.239485048401033	-0.2477374885453488
0.01	-2.2473247351147947	-0.2397108564087406
0.01	-2.25526872627613	-0.23223949463323576
0.01	-2.2631767224690114	-0.22528760548406468
0.01	-2.2710517775947023	-0.2187805839951448
0.01	-2.2789586725076476	-0.21264656197897633
0.01	-2.286921071978602	-0.206837950598383
0.01	-2.294896073292951	-0.20132047287278193
0.01	-2.3028218077274096	-0.19605392990274204
0.01	-2.3106544095668355	-0.1909990685031233
0.01	-2.3183929781923465	-0.18611982578125089
0.01	-2.326075122010562	-0.1813841796610319
0.01	-2.333742550119081	-0.17676995031018417
0.01	-2.3414189622226678	-0.1722635455135056
0.01	-2.349116822100583	-0.16785234278973013
0.01	-2.356844355798549	-0.16352350115845024
0.01	-2.364605462562537	-0.15926618143970106
0.01	-2.3724043580763703	-0.1550705489058068
0.01	-2.3802482821537225	-0.15092733595936275
0.01	-2.3881438811512132	-0.14682904256800822
0.01	-2.3960968387444406	-0.14276942323299258
0.01	-2.4041141186943062	-0.13874248847977264
0.01	-2.4122022469608355	-0.1347428315076576
0.01	-2.420365721464774	-0.13076571051043845
0.01	-2.428609087942235	-0.12680649951646514
0.01	-2.4369380127869107	-0.12286067751354227
0.01	-2.445357907580849	-0.1189240495028982
0.01	-2.453873600910793	-0.11499254956768482
0.01	-2.462490200209183	-0.1110620457977681
0.01	-2.47121312976164	-0.10712839591346664
0.01	-2.480047885720572	-0.10318745440643308
0.01	-2.4890004324367774	-0.09923499622973495
0.01	-2.4980774350767074	-0.0952666890473302
0.01	-2.50728597543818	-0.09127805181394741
0.01	-2.516633563514685	-0.08726437913902274
0.01	-2.526128603164925	-0.08322072300501215
0.01	-2.5357806701378105	-0.07914189978708752
0.01	-2.5456004967580186	-0.07502242847505627
0.01	-2.555600100773141	-0.07085643374261949
0.01	-2.565793173915089	-0.06663758595760368
0.01	-2.576195521997322	-0.06235905465434298
0.01	-2.5868255174873216	-0.0580134269004495
0.01	-2.5977047114985052	-0.05359259819477877
0.01	-2.6088587080792904	-0.049087655394301585
0.01	-2.6203183692295684	-0.04448874283540585
0.01	-2.6321215120789825	-0.03978490355289853
0.01	-2.6443153981370853	-0.03496391134257958
0.01	-2.6569605147219417	-0.030012128462955777
0.01	-2.670136577943345	-0.024914467038394908
0.01	-2.683952643864089	-0.01965469558105484
0.01	-2.6985654385862397	-0.01421687705490946
0.01	-2.714215866197831	-0.008590611354332197
0.01	-2.7313119750603225	-0.002790834725301901
0.01	-2.750656752794397	0.0030465580463031857
0.01	-2.7741263851277362	0.007841155925203284
