#y location 	alpha (def) 	h 	u 	scaled bound circ 	a0 	a03d 	tevstr 	cl 	cd 	cm 
-1.9753766811902755	36.63857071900696	0	1	1.0898550261991262	-0.02054356597089202	-0.9337138786008864	-0.0029069713965597984	1.6140375211646798	1.1970720287004033	-0.8926545825142375
-1.902113032590307	36.63857071900696	0	1	1.0212867217253196	0.10429769134322509	-0.7550840130468144	-0.004635330268269989	2.7535788290055345	1.9626871705106923	-1.3506394612946633
-1.7820130483767358	36.63857071900696	0	1	0.6535562213966482	0.292851047796383	-0.35274581693101287	-0.01408344896166357	3.6092554504597687	2.0126982412485157	-1.449514313352391
-1.618033988749895	36.63857071900696	0	1	0.5287669225407866	0.3925746886501057	-0.21347576351865982	-0.014550019830051764	4.141869835320284	1.8735811296524059	-1.6530039774073022
-1.4142135623730951	36.63857071900696	0	1	0.46360401557729586	0.44885200114609775	-0.14107726106829727	-0.014955868689124772	4.608902660833802	1.8501267026764638	-1.8249008198542302
-1.1755705045849463	36.63857071900696	0	1	0.4384549842861415	0.47288471436308344	-0.1103025456247131	-0.015116709674637558	4.877522363414059	1.876445731451276	-1.938873166796556
-0.9079809994790937	36.63857071900696	0	1	0.4238518835455859	0.48749372969201876	-0.09165198580760783	-0.015195259101350084	5.061172832917961	1.9031674895727033	-2.0127983230466637
-0.6180339887498949	36.63857071900696	0	1	0.415737640846956	0.4960321212366661	-0.080852220905225	-0.015226252065504368	5.166552684697239	1.9157825688829355	-2.057802896588484
-0.31286893008046185	36.63857071900696	0	1	0.41341811398775763	0.4993907267534	-0.07651143565951515	-0.01524685637093521	5.214441178042253	1.9252191154502378	-2.0800598957040144
-12246467991473532e-32	36.63857071900696	0	1	0.41270431368213667	0.5004938158006388	-0.07512426803546676	-0.0152504942810065	5.226258904460228	1.9253715239755942	-2.08718050160179
