#y=-1.4142135623730951 
#strength 	x-position 	z-position 
-9703945633154909e-26	-0.019223485261527597	0.05263735460671522
-9706867254433149e-27	-0.026931365493141443	0.05313879779128335
-2203372206910359e-26	-0.034643537172991234	0.053647653442110046
-30682709845075706e-27	-0.04236012129549108	0.05416407198956306
-35454132685242e-24	-0.05008124319505314	0.05468820743079146
-4071721605714007e-26	-0.05780703274923642	0.055220217762531096
-4753717385008738e-26	-0.06553762458523256	0.05576026522185512
-55722572389615976e-27	-0.0732731582873224	0.056308516313065375
-6536121470446243e-26	-0.08101377861878369	0.056865141922823804
-7682708982881259e-26	-0.0887596357568221	0.05743031746642511
-9033507622491221e-26	-0.09651088553992855	0.05800422303481843
-10634671268605622e-26	-0.10426768972851254	0.05858704354479411
-12525727503820416e-26	-0.11203021627975546	0.059178968895032116
-1475201107103974e-25	-0.11979863963756643	0.05978019412778504
-1738468674572502e-25	-0.12757314103862571	0.06039091959703741
-2049137873272322e-25	-0.1353539088355277	0.06101135114285636
-24152537608790325e-26	-0.1431411388381246	0.0616417002721191
-28473798666106553e-26	-0.15093503467428582	0.06228218434642594
-3356850058339189e-25	-0.1587358081713302	0.06293302677699954
-39583838637446966e-26	-0.16654367975951492	0.06359445722715348
-4667608625996689e-25	-0.17435887889906268	0.06426671182257052
-5503890364300101e-25	-0.1821816445323064	0.0649500333696148
-6490647654761039e-25	-0.1900122255626856	0.06564467158229496
-7654157099801218e-25	-0.19785088136241422	0.0663508833177171
-9026565311182067e-25	-0.20569788231083727	0.06706893282087063
-10645526179325904e-25	-0.21355351036562661	0.0677990919791394
-12554154521504657e-25	-0.22141805966911474	0.06854164058637567
-14805932539024846e-25	-0.22929183719231105	0.0692968666176376
-17461463230200591e-25	-0.23717516341929243	0.07006506651454236
-20593240671745727e-25	-0.24506837307490587	0.07084654548166477
-24287512452592086e-25	-0.2529718158990016	0.07164161779499219
-2864370794372628e-24	-0.26088585747059256	0.07245060712193331
-3378162444223065e-24	-0.2688108800857143	0.07327384685385614
-3984144255828048e-24	-0.27674728369304985	0.07411168045171816
-4698847142978191e-24	-0.2846954868917125	0.07496446180471787
-5541726508240252e-24	-0.29265592799599155	0.07583255560275108
-6535856831441089e-24	-0.3006290661723045	0.0767163377231576
-7708333507952525e-24	-0.30861538265399885	0.07761619563172549
-909108765524691e-23	-0.31661538204019707	0.078532528798124
-10721917473657805e-24	-0.32462959368547173	0.07946574912647343
-12645334269284492e-24	-0.33265857318768816	0.08041628140088708
-14913783567480077e-24	-0.34070290398208375	0.08138456374588014
-1758918805917775e-23	-0.34876319905038683	0.08237104810192197
-20744549742920948e-24	-0.3568401027546244	0.0833762007155997
-24465957520342085e-24	-0.3649342928061455	0.08440050264367673
-28854944794654003e-24	-0.37304648238143734	0.08544445027032001
-3403126136447554e-23	-0.3811774223974377	0.08650855583628146
-4013620790235817e-23	-0.3893279039602914	0.0875933479785565
-47336341400458504e-24	-0.39749876100287107	0.08869937227824301
-55828100394353375e-24	-0.4056908731279451	0.08982719181387196
-6584327904256282e-23	-0.41390516867558264	0.09097738771680827
-7765502356947562e-23	-0.422142628035258	0.09215055972364786
-9158577496740095e-23	-0.4304042872253064	0.09334732672033111
-1080155315000969e-22	-0.4386912417647123	0.09456832727063995
-12739269286687893e-23	-0.4470046508648784	0.09581422012018379
-15024592194858022e-23	-0.4553457419720387	0.09708568466518257
-17719885749521713e-23	-0.46371581569425063	0.09838342137242397
-20898687803395932e-23	-0.47211625115071776	0.09970815213412322
-24647740184263744e-23	-0.48054851178537833	0.10106062053765869
-2906933250345495e-22	-0.4890141516914763	0.10244159202582218
-342841137130831e-21	-0.49751482249922657	0.10385185391812383
-4043437058232069e-22	-0.5060522808847969	0.10529221525763902
-4768791071769335e-22	-0.5146283967657849	0.10676350644028759
-5624264843191729e-22	-0.5232451622562737	0.10826657857490322
-6633198054318418e-22	-0.5319047014636403	0.10980230251142399
-7823119465930756e-22	-0.5406092812196871	0.11137156746286694
-9226493741573e-19	-0.549361322850694	0.11297527913143546
-10881607451634911e-22	-0.5581634151048227	0.11461435723129049
-12833616413170795e-22	-0.5670183283715674	0.1162897322808182
-15135771897715339e-22	-0.5759290303467072	0.11800234151109161
-17850876408952165e-22	-0.5848987033184209	0.1197531237088206
-21052993890297023e-22	-0.5939307632764326	0.12154301277810882
-2482946877475564e-21	-0.6030288810770255	0.12337292976395117
-29283304496061785e-22	-0.6121970059338389	0.1252437730330835
-34535971821757216e-22	-0.6214393915487738	0.127156406251574
-4073071343051529e-21	-0.6307606252508544	0.12911164373178843
-4803644717254682e-21	-0.6401656605758128	0.13111023264400778
-5665235879874844e-21	-0.6496598537981367	0.13315283149601384
-6681332013118088e-21	-0.6592490050238426	0.13523998417539826
-7879627489980681e-21	-0.6689394045708551	0.13737208872247766
-9292775734632067e-21	-0.6787378855096083	0.13954935984937158
-10959275628812798e-21	-0.6886518834167444	0.14177178404156465
-1292451532323817e-20	-0.698689504617387	0.14403906586363072
-15242000973818629e-21	-0.708859604467307	0.14635056383093772
-1797480430965233e-20	-0.7191718775677588	0.14870521389632618
-21197264890889314e-21	-0.7296369622286992	0.15110143821516886
-24996994085466073e-21	-0.7402665620187497	0.15353703637603475
-29477229911496067e-21	-0.7510735878853417	0.15600905568640644
-3475960625914758e-20	-0.7620723251219039	0.1585136363446867
-4098740350716966e-20	-0.7732786304315015	0.1610458263547545
-483293646234631e-19	-0.784710165523721	0.1635993597702933
-56984169264610515e-21	-0.7963866751253715	0.16616639018788124
-671856732885074e-19	-0.808330319034733	0.1687371691849888
-7920903914352372e-20	-0.8205660699649745	0.17129965641599437
-9337789442738151e-20	-0.833122191485573	0.17383904402971115
-0.00011007267864164907	-0.8460308134977217	0.17633717252438844
-0.0001297403527157747	-0.859328626554704	0.17877180747475457
-0.00015290566479047966	-0.8730577212632171	0.18111573579088328
-0.0001801841803626674	-0.8872666054904909	0.18333562482298876
-0.0002122972969274689	-0.9020114410249316	0.18539056535370912
-0.0002500894644953816	-0.9173575541407286	0.18723018646931358
-0.0002945478260555929	-0.9333812935454705	0.18879218002609466
-0.00034682446280405455	-0.9501723381393161	0.18999899392017877
-0.00040826137322164634	-0.9678366015553869	0.19075332748924603
-0.0004804182178401936	-0.9864999491641717	0.19093185504615084
-0.0005651027109563073	-1.006313049078346	0.19037625172875644
-0.000664403308445409	-1.027457841110893	0.18887997579286742
-0.0007807235109997916	-1.0501563525341577	0.18616811064658423
-0.0009168166340571531	-1.0746829301923209	0.18186528468546206
-0.0010758192601030836	-1.1013812724433436	0.17544177297290828
-0.0012612807442757609	-1.130686996644622	0.16611634150959653
-0.001477185056385416	-1.163148955488286	0.15266448750172396
-0.0017279598900345888	-1.1993857579202007	0.1329985597867055
-0.00201846635821361	-1.2394837340166562	0.1032852385066985
-0.0023539607838459504	-1.280268115459584	0.05833146798273572
-0.00274001823243499	-1.3166451995513329	-0.004698860328496489
-0.0031824057963424158	-1.3326745745019597	-0.09372096027027729
-0.003686892686879829	-1.2961504946978246	-0.19238224378290678
-0.004258984594311486	-1.232555593581301	-0.23709358961018517
-0.004903572441181514	-1.1510784131338974	-0.22584433363132325
-0.005624491637562227	-1.0984898840883222	-0.11665205325273685
-0.006423998272259472	-1.1007982696110445	-0.018983475155118532
-0.007302183945036006	-1.2656413709193357	-0.13804116671917593
-0.008256370774299759	-1.279832707115003	-0.17393307257727672
-0.00928055041679148	-1.171075866998772	-0.1783659617506445
-0.010364951338547906	-1.1471507032632051	-0.11418034018895694
-0.01149583039211237	-1.2034779639670965	-0.11979497370447027
-0.012655580070723503	-1.2059120433737385	-0.17786451269146455
-0.01382321512875604	-1.1636136850878394	-0.15162976362069058
-0.014975250402109123	-1.1852764132967637	-0.13889999205563638
-0.01608691352919405	-1.189587208715485	-0.15750893289353815
-0.01713356966586302	-1.181498466466381	-0.10757267039262337
-0.018092193089517757	-1.1495264093267354	-0.1497851498485521
-0.018942719829916875	-1.2018661324958468	-0.19073404530300322
-0.019669155314740186	-1.2725048595373485	-0.16313203441568347
-0.02026036915209667	-1.2333663648386188	-0.1508523426616545
-0.020710554229094968	-1.2144123003030978	-0.1282493697463855
-0.021019342073410975	-1.1603202716402807	-0.08154765678792693
-0.021191562695408644	-1.1477016547617562	-0.05368039404457242
-0.02123664517892331	-1.1267716917726678	-0.06886528697175393
-0.021167694786745374	-1.1201637756511027	-0.11081955303938643
-0.02100034252384174	-1.1242742384993136	-0.13792182402670985
-0.020751511546416974	-1.1186822305401238	-0.16714834297102596
-0.020039760975763706	-1.1758988596723485	-0.19815249141042832
-0.019406066580231626	-1.2476600496820565	-0.17865723253156404
-0.01899933389886355	-1.2997134831090413	-0.06577450057505609
-0.017310204404590458	-1.2551188378264484	0.0024965686789278525
-0.016839596358249345	-1.2226660241106013	0.03680341892255049
-0.016329754225782804	-1.2806095773118011	-0.113066563927775
-0.015819735207718306	-1.1788080314662734	-0.07327036799854954
-0.01960074662707939	-1.1351305936765277	-0.010394736826173943
-0.018986446572463827	-1.1672806245113814	-0.03491999429706809
-0.018759589432030484	-1.164817784349196	-0.042692604021764696
-0.018613426465864034	-1.1431036764423212	-0.0016088750490003175
-0.018451839782351334	-1.2208550369243696	-0.09598246714239453
-0.0182900925000364	-1.2486800166927583	-0.11822972158032802
-0.018130496769126113	-1.253242061333985	-0.08275429211209161
-0.017972765118303105	-1.1982306281972432	-0.06673978491247758
-0.01781865726097365	-1.0779738039313778	-0.06958102485954115
-0.01766931071789189	-1.0328766948178822	-0.1992443963275526
-0.017527766331677887	-1.0597067398601017	-0.14905806914480596
-0.017392364868332035	-1.056253400203455	-0.17622790730319934
-0.017267903479845532	-1.0487348344410274	-0.18681144410789427
-0.017150023760106443	-1.043506385091524	-0.20889503550628127
-0.01599349081880058	-1.0719756298584617	-0.15168851477368908
-0.0159064742187486	-1.0420951337084332	-0.2560214613190988
-0.01579457099810348	-1.1905916262444063	-0.29987867228981446
-0.015685766575472732	-1.2056897278927656	-0.36898893178888026
-0.015589169618135015	-1.2053431788560278	-0.34807160862256453
-0.015504115525075222	-1.210852830528502	-0.3549549784678146
-0.015433889008831749	-1.217776545068105	-0.3598087116746593
-0.015365819422556989	-1.2201914313952544	-0.3400663423079846
-0.015311986897996448	-1.183364361879252	-0.3189483917507196
-0.015262076143926745	-1.1807725411046728	-0.3435474642452996
-0.015215924262651014	-1.2096515193690986	-0.386364012444455
-0.015179246875655396	-1.2505220799214096	-0.4004560183166334
-0.015144681565605559	-1.2700225172689592	-0.4107096234108435
-0.015114415085687765	-1.2818390615113724	-0.4200520780853396
-0.0150889848409872	-1.2921984059738352	-0.42912368661941164
-0.015067331185374108	-1.303691077737141	-0.43801905039626726
-0.015048765819355164	-1.3161944080187304	-0.4465175488248197
-0.015033607459764592	-1.3287501049067525	-0.4546127061130525
-0.01502156318760704	-1.340923563647199	-0.4624067149227765
-0.015010592916097892	-1.352924678113352	-0.4699324526493827
-0.015002940895235871	-1.3653972708876438	-0.4771177389930133
-0.014997071056081583	-1.3793731176827158	-0.4837841506290666
-0.01499266951987786	-1.3960687928624038	-0.48984857681132754
-0.01499126501903899	-1.4146272870462817	-0.49680518508860144
-0.014990228967160669	-1.4258296102724723	-0.5066345832926765
-0.014990506698877484	-1.4269656994430577	-0.513641382447201
-0.01499326603448812	-1.4246706250942438	-0.5178965337473115
-0.014996835988086606	-1.424868135618631	-0.5240873615503108
-0.014769547412106718	-1.4373493739467402	-0.5343728668916918
-0.014787573485738281	-1.466312402473706	-0.5364901990501136
-0.014778931655373084	-1.492002248701883	-0.5365879205689741
-0.01476970178886041	-1.508485140328579	-0.5406302713425603
-0.014765786411251723	-1.5184910608010096	-0.5461056766061757
-0.014764461926547259	-1.5264501828797439	-0.5518486338901377
-0.014766668912963923	-1.5354053046136351	-0.5575289090976081
-0.014772098549985471	-1.5462382731977908	-0.5627725158058644
-0.014778848930159304	-1.558282810491047	-0.5674117987749289
-0.014787444027606001	-1.5706496288824119	-0.5716504749674
-0.014798599091041916	-1.582920617725221	-0.5756989076836977
-0.014811036787199996	-1.5950230664286165	-0.5796393007294894
-0.014824417017764342	-1.6070058519133912	-0.5834798737456225
-0.014839612678600666	-1.6189242203136667	-0.5872078813928948
-0.01485624014821621	-1.6308075739869947	-0.5908116278722354
-0.014873614482717682	-1.6426682979729865	-0.5942845406538667
-0.014892103706440023	-1.654512323210183	-0.5976232447080146
-0.014911817830889322	-1.6663409732364067	-0.6008259016364322
-0.014932301386961394	-1.6781529782627493	-0.6038914473520385
-0.014953558860629042	-1.6899470354045514	-0.6068189432581201
-0.014975759303963703	-1.701721719337716	-0.609607236658158
-0.01499867858844853	-1.7134752668890314	-0.6122548729873026
-0.015022137476132978	-1.7252062916029667	-0.6147599607399948
-0.01504618302482897	-1.7369136247004084	-0.6171201510617318
-0.015070738188381127	-1.748595737313206	-0.6193327480045636
-0.01509560224039476	-1.7602508842880134	-0.6213946940751819
-0.015120660158414461	-1.771877302066095	-0.623302486046632
-0.015145831992267465	-1.783472968681734	-0.6250521831427335
-0.015170956855482531	-1.7950354721742314	-0.6266394000920753
-0.015195816646321872	-1.8065621573052892	-0.6280591837382509
-0.015220182175823396	-1.8180501850005055	-0.6293058714588504
-0.015243799652582168	-1.829496409406192	-0.6303730039901008
-0.015266359359658026	-1.840897246485841	-0.6312532370123047
-0.015287480526534405	-1.8522485883204025	-0.6319382000071917
-0.0153067098866101	-1.8635456884225081	-0.63241831554663
-0.015323518952170948	-1.8747829714605202	-0.6326825977409366
-0.015337290454722426	-1.8859537713135408	-0.6327184155200442
-0.015347297437868994	-1.8970499954312119	-0.6325111885537452
-0.015352681651093108	-1.9080616783718545	-0.6320439834619942
-0.015352433284812747	-1.918976352049241	-0.6312969701330665
-0.01534537092474146	-1.9297781105490541	-0.6302466610835
-0.015330117513547663	-1.9404461239211515	-0.6288647719370338
-0.015305068222184727	-1.9509520293070663	-0.6271163887411976
-0.015268351982236503	-1.9612548701296937	-0.6249569842980425
-0.015217791949495341	-1.9712910209788643	-0.6223283310543012
-0.015150866572025384	-1.980956972432478	-0.619156790555048
-0.01506466953649596	-1.9900965241325657	-0.615368509628867
-0.014955868689124772	-1.998567171612547	-0.6109716059904363
