#y=-1.2246467991473532e-16 
#strength 	x-position 	z-position 
-10172121304996562e-26	-0.020836513783863787	0.05715603857828767
-9755496757635207e-27	-0.028568710714335144	0.05769848328913629
-2323068820642149e-26	-0.036305752494569264	0.05824889712795278
-3247691525432028e-26	-0.0440477769816389	0.05880744005419016
-37476514946899186e-27	-0.05179492701484613	0.05937427574655744
-4306339312920571e-26	-0.05954735065008252	0.05994957205440371
-5023242759250035e-26	-0.06730520139812803	0.060533501242006515
-5889188268992651e-26	-0.0750686384643576	0.06112624000995876
-6911882177718098e-26	-0.08283782700520564	0.06172796961049064
-8122054417913915e-26	-0.09061293839969112	0.0623388759941692
-9552878453555902e-26	-0.09839415053537824	0.06295914995684525
-11244932415777065e-26	-0.1061816481097327	0.06358898728884349
-13240196612696042e-26	-0.11397562294798366	0.06422858892939354
-15600641785351588e-26	-0.12177627433855204	0.06487816112676328
-18380292600428394e-26	-0.12958380938713984	0.06553791560373004
-21664786631347965e-26	-0.1373984433906962	0.0662080697288434
-2553761785373254e-25	-0.14522040023254876	0.06688884669363998
-3010791442548122e-25	-0.1530499128000752	0.06758047569577932
-3549492956500533e-25	-0.16088722342641731	0.06828319212859497
-4185528330175048e-25	-0.16873258435783883	0.06899723777717004
-4934894402841561e-25	-0.17658625824842894	0.06972286102087394
-5819606654217102e-25	-0.1844485186840373	0.0704603170430434
-6862646614175238e-25	-0.1923196507374256	0.0712098680478539
-8093395693214989e-25	-0.20019995155678277	0.07197178348440009
-9543963310626458e-25	-0.2080897309899258	0.07274634027826705
-11255641453600251e-25	-0.21598931224670592	0.07353382307091354
-13274090281817363e-25	-0.22389903260230928	0.07433452446690583
-15654778272311543e-25	-0.23181924414438745	0.0751487452891622
-18462625230725171e-25	-0.23975031456719176	0.07597679484275939
-21773917929096553e-25	-0.24769262801611364	0.07681899118689156
-25679677325557426e-25	-0.2556465859863529	0.07767566141549781
-30285836893906293e-25	-0.2636126082797203	0.07854714194639578
-3571818970801721e-24	-0.2715911340239347	0.0794337788190574
-4212560215585692e-24	-0.27958262275915646	0.0803359280012557
-496818302990476e-23	-0.2875875555968619	0.08125395570404044
-5859443879749349e-24	-0.29560643645667506	0.08218823870550825
-6910535858828393e-24	-0.3036397933872019	0.08313916468276247
-8150196470838034e-24	-0.3116881799774706	0.0841071325516391
-9612229418670681e-24	-0.31975217686618923	0.08509255281408484
-11336570951078762e-24	-0.32783239335664843	0.08609584791224795
-13370226341000158e-24	-0.3359294691458409	0.08711745258867912
-15768739666452425e-24	-0.3440440761771413	0.08815781425167665
-18597492299626817e-24	-0.35217692062675576	0.08921739334425413
-21933727927664348e-24	-0.36032874503509627	0.09029666371514458
-2586844774672692e-23	-0.368500330595314	0.0913961129898398
-3050904070871219e-23	-0.3766924996123662	0.09251624293901242
-35982095606887365e-24	-0.38490611814731046	0.09365756984142955
-42437053524024826e-24	-0.3931420988629228	0.09482062483760603
-5004988049527037e-23	-0.40140140408830094	0.09600595426916914
-590284549226161e-22	-0.40968504912192233	0.09721411999887836
-6961772457472759e-23	-0.41799410579452256	0.09844569970443728
-8210659266198739e-23	-0.4263297063153207	0.09970128713755855
-9683589388687075e-23	-0.43469304742755344	0.10098149233917617
-11420748837961958e-23	-0.44308539490194304	0.102286941798564
-13469544069173722e-23	-0.45150808839966394	0.10361827854238637
-15885873622806246e-23	-0.45996254673976666	0.10497616213689723
-18735673547147502e-23	-0.4684502736096859	0.10636126858297112
-2209669972136341e-22	-0.47697286376162273	0.1077742900797883
-26060663509824833e-23	-0.4855320097422771	0.1092159346283467
-3073572724283935e-22	-0.49412950920861337	0.11068692544048801
-36249441880131794e-23	-0.5027672728882254	0.11218800011210528
-4275226294942619e-22	-0.511447333249537	0.11371990951207071
-504216081522596e-21	-0.520171853954528	0.11528341632841713
-5946674456747125e-22	-0.5289431401752026	0.11687929320286577
-7013445041184618e-22	-0.537763649864651	0.11850832037157084
-8271578384351497e-22	-0.546636006084593	0.12017128271454254
-9755401327495722e-22	-0.5555630105038877	0.12186896609867086
-11505394580391126e-22	-0.5645476581969462	0.12360215287676705
-13569302655686705e-22	-0.5735931538877678	0.12537161638132005
-16003429584212497e-22	-0.5827029298047268	0.1271781142211242
-18874179058183532e-22	-0.5918806653338281	0.12902238015424117
-22259858929955106e-22	-0.6011303086847496	0.1309051142699445
-26252822318464236e-22	-0.6104561008154016	0.1328269711644209
-30961978178742355e-22	-0.619862601897919	0.13478854573856813
-3651575980046992e-21	-0.6293547206534721	0.136790356179445
-430656228083727e-20	-0.638937746936922	0.13883282361008292
-5079016855405807e-21	-0.6486173880170328	0.14091624780031037
-59900002958857e-19	-0.6583998090768692	0.14304077822436337
-7064346496181775e-21	-0.6682916785554992	0.14520637962490557
-8331337442758074e-21	-0.6783002190709118	0.14741279109316618
-9825499013130928e-21	-0.6884332648109179	0.14965947749834513
-11587537547748036e-21	-0.6986993264606954	0.15194557188804084
-1366544371883896e-20	-0.7091076649621715	0.15426980722830547
-16115792124057893e-21	-0.7196683756826411	0.15663043554593126
-19005271425636197e-21	-0.7303924849220115	0.15902513216087882
-224124849130692e-19	-0.7412920611270721	0.16145088223511822
-26430068966519157e-21	-0.7523803437280818	0.16390384628698754
-3116718392698163e-20	-0.7636718931927027	0.16637920058943384
-3675244168648874e-20	-0.7751827667339105	0.16887094743358536
-4333734404312131e-20	-0.7869307251461556	0.1713716890227487
-5110031803271485e-20	-0.7989354775156731	0.17387235716270869
-60251447361964194e-21	-0.8112189720995802	0.1763618887879028
-7103801483077446e-20	-0.8238057435415358	0.1788268345072053
-8375098542592538e-20	-0.8367233288422741	0.18125088347980559
-9873257911543511e-20	-0.8500027671937188	0.18361428263066815
-0.00011638510025616458	-0.8636792019956899	0.1858931208920427
-0.00013718120988795088	-0.8777926072182961	0.18805843893648228
-0.00016167584571447416	-0.8923886649289974	0.19007511043205005
-0.000190520011428991	-0.9075198265580072	0.1919004201740595
-0.00022447666778638818	-0.9232465977832524	0.19348223433134423
-0.0002644389638037977	-0.9396390964504082	0.19475661333218508
-0.00031145103400726133	-0.9567789455801272	0.19564465012378815
-0.00036673156281036637	-0.9747615801072232	0.1960482114717255
-0.00043170025545298356	-0.9936990665998061	0.19584409338099956
-0.0005080072569722312	-1.0137235569215928	0.19487583107313938
-0.0005975654004446752	-1.0349915079352314	0.19294195154806768
-0.0007025849275539356	-1.0576887628414662	0.1897786737320736
-0.0008256099752200364	-1.0820363942103777	0.18503365022992255
-0.0009695556378948519	-1.108296521526603	0.1782247014810765
-0.001137743746096969	-1.1367751418886254	0.16867241105455472
-0.0013339346211991114	-1.1678123478717686	0.15538568267477595
-0.001562350928124399	-1.2017299126838232	0.1368616439261219
-0.0018276883331070307	-1.2386434397916095	0.11073702180443629
-0.002135105991050693	-1.2778598744235807	0.07324728600272791
-0.0024901879954191313	-1.3161424266599897	0.018839282586047987
-0.0028988649825342017	-1.3440430309491889	-0.05794653698833326
-0.0033672833805578296	-1.3419874545285315	-0.15330953900614372
-0.0039016088105313295	-1.2962176192532144	-0.23508178212907954
-0.0045077505909368815	-1.2206148722081438	-0.2729758789895789
-0.005190997107908389	-1.0967998920205717	-0.164357329947363
-0.005955558089784762	-1.1230619377219173	-0.05984353806091367
-0.00680402061783982	-1.245839743920664	-0.07230021535798192
-0.007736741612748248	-1.270428977611973	-0.13756043822213482
-0.008751220097621673	-1.1894017699947204	-0.20745831994641858
-0.009841515493873325	-1.1541540683197278	-0.16879635100638418
-0.010997798896591747	-1.189615174795684	-0.08045074207497803
-0.012206135646553323	-1.2310781478367072	-0.11959174967993855
-0.013448591342013521	-1.1752721544042988	-0.14521401501504336
-0.014703723200526216	-1.17904724167547	-0.11346406138732575
-0.015947463827878088	-1.1939229030472813	-0.11841639525488089
-0.017154334322925045	-1.192521981429205	-0.1495871042506143
-0.018298858119933332	-1.2092394334136536	-0.11724743889215543
-0.01935701052985679	-1.155417113967892	-0.19127897791064288
-0.020307548006713114	-1.193291643447888	-0.1845310411020743
-0.021133110545123356	-1.2184385697523945	-0.1823715447029078
-0.021821050954048068	-1.2319551460216664	-0.15020414791241934
-0.022363979418439393	-1.2522385090679704	-0.12391893709935733
-0.022760005767990837	-1.2295416202226155	-0.08189739306374215
-0.02301263774705244	-1.2125026670054218	-0.061950850103925315
-0.023130294137427704	-1.1724799267415822	-0.05812351963120773
-0.02312544097078495	-1.1613150634789848	-0.09477373358887863
-0.023013439467843674	-1.1354153261114315	-0.10087251041935831
-0.02281126114056187	-1.1400462798050284	-0.14629031046738383
-0.023630178987729393	-1.1256451069143507	-0.13702667994277642
-0.022929157038651504	-1.1299239557116532	-0.18758276744703076
-0.022660494562338086	-1.1763891057089941	-0.2222424421125224
-0.022249476746957167	-1.227041583688781	-0.21894958238454248
-0.0219165806148583	-1.2560256094225917	-0.1967101108075571
-0.021550898975740883	-1.2710330466131485	-0.1708334816010264
-0.021175052709017234	-1.290713108920551	-0.14009253458300774
-0.020704530111087846	-1.2832730067110558	-0.09024554305451318
-0.02033980282436904	-1.2673892267993048	-0.05707750518076181
-0.019977370558826466	-1.2457860802856262	-0.027084270178823592
-0.01963390711486903	-1.2136910487449526	-0.008592080372723502
-0.019314914269284087	-1.1813285834551746	-0.0047336382719187185
-0.019018741369481097	-1.1520011029291626	-0.009082661325433245
-0.018742307336919537	-1.125056136537157	-0.01956388660382698
-0.018484131652488387	-1.1004066013273517	-0.034515355336240505
-0.018243251568719566	-1.0797479407052661	-0.05693917504679483
-0.01801625006272619	-1.0672694480741465	-0.08469234569027051
-0.017812323544184328	-1.0622445680389037	-0.11495278727115255
-0.017609878928709112	-1.0614912755374517	-0.1466365609759003
-0.017443155287484906	-1.0570717425061544	-0.17301823829515503
-0.017269916367299243	-1.0526675917672466	-0.1954431128869936
-0.01708150305524355	-1.0589166627382354	-0.2247524621029693
-0.016947344212632977	-1.0821854235858375	-0.25480543963987473
-0.01681592858484428	-1.1101377684505889	-0.2807125512628192
-0.01668894485687581	-1.1294363059006782	-0.3029804315200502
-0.016581577413566063	-1.1373518806087672	-0.31935853872841913
-0.01647963003560867	-1.14321934644701	-0.3332739437161837
-0.01637722593981225	-1.1540838382620884	-0.34869147508499027
-0.016298519019620143	-1.1716410433710507	-0.36375813306228155
-0.016212566709233135	-1.1901175936692632	-0.3770406685248371
-0.016141116258816417	-1.207229054202461	-0.3890723567224944
-0.016074435165598987	-1.2237375934481132	-0.40029736613554173
-0.01600816654324185	-1.239528020535271	-0.4109834302937453
-0.01595994794564843	-1.2531643371382184	-0.42116897116740676
-0.015905249578518514	-1.2647775602816906	-0.4307835998044368
-0.01585615255068567	-1.2764626290526382	-0.44001994007988243
-0.015817356688843726	-1.2901604936583113	-0.4488761403452746
-0.01577315686351761	-1.3058151593413754	-0.45711187488787514
-0.01574144779161224	-1.321374006998071	-0.46497245148543576
-0.0157142473110497	-1.3347419177403963	-0.4728351150160834
-0.015681870261896866	-1.3455774603981332	-0.4806052225613933
-0.015660043526515333	-1.3554989726344446	-0.48814439949257304
-0.01563725124688864	-1.3670212327546538	-0.4953949319335926
-0.015605908320339205	-1.3817378994568172	-0.5019845482459373
-0.0155881873632134	-1.3982138357155225	-0.5079109713369155
-0.015583333580536613	-1.4127016849354759	-0.5141418629899978
-0.01556791619288016	-1.4233679611045136	-0.5207660354811827
-0.015550455066079688	-1.4317756480753518	-0.5273538863974131
-0.015546566801439551	-1.4409486436638457	-0.5338231239547276
-0.015507739326626609	-1.4532752629813361	-0.5397922466558585
-0.015494179302944285	-1.4685771848110114	-0.5446867258157588
-0.01548595410622797	-1.4841114944777687	-0.5490613124195078
-0.01548662400364495	-1.4977556506749132	-0.5537178716637082
-0.015480888423626597	-1.5096345684102952	-0.5586910203732112
-0.015474979470427218	-1.5209323139597328	-0.5637445616184841
-0.015478099147964577	-1.5324854470899865	-0.5686618517431673
-0.015480095361249193	-1.5444373958549156	-0.5733227594899573
-0.015478670557737526	-1.5566331257069068	-0.5777287997544992
-0.015482923208683858	-1.5689136465116016	-0.5819313364585427
-0.015489623048861829	-1.5811692890050162	-0.5859722757564726
-0.01549311814812137	-1.5933685643658446	-0.5898730940940106
-0.015499122011123466	-1.6055233471305614	-0.5936400381476867
-0.01550927611630597	-1.6176322193449593	-0.597272279017054
-0.015517650438872193	-1.6297017924624677	-0.6007655106515183
-0.015525211017825334	-1.641758917628066	-0.604113344968472
-0.015536482640588852	-1.6538078388845214	-0.6073131892847783
-0.015549175556482482	-1.6658278203425188	-0.6103680866574267
-0.015560335336281806	-1.6778134331165477	-0.6132795221015819
-0.015572306864321022	-1.6897756347601793	-0.6160441428032594
-0.015586416932031114	-1.7017167335497954	-0.6186584797583526
-0.015600458494333903	-1.713631368911912	-0.6211212241223061
-0.015614068120308196	-1.7255175550049209	-0.6234311869175527
-0.015629033837830743	-1.7373732588716388	-0.6255868040887964
-0.015644993228767466	-1.7491940639576409	-0.627586300768763
-0.015660188960084385	-1.7609788980119618	-0.6294262828580249
-0.015674909299957927	-1.7727294067954011	-0.6311018577873468
-0.01569044887708935	-1.7844435029787251	-0.6326088632874105
-0.01570638440481551	-1.7961155714688686	-0.6339441447476452
-0.01572140956437069	-1.8077416575971343	-0.6351033999261307
-0.015735351239948618	-1.8193201839510396	-0.6360802601148663
-0.01574863431465789	-1.8308487754428882	-0.6368674294478017
-0.015760921658929866	-1.842323123783626	-0.6374573950037685
-0.015771407093427572	-1.8537381846630014	-0.6378418154767029
-0.01577961827953521	-1.8650886761187977	-0.6380108839549455
-0.01578522418301139	-1.8763684344411335	-0.6379532759939065
-0.015787579662221794	-1.8875698748163108	-0.637656110469157
-0.015785835435217464	-1.898683767913255	-0.6371046013548204
-0.015779137398723983	-1.9096988381624782	-0.6362815928276844
-0.015766495400430167	-1.9206010396896764	-0.6351670434982235
-0.01574664329667564	-1.9313725213169488	-0.6337373012620935
-0.015718101345503516	-1.941990011651639	-0.6319640006063653
-0.015679223000159698	-1.9524219577480484	-0.6298123235066461
-0.015628105243938234	-1.962622981274793	-0.6272382090409028
-0.015562495013793733	-1.9725229286232395	-0.6241847585513967
-0.015479768135365151	-1.9820085838302666	-0.6205819381480527
-0.015376915101557262	-1.9909117300061552	-0.6163646331697615
-0.0152504942810065	-1.9990849380883222	-0.6115555588441414
