#strength 	x-position 	z-position 
0.006511204044564581	-3.9987905788182907	0.021766355238652432
0.006503807202291518	-3.997758730942429	0.02167608024703121
0.006489031096307184	-3.9956971738529976	0.021495717372494477
0.006466908683846117	-3.9926101804418783	0.021225640444642306
0.006437490906260448	-3.988504148974319	0.02086640923915018
0.006400848141112922	-3.9833875898275553	0.020418768317548446
0.006357064782452125	-3.9772711078517493	0.019883645484004814
0.006306238645891752	-3.970167380389824	0.019262149862308568
0.006248488377423421	-3.9620911310017295	0.018555569597042118
0.006183951870444914	-3.9530590989476186	0.017765369183704666
0.006112776240840307	-3.943090004493174	0.01689318643332162
0.006035121009728399	-3.932204510108999	0.01594082907783117
0.005951169125773401	-3.92042517764449	0.01491027102328377
0.005861120366871761	-3.9077764215649613	0.013803648258620429
0.0057651782744114425	-3.894284458348936	0.012623254428509449
0.005663558873090889	-3.87997725215049	0.011371536079417599
0.005556503430271599	-3.8648844568392735	0.010051087588768954
0.005444265390543954	-3.8490373545383383	0.008664645787701514
0.005327096458725696	-3.832468790787158	0.007215084288566727
0.005205261997186331	-3.8152131064642365	0.005705407528929078
0.0050790531112562005	-3.797306066610388	0.004138744544410435
0.004948766381016287	-3.7787847863002324	0.002518342483285911
0.004814691732155653	-3.759687653715533	0.0008475598762731839
0.004677134866659875	-3.7400542505798278	-0.0008701403245352823
0.004536425926474174	-3.7199252701192664	-0.002631197923169239
0.004392892146482262	-3.6993424327196793	-0.0044319628588305
0.004246850387766317	-3.6783483994547117	-0.006268702771201312
0.004098636055420695	-3.656986683664231	-0.008137610736331083
0.003948605485684032	-3.635301560766287	-0.010034813157067607
0.0037971025981279735	-3.6133379764895457	-0.011956377791678675
0.003644458963239807	-3.5911414537164044	-0.013898321904023563
0.0034910276911635655	-3.568757998129864	-0.01585662051838186
0.0033371768274792755	-3.5462340028597277	-0.0178272147618303
0.003183252084607589	-3.5236161523257543	-0.01980602027687669
0.003029587065877748	-3.50095132547707	-0.02178893568691454
0.002876539613055708	-3.4782864986283855	-0.023771851096952387
0.002724473885640818	-3.455668648094413	-0.025750656611998775
0.002573722268583688	-3.433144652824277	-0.02772125085544721
0.002424607881133755	-3.4107611972377363	-0.029679549469805507
0.0022774798685383734	-3.388564674464594	-0.0316214935821504
0.0021326824722769254	-3.366601090187853	-0.03354305821676147
0.0019905202435104075	-3.344915967289909	-0.035440260637498
0.0018512942341333655	-3.323554251499428	-0.03730916860262777
0.0017153316795297116	-3.3025602182344604	-0.039145908514998565
0.0015829412405800431	-3.2819773808348733	-0.04094667345065983
0.001454386774271191	-3.261848400374312	-0.04270773104929379
0.001329937627562235	-3.2422149972386074	-0.04442543125010226
0.0012098869479806537	-3.223117864653908	-0.04609621385711499
0.0010944934430564678	-3.204596584343752	-0.04771661591823951
0.0009839704336972509	-3.1866895444899033	-0.04928327890275815
0.0008785493700791183	-3.169433860166982	-0.050792955662395806
0.0007784792416486623	-3.1528652964158024	-0.05224251716153059
0.0006839569622566835	-3.1370181941148667	-0.05362895896259803
0.0005951411306186036	-3.12192539880365	-0.05494940745324668
0.0005122259740398016	-3.107618192605204	-0.05620112580233853
0.00043541105625538503	-3.0941262293891785	-0.0573815196324495
0.00036482662559877705	-3.08147747330965	-0.05848814239711284
0.0003005892414506705	-3.069698140845141	-0.059518700451660245
0.00024287997627830553	-3.0588126464609657	-0.0604710578071507
0.00019186654641115724	-3.048843552006521	-0.06134324055753374
0.00014764619363174852	-3.0398115199524103	-0.0621334409708712
0.00011036397773325338	-3.031735270564316	-0.06284002123613765
8013929145313313e-20	-3.024631543102391	-0.0634615168578339
5655408260558156e-20	-3.0185150611265854	-0.06399663969137753
38351573281926216e-21	-3.013398501979821	-0.06444428061297926
2404537077118488e-20	-3.009292470512262	-0.06480351181847138
12888912413789871e-21	-3.006205477101142	-0.06507358874632355
5059381458000907e-21	-3.0041439200117113	-0.06525395162086028
10211966844413424e-22	-3.003112072135849	-0.06534422661248152
