#Fourier coeffs (0-n) 	d/dt (Fourier coeffs) 
0.07152435212148718	0.003660027007765243
-0.005707530674110929	0.0024649949056654878
0.0019422193037283467	-0.00092670258787212
-0.0009499058821096955	0.0004478616709843383
0.0005265056665669542	0
-0.0002972731706411172	0
0.000159984792971717	0
-7443602459061193e-20	0
2088647920950783e-20	0
11784896982047714e-21	0
-30453894268108595e-21	0
3965732763001553e-20	0
-4252427492779333e-20	0
41273039779330325e-21	0
-3749722817525984e-20	0
3234227217082272e-20	0
-26621686490214126e-21	0
20898339109760335e-21	0
-15544252937555706e-21	0
10786416102871285e-21	0
-6742869724068868e-21	0
3451597555972468e-21	0
-8937810442445487e-22	0
-9875483695455084e-22	0
22727218436373673e-22	0
-30539355803702305e-22	0
342655998654466e-20	0
-34828278765227187e-22	0
33075124584256626e-22	0
-2975237835389804e-21	0
2549095661755801e-21	0
-20802737034947323e-22	0
16084357993164232e-22	0
-11626276542583432e-22	0
7625180560438788e-22	0
-41981944367764875e-23	0
