#strength 	x-position 	z-position 
-0.04186538040205421	-0.08635278384159291	-0.001812850052164312
-0.0016018121059206483	-0.05326633467411065	0.03506148872195227
-0.0071234882568686365	-0.12147201888150179	-0.06882900210337356
-0.00529475302904338	-0.13481534363747313	-0.044689072782747495
-0.004775374303329943	-0.13743135399054518	-0.02877888263777968
-0.004271399771480682	-0.06959900988973268	-0.06058738289957536
-0.0038921308728170753	-0.0888925932389884	-0.05482890326888865
-0.003587736053715967	-0.16524719765783563	0.019219236373410154
-0.003337901077009915	-0.1102498958204588	0.05772878394211024
-0.0031279548098067725	-0.05470045422579995	0.057650061562981296
-0.002948232968388911	-0.0030468585424086097	0.016324256631760736
-0.0027920525767365168	0.00487709849784841	-0.046972313628563855
-0.002654648462229286	-0.017148122034269183	-0.0953763624271208
-0.0025325185630453387	-0.048930677879705425	-0.12892829065175246
-0.0024230218607840144	-0.08350313787593877	-0.15154926241065333
-0.002324121377731931	-0.11721736027153182	-0.16620033977459578
-0.0022342140326152672	-0.14858148334422247	-0.17563683267401542
-0.0021520149788250374	-0.17737101235343455	-0.18181834992276114
-0.0020764779258331603	-0.2038643486574502	-0.18597750336444357
-0.0020067398871035664	-0.22846020541900325	-0.18884635531184155
-0.0019420823663454222	-0.25152858680307594	-0.19085596000379573
-0.0018819032627475432	-0.2733727535664431	-0.1922657307604053
-0.001825695586065327	-0.2942306489381318	-0.19323768406168007
-0.0017730305509084127	-0.314286502295002	-0.19387763257398902
-0.0017235436933335704	-0.3336829677147699	-0.1942580501269287
-0.0016769233080133703	-0.3525312564520369	-0.19443091512488728
-0.0016329008407294648	-0.37091897243769106	-0.19443505076810896
-0.0015912430047866823	-0.38891597726861665	-0.19430041970575618
-0.00155174542957392	-0.406578716111694	-0.1940507178628205
-0.00151422764967535	-0.4239533902621963	-0.19370500736274668
-0.0014785292327368794	-0.4410782820994568	-0.19327879845283868
-0.0014445068343920883	-0.4579854624294775	-0.19278480917290686
-0.0014120319644727198	-0.4747020500909151	-0.19223353038241686
-0.001380989258914436	-0.491251149406444	-0.19163366607647475
-0.001351275079765183	-0.507652558536447	-0.19099248604110083
-0.0013227963083767575	-0.523923316895022	-0.19031611020188038
-0.0012954692456601212	-0.5400781399379062	-0.18960973584386587
-0.0012692185802289386	-0.5561297737899671	-0.18887781621347652
-0.0012439764155728478	-0.5720892903607283	-0.18812419871057148
-0.0012196813649100208	-0.5879663357504045	-0.1873522308610585
-0.001196277724816435	-0.6037693401610886	-0.18656484167449588
-0.0011737147378274235	-0.6195056951511797	-0.1857646048054787
-0.0011519459435080058	-0.6351819030395855	-0.18495378841806132
-0.0011309286162538047	-0.6508037027473663	-0.18413439521887273
-0.0011106232830223467	-0.6663761758721121	-0.18330819504334867
-0.001090993312422404	-0.6819038363333364	-0.18247675162160054
-0.0010720045687562067	-0.6973907063965964	-0.18164144471009408
-0.0010536251241377963	-0.7128403813320575	-0.18080348856142553
-0.0010358250226286617	-0.7282560845057705	-0.1799639475813519
-0.0010185760913569378	-0.7436407143206726	-0.17912374993781965
-0.0010018517917416581	-0.7589968841561806	-0.17828369978398792
-0.000985627104863421	-0.7743269562821985	-0.1774444886203451
-0.0009698784428335445	-0.7896330706138174	-0.17660670616065136
-0.0009545835794493359	-0.8049171691013105	-0.1757708508986001
-0.000939721591883512	-0.8201810164968261	-0.1749373404152662
-0.0009252728080438657	-0.8354262181749587	-0.17410652134929902
-0.0009112187541808134	-0.850654235594543	-0.17327867888830223
-0.0008975421001916322	-0.8658663998912737	-0.1724540456203229
-0.000884226600592829	-0.8810639239872764	-0.17163280960265506
-0.0008712570315553038	-0.8962479135031918	-0.1708151215490287
-0.0008586191243836923	-0.9114193766729612	-0.170001101087936
-0.0008462994968902841	-0.9265792334030113	-0.16919084208847185
-0.0008342855842555421	-0.9417283235716896	-0.16838441708939217
-0.0008225655710011933	-0.9568674146350257	-0.1675818808970985
-0.0008111283255634785	-0.9719972085865553	-0.16678327343937724
-0.0007999633390587003	-0.9871183483064903	-0.16598862197607583
-0.0007890606686518954	-1.00223142333419	-0.16519794277195893
-0.0007784108872843643	-1.0173369750897943	-0.16441124234277635
-0.0007680050391356153	-1.032435501572103	-0.16362851838116416
-0.000757834601404328	-1.0475274615660768	-0.1628497604572103
-0.0007478914524797278	-1.0626132783876174	-0.16207495058239618
-0.0007381678446891551	-1.077693343205724	-0.161304063703617
-0.0007286563828325186	-1.0927680179770116	-0.16053706818327942
-0.0007193500057878898	-1.1078376380300885	-0.1597739263035205
-0.0007102419709997861	-1.1229025143487383	-0.1590145948071372
-0.000701325841610069	-1.1379629355878735	-0.15825902548525786
-0.0006925954738621759	-1.1530191698620402	-0.15750716580410812
-0.000684045005627458	-1.1680714663446454	-0.15675895955247263
-0.0006756688444211224	-1.1831200567080473	-0.15601434748963638
-0.0006674616550031709	-1.1981651564347098	-0.15527326796812385
-0.0006594183467327104	-1.2132069660176759	-0.15453565751324694
-0.0006515340601383705	-1.2282456720672308	-0.15380145134135448
-0.0006438041525125195	-1.2432814483422656	-0.15307058379746935
-0.0006362241845469623	-1.2583144567097166	-0.15234298870945473
-0.0006287899052146509	-1.2733448480409861	-0.1516185996537776
-0.0006214972389427739	-1.2883727630486175	-0.15089735013607095
-0.0006143422714913332	-1.30339833306515	-0.15017917369400413
-0.0006073212383051179	-1.318421680767393	-0.14946400393133694
-0.0006004305127518331	-1.3334429208446132	-0.14875177449893384
-0.0005936665963919615	-1.3484621606139087	-0.14804241903465476
-0.0005870261098204627	-1.3634795005839309	-0.1473358710765498
-0.0005805057854716949	-1.3784950349682152	-0.14663206396364856
-0.0005741024611217692	-1.3935088521504564	-0.1459309307361035
-0.0005678130745106254	-1.408521035107542	-0.14523240404084656
-0.0005616346594449571	-1.4235316617906404	-0.14453641605373846
-0.0005555643420774581	-1.4385408054685236	-0.14384289842262785
-0.0005495993382153147	-1.4535485350386568	-0.14315178223128647
-0.00054373695082237	-1.4685549153088928	-0.14246299798557394
-0.0005379745681176624	-1.4835600072529573	-0.14177647562105303
-0.0005323096614048162	-1.4985638682439772	-0.14109214452789404
-0.0005267397832290129	-1.5135665522693889	-0.14040993358876114
-0.000521262565470677	-1.5285681101286954	-0.13972977122692337
-0.0005158757169334369	-1.5435685896180833	-0.1390515854576778
-0.0005105770213484767	-1.5585680357028329	-0.13837530394010097
-0.0005053643348801127	-1.5735664906783229	-0.1377008540265404
-0.000500235583374524	-1.5885639943226066	-0.13702816280405827
-0.0004951887601432302	-1.6035605840397635	-0.13635715712813723
-0.0004902219228500523	-1.6185562949953967	-0.13568776364642296
-0.00048533319134471883	-1.6335511602444026	-0.13501990881278847
-0.0004805207450340604	-1.6485452108502863	-0.13435351889392777
-0.0004757828203440246	-1.663538475998131	-0.1336885199663479
-0.0004711177088820937	-1.6785309830999018	-0.13302483790785152
-0.00046652375520923883	-1.693522757892273	-0.1323623983855062
-0.0004619993552304174	-1.7085138245278726	-0.13170112684057833
-0.0004575429545048623	-1.723504205659755	-0.1310409484729008
-0.00045315304698898516	-1.7384939225193814	-0.13038178822594343
-0.00044882817350060805	-1.7534829949891007	-0.12972357077209237
-0.00044456692061874137	-1.7684714416696021	-0.12906622049828434
-0.0004403679195613651	-1.783459279942093	-0.12840966149351746
-0.0004362298449812063	-1.7984465260261178	-0.12775381753677417
-0.0004321514137778735	-1.8134331950337397	-0.1270986120840515
-0.00042813138401514086	-1.8284193010199867	-0.12644396825468057
-0.00042416855359562675	-1.8434048570299786	-0.1257898088159252
-0.00042026175903983956	-1.8583898751431867	-0.12513605616461995
-0.0004164098740106169	-1.8733743665149518	-0.124482632305151
-0.0004126118080769615	-1.888358341415201	-0.123829458823599
-0.00040886650491464213	-1.9033418092648984	-0.12317645685622447
-0.000405172940823699	-1.9183247786704454	-0.12252354705129406
-0.00040153012306365886	-1.9333072574556034	-0.12187064952484802
-0.0003979370879136062	-1.948289252691568	-0.1212176838085404
-0.0003943928990738973	-1.9632707707250363	-0.12056456878957152
-0.0003908966456139043	-1.97825181720432	-0.1199112226424903
-0.0003874474403946608	-1.9932323971034962	-0.11925756275306941
-0.00038404441820013603	-2.008212514744521	-0.11860350563458648
-0.00038068673395553164	-2.023192173817722	-0.11794896683577029
-0.00037737356153244583	-2.03817137740006	-0.1172938608430792
-0.0003741040921222197	-2.0531501279713043	-0.11663810097768554
-0.0003708775331686589	-2.0681284274284586	-0.11598159928709488
-0.00036769310746288635	-2.0831062770980338	-0.11532426643367873
-0.00036455005229711623	-2.0980836777463527	-0.11466601158060367
-0.0003614476190798091	-2.11306062958791	-0.11400674227607567
-0.0003583850728127169	-2.128037132291855	-0.11334636433616485
-0.0003553616920417054	-2.1430131849867733	-0.1126847817262901
-0.0003523767686783707	-2.157988786263742	-0.11202189644153471
-0.00034942960823617676	-2.1729639341777522	-0.11135760838553489
-0.0003465195297728263	-2.187938626247673	-0.11069181524717948
-0.00034364586640960905	-2.202912859454671	-0.11002441237475727
-0.0003408079652679908	-2.2178866302392235	-0.10935529264654492
-0.0003380051882230003	-2.2328599344966498	-0.10868434633727526
-0.0003352369116566209	-2.247832767571243	-0.10801146097851284
-0.0003325025270456538	-2.262805124249129	-0.1073365212113109
-0.0003298014409517918	-2.2777769987494936	-0.10665940863065207
-0.0003271330750860852	-2.292748384714445	-0.10598000161883638
-0.00032449686620101593	-2.3077192751973294	-0.1052981751661078
-0.0003218922660504168	-2.3226896626493696	-0.10461380067718444
-0.00031931874107483417	-2.337659538904512	-0.10392674576182052
-0.0003167757721665044	-2.3526288951623515	-0.1032368740075108
-0.00031426285430172056	-2.3675977219689397	-0.1025440447327743
-0.000311779496147236	-2.382566009195309	-0.10184811271902472
-0.0003093252195867837	-2.3975337460134956	-0.10114892791884354
-0.00030689955916742007	-2.412500920869853	-0.10044633513799354
-0.00030450206140377606	-2.4274675214554606	-0.09974017368824253
-0.0003021322843003559	-2.4424335346732278	-0.09903027700839974
-0.000299789796430628	-2.457398946601449	-0.09831647224961636
-0.000297474176158382	-2.4723637424534584	-0.09759857982053716
-0.00029518501105338726	-2.4873279065328773	-0.09687641288870093
-0.0002929218968157274	-2.502291422184009	-0.09614977683270803
-0.0002906844369770824	-2.5172542717367983	-0.09541846863962103
-0.00028847224168893765	-2.532216436445726	-0.09468227624057766
-0.00028628492783149863	-2.5471778964218412	-0.09394097777725102
-0.00028412211791443813	-2.5621386305570995	-0.09319434078964464
-0.0002819834401659241	-2.577098616439949	-0.09244212131364012
-0.0002798685279584972	-2.5920578302609574	-0.09168406287564536
-0.0002777770200663894	-2.6070162467069786	-0.09091989536805682
-0.0002757085599074307	-2.6219738388421816	-0.09014933378521513
-0.00027366279614154596	-2.6369305779737737	-0.08937207679660605
-0.0002716393823781211	-2.6518864334998216	-0.08858780512874288
-0.0002696379771476298	-2.6668413727360454	-0.08779617971903647
-0.00026765824441255665	-2.681795360717631	-0.08699683959839742
-0.0002656998531163201	-2.6967483599711892	-0.08618939944682237
-0.00026376247771014646	-2.711700330250707	-0.08537344675246017
-0.00026184579823891087	-2.7266512282296396	-0.08454853848627665
-0.0002599495001962913	-2.7416010071390704	-0.08371419717742033
-0.00025807327495322614	-2.7565496163387633	-0.0828699062408751
-0.0002562168197872555	-2.771497000803722	-0.08201510436064112
-0.0002543798377073591	-2.786443100502816	-0.08114917866307336
-0.0002525620379495025	-2.8013878496374898	-0.08027145631882619
-0.0002507631357120954	-2.816331175695898	-0.07938119406845359
-0.00024898285217721597	-2.8312729982586955	-0.07847756495166067
-0.0002472209147298312	-2.8462132274632728	-0.0775596411891778
-0.0002454770566421051	-2.8611517619858544	-0.07662637163623964
-0.00024375101722903803	-2.8760884863224447	-0.07567655135125229
-0.0002420425415721912	-2.8910232670133027	-0.0747087793130431
-0.00024035138069607685	-2.905955947206862	-0.07372139758266118
-0.00023867729115296422	-2.920886338475904	-0.07271239994767058
-0.00023702003501207755	-2.935814207790257	-0.07167928727373926
-0.00023537937990109926	-2.950739255259114	-0.07061882275920618
-0.00023375509844840783	-2.965661072606317	-0.06952658289463205
-0.00023214696846779806	-2.980579058846269	-0.06839606872090548
-0.00023055477272532557	-2.995492278990006	-0.06721726740268015
