   1.2931034e-02   2.2461002e-01   3.6898796e-02   6.8955606e-02   3.6628195e-02   6.9099726e-02   8.6773444e-02
   2.5862069e-02   2.3641461e-01  -4.6274715e-02  -8.4596611e-03  -4.6239415e-02  -8.6505279e-03  -2.2350723e-02
   3.8793103e-02   2.4883266e-01   8.9117800e-02   4.7030213e-02   8.8912711e-02   4.7416803e-02   5.2371664e-02
   5.1724138e-02   2.6189591e-01  -1.9673092e-02  -2.4885190e-02  -1.9559138e-02  -2.4974855e-02   5.0939495e-03
   6.4655172e-02   2.7563691e-01   1.6060504e-01   1.0093399e-01   1.6011762e-01   1.0170545e-01   1.0046680e-01
   7.7586207e-02   2.9008999e-01  -6.3052276e-02  -5.8704251e-02  -6.2754248e-02  -5.9022733e-02  -2.2722671e-02
   9.0517241e-02   3.0529113e-01   8.2084166e-02   7.9029422e-02   8.1661907e-02   7.9465670e-02   5.3371873e-02
   1.0344828e-01   3.2127800e-01  -6.4727998e-02  -4.0722056e-02  -6.4498638e-02  -4.1084367e-02  -2.6184252e-02
   1.1637931e-01   3.3809007e-01   1.2653620e-01   7.4581712e-02   1.2609390e-01   7.5327072e-02   9.4603147e-02
   1.2931034e-01   3.5576865e-01   3.0815891e-03  -3.0693085e-02   3.2721121e-03  -3.0673358e-02   2.8356978e-02
   1.4224138e-01   3.7435698e-01   7.9820219e-02   6.1373438e-02   7.9417519e-02   6.1893651e-02   6.4247791e-02
   1.5517241e-01   3.9390035e-01  -3.3578200e-02  -1.0546268e-02  -3.3504903e-02  -1.0776863e-02  -1.8285822e-03
   1.6810345e-01   4.1444612e-01   4.4011363e-02   2.1299974e-02   4.3856141e-02   2.1617768e-02   4.4884340e-02
   1.8103448e-01   4.3604382e-01   5.5960407e-03   1.1423200e-02   5.5089444e-03   1.1465457e-02   3.3770329e-02
   1.9396552e-01   4.5874520e-01   7.1466418e-02   3.4594458e-02   7.1187145e-02   3.5165547e-02   6.6822719e-02
   2.0689655e-01   4.8260437e-01  -2.9709839e-02  -2.9850758e-03  -2.9683642e-02  -3.2352140e-03   1.3072874e-02
   2.1982759e-01   5.0767785e-01   4.8813738e-02   3.5569727e-02   4.8496655e-02   3.6000846e-02   5.5755935e-02
   2.3275862e-01   5.3402465e-01  -4.4470774e-02  -3.7968341e-03  -4.4433455e-02  -4.2111526e-03   5.4598594e-03
   2.4568966e-01   5.6170639e-01   1.3776315e-02   2.1263039e-02   1.3567201e-02   2.1397073e-02   3.5549373e-02
   2.5862069e-01   5.9078730e-01   1.7804836e-02   1.7978587e-02   1.7618512e-02   1.8161217e-02   5.5891924e-02
   2.7155172e-01   6.2133438e-01   3.5547309e-02   2.3277054e-02   3.5292800e-02   2.3661165e-02   6.0627709e-02
   2.8448276e-01   6.5341743e-01  -2.3323659e-02  -1.4344858e-03  -2.3305784e-02  -1.7003764e-03   2.7137008e-02
   2.9741379e-01   6.8710922e-01   7.9325290e-03   3.3961562e-02   7.5246905e-03   3.4054247e-02   4.8749163e-02
   3.1034483e-01   7.2248544e-01  -2.9383302e-02  -3.9119456e-03  -2.9331638e-02  -4.2821409e-03   2.6947516e-02
   3.2327586e-01   7.5962485e-01   8.8261728e-03   1.9346333e-02   8.5689118e-03   1.9461647e-02   5.5822458e-02
   3.3620690e-01   7.9860933e-01  -2.9707567e-03   2.4377245e-02  -3.3102360e-03   2.4333471e-02   5.6355995e-02
   3.4913793e-01   8.3952398e-01  -1.7226981e-02   8.7148950e-03  -1.7352822e-02   8.4615509e-03   4.1659908e-02
   3.6206897e-01   8.8245716e-01  -3.8385718e-02   1.0608348e-02  -3.8544546e-02   1.0015905e-02   3.4988168e-02
   3.7500000e-01   9.2750054e-01  -3.0664426e-02   1.7776469e-02  -3.0948160e-02   1.7277767e-02   4.1305297e-02
   3.8793103e-01   9.7474917e-01  -4.2006541e-02   7.3007316e-03  -4.2124661e-02   6.5850699e-03   3.6822571e-02
   4.0086207e-01   1.0243014e+00  -1.1692361e-02   1.9157027e-02  -1.2032953e-02   1.8944947e-02   6.3992134e-02
   4.1379310e-01   1.0762594e+00  -1.9928741e-02   1.5889886e-02  -2.0223688e-02   1.5512758e-02   6.2632759e-02
   4.2672414e-01   1.1307283e+00  -4.3352441e-02   9.3164642e-03  -4.3527847e-02   8.4591481e-03   4.6525125e-02
   4.3965517e-01   1.1878170e+00  -5.0384501e-02   1.0953773e-02  -5.0600744e-02   9.9069572e-03   4.6564591e-02
   4.5258621e-01   1.2476380e+00  -4.3622735e-02   1.3599930e-02  -4.3908514e-02   1.2646879e-02   5.5448436e-02
   4.6551724e-01   1.3103072e+00  -4.0674486e-02   9.4129744e-03  -4.0879098e-02   8.4804021e-03   6.1561142e-02
   4.7844828e-01   1.3759439e+00  -3.7317444e-02   1.7390121e-02  -3.7724263e-02   1.6489023e-02   6.7826875e-02
   4.9137931e-01   1.4446708e+00  -5.5793643e-02   1.1655758e-02  -5.6069768e-02   1.0245407e-02   5.8309893e-02
   5.0431034e-01   1.5166142e+00  -7.0156557e-02   7.4112451e-03  -7.0328132e-02   5.5518278e-03   5.1246782e-02
   5.1724138e-01   1.5919038e+00  -7.2172449e-02   9.5753806e-03  -7.2410602e-02   7.5667063e-03   5.4094994e-02
   5.3017241e-01   1.6706719e+00  -6.2936400e-02   1.1663907e-02  -6.3249704e-02   9.8240639e-03   6.4792511e-02
   5.4310345e-01   1.7530546e+00  -5.3337466e-02   1.1943992e-02  -5.3677890e-02   1.0306712e-02   7.5657054e-02
   5.5603448e-01   1.8391907e+00  -5.8138173e-02   9.6112463e-03  -5.8416690e-02   7.7403840e-03   7.6221644e-02
   5.6896552e-01   1.9292220e+00  -6.9970879e-02   8.9105843e-03  -7.0231192e-02   6.5499700e-03   7.0290897e-02
   5.8189655e-01   2.0232928e+00  -7.7222470e-02   6.0329145e-03  -7.7387323e-02   3.3027536e-03   6.8805375e-02
   5.9482759e-01   2.1215499e+00  -6.8263911e-02   6.1458401e-03  -6.8444635e-02   3.6145267e-03   7.8321158e-02
   6.0775862e-01   2.2241425e+00  -5.7114338e-02   9.8525566e-03  -5.7453677e-02   7.6285918e-03   8.9721688e-02
   6.2068966e-01   2.3312215e+00  -6.1539724e-02   8.0836893e-03  -6.1817607e-02   5.5737929e-03   8.9705873e-02
   6.3362069e-01   2.4429399e+00  -7.1510090e-02   5.0454568e-03  -7.1660159e-02   1.9927948e-03   8.4459703e-02
   6.4655172e-01   2.5594517e+00  -7.5905485e-02   4.3861947e-03  -7.6025633e-02   9.9218341e-04   8.3514819e-02
   6.5948276e-01   2.6809125e+00  -7.5490596e-02   2.6541999e-03  -7.5532119e-02  -8.7967793e-04   8.6442065e-02
   6.7241379e-01   2.8074780e+00  -6.1830321e-02   3.9522563e-03  -6.1949692e-02   9.1905547e-04   9.8059852e-02
   6.8534483e-01   2.9393048e+00  -4.8678183e-02   5.7808088e-03  -4.8910572e-02   3.2770814e-03   1.0920373e-01
   6.9827586e-01   3.0765491e+00  -5.1151589e-02   1.7986133e-03  -5.1174397e-02  -9.4929046e-04   1.0862344e-01
   7.1120690e-01   3.2193667e+00  -5.3845657e-02  -6.5601994e-04  -5.3723838e-02  -3.6789022e-03   1.0679528e-01
   7.2413793e-01   3.3679124e+00  -4.6762628e-02  -1.5949865e-04  -4.6672494e-02  -2.9064021e-03   1.1185703e-01
   7.3706897e-01   3.5223397e+00  -3.3845959e-02  -1.7879858e-03  -3.3672172e-02  -3.8640264e-03   1.2102496e-01
   7.5000000e-01   3.6828001e+00  -1.9312663e-02  -4.7423005e-04  -1.9242320e-02  -1.7137559e-03   1.3177376e-01
   7.6293103e-01   3.8494425e+00  -1.3706209e-02  -9.0059381e-04  -1.3614825e-02  -1.8187271e-03   1.3519131e-01
   7.7586207e-01   4.0224129e+00  -1.5184096e-02  -5.1556778e-03  -1.4785039e-02  -6.2080919e-03   1.3181009e-01
   7.8879310e-01   4.2018538e+00  -1.0385642e-02  -6.0083415e-03  -9.9174921e-03  -6.7531525e-03   1.3379950e-01
   8.0172414e-01   4.3879038e+00   6.0110315e-03  -5.6511774e-03   6.4257760e-03  -5.1747182e-03   1.4245278e-01
   8.1465517e-01   4.5806964e+00   2.4479219e-02  -5.5863276e-03   2.4847170e-02  -3.6134978e-03   1.5291265e-01
   8.2758621e-01   4.7803602e+00   4.3604694e-02  -5.3690621e-03   4.3900451e-02  -1.7165335e-03   1.6270661e-01
   8.4051724e-01   4.9870182e+00   5.4264829e-02  -7.2798636e-03   5.4692244e-02  -2.5350620e-03   1.6570479e-01
   8.5344828e-01   5.2007869e+00   6.2128999e-02  -9.8775140e-03   6.2768583e-02  -4.2050886e-03   1.6690190e-01
   8.6637931e-01   5.4217760e+00   8.1074980e-02  -9.4876616e-03   8.1608718e-02  -1.7847091e-03   1.7511319e-01
   8.7931034e-01   5.6500878e+00   1.0906669e-01  -8.8603479e-03   1.0940914e-01   1.9206290e-03   1.8766043e-01
   8.9224138e-01   5.8858169e+00   1.2938928e-01  -8.7783397e-03   1.2960736e-01   4.5363306e-03   1.9667321e-01
   9.0517241e-01   6.1290497e+00   1.4656382e-01  -9.2053684e-03   1.4670889e-01   6.4956048e-03   2.0125567e-01
   9.1810345e-01   6.3798639e+00   1.6258537e-01  -1.1012118e-02   1.6280214e-01   7.1225127e-03   2.0260564e-01
   9.3103448e-01   6.6383278e+00   1.8154832e-01  -1.2737950e-02   1.8180368e-01   8.3347328e-03   2.0678903e-01
   9.4396552e-01   6.9045005e+00   2.1011666e-01  -1.1356923e-02   2.0995814e-01   1.3984574e-02   2.1748455e-01
   9.5689655e-01   7.1784313e+00   2.3891099e-01  -1.0299697e-02   2.3832541e-01   1.9635292e-02   2.2930370e-01
   9.6982759e-01   7.4601594e+00   2.6775553e-01  -1.0702650e-02   2.6687868e-01   2.4152454e-02   2.3769497e-01
   9.8275862e-01   7.7497139e+00   2.9092917e-01  -1.1282457e-02   2.8979338e-01   2.8051220e-02   2.4196685e-01
   9.9568966e-01   8.0471135e+00   3.1722285e-01  -1.2252554e-02   3.1581446e-01   3.2275276e-02   2.4736415e-01
   1.0086207e+00   8.3523669e+00   3.4642052e-01  -1.2024017e-02   3.4449281e-01   3.8424750e-02   2.5680575e-01
   1.0215517e+00   8.6654701e+00   3.8345279e-01  -1.0351390e-02   3.8063522e-01   4.7539712e-02   2.6913085e-01
   1.0344828e+00   8.9864108e+00   4.1775616e-01  -9.5587495e-03   4.1412146e-01   5.5812178e-02   2.7891497e-01
   1.0474138e+00   9.3151680e+00   4.4414697e-01  -9.6920289e-03   4.3985876e-01   6.2327660e-02   2.8279172e-01
   1.0603448e+00   9.6517036e+00   4.7124201e-01  -1.0056552e-02   4.6625771e-01   6.9093498e-02   2.8671467e-01
   1.0732759e+00   9.9959773e+00   5.0168234e-01  -9.3690683e-03   4.9569305e-01   7.7854691e-02   2.9317540e-01
   1.0862069e+00   1.0347934e+01   5.3994855e-01  -7.6938052e-03   5.3254835e-01   8.9419737e-02   3.0389502e-01
   1.0991379e+00   1.0707509e+01   5.7728211e-01  -6.0250825e-03   5.6835017e-01   1.0133618e-01   3.1399424e-01
   1.1120690e+00   1.1074632e+01   6.1497548e-01  -5.3257222e-03   6.0454629e-01   1.1290254e-01   3.2179193e-01
   1.1250000e+00   1.1449217e+01   6.4716070e-01  -5.8314597e-03   6.3544041e-01   1.2274553e-01   3.2601056e-01
   1.1379310e+00   1.1831178e+01   6.8321201e-01  -5.2021614e-03   6.6976442e-01   1.3498641e-01   3.3242715e-01
   1.1508621e+00   1.2220414e+01   7.2526373e-01  -3.5002304e-03   7.0957055e-01   1.5009785e-01   3.4202641e-01
   1.1637931e+00   1.2616816e+01   7.6550224e-01  -1.7859681e-03   7.4740753e-01   1.6546556e-01   3.5259924e-01
   1.1767241e+00   1.3020278e+01   8.0172504e-01   1.3838970e-05   7.8110988e-01   1.8063884e-01   3.6037302e-01
   1.1896552e+00   1.3430671e+01   8.3809379e-01   4.2561678e-04   8.1507448e-01   1.9507685e-01   3.6420598e-01
   1.2025862e+00   1.3847874e+01   8.7032840e-01   1.1261556e-03   8.4476245e-01   2.0940201e-01   3.6773392e-01
   1.2155172e+00   1.4271753e+01   9.0896000e-01   2.5987813e-03   8.8026646e-01   2.2659654e-01   3.7483696e-01
   1.2284483e+00   1.4702171e+01   9.5307248e-01   4.3976444e-03   9.2075101e-01   2.4613830e-01   3.8391319e-01
   1.2413793e+00   1.5138989e+01   9.9525342e-01   6.0136669e-03   9.5914275e-01   2.6572678e-01   3.9132948e-01
   1.2543103e+00   1.5582055e+01   1.0333659e+00   7.1251556e-03   9.9347241e-01   2.8444412e-01   3.9696567e-01
   1.2672414e+00   1.6031227e+01   1.0674695e+00   7.5221792e-03   1.0238797e+00   3.0202334e-01   3.9997483e-01
   1.2801724e+00   1.6486350e+01   1.1083338e+00   8.7177259e-03   1.0602933e+00   3.2288995e-01   4.0609249e-01
   1.2931034e+00   1.6947268e+01   1.1520359e+00   1.0419647e-02   1.0989697e+00   3.4577576e-01   4.1446689e-01
   1.3060345e+00   1.7413829e+01   1.1922492e+00   1.2044941e-02   1.1340015e+00   3.6829863e-01   4.2209586e-01
   1.3189655e+00   1.7885871e+01   1.2313529e+00   1.3088320e-02   1.1678221e+00   3.9063126e-01   4.2747793e-01
   1.3318966e+00   1.8363240e+01   1.2647320e+00   1.3690122e-02   1.1960168e+00   4.1143441e-01   4.2946888e-01
   1.3448276e+00   1.8845774e+01   1.2995577e+00   1.4363243e-02   1.2252507e+00   4.3337882e-01   4.3281955e-01
   1.3577586e+00   1.9333313e+01   1.3409668e+00   1.5580055e-02   1.2601898e+00   4.5864608e-01   4.3864594e-01
   1.3706897e+00   1.9825704e+01   1.3796197e+00   1.6829714e-02   1.2921399e+00   4.8374397e-01   4.4483559e-01
   1.3836207e+00   2.0322782e+01   1.4185031e+00   1.7984629e-02   1.3239564e+00   5.0952335e-01   4.5014012e-01
   1.3965517e+00   2.0824396e+01   1.4526376e+00   1.8073586e-02   1.3513179e+00   5.3331280e-01   4.5273063e-01
   1.4094828e+00   2.1330388e+01   1.4884410e+00   1.8018304e-02   1.3799264e+00   5.5819746e-01   4.5568323e-01
   1.4224138e+00   2.1840604e+01   1.5253555e+00   1.8367158e-02   1.4090361e+00   5.8452030e-01   4.6016587e-01
   1.4353448e+00   2.2354894e+01   1.5645372e+00   1.9188303e-02   1.4396575e+00   6.1280609e-01   4.6621039e-01
   1.4482759e+00   2.2873105e+01   1.6003461e+00   1.9761451e-02   1.4668265e+00   6.4024848e-01   4.7097663e-01
   1.4612069e+00   2.3395093e+01   1.6346739e+00   1.9671771e-02   1.4924740e+00   6.6713332e-01   4.7379096e-01
   1.4741379e+00   2.3920712e+01   1.6635398e+00   1.8919026e-02   1.5129830e+00   6.9181293e-01   4.7485923e-01
   1.4870690e+00   2.4449819e+01   1.6976003e+00   1.8509990e-02   1.5377053e+00   7.1948028e-01   4.7755525e-01
   1.5000000e+00   2.4982278e+01   1.7287496e+00   1.8809572e-02   1.5590611e+00   7.4716622e-01   4.8075944e-01
   1.5129310e+00   2.5517947e+01   1.7621278e+00   1.8633335e-02   1.5822058e+00   7.7592939e-01   4.8492766e-01
   1.5258621e+00   2.6056699e+01   1.7930121e+00   1.8027128e-02   1.6028514e+00   8.0379399e-01   4.8748428e-01
   1.5387931e+00   2.6598399e+01   1.8217768e+00   1.6812033e-02   1.6214449e+00   8.3070439e-01   4.8864945e-01
   1.5517241e+00   2.7142922e+01   1.8495186e+00   1.5538595e-02   1.6387446e+00   8.5759928e-01   4.9012219e-01
   1.5646552e+00   2.7690146e+01   1.8813211e+00   1.4293090e-02   1.6592182e+00   8.8688681e-01   4.9398093e-01
   1.5775862e+00   2.8239945e+01   1.9114398e+00   1.3662439e-02   1.6774638e+00   9.1646280e-01   4.9760082e-01
   1.5905172e+00   2.8792208e+01   1.9409310e+00   1.2102623e-02   1.6951489e+00   9.4542573e-01   5.0074725e-01
   1.6034483e+00   2.9346816e+01   1.9654241e+00   1.0259822e-02   1.7081712e+00   9.7218742e-01   5.0113412e-01
   1.6163793e+00   2.9903658e+01   1.9905407e+00   7.8483324e-03   1.7216172e+00   9.9917375e-01   5.0202602e-01
   1.6293103e+00   3.0462631e+01   2.0156368e+00   5.6804393e-03   1.7345184e+00   1.0267764e+00   5.0328461e-01
   1.6422414e+00   3.1023622e+01   2.0407779e+00   3.7356712e-03   1.7469292e+00   1.0550007e+00   5.0561324e-01
   1.6551724e+00   3.1586538e+01   2.0656085e+00   1.1594010e-03   1.7589813e+00   1.0829240e+00   5.0762688e-01
   1.6681034e+00   3.2151274e+01   2.0886387e+00  -1.3381515e-03   1.7690498e+00   1.1103496e+00   5.0871482e-01
   1.6810345e+00   3.2717733e+01   2.1092676e+00  -4.4992938e-03   1.7770505e+00   1.1362752e+00   5.0845859e-01
   1.6939655e+00   3.3285828e+01   2.1306870e+00  -7.7683349e-03   1.7853965e+00   1.1628614e+00   5.0956561e-01
   1.7068966e+00   3.3855465e+01   2.1530849e+00  -1.1133933e-02   1.7942225e+00   1.1902370e+00   5.1157917e-01
   1.7198276e+00   3.4426551e+01   2.1760676e+00  -1.4344728e-02   1.8030426e+00   1.2184060e+00   5.1442668e-01
   1.7327586e+00   3.4999007e+01   2.1966374e+00  -1.8305863e-02   1.8099014e+00   1.2449128e+00   5.1523498e-01
   1.7456897e+00   3.5572749e+01   2.2125477e+00  -2.2754000e-02   1.8128734e+00   1.2686114e+00   5.1462165e-01
   1.7586207e+00   3.6147691e+01   2.2321408e+00  -2.7329664e-02   1.8185728e+00   1.2946013e+00   5.1525155e-01
   1.7715517e+00   3.6723763e+01   2.2480119e+00  -3.2078837e-02   1.8210257e+00   1.3185038e+00   5.1550506e-01
   1.7844828e+00   3.7300880e+01   2.2677107e+00  -3.6731386e-02   1.8261418e+00   1.3450156e+00   5.1711690e-01
   1.7974138e+00   3.7878972e+01   2.2828054e+00  -4.1678633e-02   1.8274305e+00   1.3687351e+00   5.1766266e-01
   1.8103448e+00   3.8457967e+01   2.2983788e+00  -4.7280048e-02   1.8291846e+00   1.3924312e+00   5.1734956e-01
   1.8232759e+00   3.9037788e+01   2.3112646e+00  -5.2925468e-02   1.8285645e+00   1.4146015e+00   5.1630783e-01
   1.8362069e+00   3.9618375e+01   2.3259146e+00  -5.9219498e-02   1.8294350e+00   1.4375511e+00   5.1692162e-01
   1.8491379e+00   4.0199650e+01   2.3414557e+00  -6.5186130e-02   1.8304784e+00   1.4615105e+00   5.1851044e-01
   1.8620690e+00   4.0781553e+01   2.3564484e+00  -7.1916952e-02   1.8312899e+00   1.4847216e+00   5.1946554e-01
   1.8750000e+00   4.1364018e+01   2.3679224e+00  -7.8727120e-02   1.8292139e+00   1.5057326e+00   5.1906712e-01
   1.8879310e+00   4.1946977e+01   2.3798039e+00  -8.5985420e-02   1.8274881e+00   1.5268094e+00   5.1847661e-01
   1.9008621e+00   4.2530372e+01   2.3896121e+00  -9.3241289e-02   1.8239801e+00   1.5466209e+00   5.1780928e-01
   1.9137931e+00   4.3114135e+01   2.4020156e+00  -1.0083861e-01   1.8223747e+00   1.5680553e+00   5.1833077e-01
   1.9267241e+00   4.3698210e+01   2.4117952e+00  -1.0824401e-01   1.8184822e+00   1.5879532e+00   5.1858973e-01
   1.9396552e+00   4.4282533e+01   2.4205789e+00  -1.1618490e-01   1.8140260e+00   1.6068637e+00   5.1817509e-01
   1.9525862e+00   4.4867041e+01   2.4281515e+00  -1.2456622e-01   1.8088191e+00   1.6246877e+00   5.1726654e-01
   1.9655172e+00   4.5451681e+01   2.4351923e+00  -1.3328424e-01   1.8032992e+00   1.6419616e+00   5.1602090e-01
   1.9784483e+00   4.6036386e+01   2.4448030e+00  -1.4184445e-01   1.7992826e+00   1.6612536e+00   5.1646705e-01
   1.9913793e+00   4.6621100e+01   2.4537459e+00  -1.5048981e-01   1.7946617e+00   1.6800910e+00   5.1703839e-01
   2.0043103e+00   4.7205763e+01   2.4606870e+00  -1.5960698e-01   1.7888301e+00   1.6972159e+00   5.1718963e-01
   2.0172414e+00   4.7790312e+01   2.4674134e+00  -1.6911244e-01   1.7829815e+00   1.7139735e+00   5.1638740e-01
   2.0301724e+00   4.8374694e+01   2.4710416e+00  -1.7910605e-01   1.7752879e+00   1.7281431e+00   5.1515752e-01
   2.0431034e+00   4.8958841e+01   2.4787510e+00  -1.8868175e-01   1.7698614e+00   1.7456798e+00   5.1490952e-01
   2.0560345e+00   4.9542698e+01   2.4840440e+00  -1.9877675e-01   1.7630966e+00   1.7611011e+00   5.1417072e-01
   2.0689655e+00   5.0126201e+01   2.4921365e+00  -2.0865104e-01   1.7578366e+00   1.7788452e+00   5.1423571e-01
   2.0818966e+00   5.0709284e+01   2.4966877e+00  -2.1947347e-01   1.7509011e+00   1.7933108e+00   5.1282053e-01
   2.0948276e+00   5.1291893e+01   2.5011414e+00  -2.2940545e-01   1.7431112e+00   1.8082861e+00   5.1106983e-01
   2.1077586e+00   5.1873954e+01   2.5069601e+00  -2.3965864e-01   1.7363095e+00   1.8241476e+00   5.1008845e-01
   2.1206897e+00   5.2455409e+01   2.5131149e+00  -2.4950790e-01   1.7292683e+00   1.8405521e+00   5.1004662e-01
   2.1336207e+00   5.3036189e+01   2.5190539e+00  -2.5897344e-01   1.7216572e+00   1.8570396e+00   5.1010205e-01
   2.1465517e+00   5.3616225e+01   2.5225451e+00  -2.6875364e-01   1.7127142e+00   1.8713825e+00   5.0955313e-01
   2.1594828e+00   5.4195452e+01   2.5266120e+00  -2.7882792e-01   1.7042580e+00   1.8860058e+00   5.0933266e-01
   2.1724138e+00   5.4773794e+01   2.5273769e+00  -2.8853564e-01   1.6935055e+00   1.8981375e+00   5.0857610e-01
   2.1853448e+00   5.5351183e+01   2.5297689e+00  -2.9783046e-01   1.6832980e+00   1.9117902e+00   5.0851883e-01
   2.1982759e+00   5.5927542e+01   2.5326863e+00  -3.0814255e-01   1.6741580e+00   1.9252654e+00   5.0873648e-01
   2.2112069e+00   5.6502794e+01   2.5363394e+00  -3.1826332e-01   1.6652002e+00   1.9394374e+00   5.0851803e-01
   2.2241379e+00   5.7076866e+01   2.5410448e+00  -3.2981732e-01   1.6579407e+00   1.9536941e+00   5.0805065e-01
   2.2370690e+00   5.7649670e+01   2.5465113e+00  -3.4101985e-01   1.6507154e+00   1.9687948e+00   5.0812283e-01
   2.2500000e+00   5.8221129e+01   2.5542699e+00  -3.5348916e-01   1.6456832e+00   1.9851892e+00   5.0812468e-01
   2.2629310e+00   5.8791155e+01   2.5628899e+00  -3.6571058e-01   1.6407711e+00   2.0025032e+00   5.0771532e-01
   2.2758621e+00   5.9359660e+01   2.5757014e+00  -3.7728208e-01   1.6373065e+00   2.0238100e+00   5.0778084e-01
   2.2887931e+00   5.9926558e+01   2.5870518e+00  -3.8831256e-01   1.6324361e+00   2.0442055e+00   5.0721742e-01
   2.3017241e+00   6.0491749e+01   2.6006046e+00  -3.9818647e-01   1.6274605e+00   2.0671402e+00   5.0673196e-01
   2.3146552e+00   6.1055143e+01   2.6131074e+00  -4.0682872e-01   1.6206695e+00   2.0898015e+00   5.0651664e-01
   2.3275862e+00   6.1616638e+01   2.6263750e+00  -4.1512035e-01   1.6137139e+00   2.1133144e+00   5.0559220e-01
   2.3405172e+00   6.2176132e+01   2.6428046e+00  -4.2216781e-01   1.6069020e+00   2.1402120e+00   5.0498207e-01
   2.3534483e+00   6.2733525e+01   2.6631509e+00  -4.2826081e-01   1.6007429e+00   2.1710372e+00   5.0423394e-01
   2.3663793e+00   6.3288702e+01   2.6897673e+00  -4.3347804e-01   1.5962558e+00   2.2078765e+00   5.0375383e-01
   2.3793103e+00   6.3841557e+01   2.7215851e+00  -4.3819182e-01   1.5931358e+00   2.2496569e+00   5.0226715e-01
   2.3922414e+00   6.4391975e+01   2.7596526e+00  -4.4172873e-01   1.5910937e+00   2.2976569e+00   5.0022964e-01
   2.4051724e+00   6.4939835e+01   2.8046093e+00  -4.4293445e-01   1.5891857e+00   2.3529796e+00   4.9977600e-01
   2.4181034e+00   6.5485023e+01   2.8483562e+00  -4.4200536e-01   1.5840314e+00   2.4081832e+00   4.9964894e-01
   2.4310345e+00   6.6027407e+01   2.8814380e+00  -4.4047336e-01   1.5732052e+00   2.4539207e+00   4.9779823e-01
   2.4439655e+00   6.6566865e+01   2.9038084e+00  -4.3739958e-01   1.5561074e+00   2.4903718e+00   4.9684205e-01
   2.4568966e+00   6.7103263e+01   2.9194842e+00  -4.3537645e-01   1.5369602e+00   2.5200584e+00   4.9639097e-01
   2.4698276e+00   6.7636467e+01   2.9324301e+00  -4.3319953e-01   1.5163543e+00   2.5470527e+00   4.9725056e-01
   2.4827586e+00   6.8166345e+01   2.9421358e+00  -4.3114094e-01   1.4944331e+00   2.5707421e+00   4.9787515e-01
   2.4956897e+00   6.8692749e+01   2.9523786e+00  -4.2971383e-01   1.4731441e+00   2.5944247e+00   4.9890162e-01
   2.5086207e+00   6.9215541e+01   2.9623644e+00  -4.2834049e-01   1.4516700e+00   2.6175815e+00   4.9958760e-01
   2.5215517e+00   6.9734574e+01   2.9723071e+00  -4.2700800e-01   1.4300923e+00   2.6404131e+00   5.0043288e-01
   2.5344828e+00   7.0249696e+01   2.9831822e+00  -4.2557835e-01   1.4086254e+00   2.6638821e+00   5.0267466e-01
   2.5474138e+00   7.0760760e+01   2.9939528e+00  -4.2416386e-01   1.3870221e+00   2.6869757e+00   5.0541431e-01
   2.5603448e+00   7.1267607e+01   3.0069759e+00  -4.2402418e-01   1.3672488e+00   2.7115183e+00   5.0697541e-01
   2.5732759e+00   7.1770085e+01   3.0217819e+00  -4.2373791e-01   1.3477767e+00   2.7375569e+00   5.0918733e-01
   2.5862069e+00   7.2268033e+01   3.0354319e+00  -4.2339482e-01   1.3277649e+00   2.7622727e+00   5.1103208e-01
   2.5991379e+00   7.2761291e+01   3.0476914e+00  -4.2361858e-01   1.3077825e+00   2.7852434e+00   5.1378572e-01
   2.6120690e+00   7.3249701e+01   3.0576236e+00  -4.2405811e-01   1.2872762e+00   2.8056741e+00   5.1614119e-01
   2.6250000e+00   7.3733095e+01   3.0696961e+00  -4.2456143e-01   1.2674246e+00   2.8278828e+00   5.1929076e-01
   2.6379310e+00   7.4211314e+01   3.0826187e+00  -4.2441700e-01   1.2471549e+00   2.8508371e+00   5.2328424e-01
   2.6508621e+00   7.4684193e+01   3.0900245e+00  -4.2493048e-01   1.2260353e+00   2.8680402e+00   5.2606584e-01
   2.6637931e+00   7.5151566e+01   3.0981153e+00  -4.2539803e-01   1.2051249e+00   2.8856465e+00   5.2908924e-01
   2.6767241e+00   7.5613274e+01   3.1090089e+00  -4.2601989e-01   1.1851416e+00   2.9056615e+00   5.3250181e-01
   2.6896552e+00   7.6069150e+01   3.1176557e+00  -4.2617316e-01   1.1642158e+00   2.9233546e+00   5.3686214e-01
   2.7025862e+00   7.6519036e+01   3.1337839e+00  -4.2608927e-01   1.1449043e+00   2.9481092e+00   5.4181138e-01
   2.7155172e+00   7.6962772e+01   3.1476841e+00  -4.2617582e-01   1.1252581e+00   2.9704099e+00   5.4579992e-01
   2.7284483e+00   7.7400198e+01   3.1621302e+00  -4.2601368e-01   1.1055409e+00   2.9930477e+00   5.4983425e-01
   2.7413793e+00   7.7831166e+01   3.1827936e+00  -4.2569368e-01   1.0870396e+00   3.0215452e+00   5.5552257e-01
   2.7543103e+00   7.8255518e+01   3.1976152e+00  -4.2566998e-01   1.0676250e+00   3.0440294e+00   5.5953355e-01
   2.7672414e+00   7.8673113e+01   3.2198733e+00  -4.2430372e-01   1.0484428e+00   3.0738227e+00   5.6566211e-01
   2.7801724e+00   7.9083803e+01   3.2327426e+00  -4.2366353e-01   1.0281917e+00   3.0940164e+00   5.6883287e-01
   2.7931034e+00   7.9487453e+01   3.2625921e+00  -4.2289833e-01   1.0110626e+00   3.1306713e+00   5.7505287e-01
   2.8060345e+00   7.9883933e+01   3.2830201e+00  -4.2182007e-01   9.9190129e-01   3.1578925e+00   5.7874563e-01
   2.8189655e+00   8.0273110e+01   3.3009389e+00  -4.2045899e-01   9.7211470e-01   3.1824482e+00   5.8329127e-01
   2.8318966e+00   8.0654871e+01   3.3265752e+00  -4.1981090e-01   9.5441206e-01   3.2142560e+00   5.8850687e-01
   2.8448276e+00   8.1029099e+01   3.3524650e+00  -4.1834178e-01   9.3598384e-01   3.2462233e+00   5.9402314e-01
   2.8577586e+00   8.1395689e+01   3.3649169e+00  -4.1721506e-01   9.1594370e-01   3.2646257e+00   5.9699711e-01
   2.8706897e+00   8.1754546e+01   3.3921696e+00  -4.1486346e-01   8.9705990e-01   3.2976067e+00   6.0358675e-01
   2.8836207e+00   8.2105574e+01   3.4143605e+00  -4.1333143e-01   8.7837044e-01   3.3252317e+00   6.0814995e-01
   2.8965517e+00   8.2448699e+01   3.4320145e+00  -4.1197268e-01   8.5941414e-01   3.3481118e+00   6.1182086e-01
   2.9094828e+00   8.2783845e+01   3.4575285e+00  -4.1005913e-01   8.4112156e-01   3.3786338e+00   6.1796405e-01
   2.9224138e+00   8.3110950e+01   3.4755803e+00  -4.0692189e-01   8.2086983e-01   3.4016785e+00   6.2355305e-01
   2.9353448e+00   8.3429962e+01   3.4942285e+00  -4.0460569e-01   8.0174999e-01   3.4249869e+00   6.2751819e-01
   2.9482759e+00   8.3740833e+01   3.5089491e+00  -4.0270398e-01   7.8286982e-01   3.4441268e+00   6.3129816e-01
   2.9612069e+00   8.4043533e+01   3.5277214e+00  -4.0000194e-01   7.6392387e-01   3.4671660e+00   6.3685442e-01
   2.9741379e+00   8.4338034e+01   3.5419066e+00  -3.9754227e-01   7.4504442e-01   3.4854055e+00   6.4092307e-01
   2.9870690e+00   8.4624321e+01   3.5618864e+00  -3.9460289e-01   7.2656521e-01   3.5092519e+00   6.4691297e-01
   3.0000000e+00   8.4902391e+01   3.5739176e+00  -3.9176132e-01   7.0776413e-01   3.5249729e+00   6.4973840e-01
   3.0129310e+00   8.5172246e+01   3.5985950e+00  -3.8858487e-01   6.9006593e-01   3.5531244e+00   6.5752913e-01
   3.0258621e+00   8.5433901e+01   3.6089124e+00  -3.8588427e-01   6.7196193e-01   3.5667383e+00   6.5961030e-01
   3.0387931e+00   8.5687376e+01   3.6300073e+00  -3.8323852e-01   6.5512427e-01   3.5909104e+00   6.6442738e-01
   3.0517241e+00   8.5932704e+01   3.6408793e+00  -3.8119649e-01   6.3847707e-01   3.6046719e+00   6.6844017e-01
   3.0646552e+00   8.6169926e+01   3.6486300e+00  -3.7927726e-01   6.2214998e-01   3.6151461e+00   6.7202796e-01
   3.0775862e+00   8.6399086e+01   3.6458515e+00  -3.7722713e-01   6.0546536e-01   3.6149613e+00   6.7611687e-01
   3.0905172e+00   8.6620243e+01   3.6388525e+00  -3.7521559e-01   5.8908674e-01   3.6104032e+00   6.7939977e-01
   3.1034483e+00   8.6833459e+01   3.6298797e+00  -3.7197967e-01   5.7192062e-01   3.6037900e+00   6.8423613e-01
   3.1163793e+00   8.7038802e+01   3.6174794e+00  -3.6840984e-01   5.5479565e-01   3.5936173e+00   6.8815338e-01
   3.1293103e+00   8.7236350e+01   3.6129825e+00  -3.6457524e-01   5.3835512e-01   3.5912020e+00   6.9258247e-01
   3.1422414e+00   8.7426181e+01   3.6159546e+00  -3.6026468e-01   5.2228112e-01   3.5961285e+00   6.9812331e-01
   3.1551724e+00   8.7608384e+01   3.6187385e+00  -3.5638981e-01   5.0708733e-01   3.6007144e+00   7.0169254e-01
   3.1681034e+00   8.7783048e+01   3.6409952e+00  -3.5156795e-01   4.9215107e-01   3.6246701e+00   7.0810370e-01
   3.1810345e+00   8.7950269e+01   3.6513638e+00  -3.4634243e-01   4.7671890e-01   3.6366399e+00   7.1140272e-01
   3.1939655e+00   8.8110144e+01   3.6758270e+00  -3.4197061e-01   4.6300685e-01   3.6625500e+00   7.1716643e-01
   3.2068966e+00   8.8262772e+01   3.6892421e+00  -3.3746733e-01   4.4915422e-01   3.6773158e+00   7.2076122e-01
   3.2198276e+00   8.8408255e+01   3.7047839e+00  -3.3378024e-01   4.3656151e-01   3.6940827e+00   7.2568545e-01
   3.2327586e+00   8.8546698e+01   3.7127788e+00  -3.2927536e-01   4.2333363e-01   3.7032334e+00   7.3153803e-01
   3.2456897e+00   8.8678204e+01   3.7123672e+00  -3.2473840e-01   4.1028757e-01   3.7038884e+00   7.3575548e-01
   3.2586207e+00   8.8802878e+01   3.7193133e+00  -3.2021432e-01   3.9784909e-01   3.7118115e+00   7.4269275e-01
   3.2715517e+00   8.8920821e+01   3.7192517e+00  -3.1565430e-01   3.8564710e-01   3.7126469e+00   7.4678040e-01
   3.2844828e+00   8.9032138e+01   3.7269450e+00  -3.1091207e-01   3.7382167e-01   3.7211615e+00   7.5243509e-01
   3.2974138e+00   8.9136929e+01   3.7404971e+00  -3.0682383e-01   3.6313161e-01   3.7354511e+00   7.5843050e-01
   3.3103448e+00   8.9235293e+01   3.7555439e+00  -3.0202927e-01   3.5212482e-01   3.7511784e+00   7.6414625e-01
   3.3232759e+00   8.9327326e+01   3.7667570e+00  -2.9737257e-01   3.4157419e-01   3.7630062e+00   7.6859860e-01
   3.3362069e+00   8.9413120e+01   3.7902477e+00  -2.9270396e-01   3.3151142e-01   3.7870507e+00   7.7542407e-01
   3.3491379e+00   8.9492765e+01   3.8065604e+00  -2.8804023e-01   3.2172768e-01   3.8038613e+00   7.8054075e-01
   3.3620690e+00   8.9566347e+01   3.8300669e+00  -2.8352444e-01   3.1250458e-01   3.8278113e+00   7.8749102e-01
   3.3750000e+00   8.9633944e+01   3.8395898e+00  -2.7990842e-01   3.0443321e-01   3.8377232e+00   7.9127165e-01
   3.3879310e+00   8.9695634e+01   3.8554807e+00  -2.7582883e-01   2.9630586e-01   3.8539611e+00   7.9714027e-01
   3.4008621e+00   8.9751490e+01   3.8651644e+00  -2.7230457e-01   2.8906643e-01   3.8639470e+00   8.0233305e-01
   3.4137931e+00   8.9801573e+01   3.8791404e+00  -2.6897064e-01   2.8240328e-01   3.8781856e+00   8.0797725e-01
   3.4267241e+00   8.9845944e+01   3.8926244e+00  -2.6549902e-01   2.7596446e-01   3.8918964e+00   8.1370779e-01
   3.4396552e+00   8.9884659e+01   3.9037956e+00  -2.6198141e-01   2.6983954e-01   3.9032603e+00   8.1877262e-01
   3.4525862e+00   8.9917763e+01   3.9200855e+00  -2.5840708e-01   2.6403333e-01   3.9197105e+00   8.2506263e-01
   3.4655172e+00   8.9945298e+01   3.9391438e+00  -2.5567007e-01   2.5943078e-01   3.9388979e+00   8.3028465e-01
   3.4784483e+00   8.9967298e+01   3.9594047e+00  -2.5205139e-01   2.5431123e-01   3.9592602e+00   8.3745902e-01
   3.4913793e+00   8.9983791e+01   3.9681098e+00  -2.4888888e-01   2.5001146e-01   3.9680393e+00   8.4156239e-01
   3.5043103e+00   8.9994798e+01   3.9971662e+00  -2.4611260e-01   2.4647550e-01   3.9971438e+00   8.4964595e-01
   3.5172414e+00   9.0000333e+01   4.0092049e+00  -2.4303360e-01   2.4301028e-01   4.0092063e+00   8.5392781e-01
   3.5301724e+00   9.0000404e+01   4.0316602e+00  -2.4037855e-01   2.4035015e-01   4.0316619e+00   8.6139901e-01
   3.5431034e+00   8.9995009e+01   4.0461824e+00  -2.3771496e-01   2.3806740e-01   4.0461617e+00   8.6683218e-01
   3.5560345e+00   8.9984143e+01   4.0690094e+00  -2.3521442e-01   2.3634052e-01   4.0689442e+00   8.7406806e-01
   3.5689655e+00   8.9967791e+01   4.0871526e+00  -2.3323366e-01   2.3553120e-01   4.0870208e+00   8.8015067e-01
   3.5818966e+00   8.9945933e+01   4.1091466e+00  -2.3006700e-01   2.3394445e-01   4.1089277e+00   8.8732498e-01
   3.5948276e+00   8.9918542e+01   4.1284261e+00  -2.2780732e-01   2.3367651e-01   4.1280980e+00   8.9381850e-01
   3.6077586e+00   8.9885582e+01   4.1537894e+00  -2.2545370e-01   2.3374826e-01   4.1533309e+00   9.0107522e-01
   3.6206897e+00   8.9847012e+01   4.1805666e+00  -2.2237657e-01   2.3353845e-01   4.1799580e+00   9.0909797e-01
   3.6336207e+00   8.9802787e+01   4.1972414e+00  -2.1991091e-01   2.3435652e-01   4.1964596e+00   9.1485060e-01
   3.6465517e+00   8.9752852e+01   4.2306466e+00  -2.1767458e-01   2.3592157e-01   4.2296683e+00   9.2419537e-01
   3.6594828e+00   8.9697147e+01   4.2572543e+00  -2.1530649e-01   2.3780629e-01   4.2560568e+00   9.3219719e-01
   3.6724138e+00   8.9635608e+01   4.2849989e+00  -2.1265532e-01   2.3990278e-01   4.2835598e+00   9.3938144e-01
   3.6853448e+00   8.9568163e+01   4.3187028e+00  -2.1112212e-01   2.4366582e-01   4.3169890e+00   9.4873323e-01
   3.6982759e+00   8.9494737e+01   4.3423803e+00  -2.0825180e-01   2.4653652e-01   4.3403750e+00   9.5521619e-01
   3.7112069e+00   8.9415249e+01   4.3731959e+00  -2.0599594e-01   2.5061651e-01   4.3708658e+00   9.6404784e-01
   3.7241379e+00   8.9329614e+01   4.4047266e+00  -2.0401474e-01   2.5553682e-01   4.4020381e+00   9.7297461e-01
   3.7370690e+00   8.9237744e+01   4.4442172e+00  -2.0178710e-01   2.6089282e-01   4.4411395e+00   9.8308441e-01
   3.7500000e+00   8.9139544e+01   4.4724632e+00  -2.0022020e-01   2.6736159e-01   4.4689521e+00   9.8983337e-01
   3.7629310e+00   8.9034920e+01   4.5010234e+00  -1.9713657e-01   2.7291947e-01   4.4970645e+00   9.9741095e-01
   3.7758621e+00   8.8923772e+01   4.5454617e+00  -1.9534997e-01   2.8069114e-01   4.5409907e+00   1.0093693e+00
   3.7887931e+00   8.8806000e+01   4.5727291e+00  -1.9304454e-01   2.8828786e-01   4.5677137e+00   1.0169588e+00
   3.8017241e+00   8.8681502e+01   4.6154378e+00  -1.9177559e-01   2.9792648e-01   4.6098030e+00   1.0267264e+00
   3.8146552e+00   8.8550173e+01   4.6542850e+00  -1.8899386e-01   3.0669399e-01   4.6480131e+00   1.0358854e+00
   3.8275862e+00   8.8411911e+01   4.6764149e+00  -1.8634252e-01   3.1587236e-01   4.6694545e+00   1.0428448e+00
   3.8405172e+00   8.8266610e+01   4.7247650e+00  -1.8487279e-01   3.2770639e-01   4.7170108e+00   1.0552384e+00
   3.8534483e+00   8.8114167e+01   4.7494699e+00  -1.8249417e-01   3.3869115e-01   4.7408920e+00   1.0619945e+00
   3.8663793e+00   8.7954481e+01   4.8002062e+00  -1.8138276e-01   3.5260314e-01   4.7906732e+00   1.0727973e+00
   3.8793103e+00   8.7787451e+01   4.8127870e+00  -1.7891040e-01   3.6458267e-01   4.8022918e+00   1.0761142e+00
   3.8922414e+00   8.7612979e+01   4.8602920e+00  -1.7622334e-01   3.7849827e-01   4.8487351e+00   1.0882206e+00
   3.9051724e+00   8.7430972e+01   4.8981332e+00  -1.7488320e-01   3.9425633e-01   4.8853715e+00   1.0970731e+00
   3.9181034e+00   8.7241338e+01   4.9287215e+00  -1.7329761e-01   4.1031190e-01   4.9146690e+00   1.1035067e+00
   3.9310345e+00   8.7043991e+01   4.9588633e+00  -1.7177164e-01   4.2726775e-01   4.9434070e+00   1.1100756e+00
   3.9439655e+00   8.6838849e+01   4.9940290e+00  -1.6876290e-01   4.4389941e-01   4.9771237e+00   1.1188222e+00
   3.9568966e+00   8.6625837e+01   5.0183090e+00  -1.6801222e-01   4.6307967e-01   4.9997210e+00   1.1237106e+00
   3.9698276e+00   8.6404886e+01   5.0514236e+00  -1.6484721e-01   4.8127441e-01   5.0311459e+00   1.1323830e+00
   3.9827586e+00   8.6175931e+01   5.0767741e+00  -1.6369105e-01   5.0191216e-01   5.0545538e+00   1.1382837e+00
   3.9956897e+00   8.5938919e+01   5.1082041e+00  -1.6226165e-01   5.2361672e-01   5.0838866e+00   1.1447003e+00
   4.0086207e+00   8.5693800e+01   5.1338804e+00  -1.5939657e-01   5.4443237e-01   5.1074190e+00   1.1513451e+00
   4.0215517e+00   8.5440535e+01   5.1501906e+00  -1.5763371e-01   5.6654262e-01   5.1213613e+00   1.1537444e+00
   4.0344828e+00   8.5179092e+01   5.1817577e+00  -1.5538430e-01   5.9031709e-01   5.1503673e+00   1.1609735e+00
   4.0474138e+00   8.4909448e+01   5.1921731e+00  -1.5283939e-01   6.1293836e-01   5.1581322e+00   1.1628011e+00
   4.0603448e+00   8.4631591e+01   5.2175524e+00  -1.5086251e-01   6.3835178e-01   5.1805521e+00   1.1692546e+00
   4.0732759e+00   8.4345514e+01   5.2354525e+00  -1.4856713e-01   6.6368954e-01   5.1953393e+00   1.1731305e+00
   4.0862069e+00   8.4051225e+01   5.2494185e+00  -1.4620400e-01   6.8946264e-01   5.2059976e+00   1.1752271e+00
   4.0991379e+00   8.3748737e+01   5.2562110e+00  -1.4360834e-01   7.1509686e-01   5.2093199e+00   1.1761944e+00
   4.1120690e+00   8.3438075e+01   5.2715000e+00  -1.4108375e-01   7.4257071e-01   5.2208434e+00   1.1796119e+00
   4.1250000e+00   8.3119274e+01   5.2718352e+00  -1.3783605e-01   7.6842436e-01   5.2173527e+00   1.1789659e+00
   4.1379310e+00   8.2792376e+01   5.2833680e+00  -1.3543901e-01   7.9724788e-01   5.2246261e+00   1.1819023e+00
   4.1508621e+00   8.2457436e+01   5.2852558e+00  -1.3239126e-01   8.2500259e-01   5.2221477e+00   1.1821818e+00
   4.1637931e+00   8.2114517e+01   5.2942527e+00  -1.2942878e-01   8.5454236e-01   5.2264348e+00   1.1839669e+00
   4.1767241e+00   8.1763689e+01   5.2860696e+00  -1.2694293e-01   8.8289571e-01   5.2133618e+00   1.1812390e+00
   4.1896552e+00   8.1405035e+01   5.2885755e+00  -1.2348987e-01   9.1247248e-01   5.2107269e+00   1.1820675e+00
   4.2025862e+00   8.1038642e+01   5.2801099e+00  -1.2039453e-01   9.4139875e-01   5.1969052e+00   1.1788495e+00
   4.2155172e+00   8.0664609e+01   5.2864056e+00  -1.1714711e-01   9.7312117e-01   5.1973881e+00   1.1801015e+00
   4.2284483e+00   8.0283043e+01   5.2646468e+00  -1.1372902e-01   1.0006703e+00   5.1699226e+00   1.1726906e+00
   4.2413793e+00   7.9894053e+01   5.2766159e+00  -1.1015661e-01   1.0343296e+00   5.1754200e+00   1.1746982e+00
   4.2543103e+00   7.9497762e+01   5.2451171e+00  -1.0645934e-01   1.0607240e+00   5.1378450e+00   1.1669134e+00
   4.2672414e+00   7.9094294e+01   5.2365638e+00  -1.0282661e-01   1.0916920e+00   5.1225367e+00   1.1651862e+00
   4.2801724e+00   7.8683783e+01   5.2258000e+00  -9.8969900e-02   1.1224716e+00   5.1047858e+00   1.1619080e+00
   4.2931034e+00   7.8266366e+01   5.1880263e+00  -9.4981732e-02   1.1480448e+00   5.0602995e+00   1.1520130e+00
   4.3060345e+00   7.7842184e+01   5.1823547e+00  -9.0909410e-02   1.1803008e+00   5.0469748e+00   1.1517021e+00
   4.3189655e+00   7.7411388e+01   5.1527809e+00  -8.7526658e-02   1.2084674e+00   5.0098322e+00   1.1444380e+00
   4.3318966e+00   7.6974124e+01   5.1249030e+00  -8.2830987e-02   1.2358071e+00   4.9743616e+00   1.1382551e+00
   4.3448276e+00   7.6530548e+01   5.1042307e+00  -7.9934819e-02   1.2666487e+00   4.9452160e+00   1.1328422e+00
   4.3577586e+00   7.6080819e+01   5.0617254e+00  -7.5107394e-02   1.2905151e+00   4.8950256e+00   1.1209780e+00
   4.3706897e+00   7.5625094e+01   5.0371974e+00  -7.1940404e-02   1.3202512e+00   4.8616325e+00   1.1145805e+00
   4.3836207e+00   7.5163537e+01   5.0019948e+00  -6.7606162e-02   1.3461680e+00   4.8179202e+00   1.1059162e+00
   4.3965517e+00   7.4696306e+01   4.9678695e+00  -6.4120065e-02   1.3730422e+00   4.7747873e+00   1.0978362e+00
   4.4094828e+00   7.4223567e+01   4.9274197e+00  -5.9795221e-02   1.3972315e+00   4.7255460e+00   1.0890120e+00
   4.4224138e+00   7.3745485e+01   4.8855081e+00  -5.5937180e-02   1.4211778e+00   4.6745665e+00   1.0790734e+00
   4.4353448e+00   7.3262220e+01   4.8565607e+00  -5.1220381e-02   1.4477011e+00   4.6360508e+00   1.0718296e+00
   4.4482759e+00   7.2773941e+01   4.7995721e+00  -4.7397212e-02   1.4666284e+00   4.5702450e+00   1.0567053e+00
   4.4612069e+00   7.2280803e+01   4.7701893e+00  -4.3897168e-02   1.4936324e+00   4.5305293e+00   1.0492736e+00
   4.4741379e+00   7.1782974e+01   4.7162252e+00  -3.9185827e-02   1.5115949e+00   4.4675940e+00   1.0369295e+00
   4.4870690e+00   7.1280612e+01   4.6729160e+00  -3.4534459e-02   1.5324029e+00   4.4146435e+00   1.0270837e+00
   4.5000000e+00   7.0773873e+01   4.6198258e+00  -3.1006203e-02   1.5505728e+00   4.3519508e+00   1.0127359e+00
   4.5129310e+00   7.0262919e+01   4.5673022e+00  -2.6780583e-02   1.5676058e+00   4.2899393e+00   9.9965970e-01
   4.5258621e+00   6.9747897e+01   4.5077796e+00  -2.2855768e-02   1.5818174e+00   4.2211909e+00   9.8541568e-01
   4.5387931e+00   6.9228964e+01   4.4638197e+00  -1.8744828e-02   1.6005503e+00   4.1670465e+00   9.7535307e-01
   4.5517241e+00   6.8706268e+01   4.3974813e+00  -1.4329070e-02   1.6102931e+00   4.0920659e+00   9.5956830e-01
   4.5646552e+00   6.8179952e+01   4.3546552e+00  -1.0438293e-02   1.6282840e+00   4.0387897e+00   9.4857423e-01
   4.5775862e+00   6.7650166e+01   4.2882039e+00  -6.1901385e-03   1.6363607e+00   3.9637173e+00   9.3399597e-01
   4.5905172e+00   6.7117043e+01   4.2276238e+00  -2.3480798e-03   1.6460745e+00   3.8940014e+00   9.1890839e-01
   4.6034483e+00   6.6580726e+01   4.1679495e+00   6.4478411e-04   1.6559874e+00   3.8248542e+00   9.0398621e-01
   4.6163793e+00   6.6041347e+01   4.1013447e+00   6.5160066e-03   1.6595083e+00   3.7506137e+00   8.8872859e-01
   4.6293103e+00   6.5499034e+01   4.0448143e+00   9.3613086e-03   1.6689009e+00   3.6844783e+00   8.7487478e-01
   4.6422414e+00   6.4953921e+01   3.9799341e+00   1.3687587e-02   1.6724927e+00   3.6114859e+00   8.5910614e-01
   4.6551724e+00   6.4406125e+01   3.9198283e+00   1.7102837e-02   1.6778993e+00   3.5425980e+00   8.4379929e-01
   4.6681034e+00   6.3855773e+01   3.8501228e+00   2.1361627e-02   1.6773122e+00   3.4656206e+00   8.2690387e-01
   4.6810345e+00   6.3302980e+01   3.7795267e+00   2.5171011e-02   1.6755499e+00   3.3879180e+00   8.0974111e-01
   4.6939655e+00   6.2747858e+01   3.7089013e+00   2.9249939e-02   1.6723292e+00   3.3106071e+00   7.9285848e-01
   4.7068966e+00   6.2190525e+01   3.6316658e+00   3.2860428e-02   1.6652265e+00   3.2275528e+00   7.7413664e-01
   4.7198276e+00   6.1631081e+01   3.5717268e+00   3.6869726e-02   1.6646533e+00   3.1603040e+00   7.5885378e-01
   4.7327586e+00   6.1069636e+01   3.4918900e+00   4.0410210e-02   1.6538214e+00   3.0756794e+00   7.3939183e-01
   4.7456897e+00   6.0506291e+01   3.4236535e+00   4.4567520e-02   1.6467684e+00   3.0019232e+00   7.2442484e-01
   4.7586207e+00   5.9941143e+01   3.3494111e+00   4.8564397e-02   1.6356514e+00   2.9232786e+00   7.0655571e-01
   4.7715517e+00   5.9374291e+01   3.2731623e+00   5.1740212e-02   1.6229160e+00   2.8429583e+00   6.8952271e-01
   4.7844828e+00   5.8805824e+01   3.2039115e+00   5.5469498e-02   1.6119846e+00   2.7694099e+00   6.7314793e-01
   4.7974138e+00   5.8235836e+01   3.1201473e+00   5.8892567e-02   1.5924490e+00   2.6838207e+00   6.5231942e-01
   4.8103448e+00   5.7664415e+01   3.0583880e+00   6.3329996e-02   1.5823526e+00   2.6179969e+00   6.3740514e-01
   4.8232759e+00   5.7091641e+01   2.9674377e+00   6.5930327e-02   1.5568486e+00   2.5271042e+00   6.1533780e-01
   4.8362069e+00   5.6517605e+01   2.8993462e+00   7.0208346e-02   1.5409558e+00   2.4569479e+00   5.9989697e-01
   4.8491379e+00   5.5942380e+01   2.8116272e+00   7.3302802e-02   1.5138558e+00   2.3704137e+00   5.7932504e-01
   4.8620690e+00   5.5366049e+01   2.7345492e+00   7.6772668e-02   1.4909616e+00   2.2936187e+00   5.6038545e-01
   4.8750000e+00   5.4788687e+01   2.6556341e+00   8.0662992e-02   1.4653176e+00   2.2162453e+00   5.4084183e-01
   4.8879310e+00   5.4210365e+01   2.5745725e+00   8.4065684e-02   1.4374466e+00   2.1375775e+00   5.2186361e-01
   4.9008621e+00   5.3631164e+01   2.4943100e+00   8.7835584e-02   1.4083518e+00   2.0605443e+00   5.0263546e-01
   4.9137931e+00   5.3051145e+01   2.4122935e+00   9.1172734e-02   1.3771714e+00   1.9826425e+00   4.8356838e-01
   4.9267241e+00   5.2470384e+01   2.3339742e+00   9.4445296e-02   1.3468916e+00   1.9084649e+00   4.6576966e-01
   4.9396552e+00   5.1888947e+01   2.2461642e+00   9.6778474e-02   1.3101580e+00   1.8270483e+00   4.4531983e-01
   4.9525862e+00   5.1306897e+01   2.1687100e+00   1.0142642e-01   1.2766024e+00   1.7560971e+00   4.2626671e-01
   4.9655172e+00   5.0724306e+01   2.0813863e+00   1.0498912e-01   1.2363538e+00   1.6776831e+00   4.0672306e-01
   4.9784483e+00   5.0141230e+01   2.0019949e+00   1.0862934e-01   1.1996866e+00   1.6064047e+00   3.8882769e-01
   4.9913793e+00   4.9557739e+01   1.9111402e+00   1.1133954e-01   1.1549851e+00   1.5267163e+00   3.6828281e-01
   5.0043103e+00   4.8973892e+01   1.8378823e+00   1.1498252e-01   1.1196471e+00   1.4619927e+00   3.5176286e-01
   5.0172414e+00   4.8389749e+01   1.7468463e+00   1.1823688e-01   1.0716075e+00   1.3845972e+00   3.2919322e-01
   5.0301724e+00   4.7805377e+01   1.6710857e+00   1.2174901e-01   1.0321866e+00   1.3198261e+00   3.1296180e-01
   5.0431034e+00   4.7220828e+01   1.5801965e+00   1.2467989e-01   9.8171711e-01   1.2445070e+00   2.9340800e-01
   5.0560345e+00   4.6636164e+01   1.5115587e+00   1.2897085e-01   9.4411685e-01   1.1874707e+00   2.7917858e-01
   5.0689655e+00   4.6051452e+01   1.4241077e+00   1.3213804e-01   8.9321347e-01   1.1170107e+00   2.5854597e-01
   5.0818966e+00   4.5466746e+01   1.3512469e+00   1.3584591e-01   8.5082381e-01   1.0584995e+00   2.4344431e-01
   5.0948276e+00   4.4882103e+01   1.2630073e+00   1.3853605e-01   7.9715884e-01   9.8940263e-01   2.2503105e-01
   5.1077586e+00   4.4297591e+01   1.1842309e+00   1.4302989e-01   7.4769026e-01   9.2941898e-01   2.0949001e-01
   5.1206897e+00   4.3713263e+01   1.1002763e+00   1.4552956e-01   6.9471946e-01   8.6553547e-01   1.9052877e-01
   5.1336207e+00   4.3129181e+01   1.0207762e+00   1.4913751e-01   6.4301972e-01   8.0669175e-01   1.7381463e-01
   5.1465517e+00   4.2545409e+01   9.4479710e-01   1.5265899e-01   5.9284730e-01   7.5131778e-01   1.5853953e-01
   5.1594828e+00   4.1962003e+01   8.6634840e-01   1.5554271e-01   5.4020492e-01   6.9493289e-01   1.4139397e-01
   5.1724138e+00   4.1379032e+01   7.8780006e-01   1.5899891e-01   4.8602396e-01   6.4007055e-01   1.2505348e-01
   5.1853448e+00   4.0796554e+01   7.1101246e-01   1.6233172e-01   4.3219736e-01   5.8744851e-01   1.1074528e-01
   5.1982759e+00   4.0214636e+01   6.3580519e-01   1.6589959e-01   3.7840710e-01   5.3719547e-01   9.7094250e-02
   5.2112069e+00   3.9633343e+01   5.6694808e-01   1.6887315e-01   3.2891112e-01   4.9169680e-01   8.4612366e-02
   5.2241379e+00   3.9052738e+01   4.8970436e-01   1.7167889e-01   2.7212415e-01   4.4185116e-01   6.9673024e-02
   5.2370690e+00   3.8472896e+01   4.1417051e-01   1.7457374e-01   2.1564509e-01   3.9434807e-01   5.4792157e-02
   5.2500000e+00   3.7893880e+01   3.4190350e-01   1.7830916e-01   1.6029539e-01   3.5071006e-01   4.2971624e-02
   5.2629310e+00   3.7315763e+01   2.7251114e-01   1.8065257e-01   1.0721705e-01   3.0887243e-01   3.0576449e-02
   5.2758621e+00   3.6738619e+01   2.0010636e-01   1.8366529e-01   5.0497534e-02   2.6688105e-01   1.6836456e-02
   5.2887931e+00   3.6162520e+01   1.3726904e-01   1.8678747e-01   6.0456438e-04   2.3180160e-01   7.5785924e-03
   5.3017241e+00   3.5587548e+01   6.4341955e-02   1.8970112e-01  -5.8071220e-02   1.9171368e-01  -4.9674380e-03
   5.3146552e+00   3.5013775e+01   9.6373701e-04   1.9202601e-01  -1.0939010e-01   1.5782499e-01  -1.5661258e-02
   5.3275862e+00   3.4441284e+01  -6.5224488e-02   1.9538007e-01  -1.6429046e-01   1.2424270e-01  -2.6230925e-02
   5.3405172e+00   3.3870161e+01  -1.2888815e-01   1.9765136e-01  -2.1716980e-01   9.2279431e-02  -3.5628943e-02
   5.3534483e+00   3.3300486e+01  -1.9541071e-01   2.0040880e-01  -2.7335523e-01   6.0215895e-02  -4.5845442e-02
   5.3663793e+00   3.2732355e+01  -2.5825729e-01   2.0288224e-01  -3.2694903e-01   3.1021968e-02  -5.5405851e-02
   5.3793103e+00   3.2165849e+01  -3.1856298e-01   2.0522607e-01  -3.7892352e-01   4.1320998e-03  -6.5415730e-02
   5.3922414e+00   3.1601068e+01  -3.8018390e-01   2.0807832e-01  -4.3284257e-01  -2.1993162e-02  -7.3111580e-02
   5.4051724e+00   3.1038107e+01  -4.3460254e-01   2.0983704e-01  -4.8057180e-01  -4.4291040e-02  -7.8813449e-02
   5.4181034e+00   3.0477061e+01  -5.0001709e-01   2.1216823e-01  -5.3854120e-01  -7.0751916e-02  -8.7993089e-02
   5.4310345e+00   2.9918038e+01  -5.5099438e-01   2.1452891e-01  -5.8456732e-01  -8.8873567e-02  -9.4332844e-02
   5.4439655e+00   2.9361137e+01  -6.1154015e-01   2.1577600e-01  -6.3878345e-01  -1.1178707e-01  -1.0354157e-01
   5.4568966e+00   2.8806470e+01  -6.6084187e-01   2.1788984e-01  -6.8405498e-01  -1.2750191e-01  -1.0939457e-01
   5.4698276e+00   2.8254148e+01  -7.1761661e-01   2.2012636e-01  -7.3632141e-01  -1.4580809e-01  -1.1674196e-01
   5.4827586e+00   2.7704280e+01  -7.6907452e-01   2.2087487e-01  -7.8359350e-01  -1.6199552e-01  -1.2239577e-01
   5.4956897e+00   2.7156991e+01  -8.2408892e-01   2.2220822e-01  -8.3466327e-01  -1.7842722e-01  -1.2795692e-01
   5.5086207e+00   2.6612396e+01  -8.7841778e-01   2.2366037e-01  -8.8554510e-01  -1.9352427e-01  -1.3400145e-01
   5.5215517e+00   2.6070620e+01  -9.2127153e-01   2.2483871e-01  -9.2634676e-01  -2.0291709e-01  -1.3775492e-01
   5.5344828e+00   2.5531794e+01  -9.7481602e-01   2.2572836e-01  -9.7691319e-01  -2.1647214e-01  -1.4420098e-01
   5.5474138e+00   2.4996040e+01  -1.0204829e+00   2.2626382e-01  -1.0205104e+00  -2.2613950e-01  -1.4797661e-01
   5.5603448e+00   2.4463500e+01  -1.0676603e+00   2.2705685e-01  -1.0658387e+00  -2.3545965e-01  -1.5361573e-01
   5.5732759e+00   2.3934304e+01  -1.1187559e+00   2.2676444e-01  -1.1145513e+00  -2.4660159e-01  -1.5860732e-01
   5.5862069e+00   2.3408593e+01  -1.1578605e+00   2.2755812e-01  -1.1529684e+00  -2.5117226e-01  -1.6092290e-01
   5.5991379e+00   2.2886511e+01  -1.2016297e+00   2.2725638e-01  -1.1954154e+00  -2.5795621e-01  -1.6445027e-01
   5.6120690e+00   2.2368198e+01  -1.2467963e+00   2.2677998e-01  -1.2392869e+00  -2.6476077e-01  -1.6890179e-01
   5.6250000e+00   2.1853807e+01  -1.2880239e+00   2.2664533e-01  -1.2798286e+00  -2.6909571e-01  -1.7200140e-01
   5.6379310e+00   2.1343483e+01  -1.3273641e+00   2.2503407e-01  -1.3182302e+00  -2.7350487e-01  -1.7476018e-01
   5.6508621e+00   2.0837381e+01  -1.3678496e+00   2.2459866e-01  -1.3582773e+00  -2.7665854e-01  -1.7742436e-01
   5.6637931e+00   2.0335654e+01  -1.4052837e+00   2.2314504e-01  -1.3952436e+00  -2.7912603e-01  -1.7907719e-01
   5.6767241e+00   1.9838453e+01  -1.4377987e+00   2.2135099e-01  -1.4275897e+00  -2.7973024e-01  -1.7989362e-01
   5.6896552e+00   1.9345943e+01  -1.4748017e+00   2.1980292e-01  -1.4643423e+00  -2.8116725e-01  -1.8143222e-01
   5.7025862e+00   1.8858274e+01  -1.5102119e+00   2.1774985e-01  -1.4995281e+00  -2.8208203e-01  -1.8343572e-01
   5.7155172e+00   1.8375609e+01  -1.5390754e+00   2.1515558e-01  -1.5284251e+00  -2.8100107e-01  -1.8416129e-01
   5.7284483e+00   1.7898107e+01  -1.5781513e+00   2.1228149e-01  -1.5670154e+00  -2.8299760e-01  -1.8719947e-01
   5.7413793e+00   1.7425924e+01  -1.6026744e+00   2.0925820e-01  -1.5917866e+00  -2.8030264e-01  -1.8611128e-01
   5.7543103e+00   1.6959222e+01  -1.6332657e+00   2.0599578e-01  -1.6223263e+00  -2.7937137e-01  -1.8640896e-01
   5.7672414e+00   1.6498155e+01  -1.6591474e+00   2.0230213e-01  -1.6482891e+00  -2.7719895e-01  -1.8572311e-01
   5.7801724e+00   1.6042881e+01  -1.6869872e+00   1.9775575e-01  -1.6759388e+00  -2.7615604e-01  -1.8575055e-01
   5.7931034e+00   1.5593556e+01  -1.7111205e+00   1.9372411e-01  -1.7002143e+00  -2.7337519e-01  -1.8408382e-01
   5.8060345e+00   1.5150327e+01  -1.7363525e+00   1.8873315e-01  -1.7253288e+00  -2.7162656e-01  -1.8331750e-01
   5.8189655e+00   1.4713350e+01  -1.7581828e+00   1.8359461e-01  -1.7471595e+00  -2.6897480e-01  -1.8140727e-01
   5.8318966e+00   1.4282763e+01  -1.7790401e+00   1.7770765e-01  -1.7678918e+00  -2.6668780e-01  -1.7929085e-01
   5.8448276e+00   1.3858714e+01  -1.7960094e+00   1.7230407e-01  -1.7849981e+00  -2.6290727e-01  -1.7619281e-01
   5.8577586e+00   1.3441338e+01  -1.8210851e+00   1.6529220e-01  -1.8096248e+00  -2.6254607e-01  -1.7504884e-01
   5.8706897e+00   1.3030765e+01  -1.8306311e+00   1.5885098e-01  -1.8193075e+00  -2.5799967e-01  -1.7026121e-01
   5.8836207e+00   1.2627126e+01  -1.8495174e+00   1.5172429e-01  -1.8379515e+00  -2.5625964e-01  -1.6793220e-01
   5.8965517e+00   1.2230539e+01  -1.8655918e+00   1.4416816e-01  -1.8537900e+00  -2.5432166e-01  -1.6497316e-01
   5.9094828e+00   1.1841117e+01  -1.8763192e+00   1.3667203e-01  -1.8644368e+00  -2.5125413e-01  -1.6057539e-01
   5.9224138e+00   1.1458969e+01  -1.8920217e+00   1.2839489e-01  -1.8798162e+00  -2.5004501e-01  -1.5779409e-01
   5.9353448e+00   1.1084190e+01  -1.8988444e+00   1.2035010e-01  -1.8865603e+00  -2.4695002e-01  -1.5265654e-01
   5.9482759e+00   1.0716876e+01  -1.9103410e+00   1.1202470e-01  -1.8978527e+00  -2.4516865e-01  -1.4823543e-01
   5.9612069e+00   1.0357104e+01  -1.9172817e+00   1.0284537e-01  -1.9045320e+00  -2.4352447e-01  -1.4336077e-01
   5.9741379e+00   1.0004951e+01  -1.9232673e+00   9.4201333e-02  -1.9103856e+00  -2.4136674e-01  -1.3802131e-01
   5.9870690e+00   9.6604794e+00  -1.9277123e+00   8.5040131e-02  -1.9146468e+00  -2.3965409e-01  -1.3188636e-01
   6.0000000e+00   9.3237416e+00  -1.9344247e+00   7.5866894e-02  -1.9211598e+00  -2.3853684e-01  -1.2657641e-01
   6.0129310e+00   8.9947858e+00  -1.9320897e+00   6.5849969e-02  -1.9186252e+00  -2.3703157e-01  -1.1951974e-01
   6.0258621e+00   8.6736419e+00  -1.9353781e+00   5.6818855e-02  -1.9218126e+00  -2.3569772e-01  -1.1380910e-01
   6.0387931e+00   8.3603362e+00  -1.9342790e+00   4.7034492e-02  -1.9205626e+00  -2.3470593e-01  -1.0766910e-01
   6.0517241e+00   8.0548815e+00  -1.9343822e+00   3.7527656e-02  -1.9205567e+00  -2.3389128e-01  -1.0128586e-01
   6.0646552e+00   7.7572786e+00  -1.9284283e+00   2.7934913e-02  -1.9145513e+00  -2.3261381e-01  -9.4331665e-02
   6.0775862e+00   7.4675231e+00  -1.9266829e+00   1.8419720e-02  -1.9127360e+00  -2.3213629e-01  -8.8411368e-02
   6.0905172e+00   7.1855929e+00  -1.9188254e+00   8.6013410e-03  -1.9048312e+00  -2.3148011e-01  -8.0580261e-02
   6.1034483e+00   6.9114617e+00  -1.9124924e+00  -7.7648129e-04  -1.8985014e+00  -2.3091144e-01  -7.3615576e-02
   6.1163793e+00   6.6450902e+00  -1.9060619e+00  -1.0341038e-02  -1.8920603e+00  -2.3083890e-01  -6.7664514e-02
   6.1293103e+00   6.3864275e+00  -1.8960186e+00  -1.9902691e-02  -1.8820387e+00  -2.3068001e-01  -6.0465074e-02
   6.1422414e+00   6.1354180e+00  -1.8855032e+00  -2.8787490e-02  -1.8716264e+00  -2.3014275e-01  -5.2861879e-02
   6.1551724e+00   5.8919902e+00  -1.8742986e+00  -3.7785505e-02  -1.8605182e+00  -2.2998916e-01  -4.5532255e-02
   6.1681034e+00   5.6560687e+00  -1.8634241e+00  -4.6473754e-02  -1.8497716e+00  -2.2990055e-01  -3.7999387e-02
   6.1810345e+00   5.4275673e+00  -1.8489261e+00  -5.4770553e-02  -1.8354560e+00  -2.2940993e-01  -3.0164373e-02
   6.1939655e+00   5.2063902e+00  -1.8353004e+00  -6.2931027e-02  -1.8220178e+00  -2.2921324e-01  -2.2686434e-02
   6.2068966e+00   4.9924376e+00  -1.8215747e+00  -7.1104709e-02  -1.8084761e+00  -2.2935613e-01  -1.5840759e-02
   6.2198276e+00   4.7855973e+00  -1.8076900e+00  -7.8619217e-02  -1.7948292e+00  -2.2915592e-01  -8.8911314e-03
   6.2327586e+00   4.5857548e+00  -1.7902361e+00  -8.5819229e-02  -1.7776438e+00  -2.2867584e-01  -9.4052438e-04
   6.2456897e+00   4.3927870e+00  -1.7770997e+00  -9.3285167e-02  -1.7647343e+00  -2.2912544e-01   5.1855607e-03
   6.2586207e+00   4.2065644e+00  -1.7582580e+00  -9.9757331e-02  -1.7462040e+00  -2.2846114e-01   1.2056212e-02
   6.2715517e+00   4.0269556e+00  -1.7432718e+00  -1.0660147e-01  -1.7314817e+00  -2.2876091e-01   1.8470432e-02
   6.2844828e+00   3.8538197e+00  -1.7272049e+00  -1.1272411e-01  -1.7157229e+00  -2.2855662e-01   2.4720110e-02
   6.2974138e+00   3.6870162e+00  -1.7086472e+00  -1.1879871e-01  -1.6974711e+00  -2.2842937e-01   3.1559541e-02
   6.3103448e+00   3.5263987e+00  -1.6902868e+00  -1.2419770e-01  -1.6794471e+00  -2.2792941e-01   3.7982270e-02
   6.3232759e+00   3.3718173e+00  -1.6753309e+00  -1.2949426e-01  -1.6648145e+00  -2.2780526e-01   4.3404990e-02
   6.3362069e+00   3.2231223e+00  -1.6571297e+00  -1.3472671e-01  -1.6469335e+00  -2.2768477e-01   4.9316329e-02
   6.3491379e+00   3.0801587e+00  -1.6351563e+00  -1.3913349e-01  -1.6253180e+00  -2.2679438e-01   5.6159943e-02
   6.3620690e+00   2.9427729e+00  -1.6226054e+00  -1.4406298e-01  -1.6130697e+00  -2.2717513e-01   6.0949140e-02
   6.3750000e+00   2.8108086e+00  -1.6026496e+00  -1.4869676e-01  -1.5934296e+00  -2.2710890e-01   6.7262967e-02
   6.3879310e+00   2.6841091e+00  -1.5874571e+00  -1.5213942e-01  -1.5785909e+00  -2.2631218e-01   7.1956699e-02
   6.4008621e+00   2.5625193e+00  -1.5671908e+00  -1.5576526e-01  -1.5586595e+00  -2.2567780e-01   7.8073571e-02
   6.4137931e+00   2.4458814e+00  -1.5529498e+00  -1.5901918e-01  -1.5447487e+00  -2.2514756e-01   8.2372173e-02
   6.4267241e+00   2.3340416e+00  -1.5340917e+00  -1.6196669e-01  -1.5262228e+00  -2.2430889e-01   8.7376127e-02
   6.4396552e+00   2.2268450e+00  -1.5178757e+00  -1.6468833e-01  -1.5103303e+00  -2.2354253e-01   9.1744998e-02
   6.4525862e+00   2.1241384e+00  -1.5029496e+00  -1.6735013e-01  -1.4957141e+00  -2.2294154e-01   9.5669523e-02
   6.4655172e+00   2.0257718e+00  -1.4828723e+00  -1.6888880e-01  -1.4759755e+00  -2.2120134e-01   1.0081223e-01
   6.4784483e+00   1.9315947e+00  -1.4721453e+00  -1.7180991e-01  -1.4655178e+00  -2.2133286e-01   1.0380678e-01
   6.4913793e+00   1.8414612e+00  -1.4533329e+00  -1.7308640e-01  -1.4470204e+00  -2.1969846e-01   1.0853576e-01
   6.5043103e+00   1.7552266e+00  -1.4426501e+00  -1.7420066e-01  -1.4366375e+00  -2.1830685e-01   1.1041328e-01
   6.5172414e+00   1.6727487e+00  -1.4267619e+00  -1.7544716e-01  -1.4210324e+00  -2.1702075e-01   1.1444285e-01
   6.5301724e+00   1.5938894e+00  -1.4142791e+00  -1.7613179e-01  -1.4088328e+00  -2.1540186e-01   1.1743604e-01
   6.5431034e+00   1.5185118e+00  -1.4030376e+00  -1.7630742e-01  -1.3978728e+00  -2.1342590e-01   1.1962187e-01
   6.5560345e+00   1.4464839e+00  -1.3876175e+00  -1.7630168e-01  -1.3827249e+00  -2.1127344e-01   1.2248762e-01
   6.5689655e+00   1.3776757e+00  -1.3791211e+00  -1.7571306e-01  -1.3744978e+00  -2.0882001e-01   1.2359359e-01
   6.5818966e+00   1.3119608e+00  -1.3679504e+00  -1.7501626e-01  -1.3635846e+00  -2.0629102e-01   1.2583706e-01
   6.5948276e+00   1.2492170e+00  -1.3607475e+00  -1.7402640e-01  -1.3566301e+00  -2.0365099e-01   1.2741398e-01
   6.6077586e+00   1.1893238e+00  -1.3530612e+00  -1.7139641e-01  -1.3492122e+00  -1.9944380e-01   1.2922615e-01
   6.6206897e+00   1.1321661e+00  -1.3485877e+00  -1.6870233e-01  -1.3449911e+00  -1.9531579e-01   1.3019369e-01
   6.6336207e+00   1.0776312e+00  -1.3415677e+00  -1.6418059e-01  -1.3382426e+00  -1.8938256e-01   1.3182137e-01
   6.6465517e+00   1.0256097e+00  -1.3374331e+00  -1.5945548e-01  -1.3343647e+00  -1.8336907e-01   1.3364993e-01
   6.6594828e+00   9.7599691e-01  -1.3429172e+00  -1.5529735e-01  -1.3400771e+00  -1.7814945e-01   1.3420364e-01
   6.6724138e+00   9.2869003e-01  -1.3439383e+00  -1.4979618e-01  -1.3413339e+00  -1.7155904e-01   1.3534773e-01
   6.6853448e+00   8.8359105e-01  -1.3435812e+00  -1.4270759e-01  -1.3412208e+00  -1.6340994e-01   1.3657463e-01
   6.6982759e+00   8.4060474e-01  -1.3459997e+00  -1.3588106e-01  -1.3438614e+00  -1.5561332e-01   1.3591842e-01
   6.7112069e+00   7.9963902e-01  -1.3383703e+00  -1.2822059e-01  -1.3364506e+00  -1.4688624e-01   1.3721493e-01
   6.7241379e+00   7.6060576e-01  -1.3339193e+00  -1.2150504e-01  -1.3321888e+00  -1.3920169e-01   1.3653906e-01
   6.7370690e+00   7.2341997e-01  -1.3225429e+00  -1.1531299e-01  -1.3209816e+00  -1.3200186e-01   1.3744989e-01
   6.7500000e+00   6.8799927e-01  -1.3121732e+00  -1.1010384e-01  -1.3107565e+00  -1.2585190e-01   1.3762589e-01
   6.7629310e+00   6.5426502e-01  -1.2999962e+00  -1.0483861e-01  -1.2987144e+00  -1.1967621e-01   1.3803375e-01
   6.7758621e+00   6.2214153e-01  -1.2848530e+00  -9.9960251e-02  -1.2836919e+00  -1.1390556e-01   1.3891979e-01
   6.7887931e+00   5.9155566e-01  -1.2717118e+00  -9.5459909e-02  -1.2706584e+00  -1.0858450e-01   1.3915611e-01
   6.8017241e+00   5.6243790e-01  -1.2560373e+00  -9.1357178e-02  -1.2550800e+00  -1.0368233e-01   1.4024540e-01
   6.8146552e+00   5.3472089e-01  -1.2439189e+00  -8.7293152e-02  -1.2430501e+00  -9.8898230e-02   1.4060961e-01
   6.8275862e+00   5.0834045e-01  -1.2273853e+00  -8.3619765e-02  -1.2265951e+00  -9.4505957e-02   1.4118627e-01
   6.8405172e+00   4.8323499e-01  -1.2120884e+00  -8.0595929e-02  -1.2113656e+00  -9.0815746e-02   1.4138507e-01
   6.8534483e+00   4.5934517e-01  -1.1977835e+00  -7.7117112e-02  -1.1971268e+00  -8.6717264e-02   1.4180589e-01
   6.8663793e+00   4.3661471e-01  -1.1823243e+00  -7.3876222e-02  -1.1817270e+00  -8.2883731e-02   1.4225798e-01
   6.8793103e+00   4.1498921e-01  -1.1671732e+00  -7.0437539e-02  -1.1666324e+00  -7.8889369e-02   1.4231634e-01
   6.8922414e+00   3.9441696e-01  -1.1561636e+00  -6.7723154e-02  -1.1556700e+00  -7.5680371e-02   1.4140924e-01
   6.9051724e+00   3.7484842e-01  -1.1363105e+00  -6.4640056e-02  -1.1358633e+00  -7.2072748e-02   1.4302933e-01
   6.9181034e+00   3.5623598e-01  -1.1253558e+00  -6.1729152e-02  -1.1249503e+00  -6.8724803e-02   1.4211696e-01
   6.9310345e+00   3.3853456e-01  -1.1091149e+00  -5.9275992e-02  -1.1087453e+00  -6.5828172e-02   1.4266262e-01
   6.9439655e+00   3.2170067e-01  -1.0954005e+00  -5.6478700e-02  -1.0950661e+00  -6.2628162e-02   1.4352445e-01
   6.9568966e+00   3.0569303e-01  -1.0840431e+00  -5.3917120e-02  -1.0837400e+00  -5.9700075e-02   1.4322526e-01
   6.9698276e+00   2.9047216e-01  -1.0670919e+00  -5.1506496e-02  -1.0668171e+00  -5.6915642e-02   1.4415005e-01
   6.9827586e+00   2.7600020e-01  -1.0567599e+00  -4.9049250e-02  -1.0565113e+00  -5.4139192e-02   1.4345850e-01
   6.9956897e+00   2.6224134e-01  -1.0427824e+00  -4.6885277e-02  -1.0425568e+00  -5.1657558e-02   1.4392604e-01
   7.0086207e+00   2.4916106e-01  -1.0245412e+00  -4.4713257e-02  -1.0243371e+00  -4.9168223e-02   1.4534275e-01
   7.0215517e+00   2.3672667e-01  -1.0164987e+00  -4.2470628e-02  -1.0163146e+00  -4.6670080e-02   1.4431608e-01
   7.0344828e+00   2.2490694e-01  -9.9933512e-01  -4.0265912e-02  -9.9916936e-01  -4.4188349e-02   1.4571388e-01
   7.0474138e+00   2.1367195e-01  -9.8843589e-01  -3.8209191e-02  -9.8828652e-01  -4.1895069e-02   1.4590186e-01
   7.0603448e+00   2.0299341e-01  -9.7554502e-01  -3.6199921e-02  -9.7541064e-01  -3.9655948e-02   1.4656328e-01
   7.0732759e+00   1.9284414e-01  -9.6226861e-01  -3.4059261e-02  -9.6214852e-01  -3.7297833e-02   1.4716970e-01
   7.0862069e+00   1.8319838e-01  -9.4637282e-01  -3.1562885e-02  -9.4626707e-01  -3.4588665e-02   1.4891606e-01
   7.0991379e+00   1.7403155e-01  -9.3736682e-01  -2.9610802e-02  -9.3727256e-01  -3.2457841e-02   1.4863344e-01
   7.1120690e+00   1.6532014e-01  -9.2154681e-01  -2.7962077e-02  -9.2146230e-01  -3.0620970e-02   1.4981644e-01
   7.1250000e+00   1.5704193e-01  -9.0885333e-01  -2.6046913e-02  -9.0877853e-01  -2.8537887e-02   1.5068448e-01
   7.1379310e+00   1.4917558e-01  -8.9685841e-01  -2.4452087e-02  -8.9679171e-01  -2.6787066e-02   1.5129592e-01
   7.1508621e+00   1.4170089e-01  -8.8595470e-01  -2.2928982e-02  -8.8589528e-01  -2.5120006e-02   1.5156851e-01
   7.1637931e+00   1.3459863e-01  -8.7461958e-01  -2.0922396e-02  -8.7456802e-01  -2.2976983e-02   1.5205160e-01
   7.1767241e+00   1.2785037e-01  -8.6110141e-01  -1.9026322e-02  -8.6105681e-01  -2.0947743e-02   1.5338867e-01
   7.1896552e+00   1.2143873e-01  -8.5337615e-01  -1.7537234e-02  -8.5333707e-01  -1.9345929e-02   1.5283864e-01
   7.2025862e+00   1.1534702e-01  -8.4244729e-01  -1.5437407e-02  -8.4241451e-01  -1.7133377e-02   1.5412187e-01
   7.2155172e+00   1.0955949e-01  -8.3376334e-01  -1.3617098e-02  -8.3373577e-01  -1.5211372e-02   1.5377248e-01
   7.2284483e+00   1.0406107e-01  -8.2219939e-01  -1.2360008e-02  -8.2217559e-01  -1.3853272e-02   1.5357325e-01
   7.2413793e+00   9.8837415e-02  -8.1478563e-01  -1.1074437e-02  -8.1476531e-01  -1.2479956e-02   1.5347246e-01
   7.2543103e+00   9.3874957e-02  -8.1103816e-01  -9.6058093e-03  -8.1102134e-01  -1.0934623e-02   1.5256309e-01
   7.2672414e+00   8.9160688e-02  -8.0123440e-01  -8.1221961e-03  -8.0122079e-01  -9.3690247e-03   1.5255881e-01
   7.2801724e+00   8.4682320e-02  -7.9690367e-01  -6.9998351e-03  -7.9689245e-01  -8.1776389e-03   1.5129397e-01
   7.2931034e+00   8.0428134e-02  -7.8953633e-01  -6.3261557e-03  -7.8952667e-01  -7.4344495e-03   1.5040050e-01
   7.3060345e+00   7.6386950e-02  -7.8859271e-01  -4.8441684e-03  -7.8858555e-01  -5.8955185e-03   1.4815458e-01
   7.3189655e+00   7.2548215e-02  -7.8759432e-01  -3.9299297e-03  -7.8758871e-01  -4.9271823e-03   1.4567831e-01
   7.3318966e+00   6.8901807e-02  -7.7976135e-01  -2.4240638e-03  -7.7975787e-01  -3.3617743e-03   1.4483772e-01
   7.3448276e+00   6.5438172e-02  -7.7786102e-01  -1.7504555e-03  -7.7785851e-01  -2.6388582e-03   1.4224044e-01
   7.3577586e+00   6.2148200e-02  -7.7379517e-01  -7.2748649e-04  -7.7379393e-01  -1.5668143e-03   1.3984302e-01
   7.3706897e+00   5.9023202e-02  -7.6951587e-01   1.9861279e-04  -7.6951567e-01  -5.9410334e-04   1.3774332e-01
   7.3836207e+00   5.6054982e-02  -7.6964861e-01   1.2569541e-03  -7.6964947e-01   5.0397254e-04   1.3525137e-01
   7.3965517e+00   5.3235677e-02  -7.6747838e-01   1.8566178e-03  -7.6747977e-01   1.1435239e-03   1.3256348e-01
   7.4094828e+00   5.0557873e-02  -7.6539872e-01   2.5235334e-03  -7.6540065e-01   1.8481436e-03   1.2969696e-01
   7.4224138e+00   4.8014495e-02  -7.6538503e-01   3.0515029e-03  -7.6538732e-01   2.4101008e-03   1.2641215e-01
   7.4353448e+00   4.5598804e-02  -7.6268697e-01   3.8173442e-03  -7.6268976e-01   3.2103592e-03   1.2385561e-01
   7.4482759e+00   4.3304442e-02  -7.6234565e-01   4.2269419e-03  -7.6234863e-01   3.6507561e-03   1.2124552e-01
   7.4612069e+00   4.1125308e-02  -7.6187467e-01   4.6800644e-03  -7.6187784e-01   4.1332109e-03   1.1836094e-01
   7.4741379e+00   3.9055654e-02  -7.5910574e-01   4.5682441e-03  -7.5910867e-01   4.0507989e-03   1.1573608e-01
   7.4870690e+00   3.7089997e-02  -7.5392648e-01   5.6696393e-03  -7.5392999e-01   5.1815895e-03   1.1433691e-01
   7.5000000e+00   3.5223114e-02  -7.5194764e-01   5.9651189e-03  -7.5195116e-01   5.5028510e-03   1.1185814e-01
   7.5129310e+00   3.3450074e-02  -7.4751470e-01   6.3987812e-03  -7.4751830e-01   5.9623707e-03   1.1146527e-01
   7.5258621e+00   3.1766154e-02  -7.4235091e-01   6.9462997e-03  -7.4235465e-01   6.5347215e-03   1.1103027e-01
   7.5387931e+00   3.0166900e-02  -7.3846623e-01   7.3451977e-03  -7.3846999e-01   6.9563855e-03   1.0915886e-01
   7.5517241e+00   2.8648066e-02  -7.3536982e-01   7.6948455e-03  -7.3537358e-01   7.3271574e-03   1.0710023e-01
   7.5646552e+00   2.7205606e-02  -7.3054302e-01   8.3728914e-03  -7.3054691e-01   8.0260086e-03   1.0545948e-01
   7.5775862e+00   2.5835703e-02  -7.2634794e-01   9.1937498e-03  -7.2635201e-01   8.8662255e-03   1.0401648e-01
   7.5905172e+00   2.4534701e-02  -7.2665448e-01   9.1707941e-03  -7.2665834e-01   8.8596316e-03   1.0037804e-01
   7.6034483e+00   2.3299152e-02  -7.1920567e-01   9.6406873e-03  -7.1920954e-01   9.3482238e-03   9.9473417e-02
   7.6163793e+00   2.2125767e-02  -7.2070432e-01   9.6648093e-03  -7.2070800e-01   9.3864960e-03   9.7135610e-02
   7.6293103e+00   2.1011418e-02  -7.1515327e-01   9.4560988e-03  -7.1515669e-01   9.1938383e-03   9.5036341e-02
   7.6422414e+00   1.9953151e-02  -7.1128921e-01   1.0008971e-02  -7.1129265e-01   9.7612656e-03   9.3538688e-02
   7.6551724e+00   1.8948136e-02  -7.1246174e-01   1.0282999e-02  -7.1246510e-01   1.0047383e-02   9.0248114e-02
   7.6681034e+00   1.7993706e-02  -7.0077541e-01   1.0235196e-02  -7.0077859e-01   1.0015117e-02   9.0721426e-02
   7.6810345e+00   1.7087318e-02  -7.0141258e-01   1.0735831e-02  -7.0141575e-01   1.0526648e-02   8.7904154e-02
   7.6939655e+00   1.6226552e-02  -6.9644682e-01   1.1346615e-02  -6.9645001e-01   1.1149376e-02   8.6353594e-02
   7.7068966e+00   1.5409123e-02  -6.9684041e-01   1.1766908e-02  -6.9684355e-01   1.1579499e-02   8.3709984e-02
   7.7198276e+00   1.4632843e-02  -6.9307945e-01   1.2411007e-02  -6.9308260e-01   1.2234001e-02   8.2001161e-02
   7.7327586e+00   1.3895649e-02  -6.9199978e-01   1.2806829e-02  -6.9200286e-01   1.2639001e-02   7.9869102e-02
   7.7456897e+00   1.3195574e-02  -6.9327676e-01   1.2762045e-02  -6.9327968e-01   1.2602379e-02   7.6808613e-02
   7.7586207e+00   1.2530749e-02  -6.9010322e-01   1.3015071e-02  -6.9010605e-01   1.2864143e-02   7.4505700e-02
   7.7715517e+00   1.1899405e-02  -6.8847423e-01   1.3211341e-02  -6.8847695e-01   1.3068356e-02   7.1358737e-02
   7.7844828e+00   1.1299852e-02  -6.7969245e-01   1.3661085e-02  -6.7969513e-01   1.3527036e-02   7.1419672e-02
   7.7974138e+00   1.0730496e-02  -6.8489887e-01   1.3518219e-02  -6.8490139e-01   1.3389949e-02   6.7653217e-02
   7.8103448e+00   1.0189816e-02  -6.7508883e-01   1.3808491e-02  -6.7509128e-01   1.3688429e-02   6.6993885e-02
   7.8232759e+00   9.6763647e-03  -6.7724457e-01   1.4250635e-02  -6.7724697e-01   1.4136258e-02   6.4349262e-02
   7.8362069e+00   9.1887791e-03  -6.6935998e-01   1.4331773e-02  -6.6936227e-01   1.4224424e-02   6.4555613e-02
   7.8491379e+00   8.7257506e-03  -6.7401603e-01   1.4632112e-02  -6.7401825e-01   1.4529464e-02   6.1719288e-02
   7.8620690e+00   8.2860476e-03  -6.6453587e-01   1.5016720e-02  -6.6453803e-01   1.4920615e-02   6.0717082e-02
   7.8750000e+00   7.8684949e-03  -6.6369355e-01   1.5300436e-02  -6.6369565e-01   1.5209290e-02   5.8740115e-02
   7.8879310e+00   7.4719754e-03  -6.6891524e-01   1.5464118e-02  -6.6891725e-01   1.5376885e-02   5.4434705e-02
   7.9008621e+00   7.0954340e-03  -6.5906494e-01   1.5941447e-02  -6.5906691e-01   1.5859829e-02   5.4736318e-02
   7.9137931e+00   6.7378601e-03  -6.6665923e-01   1.6150210e-02  -6.6666113e-01   1.6071813e-02   4.9796285e-02
   7.9267241e+00   6.3983025e-03  -6.6164507e-01   1.6166170e-02  -6.6164687e-01   1.6092283e-02   4.7901556e-02
   7.9396552e+00   6.0758531e-03  -6.5780323e-01   1.6778996e-02  -6.5780501e-01   1.6709241e-02   4.6445145e-02
   7.9525862e+00   5.7696485e-03  -6.6497229e-01   1.6915056e-02  -6.6497399e-01   1.6848094e-02   4.2047367e-02
   7.9655172e+00   5.4788739e-03  -6.5223321e-01   1.7610382e-02  -6.5223489e-01   1.7548012e-02   4.3395183e-02
   7.9784483e+00   5.2027484e-03  -6.5386690e-01   1.7743641e-02  -6.5386851e-01   1.7684267e-02   4.0763407e-02
   7.9913793e+00   4.9405371e-03  -6.5165509e-01   1.7070445e-02  -6.5165656e-01   1.7014254e-02   3.8529516e-02
   8.0043103e+00   4.6915388e-03  -6.4051361e-01   1.7452989e-02  -6.4051503e-01   1.7400542e-02   3.9338811e-02
   8.0172414e+00   4.4550860e-03  -6.4924529e-01   1.7329142e-02  -6.4924663e-01   1.7278659e-02   3.5328652e-02
   8.0301724e+00   4.2305496e-03  -6.3903956e-01   1.7464746e-02  -6.3904084e-01   1.7417562e-02   3.4066816e-02
   8.0431034e+00   4.0173298e-03  -6.4482797e-01   1.8284731e-02  -6.4482925e-01   1.8239519e-02   2.9710539e-02
   8.0560345e+00   3.8148309e-03  -6.4014752e-01   1.8690555e-02  -6.4014876e-01   1.8647933e-02   2.8611230e-02
   8.0689655e+00   3.6224575e-03  -6.4310639e-01   1.8532624e-02  -6.4310756e-01   1.8491965e-02   2.5547784e-02
   8.0818966e+00   3.4396141e-03  -6.4181367e-01   1.8535230e-02  -6.4181479e-01   1.8496701e-02   2.2760529e-02
   8.0948276e+00   3.2657051e-03  -6.3770993e-01   1.8657386e-02  -6.3771100e-01   1.8621038e-02   2.0553482e-02
   8.1077586e+00   3.1001350e-03  -6.3531671e-01   1.8711092e-02  -6.3531772e-01   1.8676717e-02   1.7799281e-02
   8.1206897e+00   2.9423083e-03  -6.3525595e-01   1.8237633e-02  -6.3525689e-01   1.8205011e-02   1.5594940e-02
   8.1336207e+00   2.7916295e-03  -6.3166543e-01   1.9187779e-02  -6.3166637e-01   1.9157002e-02   1.4682054e-02
   8.1465517e+00   2.6475031e-03  -6.3585786e-01   1.9051137e-02  -6.3585874e-01   1.9021755e-02   1.0992990e-02
   8.1594828e+00   2.5093335e-03  -6.2843211e-01   1.9161517e-02  -6.2843295e-01   1.9133994e-02   1.0566539e-02
