   1.2931034e-02   2.1449174e-10   3.6777780e-02   8.7866351e-02   3.6777780e-02   8.7866351e-02   7.1873811e-02
   2.5862069e-02   2.8517844e-10  -1.7137411e-02   7.9880546e-03  -1.7137411e-02   7.9880546e-03  -2.9510895e-02
   3.8793103e-02   3.7896681e-10   2.2952722e-01   6.4750962e-02   2.2952722e-01   6.4750962e-02   7.6215984e-02
   5.1724138e-02   5.0368837e-10  -1.2919823e-01  -1.1462915e-02  -1.2919823e-01  -1.1462915e-02  -3.6521890e-02
   6.4655172e-02   6.6943004e-10   3.3542754e-01   1.2037622e-01   3.3542754e-01   1.2037622e-01   1.3221988e-01
   7.7586207e-02   8.8972194e-10  -1.0236209e-01  -4.7023838e-02  -1.0236209e-01  -4.7023838e-02  -5.0253623e-02
   9.0517241e-02   1.1825029e-09   1.6674445e-01   9.5648811e-02   1.6674445e-01   9.5648811e-02   5.9922764e-02
   1.0344828e-01   1.5716372e-09  -1.4829070e-02  -2.8101341e-02  -1.4829070e-02  -2.8101341e-02  -3.1593783e-02
   1.1637931e-01   2.0888337e-09   1.6001311e-01   8.9406726e-02   1.6001311e-01   8.9406726e-02   8.5711104e-02
   1.2931034e-01   2.7762301e-09   7.1748430e-02  -1.7940467e-02   7.1748430e-02  -1.7940467e-02   2.5827995e-02
   1.4224138e-01   3.6898367e-09   1.2614919e-01   7.5140848e-02   1.2614919e-01   7.5140848e-02   5.6201827e-02
   1.5517241e-01   4.9040782e-09   3.7790681e-02   2.0288129e-03   3.7790681e-02   2.0288129e-03  -5.1202078e-03
   1.6810345e-01   6.5178654e-09   1.0790533e-01   3.3972399e-02   1.0790533e-01   3.3972399e-02   3.9093034e-02
   1.8103448e-01   8.6626936e-09   3.8376566e-02   2.3205952e-02   3.8376566e-02   2.3205952e-02   1.8614051e-02
   1.9396552e-01   1.1513300e-08   1.7807113e-01   4.7308944e-02   1.7807113e-01   4.7308944e-02   6.9428248e-02
   2.0689655e-01   1.5301939e-08   2.0208271e-02   8.4318103e-03   2.0208271e-02   8.4318103e-03  -2.6052568e-05
   2.1982759e-01   2.0337328e-08   1.1530820e-01   4.7891639e-02   1.1530820e-01   4.7891639e-02   4.6113721e-02
   2.3275862e-01   2.7029777e-08   5.1554110e-02   7.5216532e-03   5.1554110e-02   7.5216532e-03   1.5071286e-03
   2.4568966e-01   3.5924611e-08   6.8308195e-02   3.2572954e-02   6.8308194e-02   3.2572954e-02   1.9672878e-02
   2.5862069e-01   4.7746644e-08   1.2136558e-01   2.9196676e-02   1.2136558e-01   2.9196676e-02   5.1050455e-02
   2.7155172e-01   6.3459203e-08   1.1037792e-01   3.4755961e-02   1.1037792e-01   3.4755961e-02   4.7387095e-02
   2.8448276e-01   8.4342538e-08   7.6175205e-02   9.2750834e-03   7.6175205e-02   9.2750835e-03   1.8329056e-02
   2.9741379e-01   1.1209811e-07   8.4692197e-02   4.5231980e-02   8.4692197e-02   4.5231980e-02   3.2706063e-02
   3.1034483e-01   1.4898705e-07   7.8626058e-02   7.2054129e-03   7.8626058e-02   7.2054131e-03   1.7049818e-02
   3.2327586e-01   1.9801441e-07   1.1086839e-01   2.9406478e-02   1.1086839e-01   2.9406479e-02   4.2206759e-02
   3.3620690e-01   2.6317449e-07   9.2629885e-02   3.5658165e-02   9.2629884e-02   3.5658166e-02   4.0187206e-02
   3.4913793e-01   3.4977635e-07   9.1682208e-02   1.9594533e-02   9.1682207e-02   1.9594533e-02   2.7181266e-02
   3.6206897e-01   4.6487626e-07   8.1719892e-02   2.1203850e-02   8.1719892e-02   2.1203851e-02   2.0929268e-02
   3.7500000e-01   6.1785265e-07   6.9936826e-02   2.8651658e-02   6.9936825e-02   2.8651659e-02   2.0368440e-02
   3.8793103e-01   8.2117082e-07   8.9702871e-02   1.7901672e-02   8.9702871e-02   1.7901673e-02   2.1390061e-02
   4.0086207e-01   1.0913984e-06   1.0197526e-01   2.9614061e-02   1.0197526e-01   2.9614063e-02   4.1961091e-02
   4.1379310e-01   1.4505549e-06   1.0796692e-01   2.7106678e-02   1.0796691e-01   2.7106681e-02   4.2520043e-02
   4.2672414e-01   1.9279057e-06   8.6946118e-02   2.0136682e-02   8.6946117e-02   2.0136685e-02   2.4726260e-02
   4.3965517e-01   2.5623454e-06   8.6873080e-02   2.1661567e-02   8.6873079e-02   2.1661571e-02   2.4030694e-02
   4.5258621e-01   3.4055629e-06   8.9374847e-02   2.4616352e-02   8.9374845e-02   2.4616357e-02   2.9358077e-02
   4.6551724e-01   4.5262483e-06   9.7489657e-02   2.0567248e-02   9.7489655e-02   2.0567256e-02   3.4366388e-02
   4.7844828e-01   6.0156943e-06   1.1292234e-01   2.8517856e-02   1.1292234e-01   2.8517868e-02   4.1407135e-02
   4.9137931e-01   7.9952490e-06   8.9339407e-02   2.3717315e-02   8.9339404e-02   2.3717327e-02   2.8194118e-02
   5.0431034e-01   1.0626194e-05   7.9310832e-02   1.9257640e-02   7.9310828e-02   1.9257654e-02   1.9399391e-02
   5.1724138e-01   1.4122884e-05   8.5457111e-02   2.1578798e-02   8.5457105e-02   2.1578819e-02   2.1140725e-02
   5.3017241e-01   1.8770223e-05   8.9016328e-02   2.3733891e-02   8.9016321e-02   2.3733920e-02   2.7608295e-02
   5.4310345e-01   2.4946869e-05   1.0814631e-01   2.4822341e-02   1.0814630e-01   2.4822388e-02   3.8300197e-02
   5.5603448e-01   3.3156068e-05   1.0786616e-01   2.2716842e-02   1.0786615e-01   2.2716904e-02   3.7414702e-02
   5.6896552e-01   4.4066652e-05   9.2241329e-02   2.2393014e-02   9.2241312e-02   2.2393085e-02   2.7738937e-02
   5.8189655e-01   5.8567484e-05   8.9307058e-02   2.0103269e-02   8.9307037e-02   2.0103360e-02   2.4143000e-02
   5.9482759e-01   7.7839745e-05   1.0256926e-01   2.0452345e-02   1.0256923e-01   2.0452484e-02   3.1337481e-02
   6.0775862e-01   1.0345299e-04   1.1443040e-01   2.4597707e-02   1.1443036e-01   2.4597914e-02   4.0201561e-02
   6.2068966e-01   1.3749276e-04   1.1080587e-01   2.3917309e-02   1.1080581e-01   2.3917575e-02   3.7950925e-02
   6.3362069e-01   1.8273034e-04   1.0704950e-01   2.1119232e-02   1.0704943e-01   2.1119573e-02   3.1180618e-02
   6.4655172e-01   2.4284821e-04   1.0302795e-01   2.1085507e-02   1.0302786e-01   2.1085944e-02   2.7110398e-02
   6.5948276e-01   3.2273915e-04   1.0652046e-01   2.0125494e-02   1.0652035e-01   2.0126094e-02   2.7381228e-02
   6.7241379e-01   4.2890290e-04   1.2696835e-01   2.1999400e-02   1.2696818e-01   2.2000351e-02   3.7574733e-02
   6.8534483e-01   5.6997262e-04   1.4494310e-01   2.4888925e-02   1.4494285e-01   2.4890366e-02   4.7505607e-02
   6.9827586e-01   7.5741296e-04   1.5101996e-01   2.1954113e-02   1.5101967e-01   2.1956109e-02   4.6746650e-02
   7.1120690e-01   1.0064440e-03   1.6269509e-01   2.0131401e-02   1.6269474e-01   2.0134259e-02   4.5593652e-02
   7.2413793e-01   1.3372628e-03   1.8260875e-01   2.1604948e-02   1.8260825e-01   2.1609210e-02   5.1200935e-02
   7.3706897e-01   1.7766576e-03   2.1577401e-01   2.0814517e-02   2.1577337e-01   2.0821208e-02   6.3075839e-02
   7.5000000e-01   2.3601339e-03   2.6047087e-01   2.3123594e-02   2.6046991e-01   2.3134323e-02   7.9252039e-02
   7.6293103e-01   3.1347061e-03   3.0808257e-01   2.4677483e-02   3.0808122e-01   2.4694339e-02   9.2218089e-02
   7.7586207e-01   4.1625543e-03   3.5411483e-01   2.1524210e-02   3.5411326e-01   2.1549937e-02   9.9608063e-02
   7.8879310e-01   5.5258008e-03   4.2235195e-01   2.1312674e-02   4.2234989e-01   2.1353407e-02   1.1594785e-01
   8.0172414e-01   7.3326838e-03   5.1457922e-01   2.2931725e-02   5.1457628e-01   2.2997581e-02   1.4268930e-01
   8.1465517e-01   9.7254574e-03   6.2633493e-01   2.3995968e-02   6.2633085e-01   2.4102283e-02   1.7661458e-01
   8.2758621e-01   1.2890397e-02   7.5408969e-01   2.5599361e-02   7.5408391e-01   2.5769016e-02   2.1420031e-01
   8.4051724e-01   1.7070249e-02   8.8544954e-01   2.5362771e-02   8.8544195e-01   2.5626574e-02   2.4816308e-01
   8.5344828e-01   2.2579319e-02   1.0147288e+00   2.3549636e-02   1.0147194e+00   2.3949522e-02   2.7867546e-01
   8.6637931e-01   2.9821114e-02   1.1501981e+00   2.3966081e-02   1.1501854e+00   2.4564729e-02   3.1385981e-01
   8.7931034e-01   3.9307919e-02   1.2776724e+00   2.5295004e-02   1.2776548e+00   2.6171549e-02   3.4873218e-01
   8.9224138e-01   5.1680647e-02   1.3754649e+00   2.5367288e-02   1.3754414e+00   2.6607943e-02   3.7307573e-01
   9.0517241e-01   6.7725828e-02   1.4334350e+00   2.4721614e-02   1.4334048e+00   2.6415972e-02   3.8173861e-01
   9.1810345e-01   8.8384795e-02   1.4539347e+00   2.2213455e-02   1.4538987e+00   2.4456276e-02   3.7647474e-01
   9.3103448e-01   1.1474791e-01   1.4422858e+00   1.9475821e-02   1.4422439e+00   2.2364288e-02   3.6291640e-01
   9.4396552e-01   1.4802500e-01   1.4176293e+00   1.8624937e-02   1.4175765e+00   2.2287349e-02   3.4929588e-01
   9.5689655e-01   1.8948415e-01   1.3808898e+00   1.8114652e-02   1.3808223e+00   2.2681316e-02   3.3386027e-01
   9.6982759e-01   2.4035618e-01   1.3340845e+00   1.6239602e-02   1.3340046e+00   2.1835936e-02   3.1412823e-01
   9.8275862e-01   3.0171164e-01   1.2810322e+00   1.3205736e-02   1.2809449e+00   1.9951260e-02   2.9011947e-01
   9.9568966e-01   3.7432975e-01   1.2326470e+00   1.0485748e-02   1.2325522e+00   1.8538703e-02   2.6792561e-01
   1.0086207e+00   4.5859073e-01   1.1979978e+00   8.4855861e-03   1.1978916e+00   1.8073889e-02   2.5223590e-01
   1.0215517e+00   5.5441705e-01   1.1739276e+00   7.6857974e-03   1.1737983e+00   1.9044657e-02   2.4269859e-01
   1.0344828e+00   6.6128615e-01   1.1572488e+00   7.0751424e-03   1.1570900e+00   2.0430901e-02   2.3461123e-01
   1.0474138e+00   7.7830845e-01   1.1400561e+00   4.7457794e-03   1.1398864e+00   2.0231438e-02   2.2335318e-01
   1.0603448e+00   9.0434390e-01   1.1249165e+00   2.0476432e-03   1.1247441e+00   1.9802084e-02   2.1157919e-01
   1.0732759e+00   1.0381382e+00   1.1185087e+00   1.5548651e-04   1.1183223e+00   2.0420533e-02   2.0437526e-01
   1.0862069e+00   1.1784320e+00   1.1213740e+00  -8.2303133e-04   1.1211538e+00   2.2239398e-02   2.0244739e-01
   1.0991379e+00   1.3240522e+00   1.1270954e+00  -1.5528122e-03   1.1268304e+00   2.4491412e-02   2.0210581e-01
   1.1120690e+00   1.4739544e+00   1.1353527e+00  -2.8366106e-03   1.1350500e+00   2.6368459e-02   2.0127586e-01
   1.1250000e+00   1.6272494e+00   1.1393024e+00  -5.6700331e-03   1.1390040e+00   2.6685072e-02   1.9683315e-01
   1.1379310e+00   1.7832025e+00   1.1438769e+00  -7.9109695e-03   1.1435691e+00   2.7687714e-02   1.9340592e-01
   1.1508621e+00   1.9412160e+00   1.1561747e+00  -9.2766421e-03   1.1558254e+00   2.9893091e-02   1.9421237e-01
   1.1637931e+00   2.1008166e+00   1.1719232e+00  -1.0399344e-02   1.1715168e+00   3.2567950e-02   1.9726905e-01
   1.1767241e+00   2.2616330e+00   1.1830419e+00  -1.1580286e-02   1.1825774e+00   3.5114754e-02   1.9791431e-01
   1.1896552e+00   2.4233756e+00   1.1934160e+00  -1.3776420e-02   1.1929312e+00   3.6697436e-02   1.9593908e-01
   1.2025862e+00   2.5858236e+00   1.1986593e+00  -1.6700209e-02   1.1981922e+00   3.7395288e-02   1.9177081e-01
   1.2155172e+00   2.7488046e+00   1.2101446e+00  -1.8845613e-02   1.2096560e+00   3.9211325e-02   1.9091924e-01
   1.2284483e+00   2.9121909e+00   1.2257689e+00  -2.0141938e-02   1.2252093e+00   4.2159802e-02   1.9291350e-01
   1.2413793e+00   3.0758816e+00   1.2408845e+00  -2.1717274e-02   1.2402622e+00   4.4897989e-02   1.9537651e-01
   1.2543103e+00   3.2398040e+00   1.2534150e+00  -2.3846409e-02   1.2527594e+00   4.7028601e-02   1.9542771e-01
   1.2672414e+00   3.4038993e+00   1.2621799e+00  -2.6776441e-02   1.2615430e+00   4.8211859e-02   1.9304594e-01
   1.2801724e+00   3.5681265e+00   1.2736050e+00  -2.9538271e-02   1.2729745e+00   4.9782192e-02   1.9204026e-01
   1.2931034e+00   3.7324521e+00   1.2886265e+00  -3.1375261e-02   1.2879357e+00   5.2577670e-02   1.9385450e-01
   1.3060345e+00   3.8968522e+00   1.3056645e+00  -3.2921803e-02   1.3048832e+00   5.5887894e-02   1.9704964e-01
   1.3189655e+00   4.0613087e+00   1.3197606e+00  -3.5130459e-02   1.3189345e+00   5.8428306e-02   1.9812494e-01
   1.3318966e+00   4.2258062e+00   1.3300983e+00  -3.8137417e-02   1.3292925e+00   5.9977723e-02   1.9643731e-01
   1.3448276e+00   4.3903360e+00   1.3385961e+00  -4.1178669e-02   1.3378205e+00   6.1412842e-02   1.9384506e-01
   1.3577586e+00   4.5548905e+00   1.3520667e+00  -4.3622467e-02   1.3512607e+00   6.3888499e-02   1.9351333e-01
   1.3706897e+00   4.7194618e+00   1.3660588e+00  -4.5556826e-02   1.3651754e+00   6.6992900e-02   1.9515466e-01
   1.3836207e+00   4.8840479e+00   1.3808315e+00  -4.7635301e-02   1.3798734e+00   7.0100997e-02   1.9698211e-01
   1.3965517e+00   5.0486431e+00   1.3929132e+00  -5.0491248e-02   1.3919525e+00   7.2283039e-02   1.9664776e-01
   1.4094828e+00   5.2132469e+00   1.4039584e+00  -5.3913187e-02   1.4030495e+00   7.3877458e-02   1.9517671e-01
   1.4224138e+00   5.3778556e+00   1.4154278e+00  -5.6581553e-02   1.4145005e+00   7.6326393e-02   1.9498379e-01
   1.4353448e+00   5.5424694e+00   1.4311709e+00  -5.9197378e-02   1.4301975e+00   7.9306932e-02   1.9685448e-01
   1.4482759e+00   5.7070859e+00   1.4471002e+00  -6.1607433e-02   1.4460537e+00   8.2601649e-02   1.9944020e-01
   1.4612069e+00   5.8717051e+00   1.4592761e+00  -6.4509209e-02   1.4582193e+00   8.5115086e-02   1.9953110e-01
   1.4741379e+00   6.0363263e+00   1.4707438e+00  -6.7686442e-02   1.4697070e+00   8.7350771e-02   1.9810326e-01
   1.4870690e+00   6.2009484e+00   1.4806692e+00  -7.1266779e-02   1.4797040e+00   8.9085874e-02   1.9638254e-01
   1.5000000e+00   6.3655723e+00   1.4940016e+00  -7.3960104e-02   1.4929908e+00   9.2138500e-02   1.9704467e-01
   1.5129310e+00   6.5301960e+00   1.5069899e+00  -7.6611824e-02   1.5059255e+00   9.5270418e-02   1.9806355e-01
   1.5258621e+00   6.6948215e+00   1.5226273e+00  -7.9043513e-02   1.5214597e+00   9.9004835e-02   1.9976736e-01
   1.5387931e+00   6.8594462e+00   1.5325754e+00  -8.2926765e-02   1.5315097e+00   1.0070863e-01   1.9842598e-01
   1.5517241e+00   7.0240723e+00   1.5456424e+00  -8.6241137e-02   1.5445883e+00   1.0341708e-01   1.9784899e-01
   1.5646552e+00   7.1886979e+00   1.5573162e+00  -9.0099161e-02   1.5563495e+00   1.0548777e-01   1.9750048e-01
   1.5775862e+00   7.3533231e+00   1.5736654e+00  -9.2786040e-02   1.5725987e+00   1.0938683e-01   1.9973992e-01
   1.5905172e+00   7.5179498e+00   1.5884277e+00  -9.6002872e-02   1.5873342e+00   1.1264716e-01   2.0148952e-01
   1.6034483e+00   7.6825759e+00   1.6017018e+00  -9.9441906e-02   1.6006186e+00   1.1557389e-01   2.0208938e-01
   1.6163793e+00   7.8472022e+00   1.6134443e+00  -1.0334836e-01   1.6124458e+00   1.1790577e-01   2.0127907e-01
   1.6293103e+00   8.0118289e+00   1.6244499e+00  -1.0703828e-01   1.6235129e+00   1.2041832e-01   2.0021720e-01
   1.6422414e+00   8.1764551e+00   1.6390620e+00  -1.1047854e-01   1.6381130e+00   1.2375548e-01   2.0109913e-01
   1.6551724e+00   8.3410821e+00   1.6523793e+00  -1.1362505e-01   1.6513836e+00   1.2728038e-01   2.0222171e-01
   1.6681034e+00   8.5057081e+00   1.6658913e+00  -1.1733021e-01   1.6649225e+00   1.3035884e-01   2.0274009e-01
   1.6810345e+00   8.6703353e+00   1.6775255e+00  -1.2104506e-01   1.6766023e+00   1.3322355e-01   2.0204508e-01
   1.6939655e+00   8.8349613e+00   1.6887473e+00  -1.2515442e-01   1.6879323e+00   1.3570325e-01   2.0129677e-01
   1.7068966e+00   8.9995885e+00   1.7023178e+00  -1.2899525e-01   1.7015397e+00   1.3888185e-01   2.0179884e-01
   1.7198276e+00   9.1642146e+00   1.7191229e+00  -1.3236867e-01   1.7182615e+00   1.4311634e-01   2.0401720e-01
   1.7327586e+00   9.3288417e+00   1.7333234e+00  -1.3593570e-01   1.7324341e+00   1.4683485e-01   2.0556757e-01
   1.7456897e+00   9.4934680e+00   1.7477679e+00  -1.4020873e-01   1.7469565e+00   1.4997989e-01   2.0604460e-01
   1.7586207e+00   9.6580946e+00   1.7593250e+00  -1.4437498e-01   1.7586107e+00   1.5283048e-01   2.0521830e-01
   1.7715517e+00   9.8227216e+00   1.7715819e+00  -1.4833565e-01   1.7709171e+00   1.5607123e-01   2.0489869e-01
   1.7844828e+00   9.9873472e+00   1.7841057e+00  -1.5223669e-01   1.7834720e+00   1.5948899e-01   2.0502235e-01
   1.7974138e+00   1.0151973e+01   1.7987508e+00  -1.5590308e-01   1.7980685e+00   1.6358507e-01   2.0625709e-01
   1.8103448e+00   1.0316601e+01   1.8121451e+00  -1.6001006e-01   1.8115043e+00   1.6710891e-01   2.0620176e-01
   1.8232759e+00   1.0481227e+01   1.8254605e+00  -1.6438438e-01   1.8249056e+00   1.7043408e-01   2.0635434e-01
   1.8362069e+00   1.0645854e+01   1.8400263e+00  -1.6839080e-01   1.8394636e+00   1.7443024e-01   2.0684920e-01
   1.8491379e+00   1.0810480e+01   1.8542769e+00  -1.7259523e-01   1.8537411e+00   1.7825783e-01   2.0769937e-01
   1.8620690e+00   1.0975107e+01   1.8714597e+00  -1.7668758e-01   1.8708689e+00   1.8283720e-01   2.0933097e-01
   1.8750000e+00   1.1139733e+01   1.8861076e+00  -1.8087611e-01   1.8855170e+00   1.8693235e-01   2.1047534e-01
   1.8879310e+00   1.1304360e+01   1.8993276e+00  -1.8532788e-01   1.8988083e+00   1.9057519e-01   2.1045259e-01
   1.9008621e+00   1.1468987e+01   1.9098142e+00  -1.8954766e-01   1.9093691e+00   1.9397980e-01   2.0921995e-01
   1.9137931e+00   1.1633614e+01   1.9242340e+00  -1.9360139e-01   1.9237449e+00   1.9840247e-01   2.0931387e-01
   1.9267241e+00   1.1798240e+01   1.9404254e+00  -1.9762320e-01   1.9398385e+00   2.0330284e-01   2.1058133e-01
   1.9396552e+00   1.1962867e+01   1.9580490e+00  -2.0172528e-01   1.9573375e+00   2.0851567e-01   2.1190590e-01
   1.9525862e+00   1.2127494e+01   1.9753541e+00  -2.0602220e-01   1.9745520e+00   2.1357336e-01   2.1300340e-01
   1.9655172e+00   1.2292120e+01   1.9914538e+00  -2.0998297e-01   1.9905040e+00   2.1880348e-01   2.1360275e-01
   1.9784483e+00   1.2456747e+01   2.0054681e+00  -2.1374681e-01   2.0043634e+00   2.2386955e-01   2.1307738e-01
   1.9913793e+00   1.2621373e+01   2.0222079e+00  -2.1747226e-01   2.0208612e+00   2.2965003e-01   2.1366277e-01
   2.0043103e+00   1.2785999e+01   2.0357747e+00  -2.2120802e-01   2.0342501e+00   2.3481489e-01   2.1431705e-01
   2.0172414e+00   1.2950626e+01   2.0510462e+00  -2.2490556e-01   2.0492787e+00   2.4047792e-01   2.1468275e-01
   2.0301724e+00   1.3115253e+01   2.0694498e+00  -2.2886444e-01   2.0674012e+00   2.4668541e-01   2.1571229e-01
   2.0431034e+00   1.3279880e+01   2.0835204e+00  -2.3229407e-01   2.0811660e+00   2.5251882e-01   2.1506459e-01
   2.0560345e+00   1.3444506e+01   2.1020679e+00  -2.3569000e-01   2.0992606e+00   2.5950701e-01   2.1606533e-01
   2.0689655e+00   1.3609133e+01   2.1221414e+00  -2.3839749e-01   2.1186533e+00   2.6762946e-01   2.1837927e-01
   2.0818966e+00   1.3773760e+01   2.1454641e+00  -2.4128653e-01   2.1412154e+00   2.7646273e-01   2.2081472e-01
   2.0948276e+00   1.3938386e+01   2.1565137e+00  -2.4472206e-01   2.1519641e+00   2.8194111e-01   2.1970218e-01
   2.1077586e+00   1.4103013e+01   2.1734361e+00  -2.4815417e-01   2.1683937e+00   2.8891790e-01   2.1978313e-01
   2.1206897e+00   1.4267639e+01   2.1859160e+00  -2.5112653e-01   2.1803822e+00   2.9534210e-01   2.1928086e-01
   2.1336207e+00   1.4432266e+01   2.1994379e+00  -2.5336285e-01   2.1931771e+00   3.0281012e-01   2.1967913e-01
   2.1465517e+00   1.4596892e+01   2.2166864e+00  -2.5609099e-01   2.2096773e+00   3.1081726e-01   2.2008885e-01
   2.1594828e+00   1.4761520e+01   2.2337626e+00  -2.5923746e-01   2.2260894e+00   3.1847334e-01   2.2113116e-01
   2.1724138e+00   1.4926146e+01   2.2526754e+00  -2.6328245e-01   2.2444817e+00   3.2583110e-01   2.2257226e-01
   2.1853448e+00   1.5090773e+01   2.2703658e+00  -2.6549438e-01   2.2611924e+00   3.3474881e-01   2.2411482e-01
   2.1982759e+00   1.5255399e+01   2.2862164e+00  -2.6822484e-01   2.2762319e+00   3.4278086e-01   2.2430564e-01
   2.2112069e+00   1.5420026e+01   2.3043436e+00  -2.7083191e-01   2.2934054e+00   3.5162636e-01   2.2623730e-01
   2.2241379e+00   1.5584653e+01   2.3249013e+00  -2.7354116e-01   2.3129154e+00   3.6112791e-01   2.2822528e-01
   2.2370690e+00   1.5749279e+01   2.3378797e+00  -2.7729928e-01   2.3253794e+00   3.6767768e-01   2.2784547e-01
   2.2500000e+00   1.5913905e+01   2.3504256e+00  -2.7941699e-01   2.3369591e+00   3.7576106e-01   2.2637095e-01
   2.2629310e+00   1.6078532e+01   2.3653749e+00  -2.8258271e-01   2.3511111e+00   3.8357266e-01   2.2566728e-01
   2.2758621e+00   1.6243158e+01   2.3817507e+00  -2.8401737e-01   2.3661227e+00   3.9352958e-01   2.2702454e-01
   2.2887931e+00   1.6407786e+01   2.3971074e+00  -2.8713081e-01   2.3805930e+00   4.0167770e-01   2.2823836e-01
   2.3017241e+00   1.6572412e+01   2.4186500e+00  -2.8972744e-01   2.4008174e+00   4.1217187e-01   2.3005934e-01
   2.3146552e+00   1.6737039e+01   2.4328935e+00  -2.9235740e-01   2.4140207e+00   4.2065168e-01   2.3103400e-01
   2.3275862e+00   1.6901665e+01   2.4532944e+00  -2.9483307e-01   2.4330415e+00   4.3114849e-01   2.3141321e-01
   2.3405172e+00   1.7066291e+01   2.4659434e+00  -2.9635130e-01   2.4443302e+00   4.4039830e-01   2.3343195e-01
   2.3534483e+00   1.7230917e+01   2.4894841e+00  -2.9900078e-01   2.4663237e+00   4.5186242e-01   2.3461351e-01
   2.3663793e+00   1.7395544e+01   2.5046361e+00  -3.0035013e-01   2.4798777e+00   4.6218932e-01   2.3616460e-01
   2.3793103e+00   1.7560170e+01   2.5200830e+00  -3.0248295e-01   2.4939100e+00   4.7193976e-01   2.3543941e-01
   2.3922414e+00   1.7724796e+01   2.5395735e+00  -3.0381014e-01   2.5115131e+00   4.8377307e-01   2.3637193e-01
   2.4051724e+00   1.7889423e+01   2.5528112e+00  -3.0641005e-01   2.5235090e+00   4.9257949e-01   2.3649866e-01
   2.4181034e+00   1.8054048e+01   2.5735905e+00  -3.0852101e-01   2.5424937e+00   5.0426090e-01   2.3700746e-01
   2.4310345e+00   1.8218674e+01   2.5888338e+00  -3.1013751e-01   2.5560188e+00   5.1479430e-01   2.3900736e-01
   2.4439655e+00   1.8383299e+01   2.6101045e+00  -3.1128985e-01   2.5750778e+00   5.2775090e-01   2.4042135e-01
   2.4568966e+00   1.8547922e+01   2.6232738e+00  -3.1301447e-01   2.5865848e+00   5.3770157e-01   2.4166536e-01
   2.4698276e+00   1.8712547e+01   2.6453849e+00  -3.1460957e-01   2.6064831e+00   5.5071411e-01   2.4248893e-01
   2.4827586e+00   1.8877169e+01   2.6630735e+00  -3.1516135e-01   2.6218058e+00   5.6340169e-01   2.4459765e-01
   2.4956897e+00   1.9041791e+01   2.6811614e+00  -3.1680500e-01   2.6378106e+00   5.7527991e-01   2.4552221e-01
   2.5086207e+00   1.9206412e+01   2.6995108e+00  -3.1757703e-01   2.6537289e+00   5.8816378e-01   2.4693910e-01
   2.5215517e+00   1.9371030e+01   2.7113289e+00  -3.1928550e-01   2.6637438e+00   5.9809401e-01   2.4612964e-01
   2.5344828e+00   1.9535645e+01   2.7281431e+00  -3.1940022e-01   2.6778991e+00   6.1125910e-01   2.4717459e-01
   2.5474138e+00   1.9700256e+01   2.7430403e+00  -3.2042928e-01   2.6905041e+00   6.2300320e-01   2.4836980e-01
   2.5603448e+00   1.9864863e+01   2.7588134e+00  -3.2118209e-01   2.7037935e+00   6.3538197e-01   2.4794766e-01
   2.5732759e+00   2.0029463e+01   2.7771342e+00  -3.2173622e-01   2.7193594e+00   6.4890112e-01   2.4943816e-01
   2.5862069e+00   2.0194055e+01   2.7930496e+00  -3.2209655e-01   2.7325456e+00   6.6186610e-01   2.5076127e-01
   2.5991379e+00   2.0358633e+01   2.8070160e+00  -3.2326845e-01   2.7441348e+00   6.7347257e-01   2.5037768e-01
   2.6120690e+00   2.0523198e+01   2.8197835e+00  -3.2337151e-01   2.7541825e+00   6.8573108e-01   2.5079963e-01
   2.6250000e+00   2.0687741e+01   2.8296931e+00  -3.2356340e-01   2.7615402e+00   6.9695904e-01   2.4983260e-01
   2.6379310e+00   2.0852258e+01   2.8435999e+00  -3.2413738e-01   2.7727279e+00   7.0929942e-01   2.5030325e-01
   2.6508621e+00   2.1016737e+01   2.8485543e+00  -3.2396711e-01   2.7752440e+00   7.1919194e-01   2.4844690e-01
   2.6637931e+00   2.1181168e+01   2.8517355e+00  -3.2442956e-01   2.7763020e+00   7.2787172e-01   2.4560709e-01
   2.6767241e+00   2.1345535e+01   2.8519141e+00  -3.2350175e-01   2.7740311e+00   7.3676242e-01   2.4195413e-01
   2.6896552e+00   2.1509818e+01   2.8462132e+00  -3.2356867e-01   2.7666278e+00   7.4256072e-01   2.3664058e-01
   2.7025862e+00   2.1673987e+01   2.8368755e+00  -3.2313610e-01   2.7556516e+00   7.4743823e-01   2.3089937e-01
   2.7155172e+00   2.1838007e+01   2.8149983e+00  -3.2316480e-01   2.7332040e+00   7.4715910e-01   2.2162482e-01
   2.7284483e+00   2.2001827e+01   2.7847525e+00  -3.2188960e-01   2.7025358e+00   7.4482198e-01   2.1009430e-01
   2.7413793e+00   2.2165385e+01   2.7439206e+00  -3.2113767e-01   2.6623005e+00   7.3782489e-01   1.9419893e-01
   2.7543103e+00   2.2328592e+01   2.6846255e+00  -3.1951751e-01   2.6047234e+00   7.2437692e-01   1.7463928e-01
   2.7672414e+00   2.2491339e+01   2.6120588e+00  -3.1831824e-01   2.5351494e+00   7.0512072e-01   1.5091207e-01
   2.7801724e+00   2.2653475e+01   2.5234507e+00  -3.1521885e-01   2.4501780e+00   6.8102412e-01   1.2314661e-01
   2.7931034e+00   2.2814811e+01   2.4189705e+00  -3.1356041e-01   2.3513016e+00   6.4893680e-01   9.0183033e-02
   2.8060345e+00   2.2975090e+01   2.3018486e+00  -3.1032842e-01   2.2403844e+00   6.1277113e-01   5.4557061e-02
   2.8189655e+00   2.3133990e+01   2.1769879e+00  -3.0616896e-01   2.1222217e+00   5.7375145e-01   1.7300897e-02
   2.8318966e+00   2.3291092e+01   2.0596888e+00  -3.0147727e-01   2.0110453e+00   5.3749730e-01  -1.6331882e-02
   2.8448276e+00   2.3445867e+01   1.9534112e+00  -2.9604821e-01   1.9099229e+00   5.0562262e-01  -4.5428904e-02
   2.8577586e+00   2.3597654e+01   1.8776013e+00  -2.9001664e-01   1.8366917e+00   4.8586023e-01  -6.5123574e-02
   2.8706897e+00   2.3745644e+01   1.8311732e+00  -2.8408670e-01   1.7905451e+00   4.7733501e-01  -7.6030436e-02
   2.8836207e+00   2.3888876e+01   1.8222844e+00  -2.7715025e-01   1.7784099e+00   4.8455221e-01  -7.3994615e-02
   2.8965517e+00   2.4026239e+01   1.8438963e+00  -2.7084778e-01   1.7944165e+00   5.0337024e-01  -6.2849994e-02
   2.9094828e+00   2.4156510e+01   1.8893501e+00  -2.6421851e-01   1.8320279e+00   5.3209868e-01  -4.4116088e-02
   2.9224138e+00   2.4278421e+01   1.9451908e+00  -2.5844491e-01   1.8794197e+00   5.6421862e-01  -2.2739488e-02
   2.9353448e+00   2.4390756e+01   2.0049428e+00  -2.5237412e-01   1.9302220e+00   5.9810636e-01   4.1197713e-04
   2.9482759e+00   2.4492477e+01   2.0663333e+00  -2.4757861e-01   1.9830353e+00   6.3134712e-01   2.2849488e-02
   2.9612069e+00   2.4582854e+01   2.1180605e+00  -2.4270999e-01   2.0270503e+00   6.6042062e-01   4.2669074e-02
   2.9741379e+00   2.4661571e+01   2.1636567e+00  -2.3956007e-01   2.0662640e+00   6.8509290e-01   5.9365419e-02
   2.9870690e+00   2.4728772e+01   2.1967381e+00  -2.3554782e-01   2.0938285e+00   7.0499893e-01   7.2632585e-02
   3.0000000e+00   2.4785034e+01   2.2293488e+00  -2.3219625e-01   2.1213369e+00   7.2376839e-01   8.5267109e-02
   3.0129310e+00   2.4831293e+01   2.2481736e+00  -2.2912276e-01   2.1365456e+00   7.3617566e-01   9.4025779e-02
   3.0258621e+00   2.4868712e+01   2.2642441e+00  -2.2628606e-01   2.1494517e+00   7.4690277e-01   1.0077850e-01
   3.0387931e+00   2.4898552e+01   2.2767680e+00  -2.2317941e-01   2.1591145e+00   7.5611277e-01   1.0718216e-01
   3.0517241e+00   2.4922065e+01   2.2860765e+00  -2.2054488e-01   2.1661355e+00   7.6331039e-01   1.1222012e-01
   3.0646552e+00   2.4940407e+01   2.2915310e+00  -2.1805275e-01   2.1697860e+00   7.6856354e-01   1.1562709e-01
   3.0775862e+00   2.4954601e+01   2.3009130e+00  -2.1512891e-01   2.1768681e+00   7.7571023e-01   1.2001959e-01
   3.0905172e+00   2.4965516e+01   2.3055547e+00  -2.1274396e-01   2.1799217e+00   7.8024616e-01   1.2272349e-01
   3.1034483e+00   2.4973866e+01   2.3061192e+00  -2.0950182e-01   2.1789508e+00   7.8374117e-01   1.2680465e-01
   3.1163793e+00   2.4980229e+01   2.3140500e+00  -2.0715354e-01   2.1850610e+00   7.8946097e-01   1.3089262e-01
   3.1293103e+00   2.4985063e+01   2.3159529e+00  -2.0469130e-01   2.1856791e+00   7.9268088e-01   1.3332984e-01
   3.1422414e+00   2.4988726e+01   2.3194695e+00  -2.0208078e-01   2.1877131e+00   7.9667234e-01   1.3591229e-01
   3.1551724e+00   2.4991499e+01   2.3227959e+00  -1.9914592e-01   2.1894496e+00   8.0084362e-01   1.3982649e-01
   3.1681034e+00   2.4993594e+01   2.3261288e+00  -1.9645195e-01   2.1913028e+00   8.0477355e-01   1.4365595e-01
   3.1810345e+00   2.4995174e+01   2.3288275e+00  -1.9400585e-01   2.1926930e+00   8.0819135e-01   1.4629165e-01
   3.1939655e+00   2.4996366e+01   2.3325591e+00  -1.9111134e-01   2.1948352e+00   8.1243718e-01   1.5019943e-01
   3.2068966e+00   2.4997265e+01   2.3359320e+00  -1.8869525e-01   2.1968584e+00   8.1608670e-01   1.5436934e-01
   3.2198276e+00   2.4997942e+01   2.3384394e+00  -1.8657727e-01   2.1982263e+00   8.1909184e-01   1.5690191e-01
   3.2327586e+00   2.4998452e+01   2.3433723e+00  -1.8395165e-01   2.2015801e+00   8.2357565e-01   1.6023014e-01
   3.2456897e+00   2.4998836e+01   2.3464681e+00  -1.8179494e-01   2.2034689e+00   8.2685333e-01   1.6381642e-01
   3.2586207e+00   2.4999125e+01   2.3494743e+00  -1.7915564e-01   2.2050740e+00   8.3052693e-01   1.6781995e-01
   3.2715517e+00   2.4999343e+01   2.3534080e+00  -1.7695468e-01   2.2077059e+00   8.3419250e-01   1.7170301e-01
   3.2844828e+00   2.4999507e+01   2.3558639e+00  -1.7419789e-01   2.2087642e+00   8.3773517e-01   1.7494119e-01
   3.2974138e+00   2.4999630e+01   2.3587886e+00  -1.7191380e-01   2.2104478e+00   8.4104606e-01   1.7831597e-01
   3.3103448e+00   2.4999723e+01   2.3600700e+00  -1.7025138e-01   2.2109052e+00   8.4309785e-01   1.8032679e-01
   3.3232759e+00   2.4999793e+01   2.3616060e+00  -1.6770557e-01   2.2112204e+00   8.4605697e-01   1.8423449e-01
   3.3362069e+00   2.4999845e+01   2.3647269e+00  -1.6571113e-01   2.2132052e+00   8.4918550e-01   1.8821142e-01
   3.3491379e+00   2.4999885e+01   2.3666921e+00  -1.6347991e-01   2.2140428e+00   8.5203977e-01   1.9205330e-01
   3.3620690e+00   2.4999915e+01   2.3683947e+00  -1.6179611e-01   2.2148738e+00   8.5428648e-01   1.9444331e-01
   3.3750000e+00   2.4999937e+01   2.3677611e+00  -1.5965068e-01   2.2133925e+00   8.5596397e-01   1.9611504e-01
   3.3879310e+00   2.4999954e+01   2.3710610e+00  -1.5718809e-01   2.2153423e+00   8.5959110e-01   1.9993844e-01
   3.4008621e+00   2.4999966e+01   2.3719434e+00  -1.5551864e-01   2.2154363e+00   8.6147754e-01   2.0261150e-01
   3.4137931e+00   2.4999976e+01   2.3731360e+00  -1.5348662e-01   2.2156582e+00   8.6382356e-01   2.0485458e-01
   3.4267241e+00   2.4999984e+01   2.3713657e+00  -1.5133871e-01   2.2131460e+00   8.6502238e-01   2.0705693e-01
   3.4396552e+00   2.4999989e+01   2.3740857e+00  -1.4908464e-01   2.2146584e+00   8.6821497e-01   2.1069059e-01
   3.4525862e+00   2.4999992e+01   2.3706945e+00  -1.4763214e-01   2.2109710e+00   8.6809832e-01   2.1236846e-01
   3.4655172e+00   2.4999995e+01   2.3733651e+00  -1.4564183e-01   2.2125502e+00   8.7103090e-01   2.1577401e-01
   3.4784483e+00   2.4999997e+01   2.3723377e+00  -1.4342893e-01   2.2106839e+00   8.7260238e-01   2.1754734e-01
   3.4913793e+00   2.4999998e+01   2.3741570e+00  -1.4173973e-01   2.2116188e+00   8.7490219e-01   2.1984715e-01
   3.5043103e+00   2.4999999e+01   2.3698022e+00  -1.3960652e-01   2.2067704e+00   8.7499517e-01   2.2128740e-01
   3.5172414e+00   2.5000000e+01   2.3720272e+00  -1.3757877e-01   2.2079301e+00   8.7777332e-01   2.2521341e-01
   3.5301724e+00   2.5000000e+01   2.3712868e+00  -1.3554357e-01   2.2063989e+00   8.7930492e-01   2.2733083e-01
   3.5431034e+00   2.4999999e+01   2.3691739e+00  -1.3346665e-01   2.2036062e+00   8.8029428e-01   2.2914989e-01
   3.5560345e+00   2.4999998e+01   2.3684044e+00  -1.3121030e-01   2.2019552e+00   8.8201395e-01   2.3177854e-01
   3.5689655e+00   2.4999998e+01   2.3650292e+00  -1.2924736e-01   2.1980667e+00   8.8236656e-01   2.3355287e-01
   3.5818966e+00   2.4999995e+01   2.3690982e+00  -1.2729722e-01   2.2009304e+00   8.8585353e-01   2.3727875e-01
   3.5948276e+00   2.4999993e+01   2.3657865e+00  -1.2547219e-01   2.1971577e+00   8.8610786e-01   2.3916743e-01
   3.6077586e+00   2.4999989e+01   2.3630269e+00  -1.2329241e-01   2.1937355e+00   8.8691704e-01   2.4177968e-01
   3.6206897e+00   2.4999984e+01   2.3683875e+00  -1.2110200e-01   2.1976682e+00   8.9116749e-01   2.4644491e-01
   3.6336207e+00   2.4999977e+01   2.3678174e+00  -1.1923756e-01   2.1963637e+00   8.9261606e-01   2.4874265e-01
   3.6465517e+00   2.4999967e+01   2.3676011e+00  -1.1726620e-01   2.1953347e+00   8.9431093e-01   2.5148400e-01
   3.6594828e+00   2.4999955e+01   2.3694711e+00  -1.1543032e-01   2.1962538e+00   8.9676461e-01   2.5458628e-01
   3.6724138e+00   2.4999938e+01   2.3686404e+00  -1.1317748e-01   2.1945491e+00   8.9845467e-01   2.5754206e-01
   3.6853448e+00   2.4999916e+01   2.3709169e+00  -1.1096877e-01   2.1956792e+00   9.0141773e-01   2.6142917e-01
   3.6982759e+00   2.4999887e+01   2.3697656e+00  -1.0915511e-01   2.1938697e+00   9.0257377e-01   2.6411305e-01
   3.7112069e+00   2.4999848e+01   2.3702633e+00  -1.0709940e-01   2.1934526e+00   9.0464571e-01   2.6819373e-01
   3.7241379e+00   2.4999797e+01   2.3695557e+00  -1.0504555e-01   2.1919442e+00   9.0620615e-01   2.7159898e-01
   3.7370690e+00   2.4999728e+01   2.3663567e+00  -1.0310218e-01   2.1882247e+00   9.0661289e-01   2.7434481e-01
   3.7500000e+00   2.4999637e+01   2.3664357e+00  -1.0121300e-01   2.1874993e+00   9.0835493e-01   2.7751385e-01
   3.7629310e+00   2.4999516e+01   2.3596380e+00  -9.8933923e-02   2.1803773e+00   9.0754312e-01   2.7886635e-01
   3.7758621e+00   2.4999355e+01   2.3573731e+00  -9.6787281e-02   2.1774199e+00   9.0852535e-01   2.8234031e-01
   3.7887931e+00   2.4999142e+01   2.3419783e+00  -9.4790449e-02   2.1626269e+00   9.0382108e-01   2.8186953e-01
   3.8017241e+00   2.4998858e+01   2.3316331e+00  -9.3083218e-02   2.1525339e+00   9.0098576e-01   2.8205980e-01
   3.8146552e+00   2.4998481e+01   2.3127454e+00  -9.0738627e-02   2.1344307e+00   8.9511472e-01   2.8064146e-01
   3.8275862e+00   2.4997980e+01   2.2905874e+00  -8.8593313e-02   2.1134496e+00   8.8767674e-01   2.7806121e-01
   3.8405172e+00   2.4997315e+01   2.2583945e+00  -8.6513832e-02   2.0834039e+00   8.7593297e-01   2.7243963e-01
   3.8534483e+00   2.4996432e+01   2.2150344e+00  -8.4546214e-02   2.0432872e+00   8.5936188e-01   2.6340047e-01
   3.8663793e+00   2.4995262e+01   2.1568311e+00  -8.2452901e-02   1.9896681e+00   8.3662399e-01   2.4973842e-01
   3.8793103e+00   2.4993710e+01   2.0936616e+00  -8.0270729e-02   1.9315148e+00   8.1185759e-01   2.3447580e-01
   3.8922414e+00   2.4991653e+01   2.0105516e+00  -7.7471904e-02   1.8550331e+00   7.7921219e-01   2.1432602e-01
   3.9051724e+00   2.4988931e+01   1.9123044e+00  -7.4620264e-02   1.7648153e+00   7.4020488e-01   1.8938373e-01
   3.9181034e+00   2.4985333e+01   1.8047517e+00  -7.1902816e-02   1.6662264e+00   6.9712840e-01   1.6099117e-01
   3.9310345e+00   2.4980584e+01   1.6806056e+00  -6.8619450e-02   1.5523653e+00   6.4753827e-01   1.2850999e-01
   3.9439655e+00   2.4974333e+01   1.5611625e+00  -6.5178770e-02   1.4427084e+00   6.0005751e-01   9.8282983e-02
   3.9568966e+00   2.4966128e+01   1.4462528e+00  -6.0931072e-02   1.3368292e+00   5.5520033e-01   7.0320962e-02
   3.9698276e+00   2.4955400e+01   1.3558548e+00  -5.6378147e-02   1.2530541e+00   5.2093780e-01   4.9606884e-02
   3.9827586e+00   2.4941442e+01   1.2923609e+00  -5.1605342e-02   1.1935959e+00   4.9818538e-01   3.7505298e-02
   3.9956897e+00   2.4923398e+01   1.2657367e+00  -4.6228921e-02   1.1673423e+00   4.9146556e-01   3.7392997e-02
   4.0086207e+00   2.4900254e+01   1.2715033e+00  -4.0814704e-02   1.1704917e+00   4.9833289e-01   4.8271887e-02
   4.0215517e+00   2.4870862e+01   1.3061962e+00  -3.5867856e-02   1.2001421e+00   5.1681137e-01   6.7738599e-02
   4.0344828e+00   2.4833973e+01   1.3644657e+00  -3.0208875e-02   1.2509791e+00   5.4564687e-01   9.3836358e-02
   4.0474138e+00   2.4788324e+01   1.4346733e+00  -2.5605013e-02   1.3132220e+00   5.7826542e-01   1.2322207e-01
   4.0603448e+00   2.4732741e+01   1.5043700e+00  -2.1349364e-02   1.3753053e+00   6.1001660e-01   1.5309691e-01
   4.0732759e+00   2.4666272e+01   1.5692109e+00  -1.7440956e-02   1.4333054e+00   6.3903269e-01   1.8076412e-01
   4.0862069e+00   2.4588310e+01   1.6258161e+00  -1.3439312e-02   1.4839808e+00   6.6427376e-01   2.0614315e-01
   4.0991379e+00   2.4498684e+01   1.6742101e+00  -1.0596315e-02   1.5278763e+00   6.8460628e-01   2.2852773e-01
   4.1120690e+00   2.4397681e+01   1.7144797e+00  -7.5287905e-03   1.5644872e+00   7.0133947e-01   2.4811847e-01
   4.1250000e+00   2.4286004e+01   1.7416529e+00  -5.0259629e-03   1.5895904e+00   7.1174623e-01   2.6301229e-01
   4.1379310e+00   2.4164679e+01   1.7601481e+00  -2.6228257e-03   1.6069847e+00   7.1814239e-01   2.7658422e-01
   4.1508621e+00   2.4034910e+01   1.7762656e+00  -5.3159591e-04   1.6224754e+00   7.2297537e-01   2.8828292e-01
   4.1637931e+00   2.3897969e+01   1.7858997e+00   1.4185141e-03   1.6322168e+00   7.2478124e-01   2.9709914e-01
   4.1767241e+00   2.3755082e+01   1.7896076e+00   3.3955327e-03   1.6366166e+00   7.2401166e-01   3.0476911e-01
   4.1896552e+00   2.3607369e+01   1.7923656e+00   4.9573750e-03   1.6403795e+00   7.2232557e-01   3.1283716e-01
   4.2025862e+00   2.3455802e+01   1.7920389e+00   6.4187141e-03   1.6414032e+00   7.1919423e-01   3.1904542e-01
   4.2155172e+00   2.3301199e+01   1.7928247e+00   8.0283935e-03   1.6434228e+00   7.1655179e-01   3.2575710e-01
   4.2284483e+00   2.3144232e+01   1.7865256e+00   9.4277850e-03   1.6390375e+00   7.1085771e-01   3.3006970e-01
   4.2413793e+00   2.2985435e+01   1.7844137e+00   1.0471648e-02   1.6386495e+00   7.0644865e-01   3.3489433e-01
   4.2543103e+00   2.2825233e+01   1.7785359e+00   1.1855060e-02   1.6346642e+00   7.0085910e-01   3.4004793e-01
   4.2672414e+00   2.2663959e+01   1.7707626e+00   1.2742190e-02   1.6291156e+00   6.9407850e-01   3.4409477e-01
   4.2801724e+00   2.2501867e+01   1.7662515e+00   1.3922347e-02   1.6264533e+00   6.8883073e-01   3.4863476e-01
   4.2931034e+00   2.2339156e+01   1.7560378e+00   1.4886448e-02   1.6185893e+00   6.8121875e-01   3.5194381e-01
   4.3060345e+00   2.2175973e+01   1.7513743e+00   1.5875860e-02   1.6158309e+00   6.7576211e-01   3.5649531e-01
   4.3189655e+00   2.2012436e+01   1.7417196e+00   1.6336376e-02   1.6086296e+00   6.6795564e-01   3.5949363e-01
   4.3318966e+00   2.1848630e+01   1.7337844e+00   1.7374272e-02   1.6027813e+00   6.6136414e-01   3.6312493e-01
   4.3448276e+00   2.1684623e+01   1.7229886e+00   1.8098045e-02   1.5943686e+00   6.5345705e-01   3.6634051e-01
   4.3577586e+00   2.1520461e+01   1.7137036e+00   1.8998005e-02   1.5872664e+00   6.4631742e-01   3.6879775e-01
   4.3706897e+00   2.1356185e+01   1.7036959e+00   1.8743581e-02   1.5798851e+00   6.3788241e-01   3.7121135e-01
   4.3836207e+00   2.1191823e+01   1.6968368e+00   2.0277182e-02   1.5747589e+00   6.3229804e-01   3.7499569e-01
   4.3965517e+00   2.1027395e+01   1.6825659e+00   2.0285834e-02   1.5632432e+00   6.2266364e-01   3.7669596e-01
   4.4094828e+00   2.0862919e+01   1.6730890e+00   2.1030495e-02   1.5559036e+00   6.1549438e-01   3.7939526e-01
   4.4224138e+00   2.0698403e+01   1.6611843e+00   2.1238334e-02   1.5464547e+00   6.0701105e-01   3.8150145e-01
   4.4353448e+00   2.0533862e+01   1.6498766e+00   2.1953386e-02   1.5373514e+00   5.9927079e-01   3.8322951e-01
   4.4482759e+00   2.0369300e+01   1.6376597e+00   2.1983000e-02   1.5276030e+00   5.9062824e-01   3.8439339e-01
   4.4612069e+00   2.0204721e+01   1.6228580e+00   2.2168756e-02   1.5153382e+00   5.8130001e-01   3.8560617e-01
   4.4741379e+00   2.0040131e+01   1.6151376e+00   2.3173533e-02   1.5094046e+00   5.7524296e-01   3.8822495e-01
   4.4870690e+00   1.9875531e+01   1.5989301e+00   2.2775249e-02   1.4959442e+00   5.6501957e-01   3.8777137e-01
   4.5000000e+00   1.9710925e+01   1.5857397e+00   2.3392945e-02   1.4849355e+00   5.5685226e-01   3.8856130e-01
   4.5129310e+00   1.9546314e+01   1.5739775e+00   2.3949110e-02   1.4752587e+00   5.4917258e-01   3.8998137e-01
   4.5258621e+00   1.9381699e+01   1.5571669e+00   2.4129850e-02   1.4609125e+00   5.3952353e-01   3.8924123e-01
   4.5387931e+00   1.9217081e+01   1.5436305e+00   2.4616855e-02   1.4495141e+00   5.3132830e-01   3.8994663e-01
   4.5517241e+00   1.9052460e+01   1.5281129e+00   2.5076720e-02   1.4362171e+00   5.2253061e-01   3.8925609e-01
   4.5646552e+00   1.8887839e+01   1.5100073e+00   2.4277039e-02   1.4208407e+00   5.1178426e-01   3.8669973e-01
   4.5775862e+00   1.8723215e+01   1.4961862e+00   2.5936677e-02   1.4086829e+00   5.0483503e-01   3.8776738e-01
   4.5905172e+00   1.8558592e+01   1.4780638e+00   2.5322800e-02   1.3931430e+00   4.9443566e-01   3.8599817e-01
   4.6034483e+00   1.8393967e+01   1.4598166e+00   2.5640264e-02   1.3771427e+00   4.8497414e-01   3.8387248e-01
   4.6163793e+00   1.8229342e+01   1.4444638e+00   2.6229088e-02   1.3637640e+00   4.7677185e-01   3.8238167e-01
   4.6293103e+00   1.8064717e+01   1.4182891e+00   2.5657312e-02   1.3404211e+00   4.6419131e-01   3.7780445e-01
   4.6422414e+00   1.7900092e+01   1.4041331e+00   2.6721948e-02   1.3279513e+00   4.5700018e-01   3.7694483e-01
   4.6551724e+00   1.7735465e+01   1.3782260e+00   2.6313831e-02   1.3047074e+00   4.4490211e-01   3.7149218e-01
   4.6681034e+00   1.7570839e+01   1.3552060e+00   2.6358992e-02   1.2840208e+00   4.3424519e-01   3.6694638e-01
   4.6810345e+00   1.7406214e+01   1.3344513e+00   2.7219102e-02   1.2652015e+00   4.2516616e-01   3.6349617e-01
   4.6939655e+00   1.7241587e+01   1.3062527e+00   2.7394082e-02   1.2394346e+00   4.1333813e-01   3.5772385e-01
   4.7068966e+00   1.7076960e+01   1.2833639e+00   2.7639910e-02   1.2186652e+00   4.0328875e-01   3.5305645e-01
   4.7198276e+00   1.6912335e+01   1.2549288e+00   2.7859932e-02   1.1925496e+00   3.9172405e-01   3.4657256e-01
   4.7327586e+00   1.6747708e+01   1.2298902e+00   2.7932594e-02   1.1696728e+00   3.8115042e-01   3.4107393e-01
   4.7456897e+00   1.6583082e+01   1.2011358e+00   2.8777947e-02   1.1429635e+00   3.7039162e-01   3.3462917e-01
   4.7586207e+00   1.6418454e+01   1.1731517e+00   2.8447859e-02   1.1172733e+00   3.5887967e-01   3.2801100e-01
   4.7715517e+00   1.6253828e+01   1.1488820e+00   2.9910988e-02   1.0945907e+00   3.5027970e-01   3.2266469e-01
   4.7844828e+00   1.6089201e+01   1.1163693e+00   2.9141701e-02   1.0645665e+00   3.3738366e-01   3.1395259e-01
   4.7974138e+00   1.5924575e+01   1.0913574e+00   3.0637599e-02   1.0410690e+00   3.2889941e-01   3.0918536e-01
   4.8103448e+00   1.5759948e+01   1.0634778e+00   3.0423391e-02   1.0152365e+00   3.1812833e-01   3.0222681e-01
   4.8232759e+00   1.5595321e+01   1.0392635e+00   3.1074819e-02   9.9264835e-01   3.0932761e-01   2.9690859e-01
   4.8362069e+00   1.5430695e+01   1.0128895e+00   3.1327110e-02   9.6804261e-01   2.9969998e-01   2.9073633e-01
   4.8491379e+00   1.5266068e+01   9.8839026e-01   3.1822686e-02   9.4513448e-01   2.9094468e-01   2.8504832e-01
   4.8620690e+00   1.5101442e+01   9.6374354e-01   3.2308380e-02   9.2204443e-01   2.8227560e-01   2.7905933e-01
   4.8750000e+00   1.4936814e+01   9.3956003e-01   3.2309729e-02   8.9948497e-01   2.7339305e-01   2.7195409e-01
   4.8879310e+00   1.4772188e+01   9.1580827e-01   3.3245742e-02   8.7706143e-01   2.6565640e-01   2.6717922e-01
   4.9008621e+00   1.4607562e+01   8.9105207e-01   3.3321611e-02   8.5384600e-01   2.5696525e-01   2.6101211e-01
   4.9137931e+00   1.4442935e+01   8.6472548e-01   3.3969208e-02   8.2892470e-01   2.4857172e-01   2.5607925e-01
   4.9267241e+00   1.4278309e+01   8.4177950e-01   3.3834039e-02   8.0743167e-01   2.4039876e-01   2.4924137e-01
   4.9396552e+00   1.4113682e+01   8.1341418e-01   3.4250949e-02   7.8050833e-01   2.3156533e-01   2.4169707e-01
   4.9525862e+00   1.3949056e+01   7.8978840e-01   3.3937753e-02   7.5831689e-01   2.2332260e-01   2.3495929e-01
   4.9655172e+00   1.3784429e+01   7.6043018e-01   3.4033474e-02   7.3041994e-01   2.1424061e-01   2.2601775e-01
   4.9784483e+00   1.3619802e+01   7.3752577e-01   3.4190861e-02   7.0873511e-01   2.0690051e-01   2.1908102e-01
   4.9913793e+00   1.3455176e+01   7.0498568e-01   3.3471800e-02   6.7784704e-01   1.9659237e-01   2.0858319e-01
   5.0043103e+00   1.3290549e+01   6.7909334e-01   3.3965128e-02   6.5309684e-01   1.8917166e-01   2.0045337e-01
   5.0172414e+00   1.3125922e+01   6.5216699e-01   3.3940534e-02   6.2742041e-01   1.8115565e-01   1.9136367e-01
   5.0301724e+00   1.2961295e+01   6.2262422e-01   3.3744824e-02   5.9919216e-01   1.7253519e-01   1.8289954e-01
   5.0431034e+00   1.2796669e+01   5.9482157e-01   3.4186498e-02   5.7247551e-01   1.6508549e-01   1.7354396e-01
   5.0560345e+00   1.2632042e+01   5.7022209e-01   3.4148753e-02   5.4895169e-01   1.5802345e-01   1.6572379e-01
   5.0689655e+00   1.2467416e+01   5.4004880e-01   3.4885499e-02   5.1978265e-01   1.5065095e-01   1.5550923e-01
   5.0818966e+00   1.2302789e+01   5.2042712e-01   3.4938797e-02   5.0103094e-01   1.4502797e-01   1.4950711e-01
   5.0948276e+00   1.2138162e+01   4.8625321e-01   3.5699372e-02   4.6787574e-01   1.3714561e-01   1.3853188e-01
   5.1077586e+00   1.1973536e+01   4.7078318e-01   3.6094763e-02   4.5305239e-01   1.3297809e-01   1.3484392e-01
   5.1206897e+00   1.1808910e+01   4.4446922e-01   3.7558604e-02   4.2737598e-01   1.2772355e-01   1.2510931e-01
   5.1336207e+00   1.1644283e+01   4.1727865e-01   3.7386891e-02   4.0114488e-01   1.2083887e-01   1.1654149e-01
   5.1465517e+00   1.1479656e+01   4.1123413e-01   3.8676085e-02   3.9531026e-01   1.1974620e-01   1.1423581e-01
   5.1594828e+00   1.1315029e+01   3.7378384e-01   3.9274850e-02   3.5881283e-01   1.1184912e-01   1.0253434e-01
   5.1724138e+00   1.1150403e+01   3.6101421e-01   4.1272804e-02   3.4621777e-01   1.1030848e-01   1.0028908e-01
   5.1853448e+00   1.0985776e+01   3.5229140e-01   4.1754421e-02   3.3787855e-01   1.0812377e-01   9.6535893e-02
   5.1982759e+00   1.0821150e+01   3.1578938e-01   4.2661973e-02   3.0216449e-01   1.0119089e-01   8.5139471e-02
   5.2112069e+00   1.0656523e+01   3.1963029e-01   4.3632898e-02   3.0604912e-01   1.0198671e-01   8.7407505e-02
   5.2241379e+00   1.0491897e+01   2.9469038e-01   4.4535276e-02   2.8165364e-01   9.7452751e-02   7.9579984e-02
   5.2370690e+00   1.0327269e+01   2.7244996e-01   4.5838570e-02   2.5981872e-01   9.3938210e-02   7.3563372e-02
   5.2500000e+00   1.0162643e+01   2.7365080e-01   4.6293224e-02   2.6118934e-01   9.3850694e-02   7.3806676e-02
   5.2629310e+00   9.9980165e+00   2.4628164e-01   4.7859978e-02   2.3423238e-01   8.9891127e-02   6.5708555e-02
   5.2758621e+00   9.8333902e+00   2.4197437e-01   4.8253105e-02   2.3017857e-01   8.8869483e-02   6.4818860e-02
   5.2887931e+00   9.6687635e+00   2.2860395e-01   4.9199436e-02   2.1709353e-01   8.6895050e-02   6.1136456e-02
   5.3017241e+00   9.5041367e+00   2.1261250e-01   4.9832022e-02   2.0146591e-01   8.4254336e-02   5.6236841e-02
   5.3146552e+00   9.3395105e+00   2.0519415e-01   5.0338698e-02   1.9430493e-01   8.2971201e-02   5.4413630e-02
   5.3275862e+00   9.1748833e+00   1.9216130e-01   5.0916567e-02   1.8158427e-01   8.0904973e-02   5.0919512e-02
   5.3405172e+00   9.0102574e+00   1.7949007e-01   5.1439170e-02   1.6921927e-01   7.8914598e-02   4.7142829e-02
   5.3534483e+00   8.8456314e+00   1.6873443e-01   5.1892190e-02   1.5874793e-01   7.7221767e-02   4.4213651e-02
   5.3663793e+00   8.6810041e+00   1.5336462e-01   5.1812840e-02   1.4378740e-01   7.4367066e-02   3.9812688e-02
   5.3793103e+00   8.5163781e+00   1.4586628e-01   5.1999309e-02   1.3655721e-01   7.3027588e-02   3.7197254e-02
   5.3922414e+00   8.3517510e+00   1.2956693e-01   5.1877824e-02   1.2065763e-01   7.0147245e-02   3.2528125e-02
   5.4051724e+00   8.1871248e+00   1.1803538e-01   5.2087115e-02   1.0941485e-01   6.8365263e-02   2.8832724e-02
   5.4181034e+00   8.0224981e+00   1.0568644e-01   5.2220344e-02   9.7364149e-02   6.6459085e-02   2.4890538e-02
   5.4310345e+00   7.8578717e+00   8.9454088e-02   5.1425876e-02   8.1583386e-02   6.3172824e-02   1.9687599e-02
   5.4439655e+00   7.6932454e+00   7.7963328e-02   5.1702200e-02   7.0340239e-02   6.1673729e-02   1.6340350e-02
   5.4568966e+00   7.5286189e+00   6.3230115e-02   5.1117100e-02   5.5987608e-02   5.8960945e-02   1.1283269e-02
   5.4698276e+00   7.3639930e+00   5.0682697e-02   5.1109522e-02   4.3713833e-02   5.7184087e-02   7.5707160e-03
   5.4827586e+00   7.1993664e+00   3.8030910e-02   5.0539563e-02   3.1397346e-02   5.4907233e-02   3.9885834e-03
   5.4956897e+00   7.0347411e+00   2.1348511e-02   4.9638511e-02   1.5108515e-02   5.1879413e-02  -1.1530832e-03
   5.5086207e+00   6.8701149e+00   9.7656539e-03   4.9633674e-02   3.7584045e-03   5.0445455e-02  -4.7252874e-03
   5.5215517e+00   6.7054902e+00  -4.7532014e-03   4.9302028e-02  -1.0477483e-02   4.8409764e-02  -8.9184169e-03
   5.5344828e+00   6.5408648e+00  -1.5043383e-02   4.8527266e-02  -2.0473293e-02   4.6497776e-02  -1.2196851e-02
   5.5474138e+00   6.3762407e+00  -3.2759720e-02   4.8053880e-02  -3.7893782e-02   4.4118431e-02  -1.7187730e-02
   5.5603448e+00   6.2116180e+00  -4.1231780e-02   4.7599148e-02  -4.6139983e-02   4.2858378e-02  -1.9084625e-02
   5.5732759e+00   6.0469952e+00  -5.4013834e-02   4.6943358e-02  -5.8658500e-02   4.0992116e-02  -2.2611329e-02
   5.5862069e+00   5.8823742e+00  -6.5353672e-02   4.6621049e-02  -6.9787575e-02   3.9677689e-02  -2.5358279e-02
   5.5991379e+00   5.7177549e+00  -7.7409558e-02   4.6715248e-02  -8.1678577e-02   3.8770661e-02  -2.7949379e-02
   5.6120690e+00   5.5531378e+00  -8.8351533e-02   4.5942141e-02  -9.2382658e-02   3.7176851e-02  -3.0249647e-02
   5.6250000e+00   5.3885245e+00  -9.9434269e-02   4.5536643e-02  -1.0327115e-01   3.5997643e-02  -3.2536604e-02
   5.6379310e+00   5.2239145e+00  -1.0886887e-01   4.5048322e-02  -1.1251825e-01   3.4948894e-02  -3.4199359e-02
   5.6508621e+00   5.0593113e+00  -1.1633270e-01   4.4379577e-02  -1.1979316e-01   3.3947648e-02  -3.5562606e-02
   5.6637931e+00   4.8947144e+00  -1.2553129e-01   4.4459327e-02  -1.2886699e-01   3.3586234e-02  -3.6155221e-02
   5.6767241e+00   4.7301288e+00  -1.3209075e-01   4.4380666e-02  -1.3530061e-01   3.3336969e-02  -3.5801133e-02
   5.6896552e+00   4.5655553e+00  -1.3476089e-01   4.4136223e-02  -1.3784651e-01   3.3269252e-02  -3.4295390e-02
   5.7025862e+00   4.4010005e+00  -1.4052464e-01   4.3308092e-02  -1.4343360e-01   3.2397033e-02  -3.4377498e-02
   5.7155172e+00   4.2364683e+00  -1.3816291e-01   4.3801203e-02  -1.4102113e-01   3.3475020e-02  -3.1161791e-02
   5.7284483e+00   4.0719678e+00  -1.3965996e-01   4.3766600e-02  -1.4241525e-01   3.3738943e-02  -2.7686677e-02
   5.7413793e+00   3.9075085e+00  -1.3555594e-01   4.3989373e-02  -1.3823853e-01   3.4649514e-02  -2.2964394e-02
   5.7543103e+00   3.7431041e+00  -1.2592253e-01   4.3487859e-02  -1.2849293e-01   3.5174486e-02  -1.7664603e-02
   5.7672414e+00   3.5787732e+00  -1.1559815e-01   4.3659485e-02  -1.1809799e-01   3.6358620e-02  -1.1723996e-02
   5.7801724e+00   3.4145385e+00  -9.6627259e-02   4.4241230e-02  -9.9090714e-02   3.8407603e-02  -1.9345536e-03
   5.7931034e+00   3.2504338e+00  -7.1387879e-02   4.4168502e-02  -7.3777403e-02   4.0049728e-02   9.3358855e-03
   5.8060345e+00   3.0864996e+00  -3.8233966e-02   4.4566242e-02  -4.0578107e-02   4.2442942e-02   2.2597769e-02
   5.8189655e+00   2.9227908e+00   4.8272386e-03   4.4714244e-02   2.5409708e-03   4.4902220e-02   3.8055867e-02
   5.8318966e+00   2.7593831e+00   6.2141606e-02   4.5486762e-02   5.9879744e-02   4.8425623e-02   5.9091256e-02
   5.8448276e+00   2.5963712e+00   1.3179367e-01   4.5835929e-02   1.2958202e-01   5.1759092e-02   8.3429262e-02
   5.8577586e+00   2.4338849e+00   2.1944170e-01   4.6745111e-02   2.1725864e-01   5.6021870e-02   1.1252549e-01
   5.8706897e+00   2.2720898e+00   3.2122679e-01   4.7021722e-02   3.1911007e-01   5.9719809e-02   1.4551354e-01
   5.8836207e+00   2.1112058e+00   4.3666395e-01   4.7892765e-02   4.3460322e-01   6.3946586e-02   1.8236775e-01
   5.8965517e+00   1.9515161e+00   5.6347502e-01   4.8559839e-02   5.6149456e-01   6.7720137e-02   2.2105522e-01
   5.9094828e+00   1.7933864e+00   6.9349303e-01   4.9295339e-02   6.9161063e-01   7.0974325e-02   2.6002618e-01
   5.9224138e+00   1.6372838e+00   8.1293589e-01   4.9542269e-02   8.1118847e-01   7.2749331e-02   2.9522838e-01
   5.9353448e+00   1.4837947e+00   9.1653324e-01   4.9941272e-02   9.1493272e-01   7.3657428e-02   3.2490067e-01
   5.9482759e+00   1.3336475e+00   9.8888383e-01   4.9896568e-02   9.8745464e-01   7.2898768e-02   3.4386937e-01
   5.9612069e+00   1.1877196e+00   1.0294168e+00   4.9431974e-02   1.0281710e+00   7.0759242e-02   3.5272003e-01
   5.9741379e+00   1.0470463e+00   1.0286948e+00   4.8457348e-02   1.0276376e+00   6.7246997e-02   3.4920640e-01
   5.9870690e+00   9.1279315e-01   9.9894390e-01   4.7572246e-02   9.9805929e-01   6.3479957e-02   3.3728667e-01
   6.0000000e+00   7.8621625e-01   9.4657198e-01   4.6638519e-02   9.4584291e-01   5.9622640e-02   3.1857322e-01
   6.0129310e+00   6.6857439e-01   8.7850430e-01   4.4841958e-02   8.7792125e-01   5.5089785e-02   2.9461379e-01
   6.0258621e+00   5.6101654e-01   8.0616959e-01   4.3744518e-02   8.0570263e-01   5.1635973e-02   2.7005538e-01
   6.0387931e+00   4.6445426e-01   7.3503239e-01   4.2282798e-02   7.3466549e-01   4.8239704e-02   2.4636663e-01
   6.0517241e+00   3.7943637e-01   6.7212410e-01   4.1175276e-02   6.7183668e-01   4.5625424e-02   2.2506986e-01
   6.0646552e+00   3.0607000e-01   6.1578425e-01   4.0422945e-02   6.1555953e-01   4.3711828e-02   2.0599282e-01
   6.0775862e+00   2.4400460e-01   5.6642448e-01   3.9146648e-02   5.6625263e-01   4.1558508e-02   1.8931114e-01
   6.0905172e+00   1.9248304e-01   5.2768459e-01   3.8198015e-02   5.2755329e-01   3.9970533e-02   1.7625763e-01
   6.1034483e+00   1.5045038e-01   4.9450309e-01   3.7682865e-02   4.9440244e-01   3.8981227e-02   1.6543409e-01
   6.1163793e+00   1.1668153e-01   4.6735248e-01   3.7183785e-02   4.6727579e-01   3.8135459e-02   1.5631975e-01
   6.1293103e+00   8.9908048e-02   4.4593161e-01   3.6384391e-02   4.4587397e-01   3.7084098e-02   1.4896020e-01
   6.1422414e+00   6.8913777e-02   4.2740310e-01   3.5725769e-02   4.2735983e-01   3.6239812e-02   1.4274317e-01
   6.1551724e+00   5.2599792e-02   4.1042307e-01   3.5192389e-02   4.1039059e-01   3.5569159e-02   1.3699797e-01
   6.1681034e+00   4.0014539e-02   3.9859076e-01   3.5177391e-02   3.9856610e-01   3.5455753e-02   1.3285096e-01
   6.1810345e+00   3.0361656e-02   3.8525160e-01   3.3836936e-02   3.8523362e-01   3.4041080e-02   1.2814431e-01
   6.1939655e+00   2.2991222e-02   3.7499235e-01   3.3865387e-02   3.7497873e-01   3.4015859e-02   1.2468431e-01
   6.2068966e+00   1.7383173e-02   3.6248511e-01   3.3430807e-02   3.6247495e-01   3.3540782e-02   1.2010839e-01
   6.2198276e+00   1.3127603e-02   3.5316586e-01   3.2823424e-02   3.5315833e-01   3.2904340e-02   1.1583941e-01
   6.2327586e+00   9.9049314e-03   3.4201669e-01   3.2401850e-02   3.4201108e-01   3.2460975e-02   1.1154944e-01
   6.2456897e+00   7.4682812e-03   3.3358746e-01   3.2091596e-02   3.3358327e-01   3.2135077e-02   1.0837957e-01
   6.2586207e+00   5.6281481e-03   3.2207065e-01   3.1409553e-02   3.2206756e-01   3.1441189e-02   1.0422901e-01
   6.2715517e+00   4.2397294e-03   3.1535565e-01   3.1363146e-02   3.1535332e-01   3.1386481e-02   1.0171961e-01
   6.2844828e+00   3.1928704e-03   3.0210452e-01   3.0636141e-02   3.0210281e-01   3.0652976e-02   9.7024989e-02
   6.2974138e+00   2.4039497e-03   2.9530499e-01   3.0281510e-02   2.9530372e-01   3.0293900e-02   9.4117620e-02
   6.3103448e+00   1.8096588e-03   2.8755662e-01   3.0159011e-02   2.8755567e-01   3.0168094e-02   9.1221697e-02
   6.3232759e+00   1.3621125e-03   2.7602884e-01   2.9620377e-02   2.7602813e-01   2.9626939e-02   8.7107221e-02
   6.3362069e+00   1.0251533e-03   2.6988113e-01   2.9129061e-02   2.6988061e-01   2.9133890e-02   8.4085747e-02
   6.3491379e+00   7.7149768e-04   2.6022874e-01   2.8881525e-02   2.6022835e-01   2.8885029e-02   8.0657706e-02
   6.3620690e+00   5.8057415e-04   2.5008205e-01   2.8066335e-02   2.5008177e-01   2.8068869e-02   7.6505220e-02
   6.3750000e+00   4.3688244e-04   2.4527939e-01   2.8310398e-02   2.4527917e-01   2.8312268e-02   7.4223820e-02
   6.3879310e+00   3.2874408e-04   2.3240020e-01   2.7460513e-02   2.3240004e-01   2.7461846e-02   6.9758510e-02
   6.4008621e+00   2.4736723e-04   2.2510170e-01   2.7306035e-02   2.2510158e-01   2.7307007e-02   6.6578440e-02
   6.4137931e+00   1.8613035e-04   2.1761325e-01   2.6910221e-02   2.1761316e-01   2.6910928e-02   6.2982123e-02
   6.4267241e+00   1.4005094e-04   2.0814117e-01   2.6376088e-02   2.0814110e-01   2.6376597e-02   5.9038334e-02
   6.4396552e+00   1.0537746e-04   2.0677412e-01   2.6706919e-02   2.0677407e-01   2.6707299e-02   5.7954485e-02
   6.4525862e+00   7.9287697e-05   1.9385491e-01   2.5661638e-02   1.9385487e-01   2.5661906e-02   5.4413818e-02
   6.4655172e+00   5.9657044e-05   1.8928857e-01   2.5467606e-02   1.8928854e-01   2.5467803e-02   5.2128314e-02
   6.4784483e+00   4.4886475e-05   1.8308539e-01   2.5475810e-02   1.8308537e-01   2.5475954e-02   4.9245041e-02
   6.4913793e+00   3.3772973e-05   1.7461979e-01   2.4769875e-02   1.7461978e-01   2.4769978e-02   4.5912379e-02
   6.5043103e+00   2.5411088e-05   1.7193528e-01   2.4525281e-02   1.7193527e-01   2.4525357e-02   4.4082667e-02
   6.5172414e+00   1.9119532e-05   1.6566653e-01   2.4530564e-02   1.6566652e-01   2.4530619e-02   4.2223120e-02
   6.5301724e+00   1.4385738e-05   1.5644557e-01   2.3623587e-02   1.5644556e-01   2.3623626e-02   3.8746013e-02
   6.5431034e+00   1.0823963e-05   1.5699059e-01   2.3856104e-02   1.5699058e-01   2.3856134e-02   3.7708150e-02
   6.5560345e+00   8.1440599e-06   1.4867382e-01   2.3498495e-02   1.4867382e-01   2.3498516e-02   3.4484953e-02
   6.5689655e+00   6.1276446e-06   1.4257902e-01   2.2678683e-02   1.4257901e-01   2.2678698e-02   3.1805276e-02
   6.5818966e+00   4.6104716e-06   1.3998692e-01   2.2825147e-02   1.3998692e-01   2.2825158e-02   3.0394589e-02
   6.5948276e+00   3.4689192e-06   1.3563325e-01   2.2833226e-02   1.3563325e-01   2.2833234e-02   2.8643316e-02
   6.6077586e+00   2.6100137e-06   1.3477737e-01   2.2310658e-02   1.3477737e-01   2.2310665e-02   2.7488382e-02
   6.6206897e+00   1.9637709e-06   1.2899775e-01   2.1936617e-02   1.2899775e-01   2.1936621e-02   2.5261497e-02
   6.6336207e+00   1.4775418e-06   1.2590780e-01   2.1792200e-02   1.2590780e-01   2.1792204e-02   2.3663358e-02
   6.6465517e+00   1.1117054e-06   1.2416481e-01   2.1379215e-02   1.2416481e-01   2.1379217e-02   2.2376491e-02
   6.6594828e+00   8.3645096e-07   1.2242744e-01   2.1615580e-02   1.2242743e-01   2.1615582e-02   2.2038405e-02
   6.6724138e+00   6.2935159e-07   1.1796934e-01   2.0700137e-02   1.1796934e-01   2.0700138e-02   2.0425977e-02
   6.6853448e+00   4.7352874e-07   1.1596234e-01   2.1020327e-02   1.1596234e-01   2.1020327e-02   1.9098014e-02
   6.6982759e+00   3.5628646e-07   1.1415473e-01   2.0742138e-02   1.1415473e-01   2.0742139e-02   1.7843621e-02
   6.7112069e+00   2.6807289e-07   1.0953952e-01   2.0146344e-02   1.0953952e-01   2.0146344e-02   1.5608824e-02
   6.7241379e+00   2.0169938e-07   1.1147336e-01   2.0242188e-02   1.1147336e-01   2.0242188e-02   1.5469234e-02
   6.7370690e+00   1.5175935e-07   1.0876165e-01   2.0366052e-02   1.0876165e-01   2.0366052e-02   1.4692385e-02
   6.7500000e+00   1.1418358e-07   1.0697526e-01   1.9646411e-02   1.0697526e-01   1.9646411e-02   1.3956140e-02
   6.7629310e+00   8.5911615e-08   1.0571876e-01   1.9622310e-02   1.0571876e-01   1.9622311e-02   1.2842144e-02
   6.7758621e+00   6.4639764e-08   1.0579031e-01   1.9717597e-02   1.0579031e-01   1.9717597e-02   1.2602398e-02
   6.7887931e+00   4.8634973e-08   1.0096807e-01   1.8907972e-02   1.0096807e-01   1.8907972e-02   1.0436407e-02
   6.8017241e+00   3.6593055e-08   1.0419092e-01   1.9165573e-02   1.0419092e-01   1.9165573e-02   1.0954329e-02
   6.8146552e+00   2.7532750e-08   1.0366361e-01   1.9372357e-02   1.0366361e-01   1.9372357e-02   1.0530333e-02
   6.8275862e+00   2.0715821e-08   1.0071367e-01   1.8760538e-02   1.0071367e-01   1.8760538e-02   9.7308646e-03
   6.8405172e+00   1.5586721e-08   1.0330433e-01   1.8846123e-02   1.0330433e-01   1.8846123e-02   1.0149009e-02
   6.8534483e+00   1.1727580e-08   9.9531121e-02   1.8733785e-02   9.9531121e-02   1.8733785e-02   8.8713886e-03
   6.8663793e+00   8.8239056e-09   1.0008789e-01   1.8140720e-02   1.0008789e-01   1.8140720e-02   8.1685453e-03
   6.8793103e+00   6.6391581e-09   1.0006165e-01   1.8330511e-02   1.0006165e-01   1.8330511e-02   7.8162478e-03
   6.8922414e+00   4.9953245e-09   1.0156462e-01   1.8472250e-02   1.0156462e-01   1.8472250e-02   7.7548002e-03
   6.9051724e+00   3.7584789e-09   9.9383811e-02   1.7999008e-02   9.9383811e-02   1.7999008e-02   6.9708162e-03
   6.9181034e+00   2.8278731e-09   9.9315906e-02   1.7859158e-02   9.9315906e-02   1.7859158e-02   6.6909081e-03
   6.9310345e+00   2.1276856e-09   9.8668906e-02   1.7897130e-02   9.8668906e-02   1.7897130e-02   6.1506173e-03
   6.9439655e+00   1.6008753e-09   9.8650384e-02   1.7354344e-02   9.8650384e-02   1.7354344e-02   5.2809471e-03
   6.9568966e+00   1.2045002e-09   1.0021014e-01   1.7850502e-02   1.0021014e-01   1.7850502e-02   5.4747713e-03
   6.9698276e+00   9.0627148e-10   9.7622145e-02   1.7253322e-02   9.7622145e-02   1.7253322e-02   4.8637065e-03
   6.9827586e+00   6.8188629e-10   9.8581807e-02   1.7379871e-02   9.8581807e-02   1.7379871e-02   4.7579548e-03
   6.9956897e+00   5.1304589e-10   9.6252117e-02   1.6849286e-02   9.6252117e-02   1.6849286e-02   3.8283368e-03
   7.0086207e+00   3.8602138e-10   9.7998717e-02   1.6972626e-02   9.7998717e-02   1.6972626e-02   3.1293542e-03
   7.0215517e+00   2.9044396e-10   9.6726024e-02   1.7046149e-02   9.6726024e-02   1.7046149e-02   2.7577303e-03
   7.0344828e+00   2.1853609e-10   9.7210757e-02   1.6663382e-02   9.7210757e-02   1.6663382e-02   2.7708373e-03
   7.0474138e+00   1.6444553e-10   9.7659739e-02   1.6724095e-02   9.7659739e-02   1.6724095e-02   3.0002756e-03
   7.0603448e+00   1.2261514e-10   9.6676235e-02   1.6710487e-02   9.6676235e-02   1.6710487e-02   2.3691848e-03
   7.0732759e+00   8.7487749e-11   9.8839863e-02   1.6420715e-02   9.8839863e-02   1.6420715e-02   1.8815418e-03
   7.0862069e+00   5.3506200e-11   9.6935461e-02   1.6271968e-02   9.6935461e-02   1.6271968e-02   1.3640588e-03
   7.0991379e+00   1.5113334e-11   9.9467181e-02   1.6367249e-02   9.9467181e-02   1.6367249e-02   1.6469889e-03
   7.1120690e+00  -3.3248007e-11   9.8030267e-02   1.6392020e-02   9.8030267e-02   1.6392020e-02   1.6927101e-03
   7.1250000e+00  -9.7134983e-11   1.0217117e-01   1.6292938e-02   1.0217117e-01   1.6292938e-02   2.5863526e-03
   7.1379310e+00  -1.8210475e-10   9.8409126e-02   1.6101235e-02   9.8409126e-02   1.6101235e-02   1.3763133e-03
   7.1508621e+00  -2.9371447e-10   1.0346222e-01   1.6317792e-02   1.0346222e-01   1.6317792e-02   2.4924667e-03
   7.1637931e+00  -4.3752131e-10   1.0094047e-01   1.5769900e-02   1.0094047e-01   1.5769900e-02   1.5315373e-03
   7.1767241e+00  -6.1908241e-10   1.0435869e-01   1.6228726e-02   1.0435869e-01   1.6228726e-02   2.4813670e-03
   7.1896552e+00  -8.4395494e-10   1.0534413e-01   1.5841639e-02   1.0534413e-01   1.5841639e-02   2.4089007e-03
   7.2025862e+00  -1.1176961e-09   1.0532589e-01   1.5973417e-02   1.0532589e-01   1.5973417e-02   2.6399379e-03
   7.2155172e+00  -1.4458629e-09   1.0961519e-01   1.5810320e-02   1.0961519e-01   1.5810320e-02   3.8061761e-03
   7.2284483e+00  -1.8340127e-09   1.0978993e-01   1.5856949e-02   1.0978993e-01   1.5856949e-02   3.9409763e-03
   7.2413793e+00  -2.2877026e-09   1.1377850e-01   1.5950561e-02   1.1377850e-01   1.5950561e-02   5.0035247e-03
   7.2543103e+00  -2.8124896e-09   1.1555931e-01   1.5932038e-02   1.1555931e-01   1.5932038e-02   5.7803693e-03
   7.2672414e+00  -3.4139311e-09   1.1725691e-01   1.5920971e-02   1.1725691e-01   1.5920971e-02   6.4749831e-03
   7.2801724e+00  -4.0975841e-09   1.2131209e-01   1.5915266e-02   1.2131209e-01   1.5915266e-02   7.7708859e-03
   7.2931034e+00  -4.8690058e-09   1.2366498e-01   1.6034427e-02   1.2366498e-01   1.6034427e-02   8.7601097e-03
   7.3060345e+00  -5.7337533e-09   1.2493695e-01   1.5816999e-02   1.2493695e-01   1.5816999e-02   9.1963411e-03
   7.3189655e+00  -6.6973839e-09   1.3134765e-01   1.6341776e-02   1.3134765e-01   1.6341776e-02   1.1529415e-02
   7.3318966e+00  -7.7654547e-09   1.3350188e-01   1.6251245e-02   1.3350188e-01   1.6251245e-02   1.2468229e-02
   7.3448276e+00  -8.9435228e-09   1.3617315e-01   1.6197728e-02   1.3617315e-01   1.6197728e-02   1.3834644e-02
   7.3577586e+00  -1.0237145e-08   1.4250933e-01   1.6372646e-02   1.4250933e-01   1.6372646e-02   1.5488553e-02
   7.3706897e+00  -1.1651880e-08   1.4217293e-01   1.6162823e-02   1.4217293e-01   1.6162823e-02   1.6058258e-02
   7.3836207e+00  -1.3193283e-08   1.4865458e-01   1.6404530e-02   1.4865458e-01   1.6404530e-02   1.8419200e-02
   7.3965517e+00  -1.4866912e-08   1.5095460e-01   1.6520132e-02   1.5095460e-01   1.6520132e-02   1.9509670e-02
   7.4094828e+00  -1.6678324e-08   1.5443660e-01   1.6366202e-02   1.5443660e-01   1.6366202e-02   2.0659653e-02
   7.4224138e+00  -1.8633076e-08   1.5984216e-01   1.6713029e-02   1.5984216e-01   1.6713029e-02   2.2602845e-02
   7.4353448e+00  -2.0736726e-08   1.6215660e-01   1.6626072e-02   1.6215660e-01   1.6626072e-02   2.3822265e-02
   7.4482759e+00  -2.2994831e-08   1.6782195e-01   1.6818090e-02   1.6782195e-01   1.6818090e-02   2.6120241e-02
   7.4612069e+00  -2.5412947e-08   1.7052069e-01   1.6921834e-02   1.7052069e-01   1.6921834e-02   2.7427016e-02
   7.4741379e+00  -2.7996632e-08   1.7489811e-01   1.6943423e-02   1.7489811e-01   1.6943423e-02   2.9316924e-02
   7.4870690e+00  -3.0751444e-08   1.7880962e-01   1.7258913e-02   1.7880962e-01   1.7258912e-02   3.1143238e-02
   7.5000000e+00  -3.3682938e-08   1.8236951e-01   1.7157813e-02   1.8236951e-01   1.7157813e-02   3.2728407e-02
   7.5129310e+00  -3.6796673e-08   1.8598282e-01   1.6933379e-02   1.8598282e-01   1.6933379e-02   3.3891591e-02
   7.5258621e+00  -4.0098206e-08   1.9058350e-01   1.7558284e-02   1.9058350e-01   1.7558284e-02   3.5975141e-02
   7.5387931e+00  -4.3593093e-08   1.9472294e-01   1.7520042e-02   1.9472294e-01   1.7520042e-02   3.7681624e-02
   7.5517241e+00  -4.7286892e-08   1.9823328e-01   1.7793044e-02   1.9823328e-01   1.7793044e-02   3.9581878e-02
   7.5646552e+00  -5.1185160e-08   2.0329431e-01   1.7902850e-02   2.0329431e-01   1.7902850e-02   4.1365732e-02
   7.5775862e+00  -5.5293455e-08   2.0539934e-01   1.7819808e-02   2.0539934e-01   1.7819808e-02   4.2437813e-02
   7.5905172e+00  -5.9617332e-08   2.0978537e-01   1.8279564e-02   2.0978537e-01   1.8279564e-02   4.4530296e-02
   7.6034483e+00  -6.4162351e-08   2.1378891e-01   1.8102242e-02   2.1378891e-01   1.8102241e-02   4.5954759e-02
   7.6163793e+00  -6.8934067e-08   2.1581701e-01   1.8213789e-02   2.1581701e-01   1.8213789e-02   4.7137919e-02
   7.6293103e+00  -7.3938037e-08   2.2107903e-01   1.8532724e-02   2.2107903e-01   1.8532724e-02   4.8929748e-02
   7.6422414e+00  -7.9179820e-08   2.2289798e-01   1.8529857e-02   2.2289798e-01   1.8529857e-02   5.0048218e-02
   7.6551724e+00  -8.4664972e-08   2.2776770e-01   1.8897244e-02   2.2776770e-01   1.8897244e-02   5.2002483e-02
   7.6681034e+00  -9.0399050e-08   2.3006696e-01   1.8898365e-02   2.3006696e-01   1.8898365e-02   5.2953427e-02
   7.6810345e+00  -9.6387612e-08   2.3308153e-01   1.9094021e-02   2.3308153e-01   1.9094021e-02   5.4456161e-02
   7.6939655e+00  -1.0263621e-07   2.3690569e-01   1.9390310e-02   2.3690569e-01   1.9390310e-02   5.6203581e-02
   7.7068966e+00  -1.0915041e-07   2.3795938e-01   1.9338067e-02   2.3795938e-01   1.9338067e-02   5.6711719e-02
   7.7198276e+00  -1.1593577e-07   2.4248869e-01   1.9492380e-02   2.4248869e-01   1.9492380e-02   5.8397366e-02
   7.7327586e+00  -1.2299784e-07   2.4278400e-01   1.9314465e-02   2.4278400e-01   1.9314464e-02   5.8330619e-02
   7.7456897e+00  -1.3034217e-07   2.4390204e-01   1.9408724e-02   2.4390204e-01   1.9408723e-02   5.9049968e-02
   7.7586207e+00  -1.3797434e-07   2.4904558e-01   1.9779894e-02   2.4904558e-01   1.9779894e-02   6.0953465e-02
   7.7715517e+00  -1.4589988e-07   2.4702258e-01   1.9571264e-02   2.4702258e-01   1.9571264e-02   6.0255318e-02
   7.7844828e+00  -1.5412437e-07   2.5058090e-01   1.9588220e-02   2.5058090e-01   1.9588219e-02   6.1412930e-02
   7.7974138e+00  -1.6265335e-07   2.5078609e-01   1.9624721e-02   2.5078609e-01   1.9624721e-02   6.1310522e-02
   7.8103448e+00  -1.7149240e-07   2.5080859e-01   1.9441746e-02   2.5080859e-01   1.9441745e-02   6.1507005e-02
   7.8232759e+00  -1.8064705e-07   2.5154781e-01   1.9548914e-02   2.5154781e-01   1.9548914e-02   6.1876161e-02
   7.8362069e+00  -1.9012287e-07   2.4970937e-01   1.9304350e-02   2.4970937e-01   1.9304349e-02   6.0980943e-02
   7.8491379e+00  -1.9992542e-07   2.4852114e-01   1.9225911e-02   2.4852114e-01   1.9225910e-02   6.0604001e-02
   7.8620690e+00  -2.1006025e-07   2.4584849e-01   1.9183944e-02   2.4584849e-01   1.9183943e-02   5.9077679e-02
   7.8750000e+00  -2.2053292e-07   2.4312723e-01   1.9195874e-02   2.4312723e-01   1.9195873e-02   5.7968305e-02
   7.8879310e+00  -2.3134899e-07   2.4075325e-01   1.8956911e-02   2.4075325e-01   1.8956910e-02   5.6771842e-02
   7.9008621e+00  -2.4251402e-07   2.3648699e-01   1.9066721e-02   2.3648699e-01   1.9066720e-02   5.4973659e-02
   7.9137931e+00  -2.5403356e-07   2.3325812e-01   1.8814394e-02   2.3325812e-01   1.8814392e-02   5.3670279e-02
   7.9267241e+00  -2.6591317e-07   2.3002679e-01   1.8804110e-02   2.3002679e-01   1.8804109e-02   5.2276889e-02
   7.9396552e+00  -2.7815840e-07   2.2678949e-01   1.8637103e-02   2.2678949e-01   1.8637102e-02   5.0936021e-02
   7.9525862e+00  -2.9077482e-07   2.2310239e-01   1.8415149e-02   2.2310239e-01   1.8415148e-02   4.9508990e-02
   7.9655172e+00  -3.0376798e-07   2.2124126e-01   1.8484715e-02   2.2124126e-01   1.8484714e-02   4.8682775e-02
   7.9784483e+00  -3.1714344e-07   2.1451849e-01   1.8099054e-02   2.1451849e-01   1.8099053e-02   4.6418470e-02
   7.9913793e+00  -3.3090675e-07   2.1368742e-01   1.8202472e-02   2.1368742e-01   1.8202470e-02   4.5376533e-02
   8.0043103e+00  -3.4506347e-07   2.0838162e-01   1.8003166e-02   2.0838162e-01   1.8003165e-02   4.3626977e-02
   8.0172414e+00  -3.5961917e-07   2.0439737e-01   1.7904962e-02   2.0439737e-01   1.7904960e-02   4.1955480e-02
   8.0301724e+00  -3.7457939e-07   2.0320531e-01   1.8203599e-02   2.0320531e-01   1.8203598e-02   4.1172548e-02
   8.0431034e+00  -3.8994970e-07   1.9762974e-01   1.8095968e-02   1.9762974e-01   1.8095967e-02   3.9289456e-02
   8.0560345e+00  -4.0573564e-07   1.9655065e-01   1.7827418e-02   1.9655065e-01   1.7827416e-02   3.8521935e-02
   8.0689655e+00  -4.2194279e-07   1.9408354e-01   1.7857358e-02   1.9408354e-01   1.7857357e-02   3.7742020e-02
   8.0818966e+00  -4.3857669e-07   1.9073481e-01   1.7705338e-02   1.9073481e-01   1.7705336e-02   3.6600522e-02
   8.0948276e+00  -4.5564290e-07   1.9032740e-01   1.7757775e-02   1.9032740e-01   1.7757773e-02   3.6135333e-02
   8.1077586e+00  -4.7314698e-07   1.8698526e-01   1.7696636e-02   1.8698526e-01   1.7696634e-02   3.4904467e-02
   8.1206897e+00  -4.9109449e-07   1.8559041e-01   1.7386383e-02   1.8559041e-01   1.7386381e-02   3.4093597e-02
   8.1336207e+00  -5.0949099e-07   1.8491482e-01   1.7740924e-02   1.8491482e-01   1.7740922e-02   3.3730591e-02
   8.1465517e+00  -5.2834202e-07   1.8126634e-01   1.7318595e-02   1.8126634e-01   1.7318594e-02   3.2463997e-02
   8.1594828e+00  -5.4765315e-07   1.8108886e-01   1.7463853e-02   1.8108886e-01   1.7463851e-02   3.2298284e-02
