0.015 3.8800414325187455e-12 0.0 1.0 -0.007408038412649402 6.920067795672172 -0.000344815107742322 -5.084176988667518
0.03 5.396954967197072e-12 0.0 1.0 -0.022344978881183118 -6.142247341136838 -0.0031371824008514966 3.957589130568473
0.045 7.507005259150133e-12 0.0 1.0 -0.0222257348489413 0.10596297891005553 -0.003103788546257202 -0.07311920857711486
0.06 1.0442122380349089e-11 0.0 1.0 -0.022087674931068352 0.12582937412822762 -0.0030653486104401818 -0.09579218590534731
0.075 1.4524672965648958e-11 0.0 1.0 -0.021959178031836783 0.11967602648829527 -0.0030297865098593136 -0.08811688055956433
0.09 2.0203353729113745e-11 0.0 1.0 -0.021834792590942093 0.11836137042998153 -0.0029955599106563408 -0.08600623677293062
0.105 2.810223890460909e-11 0.0 1.0 -0.02171422173781404 0.11722385244940187 -0.0029625685259578333 -0.0841079124340411
0.12 3.90894275662361e-11 0.0 1.0 -0.02159689266432014 0.11652494893392266 -0.0029306395577039616 -0.08271966132119417
0.135 5.437202766222933e-11 0.0 1.0 -0.021482440653560732 0.11608484880808215 -0.0028996602082459 -0.0816356707421908
0.15000000000000002 7.562972918406495e-11 0.0 1.0 -0.021370589898900106 0.11582975287942752 -0.00286954399505549 -0.08077148442898928
0.16500000000000004 1.0519864823616152e-10 0.0 1.0 -0.02126112701503346 0.11570846582460807 -0.0028402229376632603 -0.08006857155660882
0.18000000000000005 1.463280972147162e-10 0.0 1.0 -0.021153880886909768 0.11568704800408444 -0.002811641694502523 -0.07948808039978913
0.19500000000000006 2.0353765252633783e-10 0.0 1.0 -0.021048710498753204 0.11574186391528343 -0.0027837540028848784 -0.07900289106139993
0.21000000000000008 2.8311428801775374e-10 0.0 1.0 -0.020945496969973363 0.11585595757117463 -0.0027565203415987776 -0.07859348408968991
0.2250000000000001 3.93803120135086e-10 0.0 1.0 -0.020844138180139776 0.11601683362754202 -0.002729906346361214 -0.07824541672455963
0.2400000000000001 5.477675485578686e-10 0.0 1.0 -0.02074454501800774 0.11621507402080718 -0.0027038816986290877 -0.0779477507785164
0.2550000000000001 7.61927296465529e-10 0.0 1.0 -0.0206466386881461 0.11644344266586265 -0.00267841932344044 -0.07769203536326907
0.27000000000000013 1.0598164431210453e-9 0.0 1.0 -0.020550348726568524 0.1166962886858464 -0.0026534947950437406 -0.07747162839795989
0.28500000000000014 1.4741709050378142e-9 0.0 1.0 -0.020455611504989594 0.11696913767613194 -0.0026290858861856225 -0.07728123145994822
0.30000000000000016 2.0505247609943776e-9 0.0 1.0 -0.020362369078853294 0.11725840553707786 -0.002605172218852303 -0.07711656343976639
0.31500000000000017 2.8522143859946897e-9 0.0 1.0 -0.02027056828149557 0.11756119429441785 -0.0025817349879690755 -0.07697412689890731
0.3300000000000002 3.9673391682365025e-9 0.0 1.0 -0.020180159996659112 0.11787514424149209 -0.002558756738247872 -0.07685103791782613
0.3450000000000002 5.518441862814625e-9 0.0 1.0 -0.02009109855980319 0.11819832623441855 -0.0025362211797252824 -0.07674490074021909
0.3600000000000002 7.675975914897891e-9 0.0 1.0 -0.020003341251890988 0.11852916293262775 -0.002514113031381652 -0.07665371445193539
0.3750000000000002 1.067703630091766e-8 0.0 1.0 -0.019916847855784323 0.11886637245725089 -0.0024924178841961775 -0.07657580368152683
0.39000000000000024 1.4851413994617837e-8 0.0 1.0 -0.01983158025046391 0.11920892970940558 -0.0024711220765051924 -0.0765097675726799
0.40500000000000025 2.0657837687691647e-8 0.0 1.0 -0.019747502019331092 0.11955604308920853 -0.002450212574939158 -0.07645444361655462
0.42000000000000026 2.87343822996291e-8 0.0 1.0 -0.019664578048280097 0.11990714558467659 -0.002429676854158338 -0.076408884196105
0.4350000000000003 3.9968587434662715e-8 0.0 1.0 -0.01958277408615967 0.12026190063785633 -0.0024095027678678635 -0.07637234491320402
0.4500000000000003 5.559498783571491e-8 0.0 1.0 -0.019502056233933265 0.12062022484784996 -0.002389678401995698 -0.07634428499381782
0.4650000000000003 7.733077225938841e-8 0.0 1.0 -0.019422390319602263 0.12098233102906751 -0.0023701918985331153 -0.07632438105799517
0.4800000000000003 1.0756447690191448e-7 0.0 1.0 -0.019343741102127793 0.12134879725953959 -0.0023510312349475267 -0.0763125568570296
0.49500000000000033 1.4961844452828334e-7 0.0 1.0 -0.019266071227378046 0.12172067041424973 -0.002332183938822425 -0.07630903327039831
0.5100000000000003 2.0811387901433182e-7 0.0 1.0 -0.019189339830525884 0.12209961639484838 -0.0023136367099340404 -0.07631440497564415
0.5250000000000004 2.894785951603152e-7 0.0 1.0 -0.0191135006406345 0.12248813371520817 -0.002295374911865133 -0.07632975264730639
0.5400000000000004 4.026532214318076e-7 0.0 1.0 -0.01903849938610844 0.12288985508964602 -0.0022773818803814173 -0.0763568040611595
0.5550000000000004 5.600733893108832e-7 0.0 1.0 -0.01896427022427828 0.12330996972331885 -0.0022596379760098317 -0.07639816178250042
0.5700000000000004 7.790357050677811e-7 0.0 1.0 -0.018890730809083624 0.12375581370049077 -0.0022421192795489832 -0.07645762332823845
0.5850000000000004 1.0835973351382138e-6 0.0 1.0 -0.018817775462648192 0.12423769282460012 -0.00222479578998546 -0.0765406288707383
0.6000000000000004 1.5072174319978533e-6 0.0 1.0 -0.018745265708968256 0.12477002806343046 -0.002207628928780393 -0.07665488573595786
0.6150000000000004 2.096429645727145e-6 0.0 1.0 -0.01867301714035384 0.12537294854114572 -0.002190568076442635 -0.07681123798854722
0.6300000000000004 2.915947329777796e-6 0.0 1.0 -0.018600781190618126 0.1260745044394506 -0.0021735457572942844 -0.07702487529224111
0.6450000000000005 4.055758640153682e-6 0.0 1.0 -0.018528219840270175 0.12691373826485286 -0.002156470931556006 -0.07731701141561693
0.6600000000000005 5.640983840061126e-6 0.0 1.0 -0.018454870524948437 0.12794494217645747 -0.002139219629218117 -0.07771721149858779
0.6750000000000005 7.845563781235835e-6 0.0 1.0 -0.018380097485456146 0.1292435502739798 -0.0021216218343000567 -0.0782666134158965
0.6900000000000005 1.091125625241552e-5 0.0 1.0 -0.018303024392711278 0.13091427652643908 -0.0021034430491067104 -0.07902237688160438
0.7050000000000005 1.517397452254343e-5 0.0 1.0 -0.01822244118677589 0.13310232163720637 -0.0020843582521229828 -0.08006380989502086
0.7200000000000005 2.1100259819150652e-5 0.0 1.0 -0.01813667555076065 0.13600874353611228 -0.002063914872602578 -0.0815007698905117
0.7350000000000005 2.933769796956617e-5 0.0 1.0 -0.018043416158882695 0.1399114180476747 -0.0020414797088281395 -0.08348511718926241
0.7500000000000006 4.078444006478234e-5 0.0 1.0 -0.0179394706976738 0.14519338990652375 -0.0020161620247790826 -0.08622620016928528
0.7650000000000006 5.6684736518387526e-5 0.0 1.0 -0.017820436698751777 0.15238077151926147 -0.0019867007055914404 -0.09001154228250811
0.7800000000000006 7.875958536735746e-5 0.0 1.0 -0.01768025782440263 0.16219253809034026 -0.0019512962141286496 -0.09523399665893319
0.7950000000000006 0.00010938418940492589 0.0 1.0 -0.01751063351659982 0.17560428084480084 -0.00190735632274099 -0.10242646067820621
0.8100000000000006 0.00015182668120393102 0.0 1.0 -0.017300248392051566 0.1939265937489896 -0.001851105321283491 -0.1123044545775863
0.8250000000000006 0.00021056488255136012 0.0 1.0 -0.01703379457373489 0.21889515699792875 -0.0017769756136934134 -0.12581483957207049
0.8400000000000006 0.0002916983396934214 0.0 1.0 -0.01669078479055716 0.2527618508068411 -0.0016766540550364837 -0.14418463367454154
0.8550000000000006 0.00040346885051924003 0.0 1.0 -0.016244212510761018 0.29836158623235054 -0.0015375925271235663 -0.16895573093359773
0.8700000000000007 0.0005568895166027089 0.0 1.0 -0.015659231084000774 0.3591047219698688 -0.0013407279711481538 -0.20197755757807387
0.8850000000000007 0.0007664528315794783 0.0 1.0 -0.014892223845774514 0.43880844596797886 -0.0010571487187534421 -0.24530952431168784
0.9000000000000007 0.0010508333873009794 0.0 1.0 -0.01389093390757058 0.541238657057583 -0.0006436399608533214 -0.3009621714732571
0.9150000000000007 0.0014334134749469673 0.0 1.0 -0.012596668574047327 0.6692127051853979 -3.773294158276224e-5 -0.3703947764015257
0.9300000000000007 0.001942346005200697 0.0 1.0 -0.01094980276226975 0.8231730844544265 0.0008455450555401161 -0.45372154766657485
0.9450000000000007 0.0026097664105816086 0.0 1.0 -0.008899481628757323 0.9993739105498068 0.0021105035550740086 -0.5487089076332017
0.9600000000000007 0.003469761626278764 0.0 1.0 -0.006417044249505117 1.1882786088623603 0.003864326631706382 -0.6499012412613911
0.9750000000000008 0.00455492563653131 0.0 1.0 -0.0035100965106643583 1.3742913991544008 0.006182423886492022 -0.7485022114606116
0.9900000000000008 0.005891851252640773 0.0 1.0 -0.00023139595905074915 1.5380139277246916 0.009061517711074822 -0.8336700216302525
1.0050000000000008 0.007496590538920791 0.0 1.0 0.003323711644174749 1.6611977493332017 0.012384139953830024 -0.8953064224178883
1.0200000000000007 0.009371546194337593 0.0 1.0 0.0070334652002973655 1.7326068260953393 0.01592683975370044 -0.9273249776132284
1.0350000000000006 0.011504982621393692 0.0 1.0 0.01077441400798998 1.7516698598822804 0.019424369847199467 -0.9296518754593798
1.0500000000000005 0.013873355754484354 0.0 1.0 0.014444652461315492 1.7277883139629084 0.02266065979227849 -0.9077846206029369
1.0650000000000004 0.01644554200230767 0.0 1.0 0.017977030201409918 1.6759815551783477 0.025534075808105995 -0.8703164576365269
1.0800000000000003 0.01918750316356989 0.0 1.0 0.021340188198989123 1.6116385985905475 0.02806520396393656 -0.8259886829712454
1.0950000000000002 0.022066157619735936 0.0 1.0 0.024531094543428538 1.5468787230054384 0.030357228831573796 -0.7816634419341103
1.11 0.02505188316779163 0.0 1.0 0.027564602408893177 1.4892977776606249 0.03254201247108677 -0.7416367484176866
1.125 0.02811968096399117 0.0 1.0 0.030464102345049923 1.442461265873873 0.03473875613107491 -0.707925302192928
1.14 0.03124934977173897 0.0 1.0 0.03325497322965972 1.407121225786839 0.03703401576974415 -0.6809538407205721
1.1549999999999998 0.03442507694710991 0.0 1.0 0.03596083553961494 1.382427492676942 0.03947886402726444 -0.6602372021922069
1.1699999999999997 0.03763477043207449 0.0 1.0 0.038601883976388626 1.3668240750040974 0.042095167179444636 -0.6448857135017652
1.1849999999999996 0.04086933946518375 0.0 1.0 0.04119449637443698 1.3585983264433419 0.0448845595714457 -0.6339161393162352
1.1999999999999995 0.04412203380752559 0.0 1.0 0.04375150194762051 1.3561639632954605 0.047836619947258394 -0.626413244427547
1.2149999999999994 0.047387886005253246 0.0 1.0 0.046282717087814416 1.358175176169076 0.05093499642496299 -0.6215961013673256
1.2299999999999993 0.05066326425393059 0.0 1.0 0.04879553314547607 1.3635478224947983 0.05416143996644243 -0.6188315951093195
1.2449999999999992 0.05394552572476291 0.0 1.0 0.051295454365637094 1.3714367513865324 0.057498175896496 -0.6176226764771694
1.2599999999999991 0.05723275377097837 0.0 1.0 0.05378654874112904 1.3811971374599787 0.060929119124807404 -0.6175871388334191
1.274999999999999 0.06052356178708272 0.0 1.0 0.05627180722171844 1.3923439439451526 0.06444035726261152 -0.6184349949691536
1.289999999999999 0.06381694839380225 0.0 1.0 0.05875342098030058 1.404515685930302 0.06802020840749748 -0.6199480497236974
1.3049999999999988 0.06711219133139075 0.0 1.0 0.06123299104337493 1.41744448784508 0.07165905646406402 -0.6219628865624054
1.3199999999999987 0.07040877013454236 0.0 1.0 0.0637116846402283 1.4309324529368317 0.0753490898156959 -0.6243573455491548
1.3349999999999986 0.07370630999863542 0.0 1.0 0.06619035085312147 1.4448335720492826 0.07908401770050011 -0.6270401020842593
1.3499999999999985 0.07700454114169544 0.0 1.0 0.06866960591758876 1.4590401992583628 0.0828588070342527 -0.629942827020562
1.3649999999999984 0.08030326944234317 0.0 1.0 0.07114989642341062 1.4734731834508072 0.08666946443228621 -0.6330144330243852
1.3799999999999983 0.08360235525483602 0.0 1.0 0.07363154686776653 1.4880748802499448 0.09051287728500568 -0.6362169812134633
1.3949999999999982 0.08690169813939891 0.0 1.0 0.07611479640672941 1.5028043565475655 0.09438671628361547 -0.6395228638999992
1.4099999999999981 0.09020122586415412 0.0 1.0 0.07859982797233193 1.5176340617429291 0.09828938157731251 -0.642912844799507
1.424999999999998 0.09350088648782393 0.0 1.0 0.08108679096170827 1.532547090618677 0.10221994339379581 -0.6463744345735284
1.439999999999998 0.09680064266235272 0.0 1.0 0.08357581673652294 1.5475341118312596 0.10617800199153088 -0.6499000350547018
1.4549999999999979 0.10010046753411206 0.0 1.0 0.08606702527674327 1.5625894638490607 0.11016341160969996 -0.6534845384997185
1.4699999999999978 0.10340034179572448 0.0 1.0 0.08856052286428524 1.577707001660799 0.11417591092847976 -0.6571227353572459
1.4849999999999977 0.1067002515657961 0.0 1.0 0.09105639453671724 1.592877416583048 0.1182148358089883 -0.6608076027693937
1.4999999999999976 0.1100001868642183 0.0 1.0 0.09355469809112707 1.6080885408561458 0.12227910836869894 -0.6645304364121252
1.5149999999999975 0.11330014051582395 0.0 1.0 0.0960554645523305 1.6233280161288528 0.12636749489931212 -0.6682824705533079
1.5299999999999974 0.11660010736209583 0.0 1.0 0.09855870441135339 1.6385858952151469 0.13047890253488598 -0.6720564877849198
1.5449999999999973 0.11990008369439238 0.0 1.0 0.10106441557105801 1.6538555690870824 0.13461252329797857 -0.675847408384061
1.5599999999999972 0.12320006684645114 0.0 1.0 0.10357258998273594 1.6691333515957871 0.13876783105694082 -0.6796520489889647
1.574999999999997 0.12650005490141633 0.0 1.0 0.10608321823629255 1.6844176836768991 0.14294452349155107 -0.6834686383652804
1.589999999999997 0.12980004648120655 0.0 1.0 0.1085962923227521 1.6997083952098682 0.14714245742207901 -0.6872963624050134
1.6049999999999969 0.1331000405950816 0.0 1.0 0.11111180666862919 1.715005991207198 0.1513615745918771 -0.6911349215155649
1.6199999999999968 0.1364000365307729 0.0 1.0 0.11362975741350763 1.7303108997564167 0.15560181025501374 -0.6949840622505038
1.6349999999999967 0.13970003377621226 0.0 1.0 0.11615014024429977 1.745622809099678 0.1598630014600817 -0.6988431584518506
1.6499999999999966 0.14300003196326122 0.0 1.0 0.11867294770658132 1.7609403489723385 0.16414483274956626 -0.702710996400791
1.6649999999999965 0.14630003082725582 0.0 1.0 0.12119816722763332 1.7762612777897935 0.1684468493759832 -0.706585866015205
1.6799999999999964 0.1496000301779229 0.0 1.0 0.12372578069913025 1.7915830591847903 0.17276853089737496 -0.7104658941791806
1.6949999999999963 0.1529000298784701 0.0 1.0 0.1262557655723099 1.8069034818270062 0.1771093807500535 -0.7143494147522739
1.7099999999999962 0.15620002983055437 0.0 1.0 0.1287880966918918 1.8222210100377747 0.18146898456588875 -0.7182351844900513
1.724999999999996 0.15950002996347423 0.0 1.0 0.13132274799809768 1.8375347907385935 0.1858470202043702 -0.7221223943051552
1.739999999999996 0.16280003022640047 0.0 1.0 0.1338596936138199 1.852844447162468 0.1902432336508892 -0.7260105497032889
1.754999999999996 0.1661000305827909 0.0 1.0 0.13639890827260043 1.868149829515024 0.1946574044692675 -0.7298993212428116
1.7699999999999958 0.16940003100637377 0.0 1.0 0.13894036727666406 1.8834508232347988 0.19908931680212394 -0.7337884264828036
1.7849999999999957 0.17270003147826166 0.0 1.0 0.14148404621037125 1.898747239105464 0.20353874120305931 -0.7376775597360694
1.7999999999999956 0.17600003198487524 0.0 1.0 0.14402992058377934 1.9140387720180954 0.20800542662299895 -0.741566363087985
1.8149999999999955 0.17930003251645132 0.0 1.0 0.14657796551972122 1.9293250075887263 0.2124891002138442 -0.7454544269420197
1.8299999999999954 0.18260003306596986 0.0 1.0 0.14912815554403272 1.9446054567132336 0.2169894722866359 -0.7493413084039998
1.8449999999999953 0.18590003362838267 0.0 1.0 0.1516804644886125 1.959879598380774 0.2215062433484305 -0.7532265556722014
1.8599999999999952 0.1892000342000584 0.0 1.0 0.15423486547475312 1.975146912946064 0.22603911004757182 -0.7571097275022746
1.8749999999999951 0.19250003477838357 0.0 1.0 0.15679133092361916 1.9904068956621552 0.2305877679022464 -0.7609904012279157
1.889999999999995 0.1958000353614755 0.0 1.0 0.15934983254683335 2.0056590504749847 0.23515191043147818 -0.7648681688632056
1.904999999999995 0.19910003594797548 0.0 1.0 0.16191034129732737 2.0209028730539833 0.23973122607229655 -0.7687426263113526
1.9199999999999948 0.20240003653689906 0.0 1.0 0.1644728272922993 2.0361378351364237 0.2443253950865841 -0.7726133628012692
1.9349999999999947 0.2057000371275282 0.0 1.0 0.16703725974011754 2.051363379059333 0.24893408827767222 -0.7764799559970427
1.9499999999999946 0.20900003771933257 0.0 1.0 0.1696036069057407 2.066578925454742 0.25355696831588237 -0.780341974880033
1.9649999999999945 0.21230003831191052 0.0 1.0 0.1721718361364306 2.0817838910507502 0.25819369327395825 -0.7841989889119099
1.9799999999999944 0.21560003890494572 0.0 1.0 0.17474191395007152 2.0969777103047598 0.26284392122386113 -0.7880505799738187
1.9949999999999943 0.21890003949817208 0.0 1.0 0.17731380617006043 2.112159854117052 0.26750731450886356 -0.7918963531330362
2.0099999999999945 0.2222000400913442 0.0 1.0 0.17988747807928562 2.127329840696598 0.27218354256114646 -0.7957359432327958
2.0249999999999946 0.22550004068421112 0.0 1.0 0.18000425242846477 2.1351347596812107 0.28093048882742433 -0.7992106090694953
2.0399999999999947 0.22880004127648834 0.0 1.0 0.18000420334420755 2.130485781243425 0.28711096303441974 -0.7830322918908195
2.054999999999995 0.23210004186782623 0.0 1.0 0.18000398631298037 2.12751162690053 0.2936642100043184 -0.761310505936637
2.069999999999995 0.23540004245777196 0.0 1.0 0.18000385928560475 2.12858790808893 0.3011770374659146 -0.7459587866106395
2.084999999999995 0.2387000430457201 0.0 1.0 0.18000381513426425 2.1299558847970537 0.30877738255113923 -0.7319761715014041
2.099999999999995 0.24200004363084526 0.0 1.0 0.18000381152909967 2.132067941360022 0.31658026869958217 -0.7191470193870348
2.1149999999999953 0.24530004421201218 0.0 1.0 0.18000382176044483 2.135042888262029 0.32462352769178127 -0.7072134798770613
2.1299999999999955 0.24860004478765033 0.0 1.0 0.1800038350039151 2.1387812064857346 0.3328912265427031 -0.6960781129305945
2.1449999999999956 0.2519000453555818 0.0 1.0 0.18000384835202793 2.1433953644014716 0.34142060514344014 -0.6857596377405459
2.1599999999999957 0.2552000459127819 0.0 1.0 0.1800038615416732 2.1488009143496054 0.35019913787275636 -0.6762305672383456
2.174999999999996 0.2585000464550461 0.0 1.0 0.18000387480663077 2.154960463606216 0.3592255827372172 -0.6674788787544638
2.189999999999996 0.26180004697652925 0.0 1.0 0.18000388830559333 2.1618930042134825 0.3685133096898552 -0.6595087280405323
2.204999999999996 0.26510004746910204 0.0 1.0 0.18000390208763883 2.169602981242709 0.37807203992013605 -0.6523132931814948
2.219999999999996 0.2684000479214583 0.0 1.0 0.18000391614429131 2.178057533854267 0.38790133019653483 -0.6458721349682982
2.2349999999999963 0.2717000483178725 0.0 1.0 0.18000393044611807 2.1872491130554534 0.39800735575583185 -0.640177152134291
2.2499999999999964 0.2750000486364712 0.0 1.0 0.18000394496030314 2.1973269064187453 0.4084404406768531 -0.6352810108571574
2.2649999999999966 0.27830004884683013 0.0 1.0 0.18000395965940796 2.20847463388994 0.4192629372215687 -0.6312533425002493
2.2799999999999967 0.28160004890663004 0.0 1.0 0.1800039745207438 2.22024873765044 0.4303584001254852 -0.6279223893933215
2.294999999999997 0.2849000487570067 0.0 1.0 0.18000398952229513 2.2316637295233304 0.4414453684863888 -0.6248801079732424
2.309999999999997 0.2882000483160816 0.0 1.0 0.18000400463237382 2.24365519304172 0.45279778375339286 -0.6224783145628053
2.324999999999997 0.29150004746996505 0.0 1.0 0.18000401980817465 2.2584325116311326 0.46508522641390304 -0.6216459635311061
2.339999999999997 0.2948000460602401 0.0 1.0 0.18000403502610782 2.2724919537632435 0.47727435346690694 -0.6209080634546374
2.3549999999999973 0.29810004386655375 0.0 1.0 0.1800040502999418 2.2848717144502886 0.4890624056467755 -0.6197999405996295
2.3699999999999974 0.3014000405824027 0.0 1.0 0.18000406558789364 2.303638417394971 0.5029393668472684 -0.6219104589247479
2.3849999999999976 0.3047000357814513 0.0 1.0 0.18000408082975414 2.316515027901174 0.5151140932539235 -0.6217710135054494
2.3999999999999977 0.308000028870681 0.0 1.0 0.18000409608163506 2.3282731599999065 0.5270410443199471 -0.6212261464695639
2.414999999999998 0.31130001902522436 0.0 1.0 0.18000411124421037 2.3574121930601457 0.5446609180394535 -0.6292738326752513
2.429999999999998 0.31460000509772146 0.0 1.0 0.18000412628574608 2.356869404181913 0.552849756397678 -0.6241080201569175
2.444999999999998 0.3178999854922391 0.0 1.0 0.18000414139742846 2.389046172886108 0.5718169761703185 -0.6332610356746377
2.459999999999998 0.321199957988901 0.0 1.0 0.18000415618368837 2.3924632563950845 0.5814667037095541 -0.6314245723097954
2.4749999999999983 0.32449991949996077 0.0 1.0 0.18000417105175234 2.427491696316001 0.6017916301326115 -0.6427709046085843
2.4899999999999984 0.32779986573052095 0.0 1.0 0.18000418557729578 2.4160743614908 0.6065960496112938 -0.6335171518360234
2.5049999999999986 0.3310997907066304 0.0 1.0 0.18000420018209456 2.482283168198311 0.6380177347079398 -0.661022370723626
2.5199999999999987 0.33439968611893595 0.0 1.0 0.18000421426323526 2.41724117590003 0.6243429737083163 -0.6291845474598607
2.534999999999999 0.33769954040982114 0.0 1.0 0.18000422876255281 2.535014619534855 0.674400366656682 -0.6794923061497476
2.549999999999999 0.340999337503841 0.0 1.0 0.18000424194373987 2.51875884884956 0.6777877320446744 -0.6709141412840183
2.564999999999999 0.3442990550421708 0.0 1.0 0.18000425618646673 2.488778773573378 0.676151777520341 -0.6545430298259003
2.579999999999999 0.3475986619275081 0.0 1.0 0.1800042699191717 2.5321671474403322 0.7008932958297986 -0.6735522644601414
2.5949999999999993 0.35089811491051126 0.0 1.0 0.18000428270930827 2.571704407020609 0.7245682313093099 -0.6876893637037887
2.6099999999999994 0.3541973538443611 0.0 1.0 0.18000429563302064 2.5623124055457134 0.730464989133272 -0.67991129184032
2.6249999999999996 0.3574962950892568 0.0 1.0 0.18000430900862222 2.508247433870263 0.7196234368237331 -0.6579218322471659
2.6399999999999997 0.3607948223484334 0.0 1.0 0.18000432213332623 2.6384889794830735 0.7779352756805751 -0.7157950295765754
2.655 0.36409277394097933 0.0 1.0 0.18000433399827542 2.558827979604086 0.7572583482673916 -0.6728415554278538
2.67 0.3673899251366572 0.0 1.0 0.18000434725877032 2.659396100749318 0.8053622992707005 -0.7232346632557658
2.685 0.37068596365745676 0.0 1.0 0.1800043595430948 2.571755753158964 0.781099000674611 -0.6765303375201666
2.7 0.3739804557424341 0.0 1.0 0.18000437257057367 2.6495365835034193 0.8211077697381235 -0.710587273780323
2.7150000000000003 0.3772727992176683 0.0 1.0 0.1800043843666527 2.658682835794089 0.8345276061250986 -0.7129630167115641
2.7300000000000004 0.3805621587432509 0.0 1.0 0.18000439677001537 2.667437291847904 0.8478747124450663 -0.7146988539204873
2.7450000000000006 0.3838473767536214 0.0 1.0 0.18000440919803254 2.657768413412056 0.8538589325826648 -0.7063128262734809
2.7600000000000007 0.38712685151484116 0.0 1.0 0.18000442142866915 2.7167561412051326 0.8877671622339421 -0.7415320483303234
2.775000000000001 0.39039837120706805 0.0 1.0 0.18000443327440604 2.685200509210414 0.8848656727668927 -0.7154859571983218
2.790000000000001 0.39365889017793976 0.0 1.0 0.18000444534699647 2.6362993880470804 0.8745097813096322 -0.707259642121557
2.805000000000001 0.39690423101831174 0.0 1.0 0.18000445722253242 2.6222134095180056 0.8783520964409658 -0.6871791946476359
2.820000000000001 0.40012869505563353 0.0 1.0 0.1800044675623043 2.691503927957914 0.9173124305770157 -0.7291071932846946
2.8350000000000013 0.4033245665660516 0.0 1.0 0.1800044775487552 2.6080289525636964 0.8915460005545505 -0.6663649191314941
2.8500000000000014 0.4064815066292228 0.0 1.0 0.18000448780674705 2.6815628150343462 0.9326450172127457 -0.7128157321035914
2.8650000000000015 0.40958585769949934 0.0 1.0 0.18000449738537314 2.472186753553463 0.8513292534767773 -0.593311734948399
2.8800000000000017 0.4126199284742262 0.0 1.0 0.1800045073049862 2.593774483059942 0.9131867530132483 -0.649307907314983
2.895000000000002 0.41556140856965584 0.0 1.0 0.1800045146068766 2.263528886634281 0.776278601777328 -0.4813511497484044
2.910000000000002 0.41838317225363125 0.0 1.0 0.180004522999058 2.3387182661634642 0.8170723976816461 -0.5049551381719409
2.925000000000002 0.42105384137321966 0.0 1.0 0.18000452679480264 2.107475763696962 0.7207373997627741 -0.3995809154091946
2.940000000000002 0.42353951346627666 0.0 1.0 0.1800045311825262 1.8840828697654735 0.6260732164799557 -0.27019784425816473
2.9550000000000023 0.4258069000107247 0.0 1.0 0.1800045321502391 1.87178816557701 0.6254132532531127 -0.276513400907259
2.9700000000000024 0.42782766402475836 0.0 1.0 0.18000452979078638 1.7048077546855924 0.5536303256128132 -0.1995535371401902
2.9850000000000025 0.42958307238172344 0.0 1.0 0.1800045263425055 1.7943428728124637 0.5980860506200163 -0.24228399532960088
3.0000000000000027 0.4310675474806978 0.0 1.0 0.1800045205020177 1.595983077514601 0.5099299068934273 -0.12991495019000665
3.015000000000003 0.4322897970853791 0.0 1.0 0.18000451568179543 1.4807685795395082 0.45900891250409337 -0.09476718573156129
3.030000000000003 0.4332710649132989 0.0 1.0 0.18000450879861235 1.692228842335287 0.5584889932227365 -0.21054150888799994
3.045000000000003 0.43404120295007115 0.0 1.0 0.18000449895097162 1.7021487917095695 0.5645898094258291 -0.24051457586553304
3.060000000000003 0.43463397869474646 0.0 1.0 0.18000449200419744 1.7212979378367053 0.5746440605133666 -0.2722188958786309
3.0750000000000033 0.43508295318635604 0.0 1.0 0.18000448554257406 1.8544722743608775 0.63743460305344 -0.37410258648329525
3.0900000000000034 0.43541865964613824 0.0 1.0 0.18000447939618483 1.9111947179871693 0.6645437802198516 -0.41066621235753825
3.1050000000000035 0.4356671661491738 0.0 1.0 0.18000447466619549 2.0083793285700553 0.7103348718249565 -0.478242403117108
3.1200000000000037 0.43584971791250315 0.0 1.0 0.18000447146776657 2.0225582547113845 0.7173653211753345 -0.5037351924663036
3.135000000000004 0.4359830488613133 0.0 1.0 0.18000446952099775 1.976442742643309 0.6961951470143987 -0.4988662545830609
3.150000000000004 0.43608001411099506 0.0 1.0 0.18000446810952686 2.2686050291554016 0.832566037798263 -0.6420386475710899
3.165000000000004 0.4361503102992996 0.0 1.0 0.1800044654902525 2.0743264028110984 0.7422022303473356 -0.5843291134054769
3.180000000000004 0.43620115498312817 0.0 1.0 0.18000446744665924 2.222511280829035 0.8114013683851359 -0.6642533272710642
3.1950000000000043 0.4362378688289159 0.0 1.0 0.18000446698941375 2.1591789855513124 0.7819718016918783 -0.6347417001436618
3.2100000000000044 0.4362643468156948 0.0 1.0 0.18000446743396142 2.279852966165756 0.8382998410343081 -0.7076091474489312
3.2250000000000045 0.4362834258771078 0.0 1.0 0.18000446680460808 2.296978483049932 0.8463355376934976 -0.7228535593831744
3.2400000000000047 0.4362971647880016 0.0 1.0 0.18000446747434712 2.256170794681304 0.8273453241998888 -0.6908645529653672
3.255000000000005 0.4363070536851021 0.0 1.0 0.18000446769178124 2.2620994229037117 0.830135831997621 -0.7236190535416069
3.270000000000005 0.436314169083781 0.0 1.0 0.18000446751025226 2.353041596575795 0.8725597056382869 -0.7708134458225646
3.285000000000005 0.436319287627085 0.0 1.0 0.1800044665043126 2.2894875778966943 0.8429391170601477 -0.7331780491538816
3.300000000000005 0.4363229690668893 0.0 1.0 0.18000446703406311 2.3359605307894493 0.8646191565454143 -0.7622097735986032
3.3150000000000053 0.4363256165484509 0.0 1.0 0.18000446696310207 2.3942750538899937 0.8918184418179549 -0.8144542034864952
3.3300000000000054 0.43632752027644367 0.0 1.0 0.18000446724032101 2.249018732837138 0.8240905034994881 -0.7364322310787873
3.3450000000000055 0.4363288890765011 0.0 1.0 0.18000446778174226 2.3446588325166773 0.8686914188416697 -0.7583368600212933
3.3600000000000056 0.43632987317285044 0.0 1.0 0.18000446631114728 2.3627733351066715 0.8771410059901201 -0.7774675071551773
3.3750000000000058 0.43633058060845986 0.0 1.0 0.18000446618858237 2.315055219237385 0.8548917449373071 -0.7983734720809801
3.390000000000006 0.43633108907242146 0.0 1.0 0.1800044663693621 2.360115467899189 0.8759049961899441 -0.8451728078733227
3.405000000000006 0.43633145441373833 0.0 1.0 0.18000446559536445 2.414762891088071 0.9013884643992309 -0.8362153587182193
3.420000000000006 0.4363317167664664 0.0 1.0 0.1800044643834029 2.310711846039138 0.8528694875998526 -0.7715303184394913
3.4350000000000063 0.4363319049538083 0.0 1.0 0.18000446529338918 2.3014989155479544 0.8485739395519681 -0.7801481089882878
3.4500000000000064 0.43633203965228595 0.0 1.0 0.18000446530276376 2.428873926019576 0.9079702032888499 -0.8416741244208188
3.4650000000000065 0.4363321356622351 0.0 1.0 0.18000446455203567 2.3620659083185442 0.8768174031520735 -0.8229764517976047
3.4800000000000066 0.43633220353337027 0.0 1.0 0.18000446530028402 2.3325898049539906 0.8630726605476453 -0.8172449419110741
3.4950000000000068 0.43633225072366166 0.0 1.0 0.1800044645117707 2.4239669406884414 0.9056826428287029 -0.8625529880947989
3.510000000000007 0.43633228241867267 0.0 1.0 0.18000446248617852 2.403622743836967 0.8961960840641185 -0.8591604583465446
3.525000000000007 0.4363323021012915 0.0 1.0 0.18000446122139516 2.3934447274648845 0.8914500559117386 -0.8586957993947704
3.540000000000007 0.43633231193441097 0.0 1.0 0.18000445987858055 2.384723056645125 0.8873831050018903 -0.8634500979582347
3.5550000000000073 0.4363323129985824 0.0 1.0 0.1800044596148007 2.3887584256086023 0.8892648320894955 -0.8757042961850587
3.5700000000000074 0.43633230541074663 0.0 1.0 0.18000446059515454 2.414725740104365 0.9013735657419374 -0.896277174424001
3.5850000000000075 0.4363322883370838 0.0 1.0 0.18000446224436478 2.4663611213597716 0.9254514853820462 -0.9261142035243326
3.6000000000000076 0.43633225990139246 0.0 1.0 0.1800044637257107 2.45041607406257 0.9180161026472761 -0.9298450185263222
3.6150000000000078 0.4363322169789361 0.0 1.0 0.18000446469588754 2.425850561540419 0.9065608929299256 -0.9269598226582194
3.630000000000008 0.43633215485311055 0.0 1.0 0.18000446386336225 2.4467128160619387 0.9162889430700701 -0.9415513987227462
3.645000000000008 0.43633206669723046 0.0 1.0 0.18000446204432566 2.4927845860608784 0.9377722996116993 -0.9682678749190141
3.660000000000008 0.43633194282452836 0.0 1.0 0.18000446122081706 2.4905598539399545 0.9367345300880754 -0.9758160539341085
3.6750000000000083 0.4363317696240404 0.0 1.0 0.18000446193735223 2.456132597688034 0.9206803508135822 -0.9689481065799299
3.6900000000000084 0.43633152806561215 0.0 1.0 0.18000446235216921 2.4847835503569753 0.9340397840368247 -0.9858586751385189
3.7050000000000085 0.4363311916100703 0.0 1.0 0.18000446102850579 2.5380543301553735 0.9588793046277915 -1.0123298266778091
3.7200000000000086 0.43633072329555234 0.0 1.0 0.18000445948169963 2.4931451056936442 0.9379364821105246 -1.0007802113862734
3.7350000000000088 0.43633007168105503 0.0 1.0 0.1800044587932606 2.521969438007386 0.9513755025132471 -1.0152709311999866
3.750000000000009 0.43632916520384635 0.0 1.0 0.18000445683548022 2.499773397464466 0.9410227205263066 -1.015286845919509
3.765000000000009 0.4363279043353408 0.0 1.0 0.18000445507046828 2.542959714994518 0.9611568985742247 -1.0384640665845641
3.780000000000009 0.4363261506824656 0.0 1.0 0.18000445244403498 2.5138786927369705 0.9475911744829225 -1.0342694204163236
3.7950000000000093 0.4363237118543023 0.0 1.0 0.180004450854906 2.517816507327736 0.9494201617790192 -1.0482602991732364
3.8100000000000094 0.4363203204646907 0.0 1.0 0.18000444937675375 2.5592296780216723 0.9687207991822225 -1.089295177085117
3.8250000000000095 0.4363156050284345 0.0 1.0 0.18000444841774224 2.5959813294777097 0.9858434326851249 -1.143725503826296
3.8400000000000096 0.43630904967835143 0.0 1.0 0.18000444862652856 2.594283615444398 0.9850317922760958 -1.1573286049168432
3.8550000000000098 0.43629993851814175 0.0 1.0 0.18000444955171097 2.5410292579916236 0.9601731526160452 -1.094309025357567
3.87000000000001 0.4362872789606659 0.0 1.0 0.18000445065630497 2.5328581174428635 0.9563254966676624 -1.0732599887641485
3.88500000000001 0.4362696965184712 0.0 1.0 0.18000445140592072 2.52812470466656 0.9540662557342281 -1.0731126761863896
3.90000000000001 0.43624529118841837 0.0 1.0 0.1800044519403266 2.5124309133565004 0.9466772270914343 -1.0665928533146716
3.9150000000000102 0.4362114428884 0.0 1.0 0.18000445206999294 2.5150376757749404 0.9477924177152677 -1.0710371072677698
3.9300000000000104 0.4361645506868597 0.0 1.0 0.18000445152775818 2.5178896025585167 0.9489830609915202 -1.0759360084188814
3.9450000000000105 0.43609968862627385 0.0 1.0 0.18000445040698781 2.490040715783294 0.9358128005157935 -1.0636086321417744
3.9600000000000106 0.4360101614841545 0.0 1.0 0.18000444884207298 2.4450499977418008 0.9145889707772069 -1.041613741811159
3.9750000000000107 0.4358869500397646 0.0 1.0 0.18000444673620156 2.411770683015117 0.8987348745980658 -1.0256708114027402
3.990000000000011 0.4357180527210856 0.0 1.0 0.18000444399053747 2.3736775518202693 0.8805222339761517 -1.0074404705484434
4.0050000000000106 0.4354877668204517 0.0 1.0 0.18000444090880693 2.3048132509895245 0.8478401041206316 -0.969650945858729
4.02000000000001 0.4351760168782969 0.0 1.0 0.18000443743265038 2.204562296173995 0.8003919802273562 -0.9142643338709697
4.03500000000001 0.4347579349236824 0.0 1.0 0.18000443314289766 2.0949683261213368 0.7484203224022112 -0.8540643286189811
4.05000000000001 0.4342040137898755 0.0 1.0 0.18000442749184614 1.9796043176035754 0.6935711825548456 -0.7901838884268346
4.065000000000009 0.43348123897342655 0.0 1.0 0.18000442021230295 1.8559512075869868 0.6346766720177928 -0.7220770949864772
4.080000000000009 0.43255555275143065 0.0 1.0 0.18000441115741564 1.711234349309577 0.5658691578563293 -0.643368733740606
4.095000000000009 0.4313956927620196 0.0 1.0 0.18000440018428612 1.565289243001214 0.49640223660296334 -0.5661261019784054
4.110000000000008 0.4299778491500658 0.0 1.0 0.18000438701926594 1.4643123517323497 0.44755297124331594 -0.5179943183651947
4.125000000000008 0.42828992507407304 0.0 1.0 0.180004371590693 1.4297416111998802 0.4289534101910018 -0.5119128488457614
4.140000000000008 0.4263339341698415 0.0 1.0 0.1800043543742702 1.4180435891111614 0.42046309566563156 -0.520949900284013
4.155000000000007 0.4241255906653379 0.0 1.0 0.18000433621797426 1.4370245115647815 0.425483351386783 -0.5494717433517293
4.170000000000007 0.42169125909834765 0.0 1.0 0.17962373487814773 1.5164212252405147 0.4580813192065013 -0.6160376895844315
4.185000000000007 0.4190634335640377 0.0 1.0 0.1790391817094586 1.6148328620087393 0.4988405041297127 -0.6909867485618204
4.200000000000006 0.4162762120988192 0.0 1.0 0.17841576775887605 1.6850806727080039 0.5263141487448446 -0.7456290202578331
4.215000000000006 0.4133618159054373 0.0 1.0 0.1778654610350251 1.7646458331835706 0.5569764379977186 -0.8049808114930719
4.230000000000006 0.4103485206980817 0.0 1.0 0.17745344311393896 1.856373098650597 0.5918385200301715 -0.8716801323321308
4.245000000000005 0.40725983978268615 0.0 1.0 0.17710085471810325 1.899634926198448 0.6048348332939686 -0.9080787802312837
4.260000000000005 0.40411456942230467 0.0 1.0 0.17680343011474178 1.9384181221546717 0.6153524629037701 -0.9416355630269075
4.275000000000005 0.4009273062291714 0.0 1.0 0.1765869939261375 1.9928052502307512 0.6319198613967097 -0.9850627170281081
4.2900000000000045 0.3977091478108084 0.0 1.0 0.17634970789173565 2.0012696249578568 0.6287800492667176 -0.9997099193142589
4.305000000000004 0.3944684021407046 0.0 1.0 0.1760851943907961 2.0140302978820737 0.6273938360171444 -1.0175061530929517
4.320000000000004 0.3912112193167266 0.0 1.0 0.17582953849321523 2.045824795808558 0.6337177783012183 -1.0467589451934078
4.3350000000000035 0.3879421151101198 0.0 1.0 0.17552219920977508 2.0427604374327446 0.625664956086682 -1.0522508196943612
4.350000000000003 0.3846643857930882 0.0 1.0 0.1751634943653773 2.0469553527708597 0.6206911456662015 -1.063781159984675
4.365000000000003 0.3813804272516624 0.0 1.0 0.1747973713154658 2.0681762243522264 0.6225299731271112 -1.0854169516071404
4.380000000000003 0.37809197559151725 0.0 1.0 0.17436715376009193 2.0547597438124927 0.6106033446700101 -1.0841500751106288
4.395000000000002 0.3748002860487469 0.0 1.0 0.1739293373809272 2.0689996680417617 0.609681629801744 -1.1014014978499758
4.410000000000002 0.37150626473717113 0.0 1.0 0.17347341983131273 2.071467936244659 0.6041146151872898 -1.1106181039467922
4.425000000000002 0.36821056500094024 0.0 1.0 0.17298541896401068 2.0619661366516606 0.5939934002068034 -1.1119346119196236
4.440000000000001 0.36491365753858496 0.0 1.0 0.172514545361355 2.0786592576137664 0.5939196238145262 -1.131047950298116
4.455000000000001 0.36161588126123606 0.0 1.0 0.17200991526792045 2.0638760374317924 0.5819010630190243 -1.1291388584816295
4.470000000000001 0.3583174800866184 0.0 1.0 0.17151086257294007 2.07264727778582 0.5788107541545656 -1.1433927002003925
4.485 0.3550186295108477 0.0 1.0 0.17099478176667254 2.0688317858425784 0.5710365577150966 -1.1489885141691263
4.5 0.35171945577356306 0.0 1.0 0.17046221575642678 2.0662811204005385 0.5638018484702809 -1.1555150778272643
4.515 0.34842004966831785 0.0 1.0 0.169924000339319 2.0702698746816366 0.558983221051733 -1.166701331134461
4.529999999999999 0.3451204764878216 0.0 1.0 0.1693655785755627 2.0635741827993113 0.5503480461051494 -1.1703732461556517
4.544999999999999 0.34182078318241205 0.0 1.0 0.16881284549397094 2.0709021194610524 0.5467475685148342 -1.1838132355206583
4.559999999999999 0.33852100351089787 0.0 1.0 0.1682454761436929 2.063619874799804 0.5379898458937855 -1.1867638755787044
4.574999999999998 0.3352211617459223 0.0 1.0 0.16768433786401882 2.06700430585233 0.5329960155837012 -1.1965809372129617
4.589999999999998 0.3319212753390269 0.0 1.0 0.16711157106232816 2.058671335315023 0.5239721811614554 -1.198074273450864
4.604999999999998 0.32862135683724236 0.0 1.0 0.16653597030071898 2.055458613023094 0.5167695332603763 -1.2029265400752684
4.619999999999997 0.3253214152612913 0.0 1.0 0.16594645914679737 2.0473250406421757 0.5079685924044901 -1.2049420058178042
4.634999999999997 0.3220214570965731 0.0 1.0 0.16534050913726914 2.0394707995873285 0.4993634194235289 -1.2079874868327656
4.649999999999997 0.31872148700569236 0.0 1.0 0.16471595922528098 2.0315175673428123 0.4908299792597576 -1.211141439565648
4.6649999999999965 0.3154215083407568 0.0 1.0 0.164066967041296 2.0203272736659943 0.4813571176223834 -1.2117211740289744
4.679999999999996 0.31212152351170175 0.0 1.0 0.16339388489996706 2.010977379142071 0.47261671826896384 -1.213664381521452
4.694999999999996 0.30882153425110065 0.0 1.0 0.16269550468299385 2.000872605547797 0.46376211987082605 -1.2144204664271419
4.7099999999999955 0.3055215418045486 0.0 1.0 0.1619709195739934 1.9892956296690376 0.4545760388823941 -1.2131310351610727
4.724999999999995 0.30222154706753684 0.0 1.0 0.16121520479353385 1.973431624580463 0.44420608239318543 -1.2082288215108534
4.739999999999995 0.29892155068385745 0.0 1.0 0.16042376349210694 1.954178757957144 0.43298374174016807 -1.201695123825443
4.754999999999995 0.2956215531163485 0.0 1.0 0.15959899509714304 1.936440728919754 0.422432285917341 -1.1981888676296761
4.769999999999994 0.292321554697756 0.0 1.0 0.1587488306138724 1.9231451323094089 0.4133980518103379 -1.1998015640080049
4.784999999999994 0.28902155566729926 0.0 1.0 0.15788101583544664 1.9139059608529936 0.4057008354819722 -1.2063265356888802
4.799999999999994 0.2857215561969586 0.0 1.0 0.1570003583655357 1.9065576621733373 0.39864985768484884 -1.215786590906083
4.814999999999993 0.28242155641037525 0.0 1.0 0.15610187357573246 1.8924760950656916 0.3897316537301141 -1.2175874261391977
4.829999999999993 0.27912155639643776 0.0 1.0 0.1551673306299299 1.8607134525084086 0.37591676608851743 -1.1970575820874054
4.844999999999993 0.2758215562190503 0.0 1.0 0.15417559134922942 1.8116865381455296 0.35755308486736104 -1.1556220211340553
4.859999999999992 0.27252155592415533 0.0 1.0 0.15309030023460016 1.737073602740399 0.33256871161468593 -1.0866718894737262
4.874999999999992 0.2692215555447822 0.0 1.0 0.151889307993752 1.6469225060223707 0.3040472404860762 -1.0065836948650957
4.889999999999992 0.26592155510467685 0.0 1.0 0.15063410258856727 1.6030587811137653 0.2888654718202016 -0.9880076887189086
4.904999999999991 0.2626215546209112 0.0 1.0 0.14936894691018548 1.5917230304139087 0.2827419574319056 -1.005582278436219
4.919999999999991 0.259321554105759 0.0 1.0 0.1480634597071115 1.5587081715868276 0.27100794343836443 -0.9950291669926998
4.934999999999991 0.2560215535680453 0.0 1.0 0.14668819053016047 1.5063000205818902 0.25454496871986354 -0.9622025922175648
4.94999999999999 0.25272155301411575 0.0 1.0 0.1452516739393008 1.4601187478934405 0.24015347388903244 -0.9379900828220038
4.96499999999999 0.24942155244853367 0.0 1.0 0.14376549992328233 1.419964518103842 0.22769061168407945 -0.9202970238057395
4.97999999999999 0.2461215518745822 0.0 1.0 0.14221148922016474 1.3641637507832791 0.21167779130355382 -0.8854674652546097
4.9949999999999894 0.24282155129462468 0.0 1.0 0.1405993768516371 1.3155853416221701 0.19792161510970463 -0.8599319196037045
5.009999999999989 0.2395215507103643 0.0 1.0 0.1389718871314406 1.2986652931183855 0.19223217904235826 -0.8646190933729336
5.024999999999989 0.23622155012303164 0.0 1.0 0.137329457797718 1.2784670210922782 0.1858652937026301 -0.8605634807687861
5.0399999999999885 0.2329215495335193 0.0 1.0 0.13565421985920764 1.242145657540177 0.17583820463575006 -0.839047681073634
5.054999999999988 0.22962154894248082 0.0 1.0 0.13397203395030097 1.2243424642456697 0.17036935459942631 -0.8372700406653821
5.069999999999988 0.2263215483504017 0.0 1.0 0.13229549247746478 1.214095155230993 0.16671883387982053 -0.8400921501292482
5.0849999999999875 0.22302154775765304 0.0 1.0 0.13065263833597576 1.2270463439879578 0.16830857064867488 -0.8687466591413263
5.099999999999987 0.21972154716453257 0.0 1.0 0.12905108395870418 1.2451784381369153 0.17086298832368169 -0.9042407341727301
5.114999999999987 0.21642154657129714 0.0 1.0 0.12744393508697954 1.2220772986895398 0.16420331879230293 -0.892255932303455
5.129999999999987 0.21312154597819083 0.0 1.0 0.12582985860243878 1.1991329165572107 0.15771644884484812 -0.8808744211605036
5.144999999999986 0.2098215453854721 0.0 1.0 0.12421897916717865 1.185563097715461 0.15334684876730614 -0.881325211528371
5.159999999999986 0.20652154479344167 0.0 1.0 0.12261132133735204 1.1739308868424474 0.14943936270267388 -0.8871463520104595
5.174999999999986 0.2032215442024762 0.0 1.0 0.1209541286010401 1.1149113834944735 0.13589175566235734 -0.8408133946525791
5.189999999999985 0.19992154361306946 0.0 1.0 0.1192250349385624 1.0374626652412362 0.11909125799312362 -0.7748097145973439
5.204999999999985 0.1966215430258861 0.0 1.0 0.11744976367345729 0.9799682322059019 0.10682903880692884 -0.729808444539208
5.219999999999985 0.1933215424418355 0.0 1.0 0.11563522450014076 0.929943975904785 0.09644139169787173 -0.694547515692594
5.234999999999984 0.19002154186217116 0.0 1.0 0.11379127533037227 0.8843985953829603 0.08725834781127531 -0.6586834234289511
5.249999999999984 0.1867215412886285 0.0 1.0 0.11193713617745454 0.8613718514763031 0.08261183840329153 -0.654330653613193
5.264999999999984 0.18342154072361583 0.0 1.0 0.11011959849285247 0.8745236216699075 0.08473803911923158 -0.6870014103883417
5.279999999999983 0.18012154017047857 0.0 1.0 0.10825725283014731 0.81814320477195 0.07413235271174402 -0.6455913811061865
5.294999999999983 0.17682153963386762 0.0 1.0 0.10632835857711834 0.7399307687568303 0.06005544722785272 -0.5761391141202871
5.309999999999983 0.1735215391202496 0.0 1.0 0.10435665364151467 0.6869960918730033 0.05095058433315093 -0.5386593164224514
5.324999999999982 0.17022153863861786 0.0 1.0 0.1023264564187749 0.6160651544276375 0.03913814404984366 -0.47888084265470865
5.339999999999982 0.16692153820148092 0.0 1.0 0.10022224855194796 0.5345100790705111 0.02605823212834686 -0.40776823311102295
5.354999999999982 0.16362153782623703 0.0 1.0 0.09811243518758427 0.5060986896582469 0.02225462888202557 -0.3894446474471195
5.3699999999999815 0.1603215375370857 0.0 1.0 0.09596612811807628 0.4514616406551909 0.014388905293899752 -0.34802730478887967
5.384999999999981 0.1570215373676875 0.0 1.0 0.09377212605308106 0.38391221799056074 0.004845305072621826 -0.28766013241212873
5.399999999999981 0.1537215373648628 0.0 1.0 0.09159875103446652 0.3778738196623078 0.00520218228604806 -0.2986987375990565
5.4149999999999805 0.15042153759373703 0.0 1.0 0.08944701300015943 0.3696606376848928 0.0051836920109469276 -0.30400308067339
5.42999999999998 0.1471215381448975 0.0 1.0 0.08727248804631597 0.32910239885517284 0.00039200852012385295 -0.28126521608510624
5.44499999999998 0.14382153914434795 0.0 1.0 0.08514301154622306 0.3403558895354976 0.003266757160404872 -0.3051798295112019
5.4599999999999795 0.1405215407673555 0.0 1.0 0.08293129072525127 0.24813013853230018 -0.00854445939772102 -0.22633853346340982
5.474999999999979 0.13722154325771094 0.0 1.0 0.08066162129454983 0.17215234854930417 -0.017495788219470926 -0.15840777504575476
5.489999999999979 0.13392154695451886 0.0 1.0 0.0783924797532187 0.14207985661349212 -0.019819302090929077 -0.1357672995472633
5.504999999999979 0.13062155232946246 0.0 1.0 0.07608703434270318 0.08411112876054656 -0.025637741937629015 -0.08743030471047153
5.519999999999978 0.1273215600386363 0.0 1.0 0.07381901937080622 0.0945512913538614 -0.022414143751921044 -0.11788972811203502
5.534999999999978 0.12402157099464471 0.0 1.0 0.07155851633412164 0.08112684365399118 -0.022309462036720903 -0.1253740581351379
5.549999999999978 0.1207215864668858 0.0 1.0 0.06920701153936122 -0.023206747717909936 -0.03312988498127807 -0.030408596651447573
5.564999999999977 0.11742160822104174 0.0 1.0 0.06667648538534897 -0.2111990740596917 -0.053041121512327066 0.1608631691674388
5.579999999999977 0.11412163871310099 0.0 1.0 0.06410765818240463 -0.28020591014492713 -0.058108761686732666 0.2288166105248325
5.594999999999977 0.11082168135922776 0.0 1.0 0.06173742523105592 -0.13799708241988065 -0.039452223309943066 0.06363922357768381
5.609999999999976 0.10752174091112462 0.0 1.0 0.05949086466858377 -0.05406984945721576 -0.02820257263128641 -0.048050845924058616
5.624999999999976 0.10422182397811844 0.0 1.0 0.0572168750823509 -0.10736393697439794 -0.0319122893417623 -0.004343744977513775
5.639999999999976 0.10092193975330016 0.0 1.0 0.05485574929864292 -0.21269769328322288 -0.040542804422932205 0.0960540106041623
5.654999999999975 0.09762210102344086 0.0 1.0 0.0524473066333525 -0.28160252870022734 -0.044944261052966644 0.15799615129463596
5.669999999999975 0.09432232557351483 0.0 1.0 0.05006353190587669 -0.29040469904679833 -0.043291388194753685 0.15938824448637967
5.684999999999975 0.09102263813988666 0.0 1.0 0.04765261317760822 -0.3425561347127738 -0.04559374829069734 0.20584007043228147
5.699999999999974 0.08772307312624544 0.0 1.0 0.04528186363449284 -0.331647390088852 -0.042101055654524475 0.17991247953512335
5.714999999999974 0.08442367837966336 0.0 1.0 0.04289984848379927 -0.3690778068635841 -0.042838031528711074 0.20903720312388885
5.729999999999974 0.08112452043965017 0.0 1.0 0.04053469034941082 -0.382169736119992 -0.04142925088393456 0.2158256508423797
5.7449999999999735 0.07782569183299569 0.0 1.0 0.03826571603950272 -0.3209533981083102 -0.03425715399962267 0.13709222995002124
5.759999999999973 0.07452732120823745 0.0 1.0 0.03598164723725798 -0.3576232130224982 -0.03485950731106101 0.1645124904371873
5.774999999999973 0.07122958740836899 0.0 1.0 0.03359545772974604 -0.4717103601857573 -0.04076624963921383 0.27784410114783664
5.7899999999999725 0.06793273899912565 0.0 1.0 0.031163316931630113 -0.5387967977558391 -0.04277438750120718 0.34438992078774777
5.804999999999972 0.0646371213425994 0.0 1.0 0.028818469428563236 -0.4886906783114098 -0.03686075421002963 0.28461311417048396
5.819999999999972 0.06134321408285021 0.0 1.0 0.026558084792120688 -0.4398113043565316 -0.03145341333490507 0.22530058855381574
5.8349999999999715 0.05805168295383393 0.0 1.0 0.02433288715796989 -0.433775662251295 -0.028936217259855988 0.212998745573156
5.849999999999971 0.054763451200834465 0.0 1.0 0.02212790787201382 -0.4421348836508922 -0.02731821123676845 0.21910331376727754
5.864999999999971 0.05147979769243309 0.0 1.0 0.01998751240973221 -0.413043369819154 -0.023795659361902647 0.1866045963418147
5.879999999999971 0.04820249102874746 0.0 1.0 0.01791310315567526 -0.38347015638062687 -0.020517034379838393 0.15343912532760795
5.89499999999997 0.04493397157260176 0.0 1.0 0.015882190513397516 -0.3756854223126357 -0.01847890554496849 0.14602596287007596
5.90999999999997 0.04167759608804386 0.0 1.0 0.01390467918741853 -0.36356658865307534 -0.01637720850948637 0.13741421777558283
5.92499999999997 0.03843796189041141 0.0 1.0 0.012010625821201456 -0.331659261822869 -0.013661639943143289 0.11236721877648104
5.939999999999969 0.03522132763320472 0.0 1.0 0.010230765369091533 -0.2812306508707327 -0.010567475007203942 0.07280265393587626
5.954999999999969 0.03203614327185294 0.0 1.0 0.008582222992415513 -0.22628336505298377 -0.007714750102450184 0.03455423598107954
5.969999999999969 0.028893687496006806 0.0 1.0 0.007090093932471042 -0.16306882547477744 -0.005028955336458512 -0.004990047847026058
5.984999999999968 0.025808779617781538 0.0 1.0 0.005796158323585376 -0.08106149278303289 -0.002303719604453488 -0.05504917332930909
5.999999999999968 0.02280047542688196 0.0 1.0 0.004755227065350545 0.027191750650271077 0.00047797881718209375 -0.12155040014582486
6.014999999999968 0.019892566457483177 0.0 1.0 0.004029312406853248 0.1652796845935971 0.003186240907290996 -0.20720648640164346
6.029999999999967 0.017113587131166577 0.0 1.0 0.003675592607227904 0.3289749431963277 0.005545592895354782 -0.3078200467248545
6.044999999999967 0.014495935680442723 0.0 1.0 0.003733968811985933 0.5075432754063426 0.007270217393596402 -0.4142818247288964
6.059999999999967 0.01207372517430019 0.0 1.0 0.004220071180416292 0.6898344551012704 0.008217370955207436 -0.5198870382586096
6.074999999999966 0.00987922652384028 0.0 1.0 0.005112509507724234 0.8596858936806508 0.00832907163479797 -0.615886992725702
6.089999999999966 0.007938308559491188 0.0 1.0 0.006334049243959709 0.9881744451075704 0.007592507969591852 -0.6813695538524266
6.104999999999966 0.006265960931521471 0.0 1.0 0.00776489828928396 1.0555643123138125 0.006235367720600858 -0.7040477305635507
6.1199999999999655 0.004863370610220323 0.0 1.0 0.009275487576784555 1.0627940441850523 0.004628223904670359 -0.6907495287443653
6.134999999999965 0.0037176801587350842 0.0 1.0 0.010750626646391292 1.0214403644380299 0.00307121579542842 -0.6534246727309392
6.149999999999965 0.002804526294835517 0.0 1.0 0.012103207259269397 0.9461968945337597 0.0017332285092929876 -0.6011544894068558
6.1649999999999645 0.00209236366271866 0.0 1.0 0.013278243778541829 0.8504809518893288 0.0006717161651421044 -0.5392335299386453
6.179999999999964 0.0015471024774103169 0.0 1.0 0.014253925673799924 0.7480747747394675 -0.00011923465384161016 -0.474155071156647
6.194999999999964 0.0011358765850131426 0.0 1.0 0.015036565932600146 0.6514229232814207 -0.0006806821638014984 -0.41317293343943456
6.2099999999999635 0.0008294255926542763 0.0 1.0 0.015649212293502565 0.5678197781585457 -0.0010677747092877397 -0.360694018951862
6.224999999999963 0.0006031595485466253 0.0 1.0 0.016121343530457403 0.49966649824639814 -0.001331607159238118 -0.3179925916481755
6.239999999999963 0.0004372688394571059 0.0 1.0 0.016482862130114552 0.44672101603341496 -0.001511708562193171 -0.2847375262779257
6.254999999999963 0.0003162824065536651 0.0 1.0 0.01675984951995537 0.40664300850471385 -0.0016362860349740155 -0.25921143844106614
6.269999999999962 0.00022838895641486457 0.0 1.0 0.016973063158692837 0.3764112054691608 -0.001724122524498862 -0.2392908734393469
6.284999999999962 0.00016471949972671668 0.0 1.0 0.01713924343711213 0.35406640202976775 -0.0017873870995061534 -0.22379265594040595
6.299999999999962 0.00011869423392208228 0.0 1.0 0.017270817011701196 0.33740814059710583 -0.0018341071644208777 -0.21137965514056062
6.314999999999961 8.54741978673051e-5 0.0 1.0 0.017375516044734248 0.3238088937722747 -0.0018692701160160467 -0.2003374078307344
6.329999999999961 6.152315266625377e-5 0.0 1.0 0.01745911557303655 0.31244505750631996 -0.001896022446446539 -0.19034581078176946
6.344999999999961 4.426866343028173e-5 0.0 1.0 0.017526822168033966 0.3034245006594523 -0.0019166963282372747 -0.1817782378384609
6.35999999999996 3.1845580195226794e-5 0.0 1.0 0.017582572468002124 0.2962523714589709 -0.0019329926468651063 -0.17442243399856355
6.37499999999996 2.290478513618321e-5 0.0 1.0 0.01762852913483988 0.2899233176288268 -0.001945953699121727 -0.16755396994657082
6.38999999999996 1.6472092524036238e-5 0.0 1.0 0.017665434732703145 0.28360790573509226 -0.00195610684509362 -0.16056931730069707
6.404999999999959 1.1844919008593926e-5 0.0 1.0 0.0176938024571789 0.2772943780562618 -0.0019637963499349624 -0.15354907021084646
6.419999999999959 8.517010709709154e-6 0.0 1.0 0.017714667943036104 0.27153662751701235 -0.0019694103101189895 -0.14708379685132228
6.434999999999959 6.123813957134922e-6 0.0 1.0 0.017729611812639396 0.26698972801532456 -0.001973416039286628 -0.1418997373123051
6.449999999999958 4.4029340557570046e-6 0.0 1.0 0.017740742079486043 0.2643503646681056 -0.0019763676844950237 -0.13871101244026918
6.464999999999958 3.16556964392242e-6 0.0 1.0 0.017750638968952955 0.2641697051112805 -0.00197890234981111 -0.13787320349238008
6.479999999999958 2.2759043887776698e-6 0.0 1.0 0.01776131032520378 0.2660567172098471 -0.0019815141578192826 -0.13873402193255588
6.4949999999999575 1.6362540125505908e-6 0.0 1.0 0.017773854939881963 0.2692324711331077 -0.001984480031408409 -0.1403754414068085
6.509999999999957 1.1763688936179764e-6 0.0 1.0 0.01778969274727946 0.2739169366459107 -0.0019881373321995574 -0.14310423186023008
6.524999999999957 8.457334984397935e-7 0.0 1.0 0.017812556377017764 0.2820826555978032 -0.001993335484551464 -0.14918325147959802
6.5399999999999565 6.08025110910318e-7 0.0 1.0 0.017847891018886324 0.29531585279495814 -0.002001311614075876 -0.16051555389975786
6.554999999999956 4.371274179999457e-7 0.0 1.0 0.017894872258857237 0.3081913023810213 -0.002011907426602218 -0.1712759892905696
6.569999999999956 3.142632058816923e-7 0.0 1.0 0.01794229036593522 0.3113469494379181 -0.002022621508473685 -0.17128686628940962
6.5849999999999556 2.2593227517470563e-7 0.0 1.0 0.017979542017309953 0.3049769064693236 -0.002031058278430402 -0.16108151349170619
6.599999999999955 1.6242859054468348e-7 0.0 1.0 0.01799113913996697 0.28428405440154564 -0.002033702077670768 -0.1353893060809624
6.614999999999955 1.1677403529259993e-7 0.0 1.0 0.017970291261104592 0.25650459432300354 -0.0020290076736245895 -0.10145435233639508
6.629999999999955 8.395176322178788e-8 0.0 1.0 0.017946046182967943 0.2539075092497073 -0.0020235449480899147 -0.09534008726095619
6.644999999999954 6.035498621031156e-8 0.0 1.0 0.017931094166162433 0.2626954645502798 -0.002020179884777558 -0.10206451093488317
6.659999999999954 4.3390668867435974e-8 0.0 1.0 0.017923575275726897 0.2700833743191301 -0.00201849015350244 -0.10703941112805096
6.674999999999954 3.119460070619326e-8 0.0 1.0 0.017922001606987384 0.27652199942379524 -0.002018138818006544 -0.11093734153515666
6.689999999999953 2.242654858937144e-8 0.0 1.0 0.017924498399267033 0.281828862927554 -0.0020187034765810933 -0.11385447380659
6.704999999999953 1.6122983203292056e-8 0.0 1.0 0.01792971347820145 0.2863218791535228 -0.0020198800266468305 -0.1160295391225837
6.719999999999953 1.1591197862687824e-8 0.0 1.0 0.01793796954190517 0.291087589874974 -0.002021741882708478 -0.11831006579413716
6.734999999999952 8.333188649101011e-9 0.0 1.0 0.017949612456148362 0.2960510617558934 -0.002024368130977798 -0.12064259084812143
6.749999999999952 5.990927824154311e-9 0.0 1.0 0.0179644815686629 0.30087350436555615 -0.00202772408373068 -0.12282612582498072
6.764999999999952 4.30702051864767e-9 0.0 1.0 0.017982262685970283 0.30548331869110706 -0.002031740614658289 -0.12485943129502704
6.779999999999951 3.096419504640243e-9 0.0 1.0 0.018002158113734023 0.309570437768222 -0.0020362392640560704 -0.12653897919260712
6.794999999999951 2.226089588914431e-9 0.0 1.0 0.018023048386423875 0.3129349499005828 -0.002040968102895227 -0.1277457656218176
6.809999999999951 1.6003886446721945e-9 0.0 1.0 0.01804388049037268 0.3156007991386376 -0.0020456891657851784 -0.12850859867424574
6.82499999999995 1.150557415318294e-9 0.0 1.0 0.018064029380874033 0.31779570035745336 -0.0020502605381908083 -0.12898723089827865
6.83999999999995 8.271631264633968e-10 0.0 1.0 0.018083719809215967 0.3199969851413446 -0.002054732788429539 -0.12950963668353954
6.85499999999995 5.946672184938065e-10 0.0 1.0 0.018103775092150946 0.32253614129085656 -0.0020592928858751292 -0.13029456657293031
6.8699999999999495 4.275203316387761e-10 0.0 1.0 0.01812479833148311 0.3253046196994044 -0.0020640784762361118 -0.131265091891481
6.884999999999949 3.0735458145148816e-10 0.0 1.0 0.018146796115939945 0.32801324903648255 -0.002069091834853843 -0.1322340598626299
6.899999999999949 2.2096450859473627e-10 0.0 1.0 0.01816940407592494 0.33049553642001317 -0.0020742505789524304 -0.13309822154776998
6.9149999999999485 1.5885659086171457e-10 0.0 1.0 0.018192157452033158 0.3327036817984567 -0.002079448981718333 -0.13382441652679272
6.929999999999948 1.1420584475248612e-10 0.0 1.0 0.018214597218868478 0.33461950958390557 -0.0020845821016810115 -0.13439140616487208
6.944999999999948 8.210531259406687e-11 0.0 1.0 0.01823629952883803 0.3362333312326125 -0.0020895525432707437 -0.13478347817133213
6.959999999999948 5.902742454450287e-11 0.0 1.0 0.018256853498007476 0.33753580531719124 -0.0020942654371989707 -0.1349902846539925
6.974999999999947 4.2436346454580254e-11 0.0 1.0 0.01827582760317837 0.3385202311977005 -0.002098620789314051 -0.13500964045305053
6.989999999999947 3.05083901658608e-11 0.0 1.0 0.01829280377115538 0.33921062742667446 -0.0021025213647918343 -0.13486319152767529
7.004999999999947 2.1933279129683904e-11 0.0 1.0 0.018307457591258226 0.33967182336186397 -0.0021058912513730343 -0.13459868218138435
7.019999999999946 1.576821623446657e-11 0.0 1.0 0.01831959291846615 0.3399793216652908 -0.002108684011475084 -0.1342680216158498
