0.015 1.8335583051865e-10 1.2881412603249487e-12 1.0 -0.09993106854944518 -22.728238542468745 -0.06274526527852214 6.334828929462491
0.03 2.432699597321175e-10 2.2626790024959933e-12 1.0 -0.06950974732963784 12.54406318834639 -0.030357866330071318 -5.08202339930984
0.045 3.2276198380642995e-10 3.555661182153003e-12 1.0 -0.0699371673843676 -0.25903848750807934 -0.03073236243898175 -0.023734805179664874
0.06 4.2822917434293117e-10 5.2711443543351774e-12 1.0 -0.07040482163159219 -0.3009912863566243 -0.031144737531829298 0.012564821225663604
0.075 5.681593528983342e-10 7.54718662565601e-12 1.0 -0.0708552305745535 -0.29015661716088254 -0.03154450391849826 0.00031538216076679886
0.09 7.538135671225632e-10 1.05669583500001e-11 1.0 -0.07129942183744273 -0.28916592418235554 -0.03194124851095892 -0.0030392127759320824
0.105 1.0001331984810236e-9 1.4573484710678207e-11 1.0 -0.07173769763560973 -0.2883095008812883 -0.0323351396316903 -0.006220144666034
0.12 1.3269413345895487e-9 1.9889202160228158e-11 1.0 -0.0721711533357185 -0.2883170162961895 -0.03272707296115702 -0.008599703340889706
0.135 1.7605387703234499e-9 2.6941907246835763e-11 1.0 -0.07260049249024342 -0.2888457204941807 -0.03311761160768133 -0.010496761343335865
0.15000000000000002 2.335820370458208e-9 3.6299186989552375e-11 1.0 -0.07302625332469016 -0.28975699360766877 -0.0335071828669623 -0.012040378662849146
0.16500000000000004 3.099083711877171e-9 4.871409359230584e-11 1.0 -0.07344885141805448 -0.290949012726069 -0.0338961128905851 -0.013323757291442364
0.18000000000000005 4.1117544924418326e-9 6.518575200453738e-11 1.0 -0.07386861859819138 -0.2923535052613092 -0.034284659332084765 -0.014409068867857838
0.19500000000000006 5.455329910031281e-9 8.703976414614625e-11 1.0 -0.07428582700699318 -0.2939226990401073 -0.03467303146294911 -0.015339766596628028
0.21000000000000008 7.237938248749742e-9 1.1603489190326059e-10 1.0 -0.074700705050164 -0.29562230218449564 -0.035061403479707244 -0.01614708532640618
0.2250000000000001 9.603039696770566e-9 1.5450459828203484e-10 1.0 -0.07511344814932898 -0.2974270389418214 -0.0354499234384645 -0.01685410969506414
0.2400000000000001 1.2740972166191966e-8 2.0554483906587437e-10 1.0 -0.07552422620520421 -0.299317840764851 -0.0358387194267336 -0.017478315172820114
0.2550000000000001 1.6904268984596627e-8 2.7326321622167535e-10 1.0 -0.07593318892640985 -0.3012800285663099 -0.0362279039474624 -0.018033208277628276
0.27000000000000013 2.242798247120703e-8 3.631095493034088e-10 1.0 -0.07634046973846301 -0.303302104430913 -0.0366175771189741 -0.01852941655239093
0.28500000000000014 2.9756647923484536e-8 4.823144621191047e-10 1.0 -0.07674618871670498 -0.30537492225701474 -0.0370078290648486 -0.018975435161715362
0.30000000000000016 3.9480057667518054e-8 6.404712833002483e-10 1.0 -0.07715045481962274 -0.3074910972849246 -0.03739874172517338 -0.01937815394819816
0.31500000000000017 5.23807265895293e-8 8.503080891481e-10 1.0 -0.07755336759470273 -0.3096445684877805 -0.03779039023126797 -0.019743240652539382
0.3300000000000002 6.949686509605257e-8 1.1287120203068441e-9 1.0 -0.07795501847023475 -0.3118302632754739 -0.03818284393635535 -0.02007542645800736
0.3450000000000002 9.220593033543167e-8 1.4980882998699716e-9 1.0 -0.07835549171508974 -0.3140438348848886 -0.03857616716919138 -0.020378722596400455
0.3600000000000002 1.2233547647122478e-7 1.9881633198104443e-9 1.0 -0.07875486513614036 -0.31628145594170337 -0.038970419769645506 -0.02065658606431204
0.3750000000000002 1.6231022531565387e-7 2.6383768896715023e-9 1.0 -0.07915321057571882 -0.3185396563366507 -0.03936565746182481 -0.020912047195023122
0.39000000000000024 2.1534719019111748e-7 3.501056150823081e-9 1.0 -0.07955059426264409 -0.32081519407599524 -0.03976193211522171 -0.021147809289512844
0.40500000000000025 2.857145526280469e-7 4.645626549282248e-9 1.0 -0.07994707705585247 -0.32310494606264545 -0.040159291933507514 -0.02136632947402552
0.42000000000000026 3.7907511718504594e-7 6.164198683364379e-9 1.0 -0.08034271459976647 -0.32540580400492836 -0.04055778159407425 -0.02156988934243431
0.4350000000000003 5.029419742341723e-7 8.178980536593945e-9 1.0 -0.08073755738908764 -0.32771456034267177 -0.04095744234305718 -0.021760663079393307
0.4500000000000003 6.672830179521583e-7 1.085211140325338e-8 1.0 -0.08113165071980612 -0.3300277692791899 -0.04135831203263054 -0.02194078997334775
0.4650000000000003 8.853229307992372e-7 1.4398708558585615e-8 1.0 -0.08152503448532523 -0.3323415686307731 -0.04176042507266375 -0.02211245749639777
0.4800000000000003 1.1746071081897291e-6 1.9104176003023623e-8 1.0 -0.08191774276193389 -0.33465144814242864 -0.04216381225807847 -0.02227800082307893
0.49500000000000033 1.5584130240164917e-6 2.534716712604414e-8 1.0 -0.08230980311239543 -0.33695194727269134 -0.042568500422874626 -0.02244002545038332
0.5100000000000003 2.0676224077309513e-6 3.363004729861621e-8 1.0 -0.08270123552038443 -0.33923626188667977 -0.04297451186250329 -0.022601560754281155
0.5250000000000004 2.743204526756138e-6 4.4619304475773697e-8 1.0 -0.08309205084628477 -0.34149573221736407 -0.043381863452773985 -0.022766254840587516
0.5400000000000004 3.639509762454196e-6 5.919915384129674e-8 1.0 -0.08348224866443696 -0.3437191750752438 -0.04379056537401775 -0.022938624411530936
0.5550000000000004 4.8286373787731485e-6 7.854263970000225e-8 1.0 -0.08387181429982593 -0.3458920106282549 -0.044200619320357334 -0.02312437792493207
0.5700000000000004 6.406226946698013e-6 1.0420593777558946e-7 1.0 -0.08426071482381114 -0.34799511709936726 -0.044612016030577135 -0.02333083644993527
0.5850000000000004 8.499135910111644e-6 1.3825341378018172e-7 1.0 -0.08464889368996928 -0.35000332508281234 -0.045024731914088116 -0.02356748442313058
0.6000000000000004 1.127561484037809e-5 1.834234439778566e-7 1.0 -0.08503626358514206 -0.35188343455154913 -0.045438724452335016 -0.023846692841023597
0.6150000000000004 1.4958788136620882e-5 2.433482393362359e-7 1.0 -0.08542269693139695 -0.35359160160133 -0.04585392592030128 -0.02418467038845384
0.6300000000000004 1.9844505512511823e-5 3.228451826019915e-7 1.0 -0.08580801328996858 -0.35506989495737384 -0.04627023476976665 -0.024602714927333805
0.6450000000000005 2.6324966548696427e-5 4.2830280515965306e-7 1.0 -0.0861919626784865 -0.3562417640314207 -0.04668750371183334 -0.025128858637915197
0.6600000000000005 3.491995920357205e-5 5.681919051375722e-7 1.0 -0.08657420350074747 -0.35700608700957814 -0.047105523069372005 -0.02580002629340657
0.6750000000000005 4.6318120359711834e-5 7.53741954953522e-7 1.0 -0.08695427338722585 -0.357229379358991 -0.04752399724407503 -0.02666485738082961
0.6900000000000005 6.14313532439903e-5 9.99835504651923e-7 1.0 -0.08733155073363064 -0.3567356406312629 -0.047942510995851374 -0.027787378711166728
0.7050000000000005 8.146645593543056e-5 1.3261895285141696e-6 1.0 -0.08770520408112924 -0.35529320559397504 -0.048360480395494024 -0.02925175256944084
0.7200000000000005 0.00010801915709579557 1.758913478115827e-6 1.0 -0.0880741256897599 -0.3525978610820104 -0.0487770803490257 -0.03116835961458731
0.7350000000000005 0.00014319713558830216 2.332560151070836e-6 1.0 -0.08843684470644414 -0.34825142175662765 -0.04919113578842673 -0.0336814939932731
0.7500000000000006 0.00018978020133719742 3.0928182431238405e-6 1.0 -0.08879141424504255 -0.3417349899378158 -0.04960095584988709 -0.03697892543410299
0.7650000000000006 0.00025142754542256673 4.100035142598632e-6 1.0 -0.08913526555351403 -0.332376365489654 -0.050004077873377364 -0.04130347713598916
0.7800000000000006 0.0003329436021272114 5.433804766252496e-6 1.0 -0.08946502142576372 -0.3193117122573109 -0.05039686831871193 -0.046966505263211104
0.7950000000000006 0.00044061513913878914 7.198905776004757e-6 1.0 -0.08977626048481958 -0.30144293219860546 -0.050773897334142504 -0.05436262895845951
0.8100000000000006 0.00058263184161228 9.532924652327849e-6 1.0 -0.09006322457708603 -0.27739470605652794 -0.051126959073385804 -0.0639840742956874
0.8250000000000006 0.0007695994033465325 1.2615934207121587e-5 1.0 -0.0903184643770629 -0.24547944663328614 -0.051443549002697334 -0.07643132998720584
0.8400000000000006 0.0010151456393224234 1.668260017896218e-5 1.0 -0.0905324251158906 -0.2036851514951869 -0.051704537442436964 -0.09241422117705946
0.8550000000000006 0.0013366030011174868 2.2037021980086682e-5 1.0 -0.09069298750175477 -0.14971070883323956 -0.051880718838597226 -0.11273387586382995
0.8700000000000007 0.0017557208599747187 2.907042684411729e-5 1.0 -0.09078500122165953 -0.08108481212649031 -0.0519279305799279 -0.13823174614619865
0.8850000000000007 0.0022993140060326156 3.8281461856936134e-5 1.0 -0.09078988219075962 0.004585305908745186 -0.05178065069548398 -0.169688325126928
0.9000000000000007 0.0029996891109260737 5.0298194393605425e-5 1.0 -0.09068538937864258 0.10918927482129923 -0.05134460730889758 -0.20765493547268463
0.9150000000000007 0.0038946162042328147 6.589999829014174e-5 1.0 -0.09044574509895664 0.23349282983130268 -0.05049019547450151 -0.25221297923557806
0.9300000000000007 0.0050265517524107906 8.603632767522212e-5 1.0 -0.09004229461776979 0.37637097348072884 -0.04905042576201236 -0.30268357618295777
0.9450000000000007 0.006440820133441105 0.0001118382058026732 1.0 -0.08944488314974171 0.5340685650735196 -0.04682907036022289 -0.357359246600168
0.9600000000000007 0.008182583148177214 0.00014461757376869075 1.0 -0.08862402117917598 0.699807739734244 -0.043624790985300435 -0.4133850331671554
0.9750000000000008 0.01029271766333878 0.00018585012509718775 1.0 -0.08755369347837394 0.8641336438112146 -0.039272648363499564 -0.4669401797146589
0.9900000000000008 0.012803148590813995 0.00023713944427451638 1.0 -0.08621438368595978 1.016249489747195 -0.03369433724875648 -0.5138088473201917
1.0050000000000008 0.015732593239275505 0.0003001640971880372 1.0 -0.08459565476362993 1.146175897412063 -0.026936901446818394 -0.5502579486960772
1.0200000000000007 0.019083819602621094 0.00037661373828832575 1.0 -0.0826976009805397 1.2470453081965012 -0.0191765820028693 -0.5739340257828606
1.0350000000000006 0.022843225515506632 0.0004681235318515377 1.0 -0.08053074873613132 1.3165929846246303 -0.01067789361840596 -0.5844040701264855
1.0500000000000005 0.026982868618897704 0.0005762167052688563 1.0 -0.07811444389265092 1.3572178897253195 -0.0017225957309183262 -0.583105849440622
1.0650000000000004 0.03146433507210922 0.0007022626003679491 1.0 -0.07547420148501814 1.3747045466392933 0.0074594654075421235 -0.572768866099874
1.0800000000000003 0.036243390727193264 0.0008474533573048301 1.0 -0.07263870734728851 1.376306425654888 0.016729593588238063 -0.5566056468427
1.0950000000000002 0.041274368579359316 0.0010127981745498853 1.0 -0.06963709817648583 1.369003542287127 0.02604168326512661 -0.5376037448586928
1.11 0.04651359575285191 0.0011991312973541376 1.0 -0.06649690502151726 1.3584190691796363 0.035417250353836305 -0.5181050289774285
1.125 0.05192160781699384 0.0014071288767492968 1.0 -0.06324277337057045 1.348449657443443 0.04491221356241537 -0.49968207191121117
1.14 0.057464243267179 0.001637330213030641 1.0 -0.05989587475953015 1.3413978622623957 0.05458907618818071 -0.48321704731847925
1.1549999999999998 0.06311288710943538 0.0018901599750378556 1.0 -0.056473830390904964 1.3383400170500428 0.06449993299822815 -0.46907101274666047
1.1699999999999997 0.06884416655112482 0.002165949200375065 1.0 -0.052990955626059884 1.3395315197645834 0.07467956113528285 -0.45726257343009113
1.1849999999999996 0.07463935530151936 0.0024649539092633367 1.0 -0.04945866784126079 1.3447469741369842 0.08514526607576402 -0.4476151393784322
1.1999999999999995 0.08048366930292719 0.00278737089709726 1.0 -0.04588594766087854 1.3535244088090386 0.09590010174163008 -0.4398614907075856
1.2149999999999994 0.08636556717227861 0.0031333507245756447 1.0 -0.04227978696999446 1.3653212034582736 0.10693708017024135 -0.4337098635240592
1.2299999999999993 0.09227611560054311 0.0035030081656269806 1.0 -0.038645589547906915 1.3796031327326355 0.1182430655339839 -0.42888114100394686
1.2449999999999992 0.09820844468129086 0.003896430473385064 1.0 -0.034987511354706666 1.395888521570069 0.12980182979442156 -0.42512674333953837
1.2599999999999991 0.10415729720852485 0.004313683840655106 1.0 -0.031308739800289455 1.4137649932497391 0.14159619593475645 -0.4222347830128271
1.274999999999999 0.11011866503538681 0.00475481840363546 1.0 -0.027611717539971298 1.432890962438278 0.15360939858190342 -0.4200297334855788
1.289999999999999 0.11608950089415782 0.005219872091192374 1.0 -0.02389831880849155 1.4529895865809552 0.16582585214048332 -0.4183689414842947
1.3049999999999988 0.12206749296201419 0.00570887357104687 1.0 -0.02016998667428036 1.473839717101143 0.17823150740773003 -0.4171379432301207
1.3199999999999987 0.1280508901770383 0.006221844496178775 1.0 -0.016427838917355386 1.4952663287466317 0.19081394310282493 -0.4162456520360146
1.3349999999999986 0.13403836782412326 0.006758801212768944 1.0 -0.012672749113442997 1.5171316585260626 0.20356230153004715 -0.4156199429504233
1.3499999999999985 0.14002892464339176 0.007319756055958527 1.0 -0.0089054082625746 1.53932758516911 0.21646714751319043 -0.4152038540658639
1.3649999999999984 0.14602180437284068 0.007904718331308626 1.0 -0.005126371074141043 1.5617694258427737 0.22952031028147363 -0.41495246802642227
1.3799999999999983 0.1520164360954504 0.008513695057290981 1.0 -0.0013360898739976917 1.5843911763172622 0.24271475858495342 -0.41483047061207556
1.3949999999999982 0.15801238898181846 0.009146691526477888 1.0 0.0024650618859838685 1.6071421585658852 0.25604455433768164 -0.4148103587004917
1.4099999999999981 0.164009338009984 0.00980371172940608 1.0 0.006276775133573134 1.62998493824626 0.26950491414460576 -0.4148712369221669
1.424999999999998 0.17000703803139905 0.010484758674548985 1.0 0.010098798068932364 1.6528940841853792 0.2830923534978526 -0.41499804108381927
1.439999999999998 0.17600530416874496 0.011189834629762873 1.0 0.013930933194095873 1.6758547731507007 0.2968047681905621 -0.41518081386625505
1.4549999999999979 0.18200399700952274 0.011918941304418552 1.0 0.01777303251231375 1.6988596863108494 0.31064115833158823 -0.41541342619297544
1.4699999999999978 0.18800301142743137 0.012672079986751638 1.0 0.02162498403656867 1.7219032730933057 0.32460074583309056 -0.4156913216972839
1.4849999999999977 0.1940022681453307 0.013449251647414128 1.0 0.025486688601900516 1.744975440772854 0.3386817766706802 -0.41600895747670097
1.4999999999999976 0.20000170736843037 0.014250457017520491 1.0 0.029358036932782782 1.7680595131676655 0.35288096191921386 -0.41635875481813167
1.5149999999999975 0.2060012839796595 0.015075696647446592 1.0 0.03323889959070194 1.7911362946705913 0.3671941202132141 -0.41673238802130647
1.5299999999999974 0.21200096391301823 0.0159249709511001 1.0 0.03712913092345177 1.8141895920551758 0.38161728308802506 -0.41712277634590295
1.5449999999999973 0.2180007214144499 0.016798280239218165 1.0 0.041028578081591584 1.8372083764724216 0.3961472608741909 -0.4175249173568185
1.5599999999999972 0.22400053697059077 0.017695624744367516 1.0 0.044937088123303146 1.860185908576377 0.4107815983288348 -0.41793558487684335
1.574999999999997 0.2300003957391616 0.01861700463965682 1.0 0.048854511853413704 1.8831181732162905 0.4255183371754565 -0.4183527433318259
1.589999999999997 0.23600028635493908 0.01956242005266577 1.0 0.05278070529144811 1.9060026975064668 0.44035581328453444 -0.41877509568249854
1.6049999999999969 0.2420002000153612 0.020531871075711024 1.0 0.056715529536236486 1.928837735907285 0.4552925011364786 -0.4192017689051559
1.6199999999999968 0.24800012977226063 0.021525357773274974 1.0 0.06065884942191091 1.9516216305254122 0.47032687312864996 -0.41963206181711216
1.6349999999999967 0.25400006997277436 0.02254288018719465 1.0 0.06461053137996665 1.9743523273451635 0.4854572762744544 -0.4200652433737628
1.6499999999999966 0.2600000158044619 0.023584438340028477 1.0 0.06857044109137579 1.9970271268998827 0.5006818536395187 -0.420500432421659
1.6649999999999965 0.2659999629080406 0.024650032236871677 1.0 0.07253844154603664 2.019642705479749 0.5159985301515995 -0.4209365777566676
1.6799999999999964 0.27199990702658133 0.025739661865766192 1.0 0.07651439192031391 2.0421953367612065 0.5314050547330241 -0.421372517159972
1.6949999999999963 0.2779998436629388 0.026853327196738434 1.0 0.08049814729525989 2.0646811548497053 0.5468990620855869 -0.42180705832012066
1.7099999999999962 0.2839997677178555 0.027991028179387277 1.0 0.08448955891297312 2.087096314116766 0.5624781138525387 -0.42223902699564775
1.724999999999996 0.28999967307961994 0.029152764738828073 1.0 0.08848847461637792 2.109437010895018 0.5781397042745401 -0.4226672672606816
1.739999999999996 0.29599955213226964 0.030338536769666694 1.0 0.09249473926651691 2.131699419710971 0.5938812402403549 -0.42309061184106567
1.754999999999996 0.3019993951427782 0.031548344127518606 1.0 0.09650819506687762 2.1538795963633586 0.6097000080916822 -0.4235078416207767
1.7699999999999958 0.3079991894779435 0.03278218661739073 1.0 0.10052868173788204 2.1759733503438845 0.625593126377014 -0.42391763540126015
1.7849999999999957 0.3139989185880133 0.03404006397799179 1.0 0.10455603641562766 2.1979760505298485 0.6415574714074367 -0.4243184961096813
1.7999999999999956 0.3199985606753557 0.03532197586070942 1.0 0.10859009308865493 2.2198823248249036 0.6575895595286405 -0.4247086372969025
1.8149999999999955 0.32599808694121696 0.0366279218015636 1.0 0.11263068139126767 2.241685635034522 0.6736853748343057 -0.42508582034640474
1.8299999999999954 0.3319974592697912 0.037957901183882696 1.0 0.11667762464686032 2.263377733494354 0.6898401385135973 -0.4254471417718264
1.8449999999999953 0.3379966271637894 0.03931191318870328 1.0 0.12073073715305775 2.2849480172701218 0.7060480192851097 -0.4257887738729679
1.8599999999999952 0.34399552368588854 0.04068995672891154 1.0 0.12478982074490108 2.3063827758483444 0.7223017777242672 -0.4261056558223888
1.8749999999999951 0.3499940600811948 0.042092030361842184 1.0 0.12885466059634754 2.3276642796346985 0.7385923190822068 -0.4263911153532359
1.889999999999995 0.35599211865104424 0.04351813217332994 1.0 0.13292502002595688 2.3487696009654275 0.7549081055528706 -0.42663638045490104
1.904999999999995 0.36198954331008126 0.044968259623932735 1.0 0.13700063383176647 2.3696690219991967 0.7712343588119892 -0.4268299245435231
1.9199999999999948 0.36798612707624 0.04644240934503991 1.0 0.14108119947214143 2.3903238709695906 0.7875519704324777 -0.4269565804446759
1.9349999999999947 0.3739815955036799 0.047940576868612736 1.0 0.14516636524944698 2.4106836200290456 0.8038360252437954 -0.4269963521197974
1.9499999999999946 0.37997558475496884 0.049462756269082406 1.0 0.1492557144944466 2.43068205105138 0.820053821882129 -0.42692284030261807
1.9649999999999945 0.3859676125997635 0.05100893968906895 1.0 0.15334874452996325 2.4502322423863 0.8361622412334675 -0.42670117579044975
1.9799999999999944 0.39195704009721866 0.05257911671160002 1.0 0.1574448388646145 2.4692200524802574 0.8521042665678308 -0.4262853224199801
1.9949999999999943 0.3979430210383408 0.05417327352979626 1.0 0.16154323059990094 2.487495682124214 0.8678044000726188 -0.425614572864898
2.0099999999999945 0.4039244353596544 0.055791391849812286 1.0 0.16564295440587065 2.504862794104643 0.8831626516255946 -0.42460901745379676
2.0249999999999946 0.40989980165934725 0.057433447443317936 1.0 0.16974278362570713 2.5210645729235712 0.8980467034050297 -0.42316372577078964
2.0399999999999947 0.41586716263024803 0.05909940824102488 1.0 0.17384114811691714 2.5357660446322785 0.9122817910180407 -0.42114135449923956
2.054999999999995 0.42182393567699006 0.06078923182778673 1.0 0.17793602735592812 2.5485319940392634 0.9256378123798568 -0.41836290353284805
2.069999999999995 0.427766719273714 0.06250286216196949 1.0 0.18202481219532893 2.558799996572894 0.9378132249352051 -0.41459642304389127
2.084999999999995 0.43369104392512364 0.06424022529717392 1.0 0.18610412762411932 2.565848568196629 0.9484155011509037 -0.4095436912112068
2.099999999999995 0.4395910553061782 0.06600122383461758 1.0 0.19016960825448948 2.5687614650123263 0.9569384195795522 -0.4028253415581876
2.1149999999999953 0.4454591170121382 0.06778572978413681 1.0 0.1942156186167834 2.5663910921006994 0.9627374913933192 -0.3939657811392047
2.1299999999999955 0.4512853226408944 0.06959357547059397 1.0 0.19823491266837712 2.5573273030632553 0.9650066739733036 -0.38238072877741003
2.1449999999999956 0.4570569137436664 0.07142454210859916 1.0 0.20221823276507328 2.5398831568835973 0.9627625928885667 -0.36737257247393773
2.1599999999999957 0.46275761462312426 0.07327834571243878 1.0 0.20615385994655766 2.51211685100451 0.9548471230781367 -0.34814217685648857
2.174999999999996 0.4683669211060358 0.07515462015683179 1.0 0.2100271475419708 2.471918686927516 0.9399653148585179 -0.3238300837966387
2.189999999999996 0.4738594225395423 0.0770528975216085 1.0 0.2138201013875114 2.417201157482594 0.9167821085284517 -0.293604136945229
2.204999999999996 0.47920429649838414 0.07897258641219024 1.0 0.21751111275460108 2.3462328091761497 0.8841045625415397 -0.2568115339243208
2.219999999999996 0.484365189267453 0.08091294980128269 1.0 0.22107499890468207 2.2581406049421067 0.8411693697887134 -0.21320571812111394
2.2349999999999963 0.4893007630077697 0.08287308506251223 1.0 0.2244835445038888 2.1535549427745058 0.7880279584046794 -0.16323494512844589
2.2499999999999964 0.4939662122187561 0.08485191007899932 1.0 0.22770673389330778 2.035275184220158 0.7259650830822961 -0.1083348079134928
2.2649999999999966 0.4983159679319292 0.08684816018491137 1.0 0.23071477881421795 1.9087072417988427 0.6578081695372464 -0.05110910017416856
2.2799999999999967 0.5023075635658032 0.08886040059360255 1.0 0.23348085071166821 1.781736880535813 0.587922601221338 0.004755609933021054
2.294999999999997 0.505906235981517 0.09088705725754799 1.0 0.23598414485639738 1.6637694387185624 0.5217141681112347 0.0549620092587301
2.309999999999997 0.5090893995470129 0.09292646565134696 1.0 0.23821264039283407 1.5639726055557008 0.4646322314744804 0.09543513993434233
2.324999999999997 0.511849890745993 0.09497693255260495 1.0 0.2401648361969781 1.4892172045689733 0.42094452015339356 0.12327650867395022
2.339999999999997 0.5141970524768485 0.09703680216650983 1.0 0.24184994941375657 1.442521500028471 0.39276019121415784 0.13745878911500908
2.3549999999999973 0.5161553251365953 0.09910451660630025 1.0 0.24328651346751992 1.422663137038823 0.379718464547505 0.13895631227627683
2.3699999999999974 0.5177607750072893 0.10117866246647586 1.0 0.24449979395754692 1.4250517871816364 0.3794313922818474 0.13028243902175984
2.3849999999999976 0.5190565410873265 0.1032579991560468 1.0 0.2455187207366119 1.4433529734001733 0.3884017920649739 0.11468845002214874
2.3999999999999977 0.5200882911089448 0.10534146902862307 1.0 0.24637301799607275 1.4711287283662082 0.4029846458588461 0.09537694083303629
2.414999999999998 0.5209004962769097 0.10742819258913411 1.0 0.24709098090927695 1.5029699147851798 0.4200701376254103 0.07497478971830558
2.429999999999998 0.5215338915774614 0.10951745352656504 1.0 0.24769805617038995 1.5349784933154649 0.4373905419867566 0.055324519332505706
2.444999999999998 0.5220241049086974 0.11160867825499875 1.0 0.2482161592295739 1.5647431106750318 0.4535261580505676 0.03751817178322451
2.459999999999998 0.5224012169277221 0.11370141369140967 1.0 0.2486635472292071 1.591045594820278 0.4677468188095163 0.022056090507051495
2.4749999999999983 0.5226899471951287 0.1157953057791502 1.0 0.24905504587158236 1.6134955812530691 0.4798053663361912 0.009035096120312409
2.4899999999999984 0.5229101932339173 0.11789008017090383 1.0 0.2494024605077155 1.6322062214411115 0.48975118550013913 -0.001687590926055936
2.5049999999999986 0.5230777195589675 0.11998552567188456 1.0 0.249715051439674 1.6475525847029164 0.49778989738404766 -0.010373617480765217
2.5199999999999987 0.5232048662331028 0.12208148052150765 1.0 0.25000000000179473 1.660012613118164 0.5041902934318379 -0.017324856278635253
